0.0644531
0.0406977
0.0222672
0.0117188
0.0446429
0.0395349
0.0772358
0.0374415
0.0790514
0.0761589
0.0176991
0.0371901
0.042654
0.0657277
0.0682594
0.0833333
0.0430108
0.0289855
0.123288
0.0827586
0.0305344
0.118012
0.0711462
0.0396825
0.0560345
0.034188
0.0254237
0.0869565
0.0921053
0.075
0.0506329
0.0694444
0.061674
0.0365297
0.0658436
0.0913242
0.0372093
0.1
0.0454545
0.0694444
0.0806452
0.114754
0.0344828
0.133333
0.148148
0.107143
0.0714286
0.142857
0.0666667
0.214286
0.214286
0.153846
0.0681818
0.0974026
0.0783133
0.0595238
0.0416667
0.111111
0.15873
0.101695
0.137931
0.109091
