161
154
123
134
144
126
118
133
145
142
152
149
156
145
144
146
150
142
175
141
144
141
198
177
185
186
171
183
194
186
189
194
205
302
257
204
206
226
223
222
252
239
374
330
366
481
328
390
405
399
453
459
477
560
489
479
464
547
497
498
535
528
315
456
316
392
370
386
463
540
428
406
406
449
447
430
446
472
434
272
261
251
262
274
659
718
721
736
741
466
494
430
492
541
1167
1162
1183
1295
1115
702
728
678
794
686
750
725
921
763
864
761
774
885
792
948
5837
5909
5573
5788
6546
3136
3044
3104
2868
2768
304
340
353
373
365
326
429
338
476
453
430
421
494
442
466
625
489
278
354
290
269
298
816
821
651
683
750
541
531
790
484
630
1218
1236
1313
1120
1342
804
832
801
791
726
887
1142
951
921
846
1044
816
906
950
957
5358
5596
5400
6229
6232
3195
3639
2912
2991
2963
673
606
556
663
633
634
517
587
819
906
1019
864
871
933
841
1040
865
443
584
452
466
453
2166
1990
1874
1877
1930
1336
1357
1371
1509
1248
4119
3334
3669
3851
3849
2194
2584
2643
2425
2538
3614
3529
3223
3324
3757
3101
2574
2891
3282
2775
30433
28836
31064
28330
29026
17955
19283
20746
20046
19448
