0.0917969
0.0406977
0.0769231
0.0292969
0.0839286
0.0395349
0.0345528
0.0873635
0.106719
0.0629139
0.0973451
0.0454545
0.0758294
0.159624
0.0853242
0.111111
0.129032
0.101449
0.0958904
0.103448
0.0687023
0.15528
0.0316206
0.103175
0.0991379
0.0683761
0.0338983
0.231884
0.157895
0.075
0.0632911
0.111111
0.0352423
0.0776256
0.115226
0.13242
0.0465116
0.05
0.121212
0.111111
0.0967742
0.114754
0.0689655
0.2
0.222222
0.178571
0.142857
0.214286
0.2
0.357143
0.142857
0.230769
0.0852273
0.136364
0.0783133
0.107143
0.130952
0.142857
0.126984
0.169492
0.155172
0.163636
