3440
3346
2989
3449
3289
3131
3431
3554
3223
3187
3299
3307
3221
3046
2762
3403
3482
1680
2117
1759
1981
1738
3780
3915
3360
3961
3762
2300
1879
2092
2220
2046
4551
4279
4102
4248
4196
2436
2061
2710
2076
2536
1225
1278
1448
1848
1789
708
609
897
1058
1260
5833
5622
5890
5672
5606
3214
3389
3009
2832
2812
559
537
532
527
607
447
509
697
280
321
248
253
227
247
318
320
315
152
160
160
140
186
261
278
255
250
244
85
88
86
84
80
235
236
271
248
225
63
74
80
68
68
31
36
33
33
32
17
18
19
16
16
191
175
179
186
190
72
71
69
67
64
599
610
588
558
655
469
571
749
293
346
257
252
230
249
357
326
309
159
160
166
141
188
272
275
264
256
272
78
88
85
89
78
244
241
273
243
248
67
72
82
68
68
31
36
33
33
32
17
18
19
16
16
191
172
185
187
190
72
71
69
67
64
545
537
505
518
585
447
530
665
273
325
230
251
220
227
313
312
291
142
164
157
135
180
271
262
245
242
242
75
83
86
83
77
241
227
259
239
223
66
69
77
67
68
30
34
31
31
30
16
16
17
17
15
188
169
179
178
175
70
73
65
66
61
