0.169922
0.182171
0.190283
0.0898438
0.169643
0.0906977
0.160569
0.168487
0.158103
0.145695
0.137168
0.0413223
0.0900474
0.169014
0.21843
0.131944
0.107527
0.152174
0.0958904
0.144828
0.0763359
0.167702
0.0750988
0.0912698
0.137931
0.0940171
0.152542
0.130435
0.157895
0.0625
0.126582
0.0833333
0.0748899
0.100457
0.123457
0.109589
0.153488
0.116667
0.0909091
0.138889
0.0967742
0.114754
0.0689655
0.2
0.222222
0.178571
0.142857
0.214286
0.2
0.357143
0.142857
0.230769
0.0852273
0.116883
0.114458
0.113095
0.130952
0.142857
0.126984
0.169492
0.155172
0.163636
