"regular","re"
4424,3440
3900,3346
3495,2989
4035,3449
4212,3289
4542,3131
4583,3431
4842,3554
3944,3223
4430,3187
4505,3299
4378,3307
4178,3221
3788,3046
3496,2762
4894,3403
4503,3482
2069,1680
2670,2117
2151,1759
2423,1981
2022,1738
4518,3780
4508,3915
5028,3360
4830,3961
4838,3762
2777,2300
2373,1879
2698,2092
2705,2220
2776,2046
5951,4551
5497,4279
5253,4102
5288,4248
5787,4196
3218,2436
2576,2061
3504,2710
2779,2076
3514,2536
1845,1225
1748,1278
1978,1448
2270,1848
2310,1789
917,708
791,609
1182,897
1156,1058
1437,1260
7411,5833
6967,5622
7688,5890
7561,5672
7443,5606
4106,3214
4260,3389
4169,3009
3345,2832
3412,2812
725,559
681,537
679,532
710,527
763,607
588,447
642,509
919,697
334,280
459,321
297,248
317,253
291,227
318,247
425,318
420,320
394,315
204,152
227,160
207,160
170,140
237,186
348,261
378,278
316,255
333,250
353,244
100,85
117,88
112,86
121,84
112,80
307,235
309,236
362,271
323,248
320,225
94,63
100,74
109,80
86,68
97,68
38,31
48,36
44,33
39,33
39,32
21,17
20,18
27,19
23,16
21,16
268,191
247,175
228,179
256,186
251,190
102,72
102,71
94,69
87,67
81,64
757,599
772,610
782,588
655,558
862,655
563,469
757,571
979,749
367,293
470,346
304,257
318,252
308,230
298,249
444,357
418,326
405,309
227,159
229,160
221,166
202,141
252,188
363,272
367,275
327,264
351,256
383,272
100,78
120,88
112,85
123,89
112,78
306,244
316,241
385,273
322,243
323,248
92,67
96,72
115,82
83,68
97,68
38,31
48,36
44,33
39,33
39,32
21,17
20,18
27,19
23,16
21,16
273,191
244,172
236,185
258,187
254,190
102,72
102,71
94,69
87,67
81,64
587,545
589,537
546,505
571,518
603,585
476,447
545,530
747,665
282,273
343,325
242,230
265,251
234,220
247,227
325,313
321,312
304,291
157,142
167,164
163,157
142,135
192,180
281,271
283,262
256,245
271,242
259,242
76,75
87,83
89,86
89,83
80,77
256,241
250,227
271,259
258,239
233,223
70,66
72,69
82,77
71,67
71,68
30,30
36,34
32,31
32,31
31,30
16,16
16,16
17,17
17,17
16,15
201,188
179,169
192,179
186,178
191,175
72,70
74,73
69,65
67,66
63,61