1435;74
1701;74
1936;74
2176;74
2417;74
2642;74
2883;74
3126;74
3357;74
3582;74
3804;74
4021;74
4247;74
4457;74
4827;74
5939;74
6915;74
7485;74
7710;74
7947;74
8163;74
8398;74
8623;74
8864;74
9114;74
9329;74
9548;74
9757;74
9975;74
10181;74
10415;74
10998;74
11547;74
11750;74
11951;74
12150;74
12366;74
12571;74
12827;74
13074;74
13277;74
13490;74
13676;74
13869;74
14111;74
14332;74
14512;74
14701;74
14880;74
15069;74
15242;74
15424;74
15590;74
15755;74
15912;74
16080;74
16238;74
16396;74
16545;74
16705;74
16878;74
17023;74
17180;74
17332;74
17465;74
17603;74
17744;74
17947;72
18078;72
18202;72
18343;72
18481;72
18602;72
18772;69
18891;69
19010;69
19127;69
19238;69
19354;69
19462;69
19573;69
19675;69
19795;69
19908;69
20011;69
20116;69
20230;69
20337;69
20437;69
20536;69
20635;69
20729;69
20838;69
20935;69
21039;69
21164;69
21274;69
21375;69
21477;69
21573;69
21680;69
21786;69
21892;69
22003;69
22101;69
22204;69
22312;69
22414;69
22530;69
22634;69
22739;69
22836;69
22937;69
23033;69
23135;69
23243;69
23356;69
23449;69
23544;69
23642;69
23735;69
23865;69
23963;69
24062;69
24161;69
24267;69
24369;69
24464;69
24561;69
24658;69
24751;69
24853;69
24949;69
25053;69
25154;69
25273;69
25370;69
25471;69
25575;69
25674;69
25770;69
25878;69
25972;69
26077;69
26179;69
26293;69
26399;69
26493;69
26586;69
26796;69
26894;69
26988;69
27096;69
27190;69
27299;69
27397;69
27505;69
27600;69
27703;69
27800;69
27908;69
28015;69
28150;69
28254;69
28353;69
28449;69
28548;69
28652;69
28747;69
28851;69
28947;69
29045;69
29145;69
29259;69
29368;69
29466;69
29572;69
29666;69
29769;69
29872;69
29982;69
30085;69
30191;69
30301;69
30402;69
30504;69
30601;69
30704;69
30800;69
30898;69
31017;69
31119;69
31214;69
31317;69
31411;69
31504;69
31610;69
31704;69
31803;69
31903;69
32002;69
32100;69
32196;69
32304;69
32399;69
32499;69
32613;69
32705;69
32807;69
32905;69
33000;69
33104;69
33199;69
33309;69
33409;69
33509;69
33603;69
33697;69
33797;69
33897;69
34002;69
34118;69
34212;69
34323;69
34419;69
34520;69
34623;69
34720;69
34818;69
34911;69
35011;69
35108;69
35213;69
35314;69
35412;69
35508;69
35605;69
35721;69
35825;69
35921;69
36022;69
36122;69
36216;69
36325;69
36433;69
36528;69
36622;69
36722;69
36817;69
36918;69
37018;69
37114;69
37221;69
37331;69
37426;69
37524;69
37628;69
37724;69
37827;69
37927;69
38032;69
38139;69
38261;69
38407;69
38506;69
38603;69
38695;69
38799;69
38900;69
38996;69
39100;69
39198;69
39305;69
39407;69
39510;69
39604;69
39711;69
39808;69
39916;69
40034;69
40132;69
40232;69
40356;69
40450;69
40547;69
40654;69
40751;69
40846;69
40941;69
41042;69
41140;69
41246;69
41347;69
41450;69
41548;69
41649;69
41744;69
41851;69
41950;69
42049;69
42150;69
42246;69
42352;69
42452;69
42551;69
42644;69
42743;69
42841;69
42935;69
43041;69
43135;69
43232;69
43340;69
43440;69
43534;69
43632;69
43732;69
43824;69
43919;69
44022;69
44117;69
44224;69
44332;69
44433;69
44528;69
44628;69
44726;69
44832;69
44929;69
45032;69
45130;69
45232;69
45333;69
45440;69
45536;69
45635;69
45733;69
45829;69
45933;69
46036;69
46137;69
46232;69
46340;69
46455;69
46548;69
46649;69
46745;69
46839;69
46939;69
47036;69
47137;69
47238;69
47342;69
47441;69
47539;69
47637;69
47733;69
47839;69
47934;69
48053;69
48152;69
48259;69
48359;69
48463;69
48563;69
48658;69
48754;69
48854;69
48952;69
49060;69
49156;69
49263;69
49362;69
49467;69
49580;69
49677;69
49772;69
49876;69
49986;69
50087;69
50189;69
50299;69
50403;69
50498;69
50599;69
50695;69
50802;69
50898;69
50995;69
51099;69
51206;69
51308;69
51409;69
51507;69
51611;69
51707;69
51806;69
51904;69
52014;69
52122;69
52221;69
52324;69
52422;69
52516;69
52628;69
52722;69
52822;69
52920;69
53014;69
53117;69
53222;69
53329;69
53426;69
53526;69
53624;69
53726;69
53830;69
53932;69
54049;69
54159;69
54274;69
54376;69
54468;69
54568;69
54667;69
54762;69
54863;69
54964;69
55066;69
55157;69
55260;69
55363;69
55460;69
55576;69
55684;69
55792;69
55888;69
55984;69
56091;69
56199;69
56306;69
56405;69
56497;69
56593;69
56692;69
56789;69
56889;69
56986;69
57084;69
57183;69
57302;69
57402;69
57505;69
57598;69
57697;69
57793;69
57896;69
57998;69
58124;69
58229;69
58335;69
58439;69
58533;69
58642;69
58748;69
58849;69
58952;69
59052;69
59152;69
59265;69
59364;69
59456;69
59550;69
59649;69
59746;69
59851;69
59963;69
60069;69
60190;69
60297;69
60400;69
60501;69
60595;69
60689;69
60787;69
60882;69
60988;69
61082;69
61178;69
61283;69
61389;69
61486;69
61588;69
61688;69
61785;69
61888;69
61984;69
62087;69
62192;69
62304;69
62406;69
62499;69
62592;69
62690;69
62791;69
62890;69
62985;69
63084;69
63182;69
63287;69
63391;69
63495;69
63588;69
63681;69
63775;69
63872;69
63971;69
64080;69
64184;69
64289;69
64386;69
64486;69
64595;69
64691;69
64792;69
64891;69
65006;69
65116;69
65218;69
65330;69
65425;69
65527;69
65622;69
65716;69
65819;69
65913;69
66013;69
66112;69
66221;69
66334;69
66436;69
66540;69
66635;69
66731;69
66831;69
66926;69
67031;69
67131;69
67231;69
67339;69
67440;69
67536;69
67645;69
67742;69
67842;69
67937;69
68053;69
68150;69
68261;69
68368;69
68461;69
68556;69
68653;69
68746;69
68853;69
68945;69
69044;69
69142;69
69240;69
69349;69
69452;69
69553;69
69657;69
69757;69
69854;69
69967;69
70073;69
70170;69
70282;69
70376;69
70477;69
70578;69
70677;69
70771;69
70866;69
70967;69
71061;69
71175;69
71280;69
71375;69
71472;69
71573;69
71669;69
71773;69
71872;69
71974;69
72072;69
72170;69
72281;69
72387;69
72480;69
72581;69
72679;69
72776;69
72875;69
72982;69
73134;69
73255;69
73376;69
73505;69
73613;69
73714;69
73810;69
73905;69
74006;69
74102;69
74205;69
74327;69
74423;69
74524;69
74626;69
74726;69
74831;69
74934;69
75030;69
75142;69
75237;69
75348;69
75452;69
75555;69
75651;69
75752;69
75851;69
75951;69
76058;69
76162;69
76282;69
76385;69
76486;69
76585;69
76687;69
76784;69
76880;69
76978;69
77078;69
77182;69
77290;69
77387;69
77483;69
77585;69
77681;69
77786;69
77882;69
77986;69
78082;69
78179;69
78298;69
78410;69
78512;69
78607;69
78703;69
78802;69
78900;69
79003;69
79098;69
79194;69
79302;69
79398;69
79499;69
79594;69
79694;69
79790;69
79884;69
79990;69
80099;69
80204;69
80317;69
80429;69
80524;69
80624;69
80720;69
80826;69
80923;69
81022;69
81123;69
81219;69
81337;69
81445;69
81540;69
81641;69
81741;69
81841;69
81945;69
82042;69
82143;69
82238;69
82353;69
82452;69
82547;69
82650;69
82744;69
82840;69
82939;69
83038;69
83142;69
83249;69
83359;69
83457;69
83557;69
83656;69
83758;69
83857;69
83958;69
84056;69
84156;69
84251;69
84358;69
84459;69
84557;69
84649;69
84744;69
84838;69
84934;69
85043;69
85142;69
85241;69
85345;69
85444;69
85544;69
85648;69
85748;69
85845;69
85947;69
86053;69
86150;69
86265;69
86368;69
86470;69
86570;69
86670;69
86772;69
86872;69
86965;69
87071;69
87166;69
87279;69
87381;69
87482;69
87576;69
87672;69
87773;69
87870;69
87969;69
88070;69
88173;69
88270;69
88372;69
88475;69
88584;69
88679;69
88780;69
88877;69
88972;69
89079;69
89189;69
89291;69
89393;69
89484;69
89583;69
89685;69
89785;69
89884;69
90011;69
90111;69
90212;69
90327;69
90442;69
90539;69
90635;69
90737;69
90833;69
90935;69
91040;69
91141;69
91241;69
91352;69
91448;69
91547;69
91649;69
91748;69
91843;69
91945;69
92043;69
92139;69
92254;69
92359;69
92462;69
92583;69
92687;69
92791;69
92892;69
92986;69
93091;69
93188;69
93301;69
93402;69
93504;69
93605;69
93705;69
93801;69
93903;69
94006;69
94112;69
94207;69
94319;69
94416;69
94519;69
94621;69
94717;69
94816;69
94917;69
95014;69
95117;69
95234;69
95335;69
95430;69
95526;69
95624;69
95730;69
95841;69
95937;69
96034;69
96141;69
96234;69
96343;69
96442;69
96544;69
96641;69
96741;69
96837;69
96933;69
97041;69
97141;69
97238;69
97353;69
97446;69
97541;69
97646;69
97743;69
97843;69
97937;69
98036;69
98153;69
98286;69
98408;69
98507;69
98606;69
98699;69
98794;69
98896;69
98993;69
99096;69
99195;69
99308;69
99411;69
99514;69
99608;69
99708;69
99806;69
99911;69
100024;69
100125;69
100222;69
100334;69
100442;69
100543;69
100651;69
100747;69
100846;69
100943;69
101049;69
101143;69
101257;69
101366;69
101461;69
101557;69
101658;69
101756;69
101857;69
101959;69
102061;69
102157;69
102265;69
102369;69
102470;69
102568;69
102666;69
102762;69
102858;69
102961;69
103061;69
103157;69
103263;69
103366;69
103466;69
103568;69
103666;69
103766;69
103864;69
103964;69
104062;69
104163;69
104274;69
104381;69
104477;69
104583;69
104682;69
104790;69
104887;69
104985;69
105085;69
105184;69
105295;69
105400;69
105496;69
105593;69
105684;69
105780;69
105878;69
105978;69
106080;69
106177;69
106287;69
106383;69
106485;69
106607;69
106700;69
106800;69
106896;69
106996;69
107096;69
107195;69
107303;69
107402;69
107499;69
107592;69
107686;69
107793;69
107887;69
107985;69
108082;69
108196;69
108307;69
108406;69
108507;69
108604;69
108698;69
108796;69
108894;69
109000;69
109095;69
109192;69
109300;69
109396;69
109497;69
109601;69
109708;69
109807;69
109907;69
110009;69
110107;69
110222;69
110324;69
110425;69
110520;69
110623;69
110716;69
110823;69
110920;69
111019;69
111116;69
111227;69
111340;69
111443;69
111536;69
111637;69
111729;69
111823;69
111923;69
112024;69
112127;69
112222;69
112326;69
112421;69
112522;69
112629;69
112730;69
112837;69
112935;69
113030;69
113126;69
113231;69
113343;69
113438;69
113534;69
113631;69
113726;69
113829;69
113925;69
114018;69
114120;69
114213;69
114334;69
114440;69
114533;69
114643;69
114737;69
114832;69
114934;69
115042;69
115141;69
115240;69
115344;69
115440;69
115540;69
115641;69
115742;69
115866;69
115964;69
116072;69
116172;69
116275;69
116370;69
116466;69
116567;69
116674;69
116776;69
116877;69
116971;69
117071;69
117169;69
117274;69
117374;69
117476;69
117576;69
117672;69
117772;69
117868;69
117972;69
118075;69
118179;69
118284;69
118383;69
118481;69
118591;69
118687;69
118782;69
118881;69
118978;69
119078;69
119176;69
119286;69
119381;69
119481;69
119574;69
119673;69
119767;69
119865;69
119969;69
120066;69
120168;69
120275;69
120377;69
120474;69
120575;69
120678;69
120778;69
120874;69
120975;69
121074;69
121170;69
121269;69
121364;69
121464;69
121575;69
121678;69
121778;69
121888;69
122024;69
122149;69
122275;69
122376;69
122499;69
122645;69
122803;69
122934;69
123096;69
123275;69
123435;69
123613;69
123711;69
123815;69
123911;69
124027;69
124155;69
124312;69
124441;69
124543;69
124663;69
124764;69
124866;69
124965;69
125066;69
125185;69
125282;69
125380;69
125476;69
125571;69
125675;69
125775;69
125878;69
125974;69
126077;69
126171;69
126269;69
126377;69
126488;69
126611;69
126724;69
126854;69
126980;69
127105;69
127234;69
127361;69
127494;69
127624;69
127735;69
127843;69
127938;69
128037;69
128131;69
128246;69
128359;69
128454;69
128579;69
128718;69
128855;69
128990;69
129137;69
129279;69
129412;69
129509;69
129611;69
129704;69
129811;69
129918;69
130027;69
130153;69
130279;69
130420;69
130558;69
130698;69
130838;69
130957;69
131058;69
131162;69
131257;69
131368;69
131464;69
131597;69
131734;69
131871;69
132003;69
132138;69
132272;69
132400;69
132503;69
132614;69
132716;69
132818;69
132923;69
133019;69
133174;69
133302;69
133460;69
133608;69
133702;69
133805;69
133900;69
134000;69
134096;69
134189;69
134289;69
134396;69
134495;69
134587;69
134683;69
134786;69
134885;69
134991;69
