1941;286
2328;286
2551;286
2762;286
2964;286
3197;286
3874;286
4370;286
4570;286
4780;286
5034;286
5235;286
5479;286
6113;286
6574;286
6886;286
7098;286
7295;286
7589;286
7850;286
8042;286
8304;286
8567;286
8915;286
9183;286
9480;286
9681;286
9967;286
10149;286
10335;286
10603;286
10878;286
11139;286
11406;286
11861;286
12074;286
12311;286
12656;286
12945;286
13168;286
13447;286
13660;286
13872;286
14050;286
14293;286
14595;286
14911;286
15097;286
15407;286
15803;286
15980;286
16237;286
16629;286
16855;286
17090;286
17439;286
17682;286
17904;286
18227;286
18567;286
18823;286
19011;286
19160;286
19303;286
19449;286
19600;286
19741;286
19902;286
20047;286
20186;286
20323;286
20456;286
20586;286
20755;279
20882;279
21015;279
21137;279
21258;279
21438;268
21560;268
21710;266
21851;266
21999;264
22116;264
22223;264
22369;263
22475;263
22580;263
22687;263
22891;260
23054;260
23162;260
23275;260
23391;260
23493;260
23595;260
23696;260
23816;260
23917;260
24015;260
24119;260
24215;260
24318;260
24421;260
24532;260
24634;260
24755;260
24856;260
24971;260
25100;260
25206;260
25300;260
25392;260
25487;260
25581;260
25675;260
25775;260
25874;260
25973;260
26073;260
26174;260
26268;260
26375;260
26470;260
26566;260
26665;260
26761;260
26861;260
26956;260
27048;260
27144;260
27240;260
27337;260
27437;260
27536;260
27662;260
27816;260
27940;260
28042;260
28139;260
28241;260
28338;260
28437;260
28536;260
28634;260
28732;260
28830;260
28929;260
29026;260
29126;260
29224;260
29318;260
29414;260
29511;260
29603;260
29701;260
29841;260
29964;260
30061;260
30164;260
30321;260
30451;260
30561;260
30665;260
30769;260
30868;260
30970;260
31065;260
31162;260
31262;260
31357;260
31456;260
31551;260
31654;260
31760;260
31860;260
31962;260
32060;260
32157;260
32263;260
32359;260
32453;260
32550;260
32645;260
32740;260
32838;260
32936;260
33035;260
33129;260
33225;260
33321;260
33417;260
33514;260
33617;260
33769;260
33914;260
34026;260
34128;260
34269;260
34395;260
34493;260
34587;260
34683;260
34787;260
34887;260
35020;260
35173;260
35362;260
35460;260
35559;260
35655;260
35755;260
35853;260
35978;260
36079;260
36175;260
36269;260
36365;260
36460;260
36555;260
36653;260
36749;260
36853;260
36952;260
37050;260
37147;260
37241;260
37338;260
37437;260
37538;260
37636;260
37733;260
37832;260
37931;260
38036;260
38133;260
38234;260
38335;260
38441;260
38539;260
38638;260
38740;260
38842;260
38945;260
39048;260
39150;260
39257;260
39366;260
39475;260
39583;260
39698;260
39812;260
39938;260
40051;260
40157;260
40269;260
40368;260
40472;260
40569;260
40670;260
40767;260
40867;260
40967;260
41066;260
41173;260
41273;260
41372;260
41481;260
41585;260
41687;260
41787;260
41893;260
41994;260
42098;260
42195;260
42294;260
42392;260
42495;260
42593;260
42694;260
42797;260
42899;260
43014;260
43117;260
43214;260
43316;260
43414;260
43516;260
43616;260
43714;260
43810;260
43909;260
44009;260
44158;260
44313;260
44437;260
44556;260
44657;260
44754;260
44855;260
44966;260
45121;260
45260;260
45359;260
45457;260
45553;260
45649;260
45750;260
45848;260
45951;260
46060;260
46164;260
46264;260
46359;260
46453;260
46550;260
46644;260
46741;260
46849;260
46966;260
47080;260
47180;260
47284;260
47383;260
47495;260
47607;260
47708;260
47808;260
47943;260
48119;260
48277;260
48452;260
48630;260
48782;260
48960;260
49144;260
49347;260
49532;260
49706;260
49847;260
50028;260
50186;260
50353;260
50519;260
50695;260
50897;260
51026;260
51123;260
51222;260
51318;260
51412;260
51512;260
51608;260
51705;260
51804;260
51904;260
52002;260
52100;260
52201;260
52302;260
52402;260
52497;260
52592;260
52687;260
52782;260
52886;260
52986;260
53083;260
53179;260
53274;260
53371;260
53468;260
53562;260
53666;260
53763;260
53868;260
53981;260
54078;260
54188;260
54296;260
54400;260
54508;260
54674;260
54827;260
54964;260
55062;260
55160;260
55259;260
55370;260
55470;260
55569;260
55664;260
55763;260
55861;260
55959;260
56057;260
56184;260
56279;260
56377;260
56473;260
56570;260
56664;260
56763;260
56876;260
57016;260
57151;260
57291;260
57391;260
57487;260
57581;260
57679;260
57775;260
57878;260
58026;260
58142;260
58243;260
58337;260
58437;260
58539;260
58639;260
58738;260
58834;260
58937;260
59035;260
59132;260
59234;260
59330;260
59430;260
59526;260
59624;260
59719;260
59813;260
59912;260
60014;260
60113;260
60215;260
60317;260
60412;260
60510;260
60610;260
60706;260
60809;260
60948;260
61115;260
61293;260
61423;260
61596;260
61796;260
61975;260
62168;260
62338;260
62511;260
62690;260
62860;260
63072;260
63248;260
63394;260
63585;260
63835;260
64059;260
64265;260
64448;260
64688;260
65033;260
65225;260
65446;260
65671;260
65911;260
66148;260
66270;260
66389;260
66491;260
66655;260
66880;260
67102;260
67250;260
67354;260
67556;260
67842;260
68075;260
68185;260
68366;260
68645;260
68855;260
68962;260
69062;260
69203;260
69427;260
69692;260
69796;260
69896;260
69993;260
70123;260
70268;260
70485;260
70671;260
70776;260
70874;260
70985;260
71094;260
71195;260
71318;260
71499;260
71678;260
71973;260
72109;260
72286;260
72460;260
72704;260
72906;260
73091;260
73244;260
73348;260
73448;260
73567;260
73688;260
73791;260
73904;260
74062;260
74230;260
74344;260
74447;260
74544;260
74641;260
74740;260
74838;260
74935;260
75031;260
75128;260
75228;260
75329;260
75428;260
75524;260
75619;260
75738;260
75841;260
75941;260
76041;260
76138;260
76236;260
76342;260
76446;260
76545;260
76643;260
76741;260
76840;260
76948;260
77044;260
77142;260
77254;260
77355;260
77455;260
77555;260
77651;260
77751;260
77849;260
77950;260
78047;260
78147;260
78246;260
78344;260
78449;260
78594;260
78725;260
78890;260
78991;260
79086;260
79183;260
79278;260
79377;260
79473;260
79566;260
79665;260
79760;260
79856;260
79954;260
80051;260
80146;260
80242;260
80357;260
80465;260
80565;260
80663;260
80759;260
80854;260
80951;260
81049;260
81146;260
81244;260
81342;260
81439;260
81538;260
81634;260
81734;260
81831;260
81941;260
82041;260
82142;260
82240;260
82342;260
82443;260
82546;260
82642;260
82742;260
82842;260
82946;260
83045;260
83144;260
83242;260
83337;260
83441;260
83540;260
83641;260
83746;260
83850;260
83951;260
84056;260
84201;260
84347;260
84460;260
84596;260
84745;260
84875;260
84994;260
85098;260
85196;260
85311;260
85475;260
85599;260
85710;260
85811;260
85940;260
86110;260
86228;260
86345;260
86479;260
86617;260
86795;260
86918;260
87021;260
87164;260
87331;260
87491;260
87595;260
87699;260
87805;260
87903;260
88002;260
88107;260
88258;260
88392;260
88496;260
88598;260
88734;260
88841;260
89012;260
89191;260
89343;260
89483;260
89635;260
89781;260
89914;260
90045;260
90225;260
90413;260
90598;260
90781;260
91015;260
91181;260
91303;260
91436;260
91559;260
91705;260
91839;260
91976;260
92126;260
92255;260
92355;260
92465;260
92569;260
92682;260
92785;260
92885;260
92980;260
93078;260
93175;260
93277;260
93373;260
93471;260
93567;260
93668;260
93767;260
93866;260
93972;260
94067;260
94163;260
94275;260
94378;260
94473;260
94577;260
94673;260
94771;260
94867;260
94974;260
95073;260
95170;260
95270;260
95368;260
95470;260
95567;260
95674;260
95802;260
95946;260
96124;260
96293;260
96445;260
96548;260
96657;260
96756;260
96858;260
96964;260
97063;260
97163;260
97262;260
97371;260
97489;260
97597;260
97692;260
97813;260
97986;260
98172;260
98357;260
98461;260
98572;260
98680;260
98779;260
98908;260
99011;260
99120;260
99219;260
99325;260
99424;260
99526;260
99628;260
99728;260
99822;260
99928;260
100039;260
100174;260
100285;260
100384;260
100496;260
100597;260
100699;260
100797;260
100898;260
100993;260
101101;260
101197;260
101295;260
101392;260
101514;260
101655;260
101784;260
101901;260
102001;260
102106;260
102203;260
102315;260
102442;260
102577;260
102712;260
102826;260
102931;260
103030;260
103129;260
103234;260
103337;260
103440;260
103560;260
103674;260
103786;260
103915;260
104020;260
104119;260
104227;260
104332;260
104449;260
104571;260
104677;260
104775;260
104876;260
104973;260
105078;260
105199;260
105338;260
105480;260
105620;260
105785;260
105983;260
106166;260
106361;260
106535;260
106726;260
107001;260
107221;260
107491;260
107735;260
107927;260
108075;260
108272;260
108503;260
108704;260
108896;260
109014;260
109128;260
109234;260
109351;260
109471;260
109592;260
109714;260
109855;260
109983;260
110098;260
110205;260
110320;260
110451;260
110648;260
110886;260
111148;260
111331;260
111529;260
111771;260
111997;260
112223;260
112485;260
112727;260
112965;260
113196;260
113390;260
113541;260
113707;260
113957;260
114277;260
114518;260
114723;260
114942;260
115217;260
115473;260
115817;260
116079;260
116328;260
116537;260
116812;260
117075;260
117278;260
117498;260
117818;260
118060;260
118302;260
118677;260
119018;260
119399;260
119651;260
119860;260
120026;260
120203;260
120450;260
120695;260
120842;260
120980;260
121105;260
121222;260
121339;260
121457;260
121620;260
121735;260
121832;260
121929;260
122027;260
122175;260
122348;260
122456;260
122607;260
122732;260
122884;260
123064;260
123302;260
123442;260
123553;260
123667;260
123775;260
123893;260
124006;260
124120;260
124225;260
124357;260
124529;260
124775;260
125017;260
125247;260
125483;260
125654;260
125845;260
126021;260
126201;260
126431;260
126677;260
126930;260
127122;260
127332;260
127529;260
127743;260
127926;260
128100;260
128316;260
128500;260
128684;260
128911;260
129179;260
129364;260
129651;260
129989;260
130262;260
130509;260
130667;260
130808;260
130945;260
131111;260
131271;260
131437;260
131654;260
131797;260
132001;260
132314;260
132507;260
132673;260
132852;260
133028;260
133206;260
133369;260
133575;260
133799;260
133937;260
134092;260
134255;260
134408;260
134559;260
134719;260
134860;260
134968;260
135069;260
135175;260
135274;260
135376;260
135473;260
135571;260
135666;260
135760;260
135860;260
135953;260
136050;260
136146;260
136241;260
136337;260
136432;260
136529;260
136643;260
136742;260
136862;260
137011;260
137120;260
137217;260
137315;260
137414;260
137511;260
137607;260
137701;260
137801;260
137898;260
137990;260
138096;260
138232;260
138378;260
138504;260
138699;260
138892;260
139056;260
139173;260
139316;260
139433;260
139550;260
139665;260
139773;260
139887;260
139999;260
140115;260
140277;260
140409;260
140517;260
140613;260
140749;260
140849;260
140950;260
141050;260
141147;260
141253;260
141361;260
141487;260
141585;260
141693;260
141790;260
141895;260
141992;260
142102;260
142195;260
142292;260
142407;260
142566;260
142688;260
142792;260
142893;260
143031;260
143174;260
143336;260
143445;260
143554;260
143649;260
143746;260
143853;260
143956;260
144053;260
144153;260
144249;260
144350;260
144456;260
144552;260
144649;260
144745;260
144845;260
144943;260
145041;260
145138;260
145234;260
145334;260
145432;260
145558;260
145653;260
145747;260
145848;260
145949;260
146045;260
146139;260
146241;260
146345;260
146446;260
146545;260
146641;260
146738;260
146838;260
146936;260
147035;260
147133;260
147229;260
147336;260
147448;260
147551;260
147649;260
147746;260
147845;260
147943;260
148042;260
148140;260
148236;260
148334;260
148436;260
148531;260
148626;260
148724;260
148847;260
149035;260
149203;260
149357;260
149453;260
149555;260
149697;260
149864;260
150057;260
150225;260
150401;260
150582;260
150742;260
150931;260
151081;260
151194;260
151356;260
151520;260
151682;260
151969;260
152140;260
152345;260
152557;260
152745;260
152867;260
152972;260
153071;260
153166;260
153262;260
153355;260
153451;260
153562;260
153677;260
153774;260
153869;260
153968;260
154062;260
154157;260
154271;260
154453;260
154638;260
154798;260
154901;260
155001;260
155114;260
155215;260
155314;260
155411;260
155504;260
155606;260
155703;260
155802;260
155900;260
155996;260
156105;260
156222;260
156328;260
156443;260
156540;260
156649;260
156749;260
156855;260
156953;260
157050;260
157159;260
157372;260
157562;260
157736;260
157886;260
158051;260
158358;260
158621;260
158864;260
159031;260
159269;260
159521;260
159652;260
159882;260
160139;260
160332;260
160444;260
160543;260
160660;260
160824;260
160959;260
161145;260
161381;260
161641;260
161879;260
162071;260
162191;260
162290;260
162386;260
162483;260
162582;260
162679;260
162779;260
162877;260
163040;260
163241;260
163377;260
163476;260
163576;260
163687;260
163807;260
163916;260
164024;260
164147;260
164255;260
164362;260
164474;260
164621;260
164778;260
164878;260
164982;260
165080;260
165180;260
165319;260
165478;260
165583;260
165708;260
