1317;66
1711;66
2072;66
2463;66
2950;66
3309;66
3744;66
4144;66
4521;66
4966;66
5448;66
5781;66
6109;66
6459;66
6831;66
7176;66
7624;66
7966;66
8280;66
8669;66
9146;66
9475;66
9821;66
10177;66
10511;66
10841;66
11162;66
11534;66
11875;66
12197;66
12540;66
12884;66
13200;66
13523;66
13833;66
14170;66
14495;66
14793;66
15133;66
15427;66
15729;66
16035;66
16303;66
16598;66
16887;66
17161;66
17466;66
17785;66
18112;66
18435;66
18784;66
19158;66
19510;66
19845;66
20198;66
20576;66
20868;66
21157;66
21419;66
21696;66
22023;66
22315;66
22625;66
22900;66
23178;66
23455;66
23705;66
23913;66
24110;66
24382;65
24723;61
24910;61
25090;61
25267;61
25447;61
25686;61
25932;61
26115;61
26286;61
26452;61
26621;61
26798;61
26967;61
27180;61
27349;61
27516;61
27693;61
28021;60
28190;60
28386;60
28547;60
28693;60
28872;60
29066;60
29214;60
29355;60
29523;60
29674;60
29879;60
30052;60
30213;60
30368;60
30521;60
30699;60
30929;60
31228;60
31408;60
31564;60
31721;60
31900;60
32059;60
32233;60
32417;60
32578;60
32753;60
32929;60
33096;60
33244;60
33417;60
33599;60
33758;60
33973;60
34156;60
34309;60
34464;60
34669;60
34821;60
34972;60
35132;60
35332;60
35487;60
35650;60
35812;60
35996;60
36235;60
36391;60
36607;60
36915;60
37151;60
37331;60
37536;60
37752;60
37940;60
38091;60
38248;60
38452;60
38626;60
38792;60
38965;60
39190;60
39430;60
39635;60
39810;60
40051;60
40217;60
40367;60
40512;60
40669;60
40887;60
41046;60
41208;60
41375;60
41552;60
41780;60
41947;60
42128;60
42355;60
42507;60
42655;60
42804;60
42952;60
43099;60
43243;60
43381;60
43543;60
43716;60
43848;60
44024;60
44167;60
44303;60
44434;60
44612;60
44833;60
44972;60
45107;60
45253;60
45389;60
45521;60
45665;60
45854;60
45988;60
46119;60
46265;60
46415;60
46554;60
46690;60
46843;60
46994;60
47128;60
47262;60
47439;60
47603;60
47734;60
47917;60
48065;60
48218;60
48378;60
48531;60
48668;60
48802;60
48933;60
49068;60
49217;60
49370;60
49527;60
49734;60
49919;60
50093;60
50266;60
50412;60
50574;60
50768;60
50962;60
51152;60
51347;60
51516;60
51664;60
51830;60
51984;60
52145;60
52307;60
52453;60
52611;60
52824;60
52968;60
53104;60
53260;60
53396;60
53528;60
53679;60
53865;60
54076;60
54272;60
54406;60
54580;60
54755;60
54945;60
55098;60
55245;60
55386;60
55520;60
55652;60
55796;60
55975;60
56176;60
56327;60
56471;60
56665;60
56824;60
56982;60
57140;60
57281;60
57419;60
57554;60
57690;60
57831;60
58017;60
58223;60
58373;60
58520;60
58683;60
58864;60
59019;60
59178;60
59316;60
59450;60
59586;60
59774;60
59977;60
60143;60
60294;60
60454;60
60616;60
60774;60
60919;60
61057;60
61219;60
61357;60
61529;60
61710;60
61869;60
62044;60
62204;60
62356;60
62492;60
62633;60
62764;60
62898;60
63031;60
63164;60
63296;60
63428;60
63560;60
63699;60
63907;60
64124;60
64273;60
64422;60
64582;60
64754;60
64913;60
65086;60
65220;60
65373;60
65554;60
65738;60
65895;60
66051;60
66203;60
66370;60
66576;60
66786;60
66991;60
67145;60
67295;60
67454;60
67604;60
67787;60
68019;60
68214;60
68373;60
68536;60
68724;60
68884;60
69089;60
69258;60
69423;60
69588;60
69727;60
69892;60
70081;60
70216;60
70352;60
70486;60
70617;60
70749;60
70942;60
71102;60
71248;60
71397;60
71532;60
71679;60
71817;60
71964;60
72097;60
72229;60
72367;60
72501;60
72636;60
72826;60
73025;60
73182;60
73328;60
73473;60
73619;60
73810;60
73957;60
74103;60
74240;60
74373;60
74507;60
74661;60
74852;60
75072;60
75232;60
75385;60
75555;60
75708;60
75859;60
76014;60
76175;60
76318;60
76455;60
76599;60
76738;60
76883;60
77022;60
77153;60
77311;60
77483;60
77686;60
77845;60
78031;60
78227;60
78400;60
78583;60
78769;60
78944;60
79173;60
79316;60
79454;60
79630;60
79809;60
79984;60
80131;60
80277;60
80452;60
80611;60
80768;60
80912;60
81053;60
81185;60
81325;60
81502;60
81658;60
81880;60
82077;60
82233;60
82387;60
82547;60
82720;60
82868;60
83024;60
83171;60
83328;60
83545;60
83762;60
83916;60
84061;60
84245;60
84433;60
84614;60
84764;60
84908;60
85043;60
85186;60
85320;60
85469;60
85611;60
85786;60
85977;60
86136;60
86292;60
86442;60
86600;60
86745;60
86891;60
87035;60
87176;60
87349;60
87550;60
87712;60
87854;60
88020;60
88219;60
88400;60
88570;60
88736;60
88891;60
89029;60
89170;60
89336;60
89540;60
89704;60
89853;60
90002;60
90161;60
90317;60
90461;60
90602;60
90737;60
90883;60
91044;60
91269;60
91483;60
91638;60
91807;60
91980;60
92148;60
92297;60
92446;60
92608;60
92757;60
92911;60
93067;60
93247;60
93417;60
93588;60
93761;60
93954;60
94171;60
94398;60
94566;60
94754;60
94886;60
95022;60
95155;60
95289;60
95477;60
95625;60
95782;60
95925;60
96060;60
96198;60
96338;60
96470;60
96615;60
96750;60
96883;60
97024;60
97158;60
97296;60
97433;60
97625;60
97830;60
97990;60
98142;60
98309;60
98452;60
98599;60
98746;60
98886;60
99033;60
99166;60
99299;60
99449;60
99634;60
99858;60
100024;60
100189;60
100338;60
100488;60
100634;60
100787;60
100950;60
101105;60
101252;60
101408;60
101554;60
101694;60
101828;60
102002;60
102198;60
102370;60
102570;60
102704;60
102856;60
103032;60
103174;60
103333;60
103472;60
103620;60
103764;60
103900;60
104038;60
104171;60
104348;60
104506;60
104682;60
104851;60
104987;60
105120;60
105267;60
105409;60
105556;60
105700;60
105911;60
106048;60
106184;60
106337;60
106473;60
106610;60
106749;60
106929;60
107066;60
107205;60
107364;60
107506;60
107637;60
107792;60
107931;60
108086;60
108228;60
108365;60
108502;60
108662;60
108799;60
108935;60
109090;60
109287;60
109421;60
109569;60
109711;60
109855;60
109994;60
110154;60
110290;60
110423;60
110560;60
110720;60
110932;60
111102;60
111237;60
111373;60
111512;60
111646;60
111799;60
111938;60
112073;60
112210;60
112345;60
112489;60
112724;60
112879;60
113052;60
113186;60
113337;60
113475;60
113624;60
113760;60
113895;60
114049;60
114272;60
114457;60
114629;60
114809;60
115017;60
115233;60
115430;60
115643;60
115841;60
116040;60
116235;60
116449;60
116594;60
116727;60
116862;60
116998;60
117196;60
117362;60
117534;60
117696;60
117832;60
118029;60
118183;60
118334;60
118494;60
118647;60
118789;60
118939;60
119077;60
119219;60
119353;60
119491;60
119630;60
119796;60
120012;60
120193;60
120329;60
120477;60
120611;60
120746;60
120884;60
121080;60
121259;60
121411;60
121584;60
121726;60
121861;60
122001;60
122144;60
122277;60
122417;60
122571;60
122709;60
122875;60
123039;60
123181;60
123322;60
123457;60
123595;60
123732;60
123867;60
124013;60
124198;60
124380;60
124535;60
124689;60
124837;60
124967;60
125100;60
125237;60
125431;60
125579;60
125721;60
125885;60
126069;60
126210;60
126352;60
126540;60
126725;60
126869;60
127004;60
127165;60
127348;60
127482;60
127624;60
127760;60
127892;60
128042;60
128177;60
128319;60
128452;60
128582;60
128751;60
128968;60
129125;60
129279;60
129415;60
129550;60
129684;60
129817;60
130001;60
130189;60
130324;60
130475;60
130617;60
130772;60
130931;60
131090;60
131228;60
131362;60
131500;60
131637;60
131780;60
131914;60
132048;60
132192;60
132331;60
132466;60
132601;60
132738;60
132870;60
133025;60
133161;60
133335;60
133475;60
133648;60
133815;60
133957;60
134104;60
134239;60
134381;60
134554;60
134733;60
134936;60
135123;60
135290;60
135448;60
135624;60
135764;60
135934;60
136089;60
136224;60
136423;60
136576;60
136726;60
136878;60
137013;60
137155;60
137291;60
137428;60
137602;60
137749;60
137887;60
138022;60
138204;60
138351;60
138484;60
138650;60
138796;60
138938;60
139160;60
139292;60
139470;60
139663;60
139813;60
139965;60
140105;60
140248;60
140383;60
140571;60
140726;60
140900;60
141039;60
141183;60
141342;60
141521;60
141661;60
141812;60
141950;60
142088;60
142234;60
142437;60
142669;60
142873;60
143098;60
143314;60
143499;60
143637;60
143772;60
143947;60
144206;60
144460;60
144709;60
144933;60
145133;60
145361;60
145570;60
145713;60
145851;60
145986;60
146126;60
146306;60
146544;60
146785;60
147009;60
147245;60
147482;60
147660;60
147807;60
147989;60
148158;60
148313;60
148448;60
148609;60
148806;60
148940;60
149094;60
149243;60
149385;60
149519;60
149691;60
149860;60
150001;60
150135;60
150283;60
150487;60
150623;60
150755;60
150891;60
151027;60
151163;60
151299;60
151434;60
151568;60
151703;60
151839;60
151974;60
152122;60
152256;60
152392;60
152538;60
152678;60
152815;60
152953;60
153095;60
153231;60
153371;60
153507;60
153643;60
153776;60
153914;60
154049;60
154200;60
154339;60
154484;60
154619;60
154762;60
154902;60
155039;60
155181;60
155315;60
155465;60
155600;60
155744;60
155880;60
156015;60
156150;60
156285;60
156459;60
156639;60
156835;60
157019;60
157183;60
157319;60
157468;60
157613;60
157754;60
157907;60
158070;60
158223;60
158398;60
158542;60
158680;60
158820;60
158968;60
159114;60
159250;60
159384;60
159534;60
159685;60
159834;60
159968;60
160103;60
160258;60
160404;60
160541;60
160675;60
160813;60
160962;60
161109;60
161244;60
161377;60
161523;60
161668;60
161808;60
161943;60
162078;60
162225;60
162373;60
162508;60
162648;60
162798;60
162944;60
163082;60
163218;60
163359;60
163500;60
163647;60
163781;60
163915;60
164066;60
164215;60
164349;60
164485;60
164634;60
164777;60
164916;60
165049;60
165195;60
165330;60
165474;60
165606;60
165753;60
165898;60
166043;60
166175;60
166308;60
166441;60
166591;60
166736;60
166870;60
167000;60
167144;60
167301;60
167436;60
167571;60
167704;60
167849;60
167994;60
168128;60
168260;60
168394;60
168537;60
168683;60
168828;60
168968;60
169100;60
169236;60
169382;60
169526;60
169659;60
169794;60
169927;60
170115;60
170278;60
170412;60
170544;60
170678;60
170816;60
170954;60
171090;60
171231;60
171383;60
171578;60
171713;60
171851;60
171984;60
172120;60
172256;60
172393;60
172527;60
172661;60
172792;60
172926;60
173059;60
173191;60
173325;60
173459;60
173591;60
173726;60
173856;60
173994;60
174129;60
174263;60
174399;60
174531;60
174666;60
174797;60
174933;60
175067;60
175199;60
175333;60
175466;60
175598;60
175732;60
175867;60
176002;60
176136;60
176272;60
176418;60
176554;60
176690;60
176826;60
176962;60
177101;60
177240;60
177373;60
177507;60
177641;60
177777;60
177924;60
178062;60
178197;60
178334;60
178470;60
178607;60
178742;60
178878;60
179011;60
179146;60
179280;60
179413;60
179552;60
179701;60
179841;60
179989;60
180125;60
180257;60
180390;60
180524;60
180655;60
180790;60
180926;60
181060;60
181192;60
181325;60
181479;60
181685;60
181891;60
182048;60
182193;60
182337;60
182477;60
182615;60
182752;60
182889;60
183026;60
183160;60
183308;60
183507;60
183666;60
183810;60
183944;60
184081;60
184230;60
184365;60
184501;60
184636;60
184773;60
184909;60
185047;60
185198;60
185337;60
185472;60
185615;60
185750;60
185883;60
186031;60
186172;60
186316;60
186503;60
186682;60
186815;60
186951;60
187084;60
187240;60
187387;60
187524;60
187664;60
187801;60
187944;60
188078;60
188219;60
188369;60
188510;60
188646;60
188804;60
188956;60
189105;60
189253;60
189390;60
189536;60
189670;60
189804;60
189939;60
190074;60
190219;60
190356;60
190502;60
190646;60
190783;60
190931;60
191073;60
191209;60
191346;60
191480;60
191617;60
191792;60
191929;60
192074;60
192206;60
192353;60
192496;60
192630;60
192771;60
192906;60
193036;60
193168;60
193309;60
193460;60
193594;60
193727;60
193861;60
193992;60
194133;60
194267;60
194400;60
194541;60
194685;60
194821;60
194966;60
195102;60
195236;60
195376;60
195526;60
195671;60
195810;60
195947;60
196079;60
196227;60
196369;60
196512;60
196644;60
196785;60
196925;60
197060;60
197192;60
197335;60
197471;60
197607;60
197741;60
197885;60
198020;60
198170;60
198314;60
198446;60
198587;60
198721;60
198876;60
199049;60
199220;60
199356;60
199498;60
199639;60
199777;60
199912;60
200047;60
200189;60
