101;3439
277;3369
365;3196
436;3191
507;3103
560;3067
618;2879
675;2794
712;2794
764;2593
805;2556
844;2556
894;2410
935;2410
982;2310
1020;2310
1058;2310
1098;2143
1133;2143
1167;2143
1203;2143
1250;2143
1300;2008
1343;2008
1382;1976
1424;1976
1462;1976
1502;1976
1537;1831
1574;1738
1612;1738
1649;1738
1708;1691
1746;1624
1787;1624
1837;1529
1878;1481
1914;1481
1955;1481
1992;1481
2029;1481
2074;1405
2115;1279
2153;1279
2186;1231
2225;1231
2258;1174
2300;1174
2335;1091
2380;1091
2419;1091
2464;1033
2499;1033
2534;1033
2570;1009
2604;1009
2639;1009
2675;1009
2709;1009
2746;920
2781;920
2821;920
2858;920
2893;920
2927;832
2970;832
3007;832
3048;832
3101;752
3155;656
3204;656
3254;656
3305;656
3356;656
3407;656
3465;603
3527;603
3575;560
3622;560
3652;560
3687;555
3725;544
3755;488
3785;488
3816;453
3857;375
3889;375
3921;375
3952;375
3985;375
4019;375
4050;375
4083;375
4119;375
4154;375
4187;375
4219;375
4257;325
4293;325
4325;325
4359;325
4400;325
4431;325
4472;325
4504;325
4534;325
4580;325
4618;325
4654;325
4685;325
4718;325
4756;325
4786;325
4820;318
4849;318
4879;318
4916;318
4946;318
4976;318
5011;318
5042;318
5080;318
5114;318
5148;318
5178;318
5211;318
5243;318
5274;318
5305;318
5337;318
5368;318
5405;318
5439;318
5471;318
5502;318
5535;318
5573;318
5624;318
5669;317
5714;317
5762;317
5817;317
5888;270
5970;270
6010;270
6040;270
6070;270
6106;270
6137;270
6170;270
6200;270
6238;270
6267;270
6296;270
6331;270
6361;270
6391;270
6421;270
6451;270
6481;270
6510;270
6541;270
6573;269
6611;269
6645;269
6675;269
6706;269
6737;269
6769;269
6800;269
6831;269
6869;269
6901;269
6932;269
6962;269
6994;269
7025;269
7066;269
7097;269
7128;269
7163;269
7194;269
7224;269
7253;269
7284;269
7320;269
7350;269
7381;269
7410;269
7440;269
7469;269
7500;269
7530;269
7561;269
7591;269
7621;269
7653;269
7684;269
7713;269
7744;269
7778;269
7809;269
7843;269
7874;269
7911;269
7946;269
7984;267
8017;268
8049;268
8079;268
8112;268
8143;268
8175;268
8205;268
8239;268
8276;268
8307;268
8342;267
8372;267
8402;267
8432;267
8465;274
8498;274
8529;274
8568;267
8607;266
8640;266
8674;266
8706;266
8743;266
8775;266
8812;266
8842;266
8872;266
8901;266
8931;266
8962;266
8992;266
9024;265
9054;265
9088;265
9120;265
9154;265
9186;265
9218;265
9248;265
9279;265
9309;265
9339;265
9371;265
9402;265
9434;265
9464;265
9499;265
9540;265
9578;265
9611;265
9661;265
9697;265
9727;265
9756;265
9786;265
9817;265
9846;265
9879;265
9913;265
9943;265
9980;265
10012;265
10045;265
10075;265
10104;265
10135;265
10169;265
10204;265
10235;265
10266;265
10298;265
10328;265
10359;265
10391;265
10421;265
10451;265
10487;265
10518;265
10549;265
10580;263
10611;263
10645;263
10679;263
10711;263
10742;263
10776;263
10805;263
10835;263
10865;263
10895;263
10928;263
10959;263
10993;263
11022;263
11052;263
11082;263
11111;263
11154;263
11200;263
11232;263
11262;263
11293;263
11330;263
11361;263
11392;263
11422;263
11452;263
11483;263
11514;263
11544;263
11577;263
11608;263
11642;263
11679;260
11710;259
11740;259
11775;259
11807;259
11837;259
11868;259
11905;259
11935;259
11964;259
11992;259
12022;259
12052;259
12083;259
12113;259
12143;259
12173;259
12210;259
12241;259
12270;259
12307;259
12337;259
12370;259
12399;259
12429;259
12459;259
12489;259
12521;259
12552;259
12584;259
12618;259
12654;259
12685;259
12723;259
12765;259
12797;259
12828;259
12861;259
12897;259
12929;259
12959;259
12994;259
13023;259
13054;259
13094;259
13124;259
13153;259
13183;259
13216;259
13247;259
13280;259
13310;259
13346;259
13380;259
13410;259
13443;259
13473;259
13516;259
13547;259
13578;259
13608;259
13646;259
13681;259
13715;259
13759;259
13790;259
13821;259
13857;259
13887;259
13918;259
13953;259
13987;259
14017;259
14051;259
14084;259
14115;259
14149;259
14180;259
14210;259
14239;259
14287;259
14322;259
14353;259
14387;259
14417;259
14446;259
14476;259
14509;259
14553;259
14585;259
14615;259
14648;259
14678;259
14709;259
14741;259
14771;259
14801;259
14832;259
14863;259
14894;259
14925;259
14955;259
14985;259
15016;259
15052;259
15084;259
15113;259
15142;259
15172;259
15205;259
15237;259
15279;259
15318;259
15354;259
15390;259
15419;259
15448;259
15478;259
15507;259
15536;259
15566;259
15599;259
15639;259
15672;259
15699;259
15729;259
15759;259
15789;259
15822;259
15856;259
15886;259
15916;259
15946;259
15978;259
16007;259
16037;259
16067;259
16095;259
16131;259
16160;259
16189;259
16225;259
16255;259
16285;259
16317;259
16350;259
16379;259
16408;259
16440;259
16472;259
16508;259
16541;259
16569;259
16599;259
16629;259
16659;259
16689;259
16719;259
16752;259
16782;259
16813;259
16846;259
16876;259
16904;259
16934;259
16966;259
16996;259
17026;259
17055;259
17087;259
17116;259
17145;259
17175;259
17204;259
17244;259
17273;259
17302;259
17333;259
17364;259
17396;259
17427;259
17460;259
17491;259
17521;259
17555;259
17585;259
17625;259
17661;259
17696;259
17729;259
17762;259
17790;259
17822;259
17853;259
17882;259
17911;259
17943;259
17975;259
18006;259
18035;259
18067;259
18097;259
18127;259
18158;259
18194;259
18227;259
18256;259
18286;259
18320;262
18350;262
18380;262
18410;262
18444;262
18483;262
18512;262
18538;262
18569;262
18599;262
18628;262
18661;262
18690;262
18725;262
18754;262
18787;262
18817;262
18847;262
18881;262
18913;262
18942;262
18971;262
19000;262
19029;262
19059;262
19092;262
19132;262
19165;262
19196;262
19232;262
19264;262
19293;262
19322;262
19351;262
19380;262
19409;262
19438;262
19470;262
19503;263
19540;263
19582;263
19616;263
19650;263
19686;263
19716;263
19746;263
19782;263
19815;263
19845;263
19875;263
19905;263
19936;263
19970;263
20000;263
20030;263
20061;263
20094;263
20124;263
20158;263
20194;269
20224;269
20253;269
20286;269
20315;269
20344;267
20376;267
20424;267
20474;267
20536;265
20583;265
20613;265
20648;262
20678;262
20714;262
20748;262
20777;262
20812;259
20843;259
20873;259
20905;259
20938;259
20972;259
21002;259
21036;259
21065;259
21095;259
21127;259
21157;259
21193;259
21222;259
21251;259
21280;259
21311;259
21342;259
21382;259
21414;259
21443;259
21472;259
21505;260
21534;260
21564;260
21594;260
21623;260
21652;260
21681;260
21714;260
21743;260
21773;260
21803;260
21833;260
21864;260
21895;260
21925;260
21954;260
21985;260
22017;260
22047;260
22077;260
22106;260
22136;260
22167;260
22196;260
22226;260
22256;260
22285;260
22315;261
22344;261
22387;261
22417;261
22447;261
22477;261
22506;261
22535;261
22570;261
22602;261
22635;261
22664;261
22691;261
22733;261
22762;261
22792;261
22823;261
22856;261
22886;261
22915;261
22947;261
22976;263
23006;263
23038;263
23068;263
23097;263
23129;264
23162;264
23195;264
23229;264
23259;262
23289;262
23319;262
23349;262
23380;262
23410;262
23443;262
23475;262
23512;262
23542;262
23575;262
23605;262
23639;262
23672;262
23706;262
23735;262
23764;262
23795;262
23827;262
23856;262
23892;262
23922;262
23951;262
23983;262
24015;262
24049;262
24084;262
24117;262
24146;262
24186;262
24216;262
24249;262
24280;262
24310;262
24339;262
24372;262
24403;262
24432;262
24462;262
24491;262
24519;262
24552;262
24583;262
24612;262
24644;262
24674;262
24704;262
24740;261
24774;260
24805;260
24841;260
24872;260
24902;260
24937;260
24967;260
24998;260
25029;260
25059;260
25093;260
25125;260
25154;260
25185;260
25217;260
25245;260
25275;260
25304;260
25340;260
25370;260
25399;260
25428;260
25457;260
25487;260
25517;260
25551;260
25580;260
25615;260
25650;260
25684;260
25714;260
25744;260
25777;260
25807;260
25837;260
25867;260
25896;260
25925;260
25959;260
25987;260
26018;260
26048;260
26082;260
26111;260
26143;260
26175;260
26206;260
26236;260
26266;260
26298;260
26331;260
26362;260
26393;260
26433;260
26462;260
26495;260
26540;260
26580;260
26616;260
26645;260
26678;260
26708;260
26738;260
26771;260
26802;260
26830;260
26860;260
26890;260
26928;260
26959;260
27005;260
27035;260
27064;260
27093;260
27123;260
27158;260
27189;260
27218;260
27247;260
27280;260
27310;260
27341;260
27381;260
27413;260
27442;260
27475;260
27504;260
27534;260
27571;260
27604;260
27633;260
27665;260
27703;260
27735;260
27765;260
27794;260
27823;260
27852;259
27881;259
27910;259
27940;259
27969;259
27998;259
28030;259
28065;259
28096;259
28126;259
28156;259
28183;259
28216;259
28245;259
28275;259
28305;259
28339;259
28376;259
28405;259
28435;259
28464;259
28493;259
28525;259
28557;259
28590;259
28623;259
28656;259
28685;259
28714;259
28754;259
28783;259
28816;259
28846;259
28876;259
28906;259
28940;259
28971;259
29000;259
29035;259
29066;259
29098;259
29128;259
29158;259
29191;259
29226;259
29258;259
29291;259
29321;259
29351;259
29384;259
29415;259
29449;259
29479;259
29508;259
29537;259
29570;259
29600;259
29635;259
29668;259
29698;259
29727;259
29756;259
29789;259
29818;259
29847;259
29877;259
29922;259
29953;259
29982;259
30011;259
30044;259
30075;259
30104;259
30134;259
30166;259
30195;259
30238;259
30281;259
30309;259
30338;259
30375;259
30411;259
30445;259
30473;259
30502;259
30532;259
30565;259
30595;259
30628;259
30664;259
30696;259
30725;259
30757;259
30789;259
30818;259
30849;259
30877;259
30910;259
30943;259
30973;259
31003;259
31033;259
31065;259
31094;259
31138;259
31179;259
31210;259
31239;259
31273;259
31303;259
31332;259
31362;259
31395;259
31427;259
31457;259
31487;259
31519;259
31553;259
31589;259
31619;259
31649;259
31681;259
31711;259
31741;259
31771;259
31800;259
31828;259
31861;259
31894;259
31922;259
31955;259
31984;260
32013;260
32042;260
32071;260
32103;260
32132;260
32161;260
32191;260
32223;260
32252;260
32281;260
32310;260
32342;260
32371;260
32400;260
32430;260
32463;260
32492;260
32522;260
32556;260
32585;260
32619;260
32650;260
32685;260
32716;260
32746;260
32779;260
32811;260
32841;260
32872;260
32903;260
32936;260
32966;260
32995;260
33027;260
33056;260
33085;260
33115;260
33147;260
33175;260
33212;260
33241;260
33270;260
33302;260
33329;260
33364;260
33396;260
33426;260
33455;260
33485;260
33515;260
33548;260
33581;260
33611;259
33644;259
33676;259
33706;259
33749;259
33778;259
33808;259
33839;259
33868;259
33899;259
33928;259
33959;259
33998;259
34027;259
34056;259
34090;259
34120;259
34150;259
34186;259
34220;259
34254;259
34294;259
34327;259
34361;259
34394;260
34423;260
34454;260
34483;260
34515;260
34546;260
34577;260
34609;260
34638;260
34670;260
34706;260
34735;260
34767;260
34796;260
34828;260
34861;260
34890;260
34920;260
34949;260
34979;260
35008;260
35037;260
35073;260
35102;260
35131;260
35161;260
35191;260
35220;260
35250;260
35279;260
35311;260
35338;260
35367;260
35401;260
35433;260
35463;260
35495;260
35524;260
35554;260
35587;260
35616;260
35644;260
35677;260
35705;260
35738;260
35769;260
35798;260
35834;260
35863;260
35895;260
35928;260
35958;260
35986;257
36015;257
36046;257
36080;257
36119;257
36147;257
36178;257
36211;257
36239;257
36269;257
36299;257
36328;257
36364;257
36394;257
36426;257
36455;257
36485;257
36519;257
36550;257
36583;257
36616;257
36649;257
36681;257
36713;257
36747;257
36783;257
36817;257
36851;257
36898;257
36961;257
37029;257
37119;257
37199;257
37261;257
37313;257
37357;257
37387;257
37432;257
37459;257
37492;257
37526;257
37573;257
37607;257
37666;257
37698;257
37734;257
37766;257
37803;257
37834;257
37866;257
37897;257
37931;257
37964;257
38001;257
38039;257
38067;257
38097;257
38129;257
38172;257
38215;257
38247;257
38281;257
38311;257
38342;257
38374;257
38405;257
38438;257
38469;257
38501;257
38530;257
38561;257
38592;257
38636;257
38665;257
38695;257
38725;257
38755;257
38784;257
38818;257
38849;257
38881;257
38912;257
38944;257
38982;257
39011;257
39041;257
39081;257
39110;257
39139;257
39169;257
39202;257
39233;257
39265;257
39295;257
39328;257
39358;257
39388;257
39421;257
39463;257
39494;257
39529;256
39568;256
39598;256
39632;256
39661;256
39697;256
39727;256
39759;256
39788;256
39821;256
39854;256
39883;256
39915;256
39944;256
39976;256
40012;256
40083;256
40144;256
40189;256
40237;256
40283;256
40333;256
40400;256
40448;256
40492;256
40521;256
40553;256
40585;256
40615;256
40645;256
40677;256
40716;256
40747;256
40778;256
40818;256
40854;256
40885;256
40915;256
40944;256
40973;256
41006;256
41036;256
41071;256
41103;256
41147;256
41203;256
41253;256
41303;256
41350;256
41402;256
41449;256
41491;256
41531;256
41563;256
41593;256
41623;256
41653;256
41684;256
41713;256
41752;256
41785;256
41818;256
41850;256
41880;256
41921;256
41961;256
41992;256
42020;256
42052;256
42082;256
42114;256
42144;256
42177;256
42214;256
42246;256
42275;256
42305;256
42335;256
42367;256
42403;256
42437;256
42467;256
42498;256
42530;256
42561;256
42597;256
42630;256
42664;256
42701;256
42736;256
42766;256
42797;256
42838;256
42885;256
42931;256
42980;256
43021;256
43070;256
43118;256
43160;256
43206;256
43249;256
43292;256
43335;256
43374;256
43412;256
43458;256
43514;256
43569;256
43603;256
43649;256
43683;256
43719;256
43755;256
43791;256
43822;256
43856;256
43890;256
43922;256
43966;256
44015;256
44059;256
44105;256
44151;256
44215;256
44276;256
44320;256
44353;256
44385;256
44418;256
44449;256
44484;256
44515;256
44546;256
44587;256
44619;256
44649;256
44678;256
44708;256
44737;256
44768;256
44802;256
44843;256
