1198;250
1585;250
1924;250
2253;250
2928;250
3280;250
3622;250
4231;250
5803;250
6560;250
6958;250
7379;250
7781;250
8317;250
8847;250
9189;250
9915;250
10433;250
10763;250
11164;250
11676;250
12029;250
12409;250
12903;250
13319;250
13645;250
14045;250
14655;250
15071;250
15492;250
15858;250
16212;250
16580;250
16912;250
17237;250
17580;250
18063;250
18449;250
18763;250
19072;250
19447;250
19825;250
20393;250
20973;250
21631;250
22618;250
23143;250
23534;250
23958;250
24502;250
24820;250
25203;250
25567;250
25901;250
26495;250
27014;250
27331;250
27651;250
28000;250
28312;250
28631;250
28894;250
29179;250
29459;250
29713;250
29977;250
30233;250
30490;250
30744;250
31044;250
31304;250
31554;250
31796;250
32045;250
32346;249
32635;246
32918;244
33225;240
33466;240
33685;240
33988;240
34288;239
34582;236
34812;236
35070;234
35285;234
35493;234
35700;234
35967;233
36185;233
36394;233
36599;233
36800;233
37010;233
37226;233
37416;233
37612;233
37813;233
38023;233
38222;233
38418;233
38656;233
38851;233
39037;233
39235;233
39427;233
39620;233
39809;233
40011;233
40209;233
40401;233
40588;233
40829;231
41037;231
41236;231
41419;231
41618;231
41797;231
41986;231
42172;231
42354;231
42533;231
42733;231
42919;231
43107;231
43301;231
43488;231
43668;231
43860;231
44052;231
44248;231
44432;231
44650;231
44843;231
45038;231
45221;231
45411;231
45602;231
45789;231
45979;231
46183;231
46376;231
46566;231
46763;231
46956;231
47153;231
47341;231
47532;231
47723;231
47922;231
48113;231
48303;231
48492;231
48684;231
48878;231
49068;231
49262;231
49459;231
49653;231
49836;231
50035;231
50227;231
50412;231
50603;231
50801;231
50988;231
51184;231
51374;231
51560;231
51749;231
51949;231
52145;231
52345;231
52535;231
52724;231
52921;231
53122;231
53309;231
53493;231
53680;231
53873;231
54058;231
54250;231
54438;231
54616;231
54808;231
54989;231
55181;231
55383;231
55577;231
55767;231
55970;231
56163;231
56347;231
56545;231
56740;231
56939;231
57133;231
57323;231
57510;231
57691;231
57894;231
58083;231
58276;231
58478;231
58662;231
58880;231
59078;231
59281;231
59467;231
59665;231
59870;231
60093;231
60289;231
60488;231
60698;231
60936;231
61130;231
61323;231
61519;231
61731;231
61932;231
62126;231
62343;231
62628;231
62887;231
63093;231
63299;231
63483;231
63682;231
63878;231
64068;231
64252;231
64436;231
64620;231
64828;231
65038;231
65226;231
65409;231
65601;231
65805;231
66015;231
66213;231
66420;231
66616;231
66813;231
67006;231
67218;231
67420;231
67615;231
67802;231
67996;231
68199;231
68401;231
68604;231
68795;231
69013;231
69209;231
69412;231
69620;231
69820;231
70019;231
70215;231
70403;231
70594;231
70775;231
70987;231
71174;231
71358;231
71543;231
71723;231
71919;231
72099;231
72289;231
72540;231
72811;231
73090;231
73282;231
73492;231
73682;231
73938;230
74153;230
74357;230
74559;230
74764;230
74983;230
75190;230
75375;230
75573;230
75761;230
75959;230
76151;230
76341;230
76536;230
76736;230
76933;230
77160;230
77346;230
77557;230
77775;230
77969;230
78178;230
78365;230
78590;230
78785;230
78984;230
79187;230
79388;230
79581;230
79775;230
79961;230
80169;230
80363;230
80551;230
80747;230
80937;230
81130;230
81320;230
81504;230
81716;230
81905;230
82093;230
82276;230
82476;230
82667;230
82854;230
83052;230
83264;230
83452;230
83653;230
83863;230
84077;230
84277;230
84487;230
84671;230
84896;230
85145;230
85344;230
85543;230
85732;230
85947;230
86228;230
86430;230
86615;230
86794;230
86982;230
87178;230
87380;230
87577;230
87765;230
87967;230
88179;230
88363;230
88563;230
88748;230
88937;230
89168;230
89353;230
89543;230
89732;230
89918;230
90104;230
90298;230
90486;230
90678;230
90871;230
91072;230
91293;230
91479;230
91667;230
91851;230
92027;230
92217;230
92398;230
92591;230
92783;230
92983;230
93174;230
93367;230
93561;230
93745;230
93936;230
94141;230
94330;230
94523;230
94722;230
94913;230
95113;230
95340;230
95549;230
95743;230
95937;230
96119;230
96307;230
96505;230
96693;230
96888;230
97085;230
97279;230
97469;230
97661;230
97852;230
98043;230
98255;230
98444;230
98662;230
98852;230
99046;230
99252;230
99450;230
99649;230
99842;230
100043;230
100254;230
100448;230
100655;230
100868;230
101059;230
101272;230
101468;230
101665;230
101892;230
102088;230
102293;230
102488;230
102694;230
102901;230
103108;230
103335;230
103524;230
103710;230
103903;230
104108;230
104284;230
104463;230
104688;230
104954;230
105187;230
105436;230
105653;230
105877;230
106061;230
106250;230
106445;230
106634;230
106821;230
107063;230
107312;230
107581;230
107935;229
108128;229
108328;229
108516;229
108710;229
108896;229
109099;229
109317;229
109534;229
109742;229
109945;229
110137;229
110332;229
110522;229
110719;229
110914;229
111123;229
111324;229
111521;229
111724;229
111915;229
112117;229
112313;229
112505;229
112713;229
112906;229
113105;229
113299;229
113493;229
113681;229
113903;229
114118;229
114365;229
114615;229
114825;229
115048;229
115366;229
115723;229
116025;229
116244;229
116449;229
116651;229
116938;229
117138;229
117332;229
117590;229
117906;229
118114;229
118307;229
118539;229
118786;229
118995;229
119207;229
119420;229
119657;229
119851;229
120080;229
120419;229
120670;229
120943;229
121229;229
121469;229
121687;229
121911;229
122149;229
122349;229
122638;229
122935;229
123208;229
123408;229
123663;229
123857;229
124052;229
124245;229
124428;229
124619;229
124815;229
125012;229
125209;229
125411;229
125599;229
125791;229
125986;229
126174;229
126358;229
126553;229
126752;229
126938;229
127135;229
127322;229
127504;229
127695;229
127901;229
128112;229
128302;229
128485;229
128671;229
128862;229
129050;229
129242;229
129433;229
129660;229
129860;229
130061;229
130260;229
130464;229
130658;229
130851;229
131039;229
131233;229
131428;229
131626;229
131817;229
132005;229
132201;229
132388;229
132571;229
132783;229
132987;229
133202;229
133400;229
133617;229
133846;229
134054;229
134257;229
134458;229
134649;229
134838;229
135043;229
135227;229
135405;229
135585;229
135777;229
135962;229
136145;229
136332;229
136515;229
136703;229
136928;229
137190;229
137386;229
137598;229
137829;229
138043;229
138240;229
138427;229
138621;229
138807;229
139009;229
139215;229
139502;229
139687;229
139883;229
140089;229
140330;229
140528;229
140726;229
140931;229
141113;229
141298;229
141483;229
141666;229
141855;229
142043;229
142227;229
142407;229
142589;229
142766;229
142949;229
143131;229
143324;229
143512;229
143696;229
143898;229
144085;229
144268;229
144462;229
144641;229
144825;229
145019;229
145210;229
145400;229
145579;229
145767;229
146027;229
146287;229
146465;229
146659;229
146853;229
147044;229
147231;229
147422;229
147611;229
147820;229
148015;229
148207;229
148400;229
148593;229
148785;229
148978;229
149170;229
149380;229
149584;229
149807;229
150035;229
150237;229
150438;229
150649;229
150843;229
151035;229
151238;229
151424;229
151626;229
151833;229
152052;229
152256;229
152446;229
152641;229
152854;229
153063;229
153252;229
153446;229
153636;229
153838;229
154047;229
154240;229
154428;229
154623;229
154816;229
155000;229
155187;229
155405;229
155676;229
155928;229
156124;229
156316;229
156502;229
156693;229
156883;229
157066;229
157259;229
157457;229
157657;229
157865;229
158063;229
158256;229
158453;229
158642;229
158834;229
159034;229
159222;229
159414;229
159615;229
159841;229
160134;229
160351;229
160615;229
160803;229
161049;229
161311;229
161558;229
161755;229
161975;229
162182;229
162372;229
162560;229
162746;229
162936;229
163131;229
163311;229
163500;229
163707;229
163892;229
164083;229
164274;229
164457;229
164644;229
164834;229
165033;229
165227;229
165413;229
165603;229
165784;229
165977;229
166167;229
166360;229
166556;229
166750;229
166930;229
167114;229
167303;229
167490;229
167677;229
167866;229
168081;229
168272;229
168463;229
168659;229
168847;229
169039;229
169234;229
169420;229
169611;229
169809;229
170000;229
170197;229
170387;229
170571;229
170752;229
170945;229
171130;229
171311;229
171496;229
171676;229
171864;229
172058;229
172258;229
172447;229
172649;229
172878;229
173096;229
173310;229
173515;229
173726;229
173947;229
174166;229
174373;229
174595;229
174790;229
175004;229
175214;229
175437;229
175652;229
175863;229
176082;229
176311;229
176504;229
176703;229
176914;229
177116;229
177337;229
177553;229
177774;229
177972;229
178168;229
178361;229
178540;229
178731;229
178932;229
179122;229
179322;229
179528;229
179732;229
179924;229
180124;229
180317;229
180510;229
180719;229
180926;229
181137;229
181382;229
181578;229
181787;229
181987;229
182203;229
182437;229
182718;229
182945;229
183132;229
183317;229
183511;229
183736;229
183948;229
184131;229
184322;229
184530;229
184824;229
185096;229
185392;229
185655;229
185965;229
186249;229
186512;229
186791;229
187057;229
187377;229
187700;229
188053;229
188391;229
188611;229
188802;229
188996;229
189190;229
189378;229
189574;229
189767;229
189974;229
190203;229
190478;229
190807;229
191186;229
191524;229
191898;229
192267;229
192612;229
192940;229
193309;229
193673;229
193958;229
194191;229
194392;229
194583;229
194768;229
194966;229
195154;229
195336;229
195520;229
195699;229
195888;229
196079;229
196283;229
196489;229
196742;229
196928;229
197114;229
197352;229
197549;229
197743;229
197938;229
198125;229
198314;229
198530;229
198722;229
198914;229
199117;229
199345;229
199553;229
199742;229
199928;229
200113;229
200301;229
200517;229
200706;229
200897;229
201109;229
201321;229
201513;229
201701;229
201896;229
202088;229
202281;229
202488;229
202684;229
202878;229
203085;229
203318;229
203505;229
203694;229
203904;229
204093;229
204325;229
204543;229
204766;229
204983;229
205187;229
205442;229
205659;229
205867;229
206131;229
206349;229
206543;229
206769;229
206966;229
207156;229
207359;229
207575;229
207777;229
207974;229
208166;229
208360;229
208569;229
208768;229
208996;229
209202;229
209409;229
209619;229
209821;229
210025;229
210235;229
210441;229
210764;229
211187;229
211467;229
211676;229
211865;229
212048;229
212264;229
212471;229
212670;229
212882;229
213078;229
213301;229
213487;229
213681;229
213920;229
214106;229
214298;229
214493;229
214779;229
215121;229
215554;229
215893;229
216240;229
216585;229
216876;229
217270;229
217674;229
218084;229
218501;229
218905;229
219263;229
219606;229
219988;229
220310;229
220621;229
221020;229
221370;229
221689;229
222038;229
222356;229
222579;229
222877;229
223148;229
223401;229
223601;229
223849;229
224083;229
224331;229
224521;229
224714;229
224918;229
225112;229
225296;229
225507;229
225843;229
226080;229
226273;229
226546;229
226892;229
227107;229
227366;229
227585;229
227812;229
228037;229
228231;229
228421;229
228658;229
228914;229
229144;229
229331;229
229519;229
229712;229
229933;229
230137;229
230359;229
230578;229
230809;229
231059;229
231314;229
231589;229
231835;229
232051;229
232267;229
232450;229
232642;229
232825;229
233011;229
233191;229
233376;229
233554;229
233750;229
233939;229
234123;229
234315;229
234501;229
234701;229
234901;229
235088;229
235288;229
235479;229
235668;229
235858;229
236041;229
236226;229
236426;229
236616;229
236813;229
237013;229
237198;229
237383;229
237586;229
237790;229
237995;229
238199;229
238418;229
238604;229
238796;229
238981;229
239174;229
239357;229
239543;229
239733;229
239933;229
240115;229
240297;229
240492;229
240683;229
240878;229
241057;229
241257;229
241453;229
241643;229
241839;229
242028;229
242218;229
242455;229
242728;229
242961;229
243151;229
243419;229
243606;229
243792;229
243971;229
244153;229
244335;229
244537;229
244716;229
244906;229
245120;229
245317;229
245517;229
245718;229
245913;229
246142;229
246326;229
246525;229
246718;229
246930;229
247149;229
247369;229
247582;229
247783;229
247973;229
248183;229
248385;229
248594;229
248801;229
249009;229
249220;229
249417;229
249653;229
249870;229
250089;229
250296;229
250531;229
250738;229
250950;229
251151;229
251340;229
251532;229
251721;229
251927;229
252142;229
252364;229
252581;229
252806;229
253017;229
253233;229
253434;229
253648;229
253870;229
254094;229
254304;229
254511;229
254725;229
254939;229
255174;229
255370;229
255575;229
255791;229
255999;229
256193;229
256391;229
256586;229
256790;229
256985;229
257179;229
257371;229
257564;229
257760;229
257955;229
258154;229
258363;229
258555;229
258746;229
258968;229
259187;229
259380;229
259576;229
259771;229
259978;229
260161;229
260355;229
260548;229
260732;229
260927;229
261147;229
261324;229
261533;229
261715;229
261916;229
262100;229
262290;229
262484;229
262677;229
262870;229
263116;229
263314;229
263522;229
263714;229
263936;229
264140;229
264337;229
264545;229
264752;229
264949;229
265172;229
265373;229
265595;229
265815;229
266060;229
266365;229
266562;229
266758;229
266959;229
267188;229
267390;229
267589;229
267805;229
268002;229
268196;229
