207;3858
321;3776
413;3650
519;3489
594;3465
696;3345
791;3241
872;3180
957;3169
1021;3068
1107;2957
1190;2957
1274;2841
1362;2841
1472;2836
1604;2756
1738;2756
1868;2755
1986;2680
2106;2535
2185;2445
2285;2384
2364;2384
2466;2281
2567;2055
2644;2055
2745;1896
2838;1896
2915;1805
3009;1741
3095;1741
3163;1741
3250;1585
3306;1585
3364;1585
3424;1585
3499;1506
3574;1415
3673;1384
3772;1355
3873;1335
3952;1335
4032;1239
4105;1239
4163;1239
4228;1239
4283;1239
4340;1239
4398;1239
4454;1147
4518;1085
4576;979
4648;900
4707;900
4790;900
4848;900
4905;900
4974;865
5039;865
5103;865
5169;865
5278;865
5372;865
5437;790
5509;790
5578;790
5644;790
5743;714
5812;714
5876;714
5936;714
6000;714
6065;714
6123;714
6187;714
6264;714
6355;714
6427;714
6500;714
6601;714
6664;714
6722;714
6778;714
6835;714
6895;714
6951;714
7014;714
7077;714
7133;714
7212;652
7273;652
7331;652
7391;652
7448;652
7506;652
7578;655
7643;655
7705;655
7766;655
7827;655
7907;655
7979;655
8037;655
8093;648
8152;648
8212;648
8270;648
8329;648
8385;648
8441;567
8499;567
8557;567
8622;565
8679;565
8736;565
8796;565
8870;565
8927;565
9003;565
9100;565
9192;565
9304;535
9383;535
9449;535
9511;535
9595;535
9665;535
9724;535
9780;535
9838;535
9894;535
9959;535
10040;450
10099;450
10157;450
10219;450
10277;450
10335;450
10395;450
10461;415
10523;415
10597;415
10660;415
10723;415
10787;415
10843;415
10906;415
10967;415
11023;416
11079;396
11136;396
11196;396
11256;396
11336;396
11402;396
11460;393
11519;393
11584;393
11641;393
11707;393
11766;393
11825;393
11897;393
11954;393
12013;393
12069;393
12127;393
12185;393
12241;393
12296;393
12351;393
12410;393
12473;393
12542;393
12601;273
12661;273
12720;273
12780;273
12838;273
12904;273
12969;273
13046;273
13101;273
13156;273
13227;270
13285;270
13344;270
13422;270
13478;270
13536;270
13594;270
13658;270
13716;270
13775;270
13836;270
13897;270
13957;270
14023;270
14088;270
14148;270
14219;270
14275;270
14340;270
14411;270
14475;270
14538;270
14595;270
14651;270
14743;270
14836;270
14895;270
14962;270
15022;270
15088;270
15171;270
15229;270
15309;256
15368;256
15429;256
15487;256
15555;256
15621;256
15677;256
15736;256
15814;256
15871;256
15930;256
15986;256
16044;256
16106;256
16179;256
16244;256
16304;256
16365;256
16430;256
16501;256
16557;256
16613;256
16668;256
16738;256
16794;256
16849;256
16912;256
16980;256
17044;256
17113;257
17172;257
17236;257
17301;239
17374;239
17431;239
17497;238
17554;238
17611;237
17670;237
17728;237
17800;237
17879;236
17939;236
17996;236
18054;236
18112;236
18172;236
18231;236
18288;236
18355;236
18420;236
18479;236
18538;236
18593;236
18653;236
18711;236
18780;236
18839;236
18903;236
18968;236
19024;236
19082;236
19140;236
19213;236
19274;236
19342;236
19396;236
19453;236
19533;236
19591;236
19647;236
19705;236
19769;236
19826;236
19884;236
19942;236
20007;236
20063;236
20129;236
20206;236
20271;236
20335;236
20392;236
20448;236
20504;236
20564;236
20622;236
20678;236
20752;236
20811;236
20876;236
20936;236
20993;236
21057;236
21112;236
21168;236
21228;236
21292;236
21356;236
21418;236
21479;236
21540;236
21619;236
21689;236
21748;236
21808;236
21867;236
21944;236
22008;236
22089;236
22160;236
22217;236
22274;236
22340;236
22416;236
22519;236
22589;236
22649;236
22713;236
22772;236
22828;236
22886;236
22944;236
22999;236
23058;236
23117;236
23174;236
23242;238
23300;238
23358;238
23416;238
23495;238
23559;238
23638;238
23694;238
23753;238
23810;238
23880;244
23944;244
24009;244
24067;244
24125;244
24181;244
24239;244
24294;244
24365;244
24422;244
24478;244
24557;244
24614;244
24684;244
24796;244
24860;244
24918;244
24981;244
25037;240
25092;240
25149;240
25207;240
25271;240
25334;238
25402;238
25459;238
25530;238
25586;238
25643;238
25721;236
25782;236
25854;236
25919;236
25978;236
26046;236
26105;236
26160;236
26218;236
26291;236
26354;236
26409;236
26464;236
26518;236
26588;236
26644;236
26695;236
26758;236
26822;236
26878;236
26932;236
27003;236
27074;236
27135;236
27191;236
27248;236
27307;236
27370;236
27429;236
27497;236
27552;236
27607;236
27671;236
27726;236
27782;236
27839;236
27896;236
27954;236
28016;236
28071;236
28128;236
28185;236
28248;236
28304;236
28360;236
28415;236
28473;236
28528;236
28608;236
28668;236
28730;236
28786;235
28858;235
28932;235
29002;235
29059;235
29115;235
29172;235
29229;235
29287;235
29344;235
29409;235
29471;235
29526;235
29597;235
29652;235
29711;235
29770;235
29824;235
29882;235
29937;235
30000;235
30055;235
30109;235
30167;235
30229;235
30284;235
30341;235
30409;235
30471;235
30542;235
30605;235
30662;235
30723;235
30784;235
30839;235
30895;235
30953;235
31031;235
31087;235
31149;235
31207;235
31265;235
31328;235
31394;235
31464;235
31520;235
31582;235
31637;235
31699;235
31754;235
31808;236
31867;236
31944;236
32001;236
32059;236
32114;236
32171;236
32226;237
32281;237
32335;237
32392;237
32451;237
32509;237
32581;237
32642;237
32698;237
32755;237
32810;237
32867;237
32924;237
32981;237
33035;237
33092;237
33153;237
33218;238
33276;238
33332;238
33389;238
33448;238
33502;238
33559;238
33613;238
33670;238
33733;238
33788;238
33842;238
33905;237
33960;237
34022;237
34089;237
34164;237
34234;237
34293;237
34352;237
34413;237
34497;237
34555;237
34610;237
34667;237
34733;237
34793;237
34877;237
34959;237
35024;236
35088;236
35142;236
35205;236
35260;236
35317;236
35374;236
35428;236
35483;236
35542;236
35599;236
35658;236
35714;236
35781;236
35837;236
35907;236
35962;236
36017;236
36072;236
36131;236
36189;236
36243;236
36299;236
36368;236
36440;236
36504;236
36568;236
36623;236
36678;236
36736;236
36812;236
36884;236
36947;236
37005;236
37064;236
37129;236
37192;236
37249;236
37304;236
37361;236
37423;236
37480;236
37537;236
37599;236
37657;236
37712;237
37773;237
37836;237
37891;237
37946;237
38001;237
38059;237
38113;237
38167;237
38236;237
38290;237
38346;237
38408;237
38463;237
38529;237
38604;237
38667;237
38736;237
38803;237
38859;237
38916;237
38974;237
39042;237
39104;237
39166;237
39221;237
39275;237
39331;237
39394;237
39450;237
39513;237
39576;237
39631;237
39689;237
39750;237
39807;237
39862;237
39932;237
39990;237
40059;237
40128;237
40186;237
40240;237
40299;237
40363;237
40419;237
40483;237
40553;237
40621;237
40678;237
40732;237
40788;237
40838;237
40900;236
40955;236
41013;236
41072;236
41131;236
41200;236
41264;236
41333;236
41402;236
41457;236
41512;236
41567;236
41625;236
41683;236
41761;236
41824;236
41888;238
41947;238
42014;238
42071;238
42135;238
42195;238
42255;238
42311;238
42384;238
42446;238
42501;238
42565;238
42620;238
42683;238
42741;238
42812;238
42877;238
42931;238
42994;238
43056;238
43118;238
43176;238
43234;238
43297;238
43360;238
43423;238
43480;238
43541;238
43611;238
43666;238
43721;238
43789;238
43844;239
43905;239
43962;239
44017;239
44072;239
44144;239
44200;239
44273;239
44329;239
44393;239
44451;239
44507;239
44565;239
44622;239
44677;239
44735;239
44794;239
44861;239
44924;239
44980;239
45038;238
45093;238
45149;238
45206;238
45275;238
45332;238
45389;238
45452;238
45514;238
45570;238
45625;238
45682;238
45739;238
45798;238
45853;238
45922;238
45978;238
46045;238
46112;238
46169;238
46224;238
46281;238
46336;238
46392;238
46449;238
46500;238
46573;238
46628;238
46683;238
46746;238
46800;238
46863;238
46929;238
46992;238
47050;238
47114;238
47169;238
47223;238
47286;238
47342;238
47405;238
47459;238
47522;238
47581;238
47651;238
47709;238
47776;237
47842;237
47905;237
47959;237
48022;237
48082;237
48138;237
48195;236
48258;236
48313;236
48382;236
48445;236
48509;236
48563;236
48620;236
48690;236
48747;236
48810;236
48866;236
48925;236
48983;236
49040;236
49105;236
49160;236
49219;236
49282;236
49343;236
49399;236
49465;236
49529;236
49588;236
49644;236
49701;236
49763;236
49818;236
49874;236
49930;236
49984;236
50047;236
50104;236
50166;236
50220;236
50278;236
50344;234
50409;234
50465;234
50519;234
50583;234
50640;234
50702;234
50764;234
50821;234
50881;234
50938;234
50997;234
51055;234
51117;234
51185;234
51247;234
51303;234
51365;234
51420;234
51482;234
51539;234
51594;234
51657;235
51716;235
51773;235
51845;235
51922;235
51990;235
52046;235
52100;235
52155;235
52211;235
52280;235
52348;235
52418;235
52475;235
52543;235
52600;235
52659;235
52727;235
52790;235
52853;235
52907;235
52962;235
53024;235
53079;235
53136;235
53193;235
53255;235
53310;235
53369;235
53426;235
53482;235
53547;235
53605;235
53662;235
53716;235
53784;235
53841;235
53898;235
53971;235
54032;235
54096;235
54153;235
54209;235
54282;235
54344;235
54399;235
54461;235
54518;235
54574;235
54630;235
54684;235
54742;235
54805;235
54862;235
54941;235
54999;235
55057;235
55112;235
55167;235
55222;235
55277;235
55335;235
55392;235
55449;236
55509;236
55575;236
55635;236
55692;236
55747;236
55810;236
55865;236
55921;236
55976;236
56030;236
56097;236
56160;236
56231;236
56294;236
56350;236
56405;236
56459;236
56517;236
56572;236
56639;236
56694;236
56749;236
56808;236
56871;236
56935;236
56995;236
57050;236
57112;236
57167;236
57224;236
57287;236
57351;236
57428;236
57490;236
57581;236
57705;236
57813;236
57923;236
58031;236
58139;236
58249;236
58355;236
58467;236
58573;236
58646;236
58716;236
58785;236
58852;236
58921;236
58997;236
59063;236
59131;236
59194;236
59250;236
59315;236
59375;236
59430;236
59493;236
59549;236
59604;236
59660;236
59715;236
59784;236
59846;236
59901;236
59961;236
60029;236
60087;235
60143;235
60213;235
60269;235
60324;235
60388;235
60443;235
60515;235
60574;235
60634;235
60698;235
60770;235
60828;235
60883;235
60947;235
61005;235
61056;235
61112;235
61178;235
61240;235
61296;235
61360;235
61415;235
61479;235
61539;235
61615;235
61670;235
61728;235
61787;235
61849;235
61916;235
61971;236
62027;236
62096;236
62158;236
62215;236
62281;236
62347;236
62404;236
62472;236
62542;236
62606;236
62669;236
62724;236
62789;236
62910;236
62998;236
63110;236
63199;236
63269;236
63339;236
63405;236
63460;236
63515;236
63574;236
63636;236
63695;236
63762;235
63817;235
63879;235
63948;235
64003;235
64070;235
64130;235
64185;235
64250;235
64315;235
64369;235
64437;235
64494;235
64549;235
64604;235
64659;235
64719;235
64782;235
64839;235
64895;235
64959;235
65028;235
65085;235
65141;235
65198;235
65252;235
65315;235
65370;235
65427;235
65483;235
65539;235
65603;235
65660;235
65733;235
65811;235
65876;235
65934;235
65998;235
66054;235
66110;235
66168;235
66227;235
66291;235
66347;235
66404;235
66465;235
66523;235
66585;235
66650;235
66706;235
66776;235
66832;235
66887;235
66957;235
67014;235
67068;235
67131;235
67194;235
67259;235
67328;235
67392;235
67461;235
67519;235
67577;235
67639;235
67702;235
67762;235
67819;235
67881;235
67948;235
68005;235
68063;235
68128;235
68187;235
68244;235
68302;235
68360;235
68410;235
68464;235
68518;235
68573;235
68630;235
68693;235
68751;235
68810;235
68889;235
68948;235
69018;235
69118;235
69214;235
69268;235
69339;235
69397;235
69452;235
69506;235
69570;235
69628;235
69687;235
69749;235
69803;235
69873;235
69930;235
69986;235
70044;235
70098;235
70163;235
70219;235
70281;235
70349;235
70408;235
70463;235
70518;235
70580;235
70636;235
70691;235
70746;235
70801;235
70862;235
70918;235
70985;235
71038;235
71099;235
71154;235
71211;235
71267;235
71337;235
71400;235
71454;235
71508;235
71567;235
71630;235
71685;235
71742;235
71811;235
71867;235
71929;235
71983;235
72038;235
72095;235
72160;235
72221;235
72283;235
72339;235
72398;235
72454;235
72509;235
72564;235
72620;235
72683;235
72743;235
72799;235
72861;235
72918;235
72980;235
73036;235
73099;235
73162;235
73217;235
73272;235
73327;235
73387;235
73442;235
73499;235
73561;235
73618;235
73672;235
73742;235
73797;235
73854;235
73912;235
73971;235
74053;235
74150;235
74225;235
74291;235
74356;235
74424;235
74478;235
74533;235
74588;236
74654;236
74710;236
74774;236
74837;236
74894;236
74955;236
75010;236
75067;236
75123;236
75180;236
75246;236
75309;236
75364;236
75422;236
75484;236
75539;236
75610;236
75672;236
75726;236
75788;236
75850;236
75912;236
75967;236
76025;235
76095;235
76156;235
76223;235
76277;235
76328;235
76382;235
76437;235
76492;235
76546;235
76602;235
76673;235
76733;235
76789;235
76850;235
76905;235
76970;235
77027;235
77081;235
77137;235
77200;235
77256;235
77311;235
77373;235
77430;235
77488;235
77545;235
77601;235
77668;235
77725;235
77782;235
77847;235
77905;235
77964;234
78035;234
78100;234
78156;234
78211;234
78273;234
78335;234
78390;234
78452;234
78512;234
78571;234
78635;234
78693;234
78768;234
78829;234
78892;234
78947;234
79001;234
79063;234
79125;234
79180;234
79235;234
79313;234
79371;234
79443;234
79509;234
79582;234
79660;234
79715;234
79774;234
79831;234
79886;234
79941;234
79997;234
80063;234
80127;234
80189;234
80246;234
80305;234
80361;234
80419;234
80498;234
80552;234
80617;234
80675;234
80732;234
80795;234
80849;234
80907;234
80966;234
81022;234
81078;234
81136;234
81192;234
81252;234
81316;234
81388;234
81468;234
81557;234
81626;234
81683;234
81739;234
81796;234
81858;234
81915;234
81969;234
82036;234
82092;234
82148;234
82207;234
82265;234
82329;234
82388;234
82461;234
82531;234
82586;234
82650;234
82704;234
82762;234
82816;234
82873;234
82929;234
82984;234
83040;234
83117;234
83184;234
83240;234
83297;234
83357;234
83423;234
83480;234
83541;234
83610;234
83687;234
