231;235
391;235
478;235
566;235
671;235
770;235
842;235
920;235
1020;235
1112;235
1183;235
1260;235
1338;235
1449;236
1545;236
1642;236
1736;236
1803;236
1868;236
1933;236
1998;236
2076;236
2155;236
2242;236
2324;236
2388;236
2456;236
2516;236
2577;237
2642;237
2721;237
2787;237
2861;237
2962;237
3058;237
3145;237
3233;237
3320;237
3405;237
3493;237
3589;237
3650;237
3717;237
3797;237
3855;237
3915;237
3975;237
4044;237
4107;237
4178;237
4241;237
4318;237
4387;237
4456;237
4517;237
4585;237
4679;237
4743;237
4802;237
4861;237
4928;237
4992;237
5054;237
5118;237
5188;237
5266;237
5353;237
5417;237
5484;237
5560;237
5632;237
5697;237
5760;237
5854;237
5941;237
6027;237
6112;237
6186;237
6244;237
6303;237
6362;237
6421;237
6483;237
6556;237
6617;237
6710;237
6790;237
6871;237
6931;237
7000;237
7073;237
7134;237
7196;237
7259;237
7321;237
7397;237
7458;237
7518;237
7588;237
7649;237
7711;237
7773;237
7841;237
7913;237
7974;237
8051;237
8115;237
8177;237
8237;237
8298;237
8391;240
8460;240
8536;240
8598;240
8674;239
8764;239
8827;239
8895;239
8956;239
9021;239
9083;239
9143;239
9220;239
9282;239
9346;239
9432;239
9495;239
9563;239
9637;239
9698;239
9758;239
9828;239
9896;239
9966;239
10039;239
10100;239
10168;239
10230;239
10319;239
10377;239
10439;239
10498;239
10556;239
10624;239
10685;239
10760;239
10824;239
10885;239
10945;239
11013;239
11086;239
11150;239
11219;239
11282;239
11343;239
11403;239
11469;239
11539;239
11606;239
11672;239
11740;239
11798;239
11860;239
11945;239
12008;239
12072;239
12131;239
12192;239
12252;239
12312;239
12376;239
12438;239
12514;239
12576;239
12640;239
12714;239
12774;239
12848;239
12906;239
12966;240
13035;240
13104;240
13181;240
13244;240
13313;240
13374;240
13435;240
13495;240
13555;240
13615;240
13677;240
13754;244
13828;244
13887;244
13946;244
14004;244
14064;244
14125;244
14189;244
14258;244
14332;244
14401;244
14464;244
14535;244
14597;244
14661;244
14725;244
14787;244
14854;244
14921;244
14988;245
15054;245
15114;244
15181;241
15243;241
15306;241
15368;240
15429;238
15492;238
15552;238
15621;238
15683;238
15743;238
15803;238
15869;238
15944;238
16010;238
16074;238
16156;238
16219;238
16279;238
16340;238
16403;237
16464;237
16526;237
16586;237
16649;237
16720;237
16790;237
16865;237
16930;237
17004;237
17062;237
17122;237
17179;237
17237;237
17295;237
17356;237
17438;237
17504;237
17581;237
17644;237
17711;237
17773;236
17838;236
17898;236
17957;236
18016;236
18076;236
18138;236
18206;236
18269;236
18329;236
18402;236
18464;236
18524;236
18592;236
18657;236
18715;236
18776;236
18845;236
18903;236
18970;236
19043;236
19118;236
19182;236
19242;236
19301;236
19364;235
19448;235
19527;239
19588;239
19654;236
19712;236
19773;236
19834;236
19902;236
19970;236
20043;236
20104;236
20181;236
20248;236
20317;236
20374;236
20434;236
20492;236
20552;236
20613;236
20676;236
20738;236
20799;236
20867;236
20926;236
20988;236
21059;236
21117;236
21175;236
21241;236
21307;236
21367;236
21441;236
21501;236
21568;236
21642;236
21710;236
21788;236
21843;236
21908;236
21980;236
22061;236
22119;236
22180;236
22244;236
22311;236
22370;236
22437;234
22497;234
22558;234
22626;234
22685;234
22767;234
22825;234
22883;234
22941;235
23003;235
23064;235
23136;235
23203;235
23271;235
23338;235
23420;235
23482;235
23542;235
23604;235
23669;235
23729;235
23790;235
23847;235
23905;235
23964;235
24024;235
24086;235
24147;234
24207;235
24274;235
24334;235
24410;240
24475;240
24540;240
24598;240
24668;240
24729;240
24792;240
24852;240
24912;240
24980;240
25048;240
25116;240
25175;240
25239;240
25310;240
25370;240
25436;240
25495;240
25552;240
25614;240
25675;240
25737;240
25800;240
25867;240
25930;240
25990;240
26059;240
26127;242
26189;242
26248;240
26307;240
26373;240
26433;240
26494;240
26561;241
26626;241
26686;241
26749;241
26839;241
26897;241
26954;241
27013;241
27071;241
27137;241
27204;241
27266;241
27326;241
27386;241
27447;241
27507;241
27580;241
27637;241
27694;241
27751;241
27811;241
27872;241
27931;241
27996;241
28056;241
28143;241
28210;241
28268;241
28343;241
28404;241
28461;241
28522;241
28583;241
28644;241
28706;241
28783;241
28843;241
28903;239
28960;239
29029;239
29086;239
29168;239
29232;239
29298;239
29366;239
29445;239
29502;239
29567;239
29626;239
29705;239
29764;239
29824;239
29908;239
29971;239
30042;239
30104;239
30162;239
30224;239
30316;239
30407;239
30482;239
30542;239
30610;239
30674;239
30734;239
30791;239
30854;239
30911;239
30971;239
31039;239
31098;239
31164;239
31220;239
31279;239
31340;239
31402;239
31467;239
31533;239
31600;239
31672;239
31736;239
31805;239
31870;239
31935;239
31996;239
32055;239
32113;238
32181;238
32247;238
32320;238
32383;238
32443;238
32502;238
32559;238
32616;238
32677;238
32736;238
32798;238
32861;238
32924;238
32989;238
33053;238
33117;238
33174;238
33231;238
33291;238
33362;238
33428;238
33495;238
33554;238
33616;238
33674;238
33736;238
33793;238
33853;238
33910;238
33993;238
34057;238
34114;238
34171;238
34228;238
34285;238
34367;237
34428;237
34492;237
34559;237
34634;237
34695;237
34761;237
34821;237
34885;237
34948;237
35006;237
35079;237
35136;237
35200;237
35272;237
35337;237
35404;237
35464;237
35522;237
35581;237
35639;237
35697;237
35765;237
35825;237
35885;237
35944;237
36006;237
36063;237
36129;237
36188;237
36247;237
36308;237
36375;237
36432;237
36494;237
36555;237
36623;237
36687;237
36747;237
36818;237
36886;237
36947;237
37037;237
37133;237
37210;237
37293;237
37384;237
37458;237
37524;237
37585;237
37643;237
37704;237
37775;237
37833;237
37896;237
37956;237
38027;237
38089;237
38149;237
38219;237
38282;237
38348;237
38405;237
38470;237
38530;236
38590;236
38650;236
38709;236
38775;236
38843;236
38908;236
38976;236
39034;236
39106;236
39166;236
39223;236
39282;236
39356;236
39422;236
39480;236
39551;236
39618;236
39693;236
39761;236
39881;236
39941;236
40015;236
40075;236
40136;236
40198;236
40267;236
40325;236
40406;236
40466;236
40529;236
40589;236
40653;236
40710;236
40768;236
40828;236
40905;236
40971;236
41036;236
41096;236
41153;236
41210;236
41276;236
41346;236
41421;236
41480;236
41543;236
41614;236
41678;236
41735;236
41805;236
41875;236
41933;236
42017;236
42085;236
42170;236
42231;236
42294;236
42351;236
42412;236
42470;236
42530;236
42588;236
42655;236
42716;236
42783;236
42841;236
42927;236
42985;236
43048;236
43121;236
43183;236
43254;236
43325;236
43385;236
43442;236
43514;236
43575;236
43635;236
43712;236
43773;236
43841;236
43899;236
43973;236
44055;236
44112;236
44183;236
44245;236
44303;236
44362;236
44424;236
44487;236
44547;236
44619;235
44680;235
44740;235
44805;235
44871;235
44932;235
45016;235
45078;235
45138;235
45207;235
45266;235
45332;235
45406;235
45463;235
45522;235
45592;235
45658;235
45719;235
45789;235
45847;235
45914;235
45975;235
46038;235
46097;235
46158;235
46224;235
46284;235
46358;235
46415;235
46488;235
46551;235
46610;235
46675;235
46752;235
46815;235
46886;235
46968;235
47029;235
47092;235
47172;235
47229;235
47285;235
47342;235
47400;235
47461;235
47523;235
47585;235
47651;235
47709;236
47776;236
47849;236
47912;236
47971;236
48029;236
48093;236
48150;236
48212;236
48291;236
48351;236
48410;236
48477;236
48538;236
48604;236
48673;236
48730;236
48791;236
48848;236
48922;236
48997;236
49060;236
49119;236
49180;236
49247;236
49314;236
49376;236
49441;236
49500;236
49561;236
49620;236
49686;236
49748;236
49833;236
49894;236
49969;236
50030;236
50100;236
50160;236
50234;236
50299;236
50357;236
50415;236
50478;236
50536;236
50604;236
50670;236
50734;236
50795;236
50864;236
50952;236
51019;236
51090;236
51149;236
51222;236
51282;236
51367;235
51432;235
51490;235
51546;235
51605;235
51676;235
51742;235
51810;235
51878;235
51937;235
52004;235
52062;235
52134;235
52202;235
52274;235
52340;235
52409;235
52469;235
52529;235
52594;235
52655;235
52714;235
52773;235
52833;235
52908;235
52981;235
53042;235
53104;235
53170;235
53230;235
53298;235
53355;235
53416;235
53475;235
53533;235
53600;235
53671;235
53730;235
53798;235
53863;235
53923;235
53985;235
54047;235
54106;236
54187;236
54245;236
54307;236
54376;236
54443;236
54502;236
54561;236
54629;236
54687;236
54748;236
54816;236
54882;236
54943;236
55004;236
55064;236
55126;236
55184;236
55256;236
55313;236
55373;236
55430;236
55486;236
55545;236
55605;236
55667;235
55729;235
55796;235
55854;235
55927;235
55988;235
56054;235
56111;235
56176;235
56240;235
56307;235
56386;235
56454;235
56513;235
56572;235
56642;235
56708;235
56773;235
56838;235
56896;235
56963;235
57024;235
57085;235
57145;235
57205;235
57264;235
57324;235
57386;235
57474;235
57543;235
57603;235
57660;235
57717;235
57777;235
57844;235
57903;235
57965;235
58025;235
58083;235
58141;235
58203;235
58270;235
58354;235
58412;235
58481;235
58538;235
58599;235
58660;235
58722;235
58783;235
58843;235
58902;235
58990;236
59070;236
59141;236
59211;236
59303;236
59394;236
59459;236
59532;236
59596;236
59661;236
59718;236
59785;236
59843;236
59905;236
59966;236
60033;236
60092;236
60153;236
60221;236
60280;236
60348;236
60414;236
60481;236
60539;236
60602;236
60660;236
60722;236
60783;236
60858;236
60917;236
60988;236
61064;236
61123;236
61181;236
61244;236
61318;236
61377;235
61445;235
61529;235
61611;234
61704;235
61776;235
61844;235
61902;236
61958;236
62019;236
62079;236
62141;236
62209;236
62268;236
62326;236
62392;236
62453;236
62519;236
62585;236
62645;236
62703;236
62777;236
62847;236
62927;236
62990;236
63051;236
63111;236
63168;236
63228;236
63286;236
63349;236
63421;236
63487;236
63547;236
63606;236
63667;236
63729;236
63787;236
63845;236
63916;236
63983;236
64042;236
64114;236
64232;236
64297;236
64354;236
64413;236
64470;236
64530;236
64588;236
64657;236
64723;236
64784;236
64842;236
64916;236
64977;236
65039;236
65120;236
65196;236
65270;236
65328;236
65395;236
65453;236
65520;236
65589;236
65653;236
65710;236
65767;236
65824;236
65884;236
65945;236
66012;236
66094;236
66168;236
66227;236
66302;236
66361;236
66420;236
66494;236
66554;236
66613;236
66675;236
66736;236
66796;236
66857;236
66918;236
66980;236
67045;236
67105;236
67164;236
67224;236
67285;236
67354;236
67429;236
67489;236
67549;236
67625;239
67694;239
67755;239
67825;239
67883;239
67943;239
68016;239
68076;239
68149;239
68206;239
68267;239
68332;239
68396;239
68465;239
68527;239
68592;239
68663;239
68724;239
68782;239
68849;239
68915;239
68974;239
69037;239
69098;239
69157;239
69216;239
69277;237
69349;236
69408;236
69468;236
69526;236
69583;236
69647;236
69714;236
69780;236
69842;236
69899;236
69957;236
70029;236
70089;236
70150;236
70212;236
70275;236
70334;236
70396;236
70463;236
70522;236
70595;236
70676;236
70734;236
70790;236
70849;236
70908;236
70967;236
71041;236
71104;236
71164;236
71223;236
71284;236
71352;236
71410;236
71468;236
71538;236
71599;236
71656;236
71713;236
71772;236
71830;236
71893;236
71951;236
72013;236
72078;236
72151;236
72209;236
72277;236
72348;236
72415;236
72481;236
72570;236
72625;236
72682;236
72750;236
72808;236
72867;236
72932;236
72994;236
73063;236
73124;236
73182;236
73242;236
73301;236
73359;236
73420;236
73480;236
73599;236
73664;236
73720;236
73778;236
73835;236
73914;236
73981;236
74047;236
74104;236
74164;236
74224;236
74308;236
74369;236
74442;236
74516;236
74577;235
74638;235
74697;235
74753;235
74826;235
74885;235
74945;235
75005;235
75075;235
75136;235
75203;235
75265;235
75336;235
75429;235
75502;235
75561;235
75622;235
75679;235
75736;235
75794;235
75853;235
75916;235
75977;235
76035;235
76094;235
76151;235
76222;237
76291;237
76347;237
76404;237
76464;237
76523;237
76588;237
76647;237
76714;237
76773;237
76846;237
76918;237
76977;237
77035;237
77109;237
77165;237
77224;236
77281;236
77350;236
77411;236
77470;236
77529;236
77595;236
77655;236
77713;236
77771;236
77851;236
77905;236
77965;236
78023;236
78080;236
78149;236
78217;236
78279;236
78339;236
78405;236
78466;236
78537;236
78602;236
78660;236
78719;236
78776;236
78833;236
78893;236
78957;236
79018;236
79078;236
79140;236
79210;236
79276;236
79332;236
79389;236
79453;236
79512;236
79582;236
79650;236
79709;236
79775;236
79837;236
79895;236
79961;236
80020;236
80084;236
80139;236
80214;236
80279;236
80345;236
80408;236
80478;236
80539;236
80605;236
80664;236
80734;236
80793;236
80857;236
80927;236
80985;236
81052;236
81114;236
81173;236
81238;236
81297;236
81355;236
81411;236
81470;236
81531;236
81588;236
81663;236
81721;236
81784;236
81840;236
81904;236
81961;236
82019;236
82079;236
82138;236
82209;236
82277;236
82349;236
82409;236
82466;236
82522;236
82579;236
82640;236
82700;236
82759;236
82817;236
82879;236
82935;236
82992;236
83059;236
83119;236
83181;236
83242;235
83301;235
83365;235
83422;235
83478;235
83545;235
83602;236
83662;236
83721;236
83791;236
83862;236
83918;236
83988;236
84045;236
84102;236
84163;236
84226;236
84289;236
84346;236
84403;236
84459;236
84523;236
84580;236
84645;236
84720;236
84779;236
84836;236
84893;236
84957;236
85022;236
85085;236
85152;236
85212;236
85269;236
85326;236
85391;236
85451;236
85515;236
85572;236
85629;236
85689;236
85749;236
85814;235
85881;235
85940;235
86012;235
86069;235
86129;235
86212;235
86270;235
86329;235
86388;235
86464;235
86525;235
86604;235
86662;235
86718;235
86777;235
86837;235
86895;235
86960;235
87021;235
87095;235
87164;235
87226;235
87294;235
87350;235
87406;235
87464;235
87521;235
87582;235
87655;235
87720;235
87774;235
87835;235
87893;235
87954;235
88015;235
88075;235
88139;235
88207;235
88267;235
88336;235
88396;235
88461;235
88523;235
88588;235
88649;235
88707;235
88765;235
88824;235
88882;235
88946;235
89004;235
89073;235
89141;235
89201;235
89259;235
89332;235
89393;235
89459;235
89520;235
89587;235
89646;235
89710;235
89771;235
89833;235
89894;235
89952;235
90011;235
90102;235
90159;235
90230;235
90348;235
90455;235
90513;235
90573;235
90639;235
90699;235
90771;235
90830;235
90912;235
90978;235
91036;235
91095;235
91195;235
91266;235
91348;235
91435;235
91514;235
91588;235
91649;235
91707;235
91779;235
91840;235
91898;235
91970;235
92033;235
92091;235
92153;235
92214;235
92273;235
92333;235
92395;235
92452;235
92510;235
92576;235
92648;235
92721;235
92782;235
92852;235
92909;235
92965;235
93025;235
93099;235
93163;235
93236;235
93303;235
93370;235
93428;235
93486;235
93544;235
93604;235
93663;235
93733;235
93792;235
93855;235
93945;235
94025;235
94081;235
94138;235
94198;235
94259;235
94319;235
94387;235
94454;235
94516;235
94576;235
94647;235
94705;235
94763;235
94820;235
94878;235
94939;235
95000;235
95061;235
95119;235
95183;235
95243;235
95304;235
95362;235
95421;235
95486;235
95542;235
95603;235
95668;235
95727;235
95786;235
95848;235
95902;235
95960;235
96018;235
96077;235
96135;235
96196;235
96259;235
96333;235
96393;235
96453;235
96521;235
96577;235
96634;235
96692;235
96749;235
96807;235
96869;235
96927;235
97014;235
97115;235
97182;235
97284;235
97377;235
97436;235
97493;235
97567;235
97624;235
97684;235
97744;235
97807;235
97879;235
97935;235
97993;235
98052;235
98117;235
98179;235
98239;235
98298;235
98366;235
98424;235
98482;235
98540;235
98611;235
98671;235
98737;235
98810;235
98868;235
98949;235
99009;235
99073;235
99133;235
99208;235
99284;235
99345;235
99406;235
99474;235
99535;235
99600;235
99662;235
99720;235
99781;235
99840;235
99921;235
99979;235
100039;235
100109;235
100173;233
100230;233
100290;233
100348;233
100408;233
100468;233
100522;233
100580;233
100639;233
100696;233
100754;233
100820;233
100877;233
100936;233
101005;233
101065;233
101133;233
101198;233
101286;233
101343;233
101402;233
101460;233
101518;233
101574;233
101631;233
101692;233
101762;233
101819;233
101893;233
101965;233
102025;233
102084;233
102156;233
102213;233
102276;233
102334;233
102401;233
102473;233
102554;233
102613;233
102695;233
102765;233
102823;233
102888;233
102953;233
103009;233
103068;233
103140;233
103200;233
103287;233
103346;233
103405;233
103467;233
103530;233
103593;233
103651;233
103716;233
103776;233
103845;233
103914;233
103971;233
104035;233
104104;233
104169;233
104229;233
104299;233
104370;233
104435;233
104494;233
104554;233
104628;233
104705;233
104768;233
104826;233
104885;233
104942;233
105008;233
105079;233
105137;233
105205;233
105308;233
105368;233
105426;233
105484;233
105545;233
105606;233
105671;233
105737;233
105797;233
105853;233
105911;233
105969;233
106031;233
106090;233
106148;233
106214;233
106277;233
106349;233
106414;233
106470;233
106531;233
106602;233
106660;233
106733;233
106805;233
106866;233
106924;233
106984;233
107045;233
107107;233
107176;233
107244;233
107325;233
107390;233
107451;233
107511;233
107572;233
107630;233
107687;233
107747;233
107808;233
107888;233
107944;233
108000;233
108057;233
