176;261
256;261
311;261
376;261
458;261
529;261
571;261
615;261
665;261
734;261
788;261
859;261
906;261
953;261
992;261
1041;261
1092;261
1137;261
1189;261
1226;261
1262;261
1303;261
1349;261
1410;261
1458;261
1506;261
1556;261
1612;261
1667;261
1722;261
1780;261
1837;261
1897;264
1947;264
1987;264
2028;264
2067;264
2104;264
2143;264
2181;264
2219;264
2262;264
2314;264
2351;264
2389;264
2428;264
2466;264
2519;264
2565;264
2603;264
2641;266
2681;266
2719;266
2773;266
2814;266
2852;266
2886;266
2919;266
2955;266
2989;266
3024;266
3059;266
3099;266
3151;266
3200;266
3248;266
3311;266
3362;266
3417;266
3470;266
3522;266
3574;266
3627;266
3679;266
3733;266
3785;266
3832;266
3864;266
3898;266
3946;266
3978;266
4012;266
4050;266
4085;266
4122;264
4165;264
4203;264
4237;264
4274;264
4306;264
4339;264
4372;264
4407;264
4442;264
4474;265
4519;265
4553;265
4585;264
4626;264
4660;264
4693;264
4725;264
4762;264
4793;264
4830;264
4871;264
4904;264
4937;264
4981;264
5015;264
5051;264
5086;264
5122;264
5155;264
5190;264
5226;264
5267;264
5303;264
5339;264
5373;264
5405;264
5442;263
5474;263
5510;263
5548;263
5583;263
5620;264
5656;264
5693;264
5725;264
5758;264
5792;264
5826;264
5858;264
5906;264
5953;264
6000;264
6048;264
6096;264
6143;264
6190;264
6236;264
6284;264
6317;264
6356;264
6393;264
6434;264
6471;264
6511;264
6544;264
6577;264
6620;264
6653;264
6687;264
6721;264
6753;264
6786;264
6824;264
6855;264
6890;264
6924;264
6957;264
6998;264
7034;264
7070;264
7106;264
7139;264
7173;264
7206;264
7239;264
7272;264
7305;264
7348;264
7383;264
7418;264
7463;264
7499;264
7540;264
7574;264
7622;264
7657;264
7690;264
7722;264
7754;264
7794;264
7828;264
7860;264
7893;264
7926;264
7964;264
7995;264
8030;264
8069;264
8107;264
8143;264
8176;264
8209;264
8244;264
8278;264
8312;264
8347;264
8383;264
8416;264
8455;264
8491;264
8539;264
8577;264
8609;264
8650;264
8682;264
8715;264
8748;264
8780;264
8812;264
8844;264
8885;264
8918;264
8958;264
8992;264
9025;264
9059;264
9094;264
9127;264
9161;264
9193;264
9234;264
9267;264
9298;264
9330;264
9364;264
9400;264
9436;264
9477;264
9510;265
9549;265
9583;265
9624;265
9657;265
9691;265
9728;265
9762;265
9798;265
9830;265
9863;265
9895;265
9928;265
9963;265
10003;265
10048;265
10086;265
10122;265
10159;265
10203;265
10233;265
10269;265
10302;265
10337;265
10371;265
10404;265
10439;265
10471;265
10505;265
10537;265
10570;265
10609;265
10643;265
10696;265
10731;265
10762;265
10804;265
10836;265
10877;265
10910;265
10944;265
10977;265
11010;265
11042;265
11081;264
11115;264
11151;264
11185;264
11219;264
11251;264
11285;264
11317;264
11351;264
11414;264
11450;264
11481;264
11514;264
11547;264
11582;264
11615;264
11648;264
11680;264
11712;264
11746;264
11779;263
11810;263
11843;263
11875;263
11909;263
11942;263
11974;263
12008;263
12044;263
12082;263
12119;263
12151;263
12182;263
12215;263
12248;263
12282;263
12314;263
12345;263
12382;263
12415;263
12453;263
12486;263
12531;263
12565;263
12598;263
12634;263
12666;263
12703;263
12741;263
12774;263
12808;263
12848;263
12881;263
12913;263
12946;268
12978;268
13015;268
13048;268
13085;268
13117;268
13149;268
13186;268
13226;268
13267;268
13300;268
13334;268
13366;268
13417;268
13459;267
13491;267
13531;267
13562;267
13595;267
13633;267
13669;267
13707;267
13742;267
13775;267
13823;267
13859;267
13891;267
13929;264
13962;264
13995;264
14028;261
14061;261
14094;261
14126;261
14168;261
14202;261
14235;261
14270;261
14302;261
14334;261
14366;261
14402;261
14435;261
14468;261
14499;261
14532;261
14565;261
14599;261
14636;261
14669;261
14711;261
14753;266
14791;266
14828;266
14876;266
14910;266
14941;266
14982;266
15015;266
15047;266
15088;266
15122;266
15155;266
15191;266
15223;266
15257;266
15290;266
15327;266
15359;266
15397;266
15435;266
15468;266
15504;269
15536;269
15569;269
15600;269
15640;269
15676;269
15708;269
15742;269
15775;269
15808;269
15841;269
15873;269
15906;269
15939;269
15972;266
16005;266
16047;266
16082;266
16116;266
16149;266
16183;266
16220;266
16270;266
16311;266
16351;263
16384;263
16421;263
16454;263
16491;263
16526;266
16560;266
16595;266
16628;266
16661;266
16702;266
16739;266
16770;266
16801;266
16837;266
16870;266
16904;266
16935;266
16967;266
17000;266
17034;266
17069;264
17100;264
17141;264
17171;264
17209;264
17242;264
17281;262
17321;259
17354;259
17389;259
17423;259
17465;259
17495;259
17526;259
17558;259
17589;259
17624;259
17656;259
17689;259
17726;259
17758;259
17789;259
17821;261
17854;261
17890;261
17923;261
17956;261
17988;261
18025;261
18058;261
18095;261
18127;261
18159;261
18190;261
18230;261
18265;261
18300;261
18332;261
18364;261
18395;261
18430;261
18462;261
18494;261
18527;261
18558;261
18590;261
18623;261
18656;261
18688;261
18720;261
18754;261
18790;261
18824;261
18858;261
18890;261
18922;261
18958;261
18994;261
19026;261
19063;261
19096;261
19129;261
19163;261
19197;261
19230;261
19265;261
19298;262
19329;262
19365;263
19399;263
19445;263
19479;263
19516;263
19550;263
19587;263
19620;263
19658;263
19689;263
19728;263
19765;263
19806;263
19849;263
19881;263
19913;263
19946;263
19977;263
20009;263
20047;263
20081;263
20123;263
20157;263
20190;263
20223;263
20260;263
20295;263
20329;263
20364;263
20398;263
20434;263
20466;263
20498;263
20534;263
20570;263
20604;263
20636;263
20667;263
20702;263
20734;263
20769;263
20799;263
20834;263
20870;263
20903;263
20936;263
20970;263
21003;263
21036;263
21068;263
21100;263
21140;263
21185;263
21222;263
21256;263
21291;263
21323;263
21357;263
21395;263
21437;263
21478;263
21516;263
21552;263
21586;263
21624;263
21657;263
21689;263
21727;263
21762;263
21795;263
21830;263
21867;263
21901;263
21933;263
21967;263
22006;263
22041;263
22074;263
22107;263
22146;263
22194;263
22237;263
22273;263
22306;263
22337;263
22368;263
22405;263
22438;263
22480;263
22513;263
22553;263
22591;263
22631;263
22661;263
22696;263
22728;263
22761;263
22794;263
22827;263
22864;263
22901;263
22934;263
22966;263
23001;263
23033;263
23066;263
23104;263
23142;263
23175;262
23208;262
23247;262
23280;262
23315;262
23354;262
23387;262
23424;262
23459;262
23491;262
23531;262
23564;262
23595;262
23629;262
23664;262
23696;262
23730;262
23767;262
23798;262
23832;262
23866;262
23899;262
23931;262
23961;262
23996;262
24036;262
24068;262
24105;262
24141;262
24174;262
24211;262
24247;262
24280;262
24313;262
24346;262
24379;262
24410;262
24441;262
24477;262
24509;262
24541;262
24573;262
24605;262
24641;262
24672;262
24704;262
24741;262
24772;262
24804;262
24836;262
24875;262
24907;262
24945;262
24981;262
25021;262
25052;262
25085;262
25138;262
25171;262
25208;262
25239;262
25279;262
25311;262
25346;262
25379;262
25416;262
25449;262
25482;262
25515;262
25547;262
25580;262
25613;262
25652;262
25684;262
25716;262
25748;262
25780;262
25817;262
25851;262
25886;262
25921;262
25955;262
25987;262
26019;262
26059;262
26103;262
26160;262
26214;262
26244;262
26276;262
26311;262
26343;262
26376;262
26410;262
26445;262
26476;262
26508;262
26545;259
26578;259
26609;259
26641;259
26673;259
26705;259
26740;259
26776;259
26814;259
26850;259
26880;259
26914;259
26947;259
26978;259
27014;259
27050;259
27084;259
27121;259
27155;259
27187;259
27219;259
27254;259
27289;259
27320;259
27356;259
27388;258
27419;258
27454;258
27489;258
27530;258
27564;258
27596;258
27628;258
27667;258
27706;258
27741;258
27776;258
27809;258
27848;258
27884;258
27920;258
27959;258
27994;258
28030;259
28067;259
28098;259
28134;259
28172;259
28208;259
28243;259
28275;259
28319;259
28353;259
28390;259
28424;259
28458;259
28489;259
28521;259
28556;259
28590;259
28620;259
28652;259
28683;259
28715;259
28748;259
28788;259
28824;259
28856;259
28896;259
28931;259
28964;259
28996;257
29038;257
29075;257
29109;257
29154;257
29186;257
29229;257
29262;257
29298;257
29328;257
29361;257
29393;257
29437;257
29487;257
29539;257
29571;257
29612;257
29643;257
29678;257
29710;257
29745;257
29780;257
29812;257
29845;257
29883;257
29916;257
29950;257
29993;257
30029;257
30061;257
30094;257
30135;257
30169;257
30201;257
30233;257
30264;257
30300;257
30333;257
30366;257
30402;257
30438;257
30472;257
30509;257
30542;257
30576;257
30613;257
30645;257
30677;257
30712;257
30744;257
30778;257
30816;257
30852;257
30888;257
30926;257
30966;257
31002;257
31035;257
31071;257
31120;257
31172;257
31213;261
31246;261
31286;261
31322;261
31358;261
31391;261
31427;261
31462;261
31514;261
31558;261
31590;261
31628;261
31661;261
31694;261
31726;261
31758;261
31796;261
31830;261
31867;264
31899;264
31930;264
31966;264
32004;264
32036;264
32070;264
32104;264
32135;264
32167;264
32200;264
32238;264
32273;264
32307;264
32349;264
32382;264
32414;264
32448;264
32482;264
32520;264
32559;264
32592;264
32632;264
32672;264
32714;264
32750;264
32782;264
32820;261
32857;261
32894;261
32927;260
32960;260
32996;260
33030;260
33075;260
33115;260
33146;260
33178;260
33211;260
33250;260
33284;260
33323;260
33356;260
33395;260
33427;260
33463;260
33502;260
33559;260
33596;260
33629;260
33669;260
33700;260
33732;260
33764;260
33810;260
33842;260
33873;260
33913;260
33945;260
33985;260
34014;260
34046;260
34081;260
34119;260
34163;260
34195;260
34232;260
34269;260
34302;260
34335;260
34367;260
34400;260
34436;260
34469;260
34505;260
34541;260
34577;260
34611;260
34643;260
34675;260
34712;260
34746;260
34783;260
34814;260
34846;260
34877;260
34907;260
34938;260
34974;260
35016;260
35047;260
35079;260
35112;260
35144;260
35181;260
35213;259
35263;259
35298;259
35332;259
35364;259
35397;259
35436;259
35474;259
35510;259
35567;259
35603;259
35639;259
35671;259
35704;259
35736;259
35769;259
35803;259
35835;259
35878;259
35910;259
35945;259
35980;258
36013;258
36049;258
36081;258
36112;258
36145;258
36181;258
36219;258
36252;258
36289;258
36326;258
36363;258
36397;258
36427;258
36460;258
36492;258
36524;258
36556;258
36589;258
36621;258
36658;258
36691;258
36728;258
36760;258
36792;256
36825;256
36858;257
36890;257
36921;256
36956;256
36988;256
37021;256
37054;256
37089;256
37126;256
37160;256
37196;256
37229;256
37262;256
37295;256
37324;256
37360;256
37395;256
37428;256
37460;256
37493;256
37542;256
37595;256
37627;256
37662;256
37696;256
37728;256
37763;256
37796;256
37833;256
37865;256
37896;256
37935;256
37966;256
38000;256
38037;256
38070;256
38105;256
38137;256
38169;256
38206;256
38248;256
38286;256
38324;256
38360;256
38392;256
38423;256
38456;256
38492;256
38525;256
38561;256
38597;256
38628;256
38663;256
38696;256
38734;256
38771;256
38803;256
38834;257
38866;257
38898;257
38929;257
38970;257
39002;257
39033;257
39069;257
39101;257
39140;257
39176;257
39211;257
39244;257
39277;257
39310;257
39342;257
39375;257
39413;257
39449;257
39485;257
39517;257
39561;257
39616;257
39648;257
39678;257
39711;257
39742;257
39776;257
39807;257
39839;257
39877;257
39913;257
39950;257
39983;257
40016;257
40048;257
40081;257
40114;257
40151;257
40188;257
40230;257
40261;257
40293;257
40325;257
40357;257
40390;257
40423;257
40454;262
40486;262
40522;262
40554;262
40587;262
40619;262
40654;262
40687;262
40730;262
40760;262
40795;262
40829;262
40860;262
40898;262
40932;262
40965;262
40996;262
41032;262
41064;262
41096;262
41134;262
41167;262
41199;262
41230;262
41272;262
41304;262
41336;262
41369;262
41401;262
41435;262
41468;262
41503;262
41536;262
41570;262
41607;262
41651;262
41683;262
41716;262
41753;262
41788;262
41821;262
41857;262
41890;262
41926;262
41960;262
41993;262
42027;262
42062;262
42095;262
42127;262
42159;262
42199;262
42232;262
42268;262
42301;262
42334;262
42369;262
42401;262
42433;257
42467;257
42502;257
42539;257
42576;258
42607;258
42640;258
42674;258
42713;258
42750;258
42786;258
42820;258
42852;258
42888;258
42926;258
42960;258
42994;258
43026;258
43061;258
43100;258
43135;258
43169;258
43201;258
43234;258
43286;258
43319;258
43350;258
43381;258
43417;258
43461;258
43495;258
43535;258
43583;258
43637;258
43669;258
43701;258
43736;258
43771;258
43803;258
43838;258
43877;258
43910;258
43945;258
43978;258
44010;258
44042;258
44074;258
44107;258
44140;258
44173;258
44209;258
44249;258
44284;258
44318;258
44349;258
44382;258
44415;258
44447;258
44478;258
44514;258
44546;258
44579;258
44615;258
44648;258
44692;258
44724;257
44759;257
44793;257
44840;257
44873;257
44906;257
44941;257
44973;257
45005;257
45037;257
45070;256
45103;256
45139;256
45172;256
45205;256
45250;256
45285;256
45320;256
45353;256
45386;256
45430;256
45466;256
45506;256
45542;256
45575;256
45610;256
45643;256
45679;256
45716;256
45754;256
45785;256
45817;256
45853;256
45885;256
45918;256
45949;256
45986;256
46026;256
46058;256
46090;256
46123;256
46156;256
46194;256
46231;256
46266;256
46299;256
46335;256
46373;256
46409;256
46441;256
46473;256
46505;256
46537;256
46572;256
46608;256
46639;256
46675;256
46710;256
46742;256
46774;256
46803;256
46835;256
46870;256
46899;256
46932;256
46963;256
47002;256
47034;256
47066;256
47104;256
47136;256
47167;256
47199;256
47232;256
47266;256
47299;256
47330;256
47365;256
47409;256
47439;256
47470;256
47503;256
47536;256
47567;256
47617;256
47664;256
47707;256
47739;256
47771;256
47814;256
47844;256
47880;256
47918;256
47949;256
47981;256
48013;256
48047;256
48080;256
48113;256
48145;256
48181;256
48213;256
48248;256
48284;256
48319;256
48364;256
48397;256
48436;256
48468;256
48505;256
48538;256
48569;256
48609;256
48643;256
48676;256
48711;256
48742;256
48776;256
48816;256
48847;256
48882;257
48914;257
48949;257
48981;257
49014;257
49046;257
49079;257
49111;257
49143;257
49177;257
49216;257
49258;257
49296;257
49336;257
49370;257
49402;257
49444;257
49477;257
49511;257
49544;257
49578;257
49615;257
49649;257
49682;257
49714;257
49748;257
49792;257
49825;257
49862;257
49895;257
49927;257
49958;257
49990;257
50021;257
50053;257
50084;257
50121;257
50164;257
50205;257
50244;257
50278;257
50313;257
50352;257
50383;257
50420;257
50465;257
50497;257
50529;257
50561;257
50594;257
50626;257
50658;257
50689;257
50722;257
50754;257
50787;257
50819;257
50851;257
50887;257
50920;257
50955;257
50992;257
51029;257
51061;257
51093;257
51128;257
51160;257
51193;257
51224;257
51256;257
51296;257
51332;257
51364;257
51396;257
51429;257
51460;257
51503;257
51541;257
51573;257
51606;257
51648;257
51695;257
51729;257
51760;257
51795;257
51830;257
51865;257
51901;257
51934;257
51966;257
51999;257
52038;257
52074;257
52106;257
52142;257
52178;257
52209;257
52245;257
52289;257
52322;257
52354;257
52391;257
52423;257
52455;257
52490;257
52530;257
52567;257
52598;257
52630;257
52663;257
52696;257
52732;257
52764;257
52795;257
52828;257
52861;257
52894;257
52925;257
52958;257
52992;257
53033;257
53066;257
53098;257
53130;257
53161;257
53197;257
53230;257
53268;257
53300;257
53331;257
53364;257
53397;257
53428;257
53461;257
53497;257
53528;257
53565;257
53609;257
53658;257
53693;257
53723;257
53756;257
53788;257
53818;257
53852;257
53885;257
53917;257
53953;257
53990;257
54032;257
54068;257
54121;257
54183;257
54240;257
54276;257
54313;257
54366;257
54443;257
54506;257
54567;257
54609;257
54641;257
54674;257
54707;257
54743;257
54776;257
54812;257
54849;257
54882;257
54918;257
54950;257
54985;257
55020;257
55058;257
55095;257
55129;257
55168;257
55200;257
55232;257
55267;257
55313;257
55343;257
55374;257
55406;257
55437;257
55477;257
55513;257
55548;257
55588;257
55624;257
55664;257
55701;257
55733;257
55765;257
55796;257
55835;257
55871;257
55904;257
55937;257
55970;257
56009;257
56041;257
56072;257
56108;257
56140;257
56172;257
56209;257
56246;257
56285;257
56321;257
56357;257
56390;257
56428;257
56464;257
56499;257
56532;257
56564;257
56602;257
56645;257
56683;257
56721;257
56761;257
56793;257
56825;257
56857;257
56889;257
56921;257
56953;257
56989;257
57020;257
57058;257
57093;257
57126;257
57162;257
57200;257
57232;257
57266;257
57302;257
57334;257
57367;257
57403;257
57436;257
57468;257
57502;257
57536;257
57567;257
57603;257
57635;257
57669;257
57705;257
57737;257
57770;257
57806;257
57843;257
57878;257
57912;257
57943;257
57980;257
58017;257
58054;257
58090;257
58127;257
58159;257
58192;257
58223;257
58258;257
58301;257
58334;257
58367;257
58402;257
58436;257
58473;257
58504;256
58548;256
58584;256
58623;256
58656;256
58691;256
58727;256
58766;256
58798;256
58837;256
58873;256
58905;256
58940;256
58973;256
59007;256
59038;256
59069;256
59102;256
59134;256
59178;256
59214;256
59249;256
59281;256
59313;256
59346;256
59378;256
59413;256
59448;256
59481;256
59514;256
59549;256
59585;256
59616;256
59649;256
59684;256
59718;256
