619;291
837;291
1074;291
1480;291
1715;291
1909;291
2275;291
2708;291
2899;291
3147;291
3360;291
3586;291
3797;291
4072;291
4389;291
4655;291
4855;291
5047;291
5238;291
5441;291
5632;291
5832;291
6036;291
6225;291
6417;291
6607;291
6809;291
7078;291
7340;291
7539;291
7805;291
8021;291
8278;291
8594;291
8841;291
9023;291
9231;291
9404;291
9574;291
9747;291
9943;291
10111;291
10277;291
10452;291
10624;291
10787;291
10947;291
11111;291
11278;291
11467;291
11629;291
11826;291
12011;291
12164;291
12317;291
12468;291
12617;291
12764;291
12909;291
13098;291
13263;291
13465;291
13633;291
13773;291
13920;291
14058;291
14191;291
14320;291
14447;291
14578;291
14806;290
15018;282
15262;282
15441;282
15626;282
15791;280
15951;275
16167;269
16313;269
16463;268
16611;264
16732;264
16841;264
16989;262
17101;262
17260;259
17366;259
17473;259
17579;259
17690;259
17796;259
17923;257
18049;257
18147;257
18249;257
18347;257
18452;257
18551;257
18653;257
18750;257
18858;257
18956;257
19058;257
19156;257
19320;257
19422;257
19519;257
19626;257
19724;257
19829;257
19926;257
20054;257
20157;257
20256;257
20390;257
20493;257
20597;257
20696;257
20815;257
20913;257
21016;257
21114;257
21218;257
21315;257
21439;257
21592;257
21691;257
21793;257
21896;257
22005;257
22123;257
22235;257
22353;257
22452;257
22556;257
22656;257
22757;257
22857;257
22961;257
23060;257
23165;257
23264;257
23368;257
23465;257
23568;257
23666;257
23777;257
23879;257
23981;257
24084;257
24185;257
24284;257
24385;257
24482;257
24582;257
24678;257
24777;257
24879;257
24974;257
25075;257
25172;257
25274;257
25370;257
25473;257
25574;257
25673;257
25788;257
25950;257
26073;257
26225;257
26326;257
26425;257
26528;257
26628;257
26740;257
26841;257
26945;257
27066;257
27175;257
27281;257
27377;257
27495;257
27606;257
27704;257
27805;257
27902;257
28004;257
28129;257
28228;257
28330;257
28429;257
28536;257
28634;257
28738;257
28835;257
28937;257
29034;257
29136;257
29233;257
29338;257
29434;257
29534;257
29634;257
29741;257
29842;257
29940;257
30043;257
30172;257
30279;257
30377;257
30480;257
30581;257
30686;257
30784;257
30887;257
30985;257
31088;257
31184;257
31287;257
31384;257
31482;257
31584;257
31683;257
31786;257
31884;257
31986;257
32091;257
32199;257
32297;257
32401;257
32500;257
32600;257
32699;257
32803;257
32899;257
33000;257
33099;257
33216;257
33315;257
33417;257
33527;257
33623;257
33724;257
33826;257
33925;257
34026;257
34134;257
34238;257
34340;257
34436;257
34540;257
34639;257
34757;257
34855;257
34956;257
35052;257
35154;257
35253;257
35357;257
35464;257
35571;257
35675;257
35773;257
35876;257
35975;257
36073;257
36179;257
36300;257
36404;257
36506;257
36607;257
36707;257
36805;257
36936;257
37075;257
37173;257
37275;257
37372;257
37479;257
37577;257
37680;257
37781;257
37885;257
37983;257
38084;257
38212;257
38308;257
38410;257
38507;257
38605;257
38707;257
38817;257
38920;257
39023;257
39124;257
39230;257
39336;257
39447;257
39549;257
39647;257
39749;257
39847;257
39947;257
40048;257
40146;257
40315;257
40504;257
40635;257
40787;257
40955;257
41110;257
41298;257
41456;257
41619;257
41786;257
41915;257
42075;257
42223;257
42339;257
42435;257
42561;257
42664;257
42814;257
42944;257
43120;257
43300;257
43437;257
43547;257
43648;257
43754;257
43916;257
44066;257
44207;257
44362;257
44507;257
44641;257
44782;257
44919;257
45060;257
45195;257
45296;257
45410;257
45521;257
45638;257
45737;257
45854;257
45997;257
46111;257
46224;257
46357;257
46496;257
46618;257
46717;257
46820;257
46933;257
47074;257
47218;257
47331;257
47432;257
47534;257
47641;257
47783;257
47941;257
48096;257
48255;257
48403;257
48551;257
48720;257
48961;257
49157;257
49342;257
49546;257
49752;257
49947;257
50175;257
50383;257
50592;257
50736;257
50845;257
50950;257
51050;257
51154;257
51252;257
51356;257
51452;257
51557;257
51656;257
51760;257
51864;257
51968;257
52067;257
52169;257
52283;257
52409;257
52506;257
52608;257
52708;257
52813;257
52914;257
53020;257
53120;257
53222;257
53324;257
53432;257
53531;257
53632;257
53729;257
53832;257
53933;257
54034;257
54136;257
54241;257
54343;257
54472;257
54571;257
54674;257
54774;257
54880;257
54977;257
55075;257
55175;257
55275;257
55377;257
55475;257
55584;257
55735;257
55884;257
55991;257
56089;257
56191;257
56294;257
56410;257
56524;257
56629;257
56734;257
56838;257
56937;257
57042;257
57146;257
57252;257
57357;257
57455;257
57560;257
57665;257
57773;257
57871;257
57982;257
58080;257
58186;257
58294;257
58398;257
58506;257
58610;257
58710;257
58809;257
58914;257
59013;257
59112;257
59211;257
59312;257
59409;257
59514;257
59612;257
59717;257
59816;257
59918;257
60015;257
60113;257
60219;257
60330;257
60431;257
60534;257
60636;257
60735;257
60831;257
60941;257
61042;257
61144;257
61253;257
61363;257
61465;257
61564;257
61662;257
61763;257
61862;257
61962;257
62058;257
62160;257
62261;257
62364;257
62466;257
62570;257
62667;257
62768;257
62868;257
62968;257
63067;257
63169;257
63288;257
63387;257
63487;257
63590;257
63688;257
63789;257
63887;257
63990;257
64089;257
64194;257
64292;257
64394;257
64498;257
64600;257
64698;257
64799;257
64897;257
65000;257
65098;257
65199;257
65300;257
65407;257
65512;257
65616;257
65733;257
65837;257
65944;257
66041;257
66145;257
66243;257
66347;257
66458;257
66573;257
66679;257
66779;257
66881;257
66985;257
67083;257
67185;257
67288;257
67386;257
67487;257
67586;257
67687;257
67785;257
67887;257
67983;257
68082;257
68181;257
68331;257
68487;257
68620;257
68737;257
68839;257
68948;257
69053;257
69149;257
69249;257
69349;257
69450;257
69556;257
69657;257
69756;257
69868;257
69971;257
70078;257
70187;257
70310;257
70408;257
70525;257
70637;257
70737;257
70840;257
70939;257
71040;257
71137;257
71235;257
71336;257
71433;257
71535;257
71637;257
71764;257
71902;257
72028;257
72128;257
72232;257
72335;257
72434;257
72549;257
72661;257
72760;257
72857;257
72962;257
73063;257
73166;257
73269;257
73384;257
73487;257
73587;257
73689;257
73789;257
73894;257
73993;257
74097;257
74196;257
74301;257
74402;257
74501;257
74605;257
74705;257
74805;257
74911;257
75013;257
75119;257
75228;257
75338;257
75447;257
75549;257
75646;257
75744;257
75846;257
75946;257
76048;257
76152;257
76256;257
76359;257
76486;257
76594;257
76696;257
76800;257
76903;257
77055;257
77221;257
77370;257
77523;257
77698;257
77872;257
78064;257
78242;257
78398;257
78568;257
78758;257
78915;257
79089;257
79291;257
79486;257
79774;257
79959;257
80138;257
80333;257
80576;257
80738;257
80884;256
80987;256
81100;256
81230;256
81378;256
81549;256
81712;256
81908;256
82124;256
82271;256
82436;256
82566;256
82685;256
82810;256
82934;256
83074;256
83216;256
83357;256
83521;256
83650;256
83776;256
83881;256
84002;256
84140;256
84278;256
84398;256
84504;256
84604;256
84711;256
84811;256
84930;256
85062;256
85238;256
85400;256
85505;256
85608;256
85706;256
85841;256
85987;256
86108;256
86253;256
86355;256
86464;256
86562;256
86667;256
86771;256
86873;256
86972;256
87076;256
87175;256
87280;256
87379;256
87487;256
87585;256
87687;256
87786;256
87890;256
87989;256
88093;256
88190;256
88293;256
88392;256
88499;256
88599;256
88705;256
88805;256
88907;256
89017;256
89116;256
89225;256
89324;256
89428;256
89528;256
89632;256
89730;256
89834;256
89934;256
90039;256
90139;256
90244;256
90344;256
90448;256
90554;256
90656;256
90766;256
90866;256
90968;256
91068;256
91165;256
91269;256
91372;256
91471;256
91579;256
91677;256
91781;256
91880;256
91984;256
92087;256
92190;256
92290;256
92397;256
92497;256
92602;256
92706;256
92814;256
92918;256
93021;256
93126;256
93226;256
93330;256
93427;256
93530;256
93647;256
93749;256
93853;256
93953;256
94060;256
94161;256
94269;256
94370;256
94474;256
94579;256
94680;256
94792;256
94891;256
94998;256
95101;256
95225;256
95324;256
95429;256
95529;256
95633;256
95733;256
95834;256
95937;256
96040;256
96139;256
96247;256
96345;256
96450;256
96552;256
96655;256
96778;256
96891;256
96989;256
97088;256
97188;256
97288;256
97390;256
97498;256
97600;256
97701;256
97804;256
97903;256
98008;256
98108;256
98221;256
98332;256
98434;256
98536;256
98637;256
98741;256
98873;256
98975;256
99076;256
99174;256
99278;256
99377;256
99480;256
99584;256
99686;256
99799;256
99896;256
100003;256
100101;256
100206;256
100305;256
100407;256
100507;256
100609;256
100710;256
100816;256
100915;256
101018;256
101115;256
101219;256
101324;256
101429;256
101529;256
101631;256
101731;256
101840;256
101972;256
102087;256
102191;256
102290;256
102392;256
102491;256
102591;256
102692;256
102798;256
102921;256
103018;256
103116;256
103218;256
103317;256
103420;256
103531;256
103630;256
103732;256
103831;256
103937;256
104038;256
104163;256
104265;256
104373;256
104494;256
104598;256
104699;256
104807;256
104918;256
105018;256
105123;256
105226;256
105328;256
105425;256
105530;256
105629;256
105735;256
105836;256
105939;256
106041;256
106146;256
106253;256
106351;256
106452;256
106550;256
106649;256
106749;256
106871;256
106983;256
107081;256
107188;256
107288;256
107392;256
107498;256
107602;256
107703;256
107805;256
107905;256
108015;256
108137;256
108274;256
108422;256
108555;256
108690;256
108817;256
108943;256
109052;256
109157;256
109263;256
109367;256
109472;256
109575;256
109679;256
109782;256
109885;256
109985;256
110087;256
110187;256
110291;256
110390;256
110494;256
110597;256
110703;256
110802;256
110910;256
111012;256
111114;256
111213;256
111318;256
111418;256
111521;256
111625;256
111733;256
111837;256
111936;256
112040;256
112143;256
112250;256
112351;256
112454;256
112552;256
112656;256
112756;256
112860;256
112976;256
113075;256
113179;256
113287;256
113389;256
113492;256
113596;256
113710;256
113811;256
113915;256
114015;256
114121;256
114223;256
114326;256
114425;256
114531;256
114633;256
114734;256
114835;256
114942;256
115046;256
115144;256
115254;256
115353;256
115455;256
115555;256
115658;256
115760;256
115864;256
115962;256
116064;256
116163;256
116267;256
116373;256
116476;256
116574;256
116677;256
116783;256
116885;256
116992;256
117093;256
117194;256
117294;256
117394;256
117494;256
117592;256
117691;256
117806;256
117943;256
118091;256
118228;256
118395;256
118540;256
118676;256
118798;256
118912;256
119083;256
119216;256
119348;256
119472;256
119571;256
119710;256
119861;256
119967;256
120064;256
120165;256
120265;256
120367;256
120466;256
120569;256
120669;256
120800;256
120903;256
121012;256
121110;256
121213;256
121316;256
121422;256
121522;256
121620;256
121721;256
121820;256
121922;256
122020;256
122122;256
122223;256
122324;256
122426;256
122527;256
122625;256
122727;256
122826;256
122931;256
123033;256
123135;256
123235;256
123339;256
123437;256
123541;256
123643;256
123749;256
123849;256
123951;256
124050;256
124154;256
124269;256
124368;256
124476;256
124578;256
124689;256
124798;256
124907;256
125025;256
125143;256
125248;256
125348;256
125451;256
125550;256
125660;256
125758;256
125864;256
125988;256
126098;256
126195;256
126300;256
126397;256
126501;256
126601;256
126705;256
126805;256
126910;256
127011;256
127117;256
127219;256
127321;256
127430;256
127536;256
127640;256
127741;256
127840;256
127942;256
128039;256
128142;256
128240;256
128385;256
128541;256
128650;256
128750;256
128851;256
128950;256
129056;256
129160;256
129265;256
129362;256
129467;256
129569;256
129673;256
129775;256
129882;256
129998;256
130099;256
130205;256
130321;256
130432;256
130532;256
130653;256
130761;256
130873;256
130982;256
131110;256
131215;256
131315;256
131417;256
131543;256
131710;256
131861;256
132036;256
132220;256
132423;256
132584;256
132747;256
132918;256
133069;256
133270;256
133438;256
133594;256
133797;256
133914;256
134017;256
134115;256
134239;256
134381;256
134514;256
134657;256
134853;256
135028;256
135157;256
135280;256
135405;256
135553;256
135682;256
135831;256
135984;256
136100;256
136216;256
136350;256
136513;256
136639;256
136793;256
136951;256
137069;256
137196;256
137345;256
137473;256
137581;256
137680;256
137782;256
137881;256
137982;256
138080;256
138178;256
138280;256
138378;256
138483;256
138581;256
138683;256
138780;256
138883;256
138981;256
139082;256
139183;256
139288;256
139398;256
139530;256
139650;256
139750;256
139856;256
139961;256
140079;256
140212;256
140319;256
140423;256
140521;256
140624;256
140744;256
140881;256
140994;256
141095;256
141205;256
141308;256
141408;256
141515;256
141648;256
141793;256
