200;2206
331;2100
473;1917
573;1804
678;1726
740;1604
804;1457
867;1390
930;1367
1004;1350
1076;1350
1141;1317
1206;1187
1275;1129
1352;970
1419;970
1491;943
1556;943
1628;873
1697;719
1761;719
1823;719
1888;718
2001;718
2067;718
2139;452
2219;452
2282;452
2346;452
2408;452
2468;452
2531;452
2593;452
2679;452
2741;452
2805;452
2866;452
2925;452
2989;452
3050;452
3111;452
3172;452
3229;452
3288;452
3350;452
3428;452
3516;397
3599;321
3674;321
3765;321
3842;321
3925;304
3998;304
4076;304
4132;255
4186;255
4240;255
4295;255
4359;255
4415;255
4468;255
4520;255
4575;255
4629;255
4685;255
4740;255
4797;255
4851;255
4906;214
4966;214
5023;213
5079;213
5133;213
5194;213
5248;213
5321;213
5375;213
5427;213
5479;213
5531;213
5585;213
5637;213
5689;212
5747;212
5802;210
5857;210
5914;210
5969;210
6025;210
6089;210
6144;209
6200;209
6253;209
6321;209
6395;209
6470;209
6546;209
6636;209
6709;209
6762;209
6830;209
6886;209
6939;209
7004;209
7079;149
7131;149
7190;149
7241;149
7297;149
7351;149
7404;149
7461;149
7515;149
7575;149
7636;149
7690;149
7745;149
7801;149
7854;149
7907;149
7962;149
8016;149
8070;149
8130;149
8184;149
8237;149
8291;149
8347;149
8415;149
8469;149
8522;149
8580;149
8632;149
8688;149
8742;149
8802;149
8857;149
8912;149
8969;149
9025;149
9079;149
9135;149
9191;149
9248;149
9308;137
9363;137
9428;80
9488;80
9547;80
9602;80
9656;80
9710;80
9762;80
9818;80
9869;80
9940;79
9991;79
10044;79
10097;79
10152;79
10206;79
10259;79
10316;79
10370;78
10423;78
10477;78
10531;78
10586;78
10641;78
10695;78
10748;78
10802;78
10858;78
10920;78
10977;78
11033;78
11087;78
11140;78
11192;78
11245;78
11298;78
11351;78
11403;78
11459;78
11513;78
11568;78
11622;78
11677;78
11731;78
11786;78
11844;78
11902;78
11956;78
12013;79
12067;79
12121;79
12174;79
12230;79
12293;79
12344;79
12398;79
12450;79
12502;79
12558;79
12614;79
12670;79
12722;79
12776;79
12829;79
12890;79
12944;79
13003;79
13059;79
13114;79
13168;79
13223;79
13279;79
13334;79
13389;79
13442;79
13498;79
13553;79
13621;79
13671;79
13724;79
13780;79
13834;79
13888;79
13940;79
13992;79
14047;79
14099;79
14152;79
14206;79
14260;79
14313;79
14370;79
14424;79
14483;79
14546;79
14601;79
14657;79
14712;79
14766;79
14820;79
14888;79
14939;79
14992;79
15045;79
15099;79
15151;79
15204;79
15257;79
15310;79
15363;79
15419;79
15472;79
15525;78
15583;78
15638;78
15692;78
15746;78
15802;78
15857;78
15911;78
15968;78
16023;78
16081;78
16139;78
16194;78
16305;78
16358;78
16412;78
16465;78
16518;78
16575;78
16629;78
16682;78
16735;78
16787;78
16841;78
16894;78
16949;78
17005;78
17061;78
17116;78
17170;78
17223;78
17278;78
17332;78
17386;78
17441;78
17495;78
17551;78
17608;78
17668;78
17725;78
17780;78
17833;78
17884;78
17937;78
17990;78
18043;78
18096;78
18150;78
18205;78
18258;78
18314;78
18367;78
18423;78
18476;78
18532;78
18589;78
18650;78
18707;78
18761;78
18816;78
18869;78
18922;78
18979;78
19036;78
19098;78
19153;78
19208;78
19260;78
19316;78
19372;78
19424;78
19476;78
19529;78
19585;78
19638;78
19692;78
19748;78
19803;78
19857;78
19911;78
19966;78
20021;78
20075;78
20133;78
20187;78
20240;78
20297;78
20353;78
20406;78
20464;78
20516;78
20570;78
20622;78
20678;78
20730;78
20784;78
20836;78
20887;78
20939;78
20993;78
21047;78
21101;78
21157;78
21211;78
21265;78
21319;78
21373;78
21426;78
21483;78
21537;78
21596;78
21649;78
21703;78
21756;78
21814;78
21866;78
21918;78
21974;78
22026;78
22079;78
22131;78
22189;78
22241;78
22295;78
22353;78
22424;78
22485;78
22542;78
22599;78
22652;78
22713;78
22768;78
22822;78
22880;78
22948;78
23005;78
23062;78
23115;78
23173;78
23227;78
23279;78
23332;78
23384;78
23435;78
23488;78
23541;78
23597;78
23650;78
23704;78
23758;78
23813;78
23873;78
23926;78
23981;78
24038;78
24092;78
24145;78
24199;78
24253;78
24309;78
24363;78
24421;78
24476;78
24528;78
24581;78
24634;78
24687;78
24739;78
24792;78
24843;78
24898;78
24951;78
25005;78
25058;78
25111;78
25171;78
25227;78
25290;78
25344;78
25400;78
25454;78
25507;78
25564;78
25624;78
25676;78
25729;78
25781;78
25832;78
25885;78
25937;78
25991;78
26044;78
26102;78
26156;78
26210;78
26263;78
26322;78
26376;78
26430;78
26486;78
26541;78
26597;78
26652;78
26715;78
26767;78
26820;78
26872;78
26923;78
26973;78
27027;78
27078;78
27131;78
27183;78
27234;78
27287;78
27341;78
27394;78
27450;78
27504;78
27558;78
27614;78
27670;78
27723;78
27784;78
27837;78
27888;78
27941;78
27994;78
28046;78
28102;78
28156;78
28207;78
28262;78
28317;78
28373;78
28427;78
28483;78
28537;78
28591;78
28644;78
28698;78
28755;78
28816;78
28873;78
28924;78
28976;78
29030;78
29082;78
29133;78
29187;78
29238;78
29289;78
29342;78
29395;78
29449;78
29502;78
29557;78
29612;78
29667;78
29722;78
29780;78
29833;78
29887;78
29938;78
29989;78
30040;78
30099;78
30152;78
30210;78
30261;78
30317;78
30372;78
30424;78
30479;78
30538;78
30592;78
30646;78
30708;78
30758;78
30813;78
30866;78
30918;78
30970;78
31022;78
31074;78
31124;78
31177;78
31233;78
31286;78
31341;78
31397;78
31450;78
31507;78
31561;78
31619;78
31671;78
31722;78
31774;78
31828;78
31881;78
31934;78
31991;78
32044;78
32096;78
32149;78
32200;78
32254;78
32307;78
32362;78
32416;78
32476;78
32539;78
32601;78
32652;78
32706;78
32758;78
32810;78
32863;78
32917;78
32971;78
33025;78
33078;78
33133;78
33187;78
33241;78
33300;78
33353;78
33405;78
33456;78
33507;78
33560;78
33613;78
33668;78
33721;78
33775;78
33830;78
33884;78
33939;78
34001;78
34073;78
34140;78
34194;78
34246;78
34297;78
34350;78
34401;78
34455;78
34508;78
34561;78
34615;78
34669;78
34723;78
34785;78
34834;78
34886;78
34937;78
34988;78
35040;78
35093;78
35145;78
35196;78
35247;78
35302;78
35359;78
35415;78
35468;78
35526;78
35586;78
35641;78
35692;78
35743;78
35794;78
35847;78
35897;78
35950;78
36005;78
36059;78
36114;78
36171;78
36222;78
36274;78
36329;78
36383;78
36434;78
36485;78
36536;78
36588;78
36639;78
36692;78
36745;78
36807;78
36859;78
36912;78
36964;78
37017;78
37067;78
37119;78
37171;78
37223;78
37274;78
37334;78
37391;78
37447;78
37501;78
37557;78
37609;78
37661;78
37713;78
37764;78
37816;78
37868;78
37923;78
37979;78
38032;78
38086;78
38138;78
38189;78
38241;78
38296;78
38348;78
38406;78
38457;78
38522;78
38574;78
38644;78
38699;78
38750;78
38805;78
38857;78
38910;78
38963;78
39017;78
39078;78
39130;78
39185;78
39237;78
39289;78
39341;78
39394;78
39447;78
39499;78
39550;78
39609;78
39657;78
39708;78
39762;80
39814;80
39869;80
39920;80
39973;80
40024;78
40076;78
40132;78
40191;78
40243;78
40298;78
40352;78
40403;78
40455;78
40506;78
40561;78
40616;78
40670;78
40723;78
40782;78
40836;78
40890;78
40953;78
41003;78
41061;78
41114;78
41165;78
41219;78
41271;78
41323;78
41374;78
41426;78
41481;78
41533;78
41589;78
41643;78
41696;78
41749;78
41804;78
41859;78
41915;78
41966;78
42017;78
42069;78
42124;78
42175;78
42229;78
42282;78
42333;78
42385;78
42439;78
42491;78
42548;78
42608;78
42663;78
42717;78
42776;78
42827;78
42878;78
42933;78
42985;78
43041;78
43092;78
43145;78
43197;78
43250;78
43303;78
43355;78
43409;78
43462;78
43515;78
43567;78
43627;78
43679;78
43734;78
43785;78
43837;78
43888;78
43939;78
43991;78
44042;78
44094;78
44147;78
44198;78
44251;78
44307;78
44361;78
44417;78
44469;78
44525;78
44578;78
44631;78
44683;78
44734;78
44786;78
44837;78
44888;78
44940;78
44994;78
45047;78
45107;78
45173;78
45226;78
45277;78
45329;78
45382;78
45433;78
45485;78
45541;78
45595;78
45649;78
45701;78
45752;78
45807;78
45859;78
45915;78
45967;78
46018;78
46069;78
46121;78
46173;78
46224;78
46277;78
46330;78
46384;78
46434;78
46486;78
46540;78
46604;78
46656;78
46713;79
46765;79
46818;79
46869;79
46921;79
46973;79
47025;79
47077;79
47136;79
47190;79
47250;79
47308;79
47361;79
47419;79
47472;79
47524;79
47578;79
47631;79
47682;79
47751;79
47810;78
47869;78
47929;78
47981;78
48033;78
48085;78
48137;78
48188;78
48244;78
48295;78
48348;78
48399;78
48453;78
48510;78
48568;78
48620;78
48671;78
48722;78
48775;78
48827;78
48879;78
48930;78
48983;78
49034;78
49087;78
49143;78
49194;78
49246;78
49298;78
49353;78
49411;78
49462;78
49517;78
49572;78
49625;78
49684;78
49740;78
49794;78
49845;78
49902;78
49954;78
50009;78
50060;78
50111;78
50166;78
50222;78
50273;78
50325;78
50376;78
50427;78
50478;78
50530;78
50586;78
50640;78
50701;78
50751;78
50851;78
50915;78
51001;78
51055;78
51106;78
51159;78
51210;78
51281;78
51334;78
51386;78
51441;78
51494;78
51546;78
51605;78
51658;78
51709;78
51762;78
51816;78
51880;78
51932;78
51983;78
52035;78
52089;78
52141;78
52192;78
52244;78
52297;78
52351;78
52403;78
52456;78
52510;78
52566;78
52622;78
52677;78
52728;78
52779;78
52841;78
52892;78
52946;78
52999;78
53050;78
53106;78
53160;78
53212;78
53267;78
53321;78
53374;78
53433;78
53484;78
53535;78
53588;78
53641;78
53694;78
53745;78
53797;78
53851;78
53906;78
53958;78
54013;78
54066;78
54118;78
54172;78
54228;78
54285;78
54359;78
54411;78
54465;78
54516;78
54570;78
54623;78
54676;78
54728;78
54783;78
54839;78
54893;78
54947;78
55001;78
55056;78
55110;78
55164;78
55219;78
55274;78
55336;78
55414;78
55469;78
55523;78
55576;78
55628;78
55687;78
55738;78
55790;78
55843;78
55897;78
55952;78
56005;78
56058;78
56115;78
56169;78
56224;78
56277;78
56331;78
56387;78
56452;78
56505;78
56559;78
56610;78
56662;78
56713;78
56765;78
56820;78
56873;78
56930;78
56984;78
57035;78
57090;78
57144;78
57204;78
57259;78
57311;78
57364;78
57419;78
57481;78
57553;78
57631;78
57705;78
57770;78
57821;78
57875;78
57926;78
57978;78
58029;78
58082;78
58134;78
58186;78
58237;78
58297;78
58349;78
58403;78
58459;78
58513;78
58567;78
58622;78
58678;78
58731;78
58787;78
58840;78
58896;78
58977;78
59027;78
59078;78
59130;78
59182;78
59234;78
59288;78
59342;78
59394;78
59447;78
59499;78
59553;78
59613;78
59670;78
59723;78
59776;78
59831;78
59884;78
59939;78
59992;78
60049;78
60103;78
60156;78
60215;78
60284;78
60362;78
60435;78
60495;78
60564;78
60618;78
60669;78
60721;78
60773;78
60825;78
60878;78
60933;78
60986;78
61040;78
61093;78
61148;78
61203;78
61258;78
61312;78
61366;78
61419;78
61475;78
61529;78
61585;78
61638;78
61691;78
61744;78
61798;78
61857;78
61908;78
61959;78
62011;78
62085;78
62137;78
62188;78
62241;78
62292;78
62345;78
62399;78
62451;78
62504;78
62559;78
62612;78
62669;78
62721;78
62776;78
62836;78
62889;78
62946;78
63002;78
63054;78
63107;78
63163;78
63214;78
63272;78
63323;78
63377;78
63429;78
63483;78
63535;78
63604;78
63658;78
63713;78
63769;78
63822;78
63875;78
63930;78
63984;78
64037;78
64089;78
64147;78
64201;78
64254;78
64308;78
64361;78
64427;78
64482;78
64537;78
64590;78
64644;78
64696;78
64748;78
64802;78
64858;78
64912;78
64965;78
65022;78
65077;78
65135;78
65193;78
65246;78
65301;78
65355;78
65412;78
65465;78
65522;78
65579;78
65638;78
65689;78
65740;78
65791;78
65843;78
65895;78
65953;78
66004;78
66055;78
66107;78
66160;78
66214;78
66270;78
66325;78
66378;78
66432;78
66485;78
66543;78
66598;78
66657;78
66711;78
66770;78
66821;78
66873;78
66926;78
66977;78
67028;78
67081;78
67132;78
67187;78
67238;78
67291;78
67344;78
67401;78
67454;78
67508;78
67563;78
67616;78
67670;78
67723;78
67776;78
67838;78
67891;78
67942;78
67994;78
68047;78
68098;78
68153;78
68210;78
68261;78
68313;78
68367;78
68419;78
68473;78
68525;78
68580;78
68634;78
68688;78
68742;78
68796;78
68856;78
68908;78
68961;78
69016;78
69067;78
69120;78
69172;78
69225;78
69276;78
69328;78
69381;78
69434;78
69487;78
69538;78
69593;78
69647;78
69700;78
69759;78
69812;78
69868;78
69921;78
69972;78
70023;78
70075;78
70127;78
70178;78
70230;78
70281;78
70333;78
70387;78
70440;78
70493;78
70547;78
70603;78
70657;78
70713;78
70771;78
70822;78
70874;78
70925;78
70977;78
71027;78
71080;78
71135;78
71187;78
71241;78
71297;78
71353;78
71406;78
71459;78
71511;78
71571;78
71624;78
71687;78
71738;78
71790;78
71843;78
71898;78
71949;78
72000;78
72053;78
72104;78
72156;78
72210;78
72263;78
72317;78
72371;78
72424;78
72477;78
72532;78
72586;78
72639;78
72690;78
72743;78
72798;78
72850;78
72905;78
72957;78
73010;78
73064;78
73117;78
73172;78
73225;78
73278;78
73335;78
73387;78
73440;78
73491;78
73543;78
73599;78
73654;78
73707;78
73758;78
73810;78
73864;78
