1251;79
1513;79
1787;79
2055;79
2298;79
2542;79
2815;79
3102;79
3354;79
3599;79
3842;79
4108;79
4348;79
4626;79
4949;79
5274;79
5567;79
5820;79
6073;79
6310;79
6550;79
6785;79
7051;79
7303;79
7531;79
7767;79
8086;79
8373;79
8670;79
9129;79
9607;79
9895;79
10157;79
10411;79
10744;79
11039;79
11285;79
11543;79
11783;79
12017;79
12277;79
12549;79
12768;79
12989;79
13199;79
13406;79
13615;79
13816;79
14050;79
14301;79
14501;79
14694;79
14889;79
15076;79
15267;79
15445;79
15635;79
15815;79
15999;79
16162;79
16324;79
16477;79
16631;79
16782;79
16941;79
17150;75
17302;75
17442;75
17595;75
17729;75
17868;75
17998;75
18213;74
18348;74
18480;74
18602;74
18787;72
18922;72
19043;72
19161;72
19279;72
19402;72
19517;72
19641;72
19757;72
19874;72
19991;72
20118;72
20234;72
20411;71
20522;71
20652;71
20766;71
20953;70
21122;69
21246;69
21362;69
21478;69
21591;69
21699;69
21822;69
21954;69
22066;69
22186;69
22298;69
22429;69
22543;69
22655;69
22769;69
22874;69
22989;69
23117;69
23230;69
23341;69
23455;69
23563;69
23686;69
23802;69
23918;69
24035;69
24152;69
24258;69
24372;69
24487;69
24600;69
24703;69
24824;69
24940;69
25060;69
25171;69
25277;69
25402;69
25514;69
25629;69
25758;69
25871;69
25987;69
26104;69
26211;69
26323;69
26441;69
26555;69
26661;69
26767;69
26883;69
26995;69
27098;69
27220;69
27332;69
27445;69
27548;69
27663;69
27775;69
27900;69
28013;69
28117;69
28234;69
28346;69
28467;69
28580;69
28691;69
28800;69
28914;69
29034;69
29146;69
29254;69
29366;69
29481;69
29597;69
29710;69
29815;69
29930;69
30039;69
30147;69
30283;69
30384;69
30495;69
30608;69
30720;69
30848;69
30956;69
31072;69
31183;69
31289;69
31396;69
31506;69
31606;69
31716;69
31823;69
31931;69
32053;69
32167;69
32283;69
32395;69
32501;69
32626;69
32739;69
32853;69
32964;69
33070;69
33187;69
33304;69
33418;69
33523;69
33638;69
33751;69
33873;69
33984;69
34088;69
34210;69
34325;69
34441;69
34549;69
34652;69
34763;69
34870;69
34973;69
35082;69
35190;69
35295;69
35404;69
35505;69
35624;69
35744;69
35853;69
35956;69
36069;69
36179;69
36301;69
36406;69
36516;69
36624;69
36727;69
36844;69
36959;69
37074;69
37188;69
37315;69
37424;69
37532;69
37646;69
37759;69
37875;69
37991;69
38101;69
38208;69
38318;69
38426;69
38534;69
38652;69
38755;69
38870;69
38980;69
39090;69
39203;69
39316;69
39428;69
39532;69
39645;69
39756;69
39881;69
39994;69
40096;69
40208;69
40327;69
40452;69
40565;69
40683;69
40790;69
40904;69
41028;69
41140;69
41253;69
41361;69
41473;69
41595;69
41705;69
41809;69
41919;69
42031;69
42136;69
42263;69
42372;69
42484;69
42598;69
42708;69
42811;69
42921;69
43029;69
43135;69
43245;69
43347;69
43490;69
43604;69
43709;69
43824;69
43932;69
44048;69
44153;69
44269;69
44390;69
44500;69
44614;69
44717;69
44829;69
44932;69
45044;69
45155;69
45272;69
45374;69
45483;69
45586;69
45695;69
45808;69
45919;69
46041;69
46149;69
46262;69
46387;69
46504;69
46624;69
46732;69
46840;69
46952;69
47074;69
47188;69
47301;69
47408;69
47520;69
47643;69
47755;69
47872;69
48022;69
48181;69
48323;69
48492;69
48605;69
48721;69
48842;69
48945;69
49057;69
49164;69
49267;69
49379;69
49499;69
49608;69
49724;69
49835;69
49949;69
50069;69
50182;69
50285;69
50402;69
50513;69
50631;69
50733;69
50844;69
50951;69
51057;69
51171;69
51292;69
51401;69
51502;69
51612;69
51717;69
51849;69
51961;69
52070;69
52183;69
52291;69
52439;69
52553;69
52664;69
52773;69
52881;69
53001;69
53122;69
53235;69
53341;69
53450;69
53560;69
53667;69
53772;69
53881;69
53984;69
54093;69
54206;69
54328;69
54442;69
54548;69
54657;69
54765;69
54882;69
54998;69
55111;69
55226;69
55339;69
55457;69
55567;69
55683;69
55805;69
55927;69
56049;69
56165;69
56279;69
56385;69
56508;69
56626;69
56737;69
56854;69
56969;69
57075;69
57186;69
57301;69
57423;69
57531;69
57637;69
57744;69
57861;69
57964;69
58081;69
58196;69
58303;69
58419;69
58527;69
58639;69
58752;69
58861;69
58978;69
59091;69
59202;69
59304;69
59412;69
59519;69
59628;69
59736;69
59845;69
59951;69
60060;69
60171;69
60283;69
60392;69
60513;69
60622;69
60726;69
60844;69
60952;69
61061;69
61163;69
61276;69
61396;69
61515;69
61633;69
61735;69
61854;69
61966;69
62090;69
62195;69
62301;69
62419;69
62536;69
62657;69
62766;69
62879;69
62988;69
63095;69
63208;69
63314;69
63422;69
63523;69
63634;69
63741;69
63852;69
63964;69
64073;69
64176;69
64288;69
64398;69
64506;69
64617;69
64738;69
64848;69
64953;69
65069;69
65182;69
65289;69
65399;69
65512;69
65630;69
65749;69
65859;69
65963;69
66074;69
66189;69
66304;69
66406;69
66522;69
66633;69
66743;69
66857;69
66970;69
67076;69
67180;69
67289;69
67404;69
67510;69
67620;69
67729;69
67835;69
67949;69
68066;69
68176;69
68280;69
68387;69
68492;69
68609;69
68721;69
68831;69
68941;69
69046;69
69157;69
69277;69
69380;69
69493;69
69607;69
69721;69
69852;69
69960;69
70068;69
70179;69
70294;69
70418;69
70533;69
70650;69
70755;69
70873;69
70992;69
71109;69
71224;69
71341;69
71444;69
71557;69
71676;69
71794;69
71905;69
72011;69
72116;69
72230;69
72333;69
72442;69
72561;69
72679;69
72791;69
72928;69
73032;69
73144;69
73257;69
73370;69
73491;69
73595;69
73704;69
73809;69
73924;69
74105;69
74243;69
74344;69
74459;69
74582;69
74713;69
74830;69
74939;69
75044;69
75150;69
75268;69
75378;69
75483;69
75595;69
75711;69
75838;69
75953;69
76058;69
76161;69
76269;69
76371;69
76485;69
76600;69
76710;69
76818;69
76932;69
77045;69
77158;69
77263;69
77376;69
77494;69
77613;69
77729;69
77838;69
77957;69
78069;69
78181;69
78302;69
78416;69
78519;69
78635;69
78745;69
78872;69
78975;69
79102;69
79212;69
79325;69
79453;69
79561;69
79668;69
79775;69
79884;69
79987;69
80103;69
80214;69
80326;69
80431;69
80542;69
80698;69
80800;69
80911;69
81022;69
81125;69
81244;69
81351;69
81454;69
81564;69
81672;69
81779;69
81898;69
82010;69
82125;69
82241;69
82341;69
82450;69
82558;69
82677;69
82790;69
82906;69
83026;69
83137;69
83248;69
83354;69
83464;69
83574;69
83707;69
83819;69
83924;69
84035;69
84146;69
84269;69
84378;69
84486;69
84597;69
84707;69
84836;69
84941;69
85055;69
85169;69
85285;69
85390;69
85501;69
85613;69
85729;69
85838;69
85952;69
86073;69
86187;69
86298;69
86404;69
86515;69
86633;69
86749;69
86874;69
86984;69
87088;69
87205;69
87314;69
87420;69
87529;69
87639;69
87749;69
87869;69
87977;69
88085;69
88190;69
88296;69
88409;69
88514;69
88620;69
88734;69
88842;69
88951;69
89065;69
89175;69
89278;69
89394;69
89509;69
89620;69
89726;69
89835;69
89953;69
90062;69
90176;69
90293;69
90409;69
90520;69
90635;69
90755;69
90880;69
90996;69
91106;69
91215;69
91326;69
91451;69
91559;69
91668;69
91787;69
91902;69
92018;69
92123;69
92233;69
92342;69
92452;69
92562;69
92681;69
92815;69
92926;69
93120;69
93301;69
93501;69
93684;69
93868;69
94001;69
94104;69
94231;69
94329;69
94465;69
94609;69
94705;69
94849;69
95003;69
95141;69
95248;69
95342;69
95473;69
95634;69
95730;69
95863;69
96019;69
96234;69
96431;69
96533;69
96666;69
96794;69
96982;69
97177;69
97315;69
97426;69
97547;69
97722;69
97905;69
98108;69
98210;69
98298;69
98428;69
98515;69
98605;69
98693;69
98780;69
98876;69
98965;69
99055;69
99144;69
99234;69
99326;69
99417;69
99509;69
99597;69
99713;69
99869;69
100008;69
100145;69
100283;69
100378;69
100467;69
100556;69
100645;69
100733;69
100831;69
100925;69
101013;69
101107;69
101196;69
101286;69
101373;69
101460;69
101549;69
101638;69
101726;69
101812;69
101928;69
102060;69
102147;69
102282;69
102413;69
102535;69
102675;69
102823;69
102918;69
103007;69
103093;69
103212;69
103300;69
103409;69
103537;69
103641;69
103728;69
103816;69
103935;69
104055;69
104142;69
104255;69
104345;69
104439;69
104529;69
104624;69
104713;69
104802;69
104898;69
104986;69
105075;69
105163;69
105250;69
105345;69
105438;69
105565;69
105731;69
105859;69
105982;69
106134;69
106227;69
106315;69
106411;69
106503;69
106593;69
106725;69
106855;69
107000;69
107123;69
107210;69
107312;69
107480;69
107633;69
107760;69
107880;69
108015;69
108155;69
108276;69
108375;69
108472;69
108616;69
108756;69
108866;69
108962;69
109062;69
109172;69
109258;69
109346;69
109433;69
109521;69
109611;69
109702;69
109790;69
109877;69
109963;69
110055;69
110145;69
110237;69
110322;69
110408;69
110497;69
110584;69
110675;69
110764;69
110853;69
110944;69
111031;69
111118;69
111208;69
111297;69
111384;69
111472;69
111559;69
111654;69
111742;69
111828;69
111915;69
112001;69
112091;69
112181;69
112273;69
112361;69
112451;69
112541;69
112631;69
112721;69
112809;69
112901;69
112999;69
113087;69
113180;69
113268;69
113358;69
113445;69
113532;69
113620;69
113711;69
113801;69
113889;69
113975;69
114064;69
114152;69
114239;69
114325;69
114415;69
114502;69
114590;69
114681;69
114769;69
114856;69
114948;69
115041;69
115129;69
115217;69
115306;69
115431;69
115581;69
115718;69
115857;69
115989;69
116117;69
116236;69
116349;69
116490;69
116625;69
116773;69
116918;69
117011;69
117106;69
117238;69
117327;69
117414;69
117502;69
117667;69
117908;69
118047;69
118150;69
118308;69
118447;69
118580;69
118672;69
118846;69
118952;69
119043;69
119131;69
119257;69
119434;69
119564;69
119749;69
119918;69
120008;69
120110;69
120286;69
120442;69
120531;69
120623;69
120720;69
120838;69
121013;69
121144;69
121231;69
121317;69
121403;69
121548;69
121735;69
121825;69
121916;69
122049;69
122214;69
122313;69
122438;69
122527;69
122617;69
122705;69
122793;69
122883;69
122985;69
123092;69
123180;69
123269;69
123357;69
123446;69
123536;69
123635;69
123723;69
123812;69
123904;69
123996;69
124084;69
124181;69
124268;69
124354;69
124443;69
124530;69
124652;69
124748;69
124835;69
124923;69
125044;69
125133;69
125220;69
125315;69
125400;69
125490;69
125579;69
125667;69
125765;69
125861;69
125950;69
126039;69
126126;69
126219;69
126347;69
126435;69
126529;69
126619;69
126706;69
126793;69
126881;69
126971;69
127113;69
127202;69
127290;69
127377;69
127465;69
127554;69
127642;69
127737;69
127824;69
127915;69
128001;69
128089;69
128177;69
128271;69
128360;69
128446;69
128532;69
128624;69
128714;69
128799;69
128895;69
128980;69
129073;69
129162;69
129249;69
129336;69
129423;69
129521;69
129609;69
129697;69
129786;69
129875;69
129963;69
130058;69
130150;69
130238;69
130330;69
130418;69
130506;69
130599;69
130701;69
130869;69
131062;69
131171;69
131309;69
131484;69
131657;69
131809;69
131948;69
132037;69
132126;69
132222;69
132343;69
132429;69
132517;69
132604;69
132693;69
132783;69
132872;69
132989;69
133151;69
133291;69
133412;69
133506;69
133597;69
133685;69
133773;69
133863;69
133987;69
134114;69
134200;69
134288;69
134378;69
134463;69
134549;69
134643;69
134731;69
134839;69
135016;69
135119;69
135220;69
135334;69
135419;69
135508;69
135598;69
135696;69
135810;69
135901;69
135987;69
136074;69
136163;69
136248;69
136341;69
136433;69
136526;69
136657;69
136782;69
136899;69
137049;69
137230;69
137404;69
137556;69
137702;69
137810;69
137932;69
138043;69
138142;69
138244;69
138348;69
138453;69
138564;69
138680;69
138768;69
138858;69
138954;69
139041;69
139129;69
139224;69
139314;69
139422;69
139510;69
139599;69
139689;69
139777;69
139866;69
139951;69
140046;69
140144;69
140241;69
140335;69
140434;69
140528;69
140618;69
140705;69
140798;69
140888;69
140979;69
141066;69
141153;69
141248;69
141337;69
141425;69
141514;69
141603;69
141691;69
141789;69
141886;69
141973;69
142074;69
142176;69
142264;69
142353;69
142444;69
142537;69
142627;69
142716;69
