189;83
298;83
374;83
462;83
542;83
612;83
699;83
784;83
867;83
933;83
1005;83
1068;83
1135;83
1228;83
1294;83
1369;83
1442;83
1506;83
1577;83
1660;83
1743;83
1823;83
1906;83
1994;83
2063;83
2137;83
2208;83
2272;83
2350;83
2414;83
2487;83
2553;83
2636;83
2697;83
2769;83
2839;83
2902;83
2961;83
3018;83
3077;83
3138;83
3197;83
3255;83
3326;83
3405;83
3477;83
3551;83
3625;83
3707;83
3783;83
3858;83
3930;83
4008;83
4067;83
4126;83
4185;83
4246;83
4306;83
4366;83
4423;83
4481;83
4538;83
4606;83
4664;83
4722;83
4778;83
4835;83
4895;83
4953;83
5010;83
5066;83
5124;83
5186;83
5245;83
5302;83
5360;83
5418;83
5475;83
5533;83
5591;83
5649;83
5705;83
5764;83
5829;83
5886;83
5942;83
5999;83
6062;83
6118;83
6175;83
6233;83
6293;83
6356;83
6433;83
6505;83
6579;83
6655;83
6723;83
6779;83
6836;83
6892;83
6950;83
7011;83
7069;83
7125;83
7181;83
7240;83
7296;83
7358;83
7420;83
7477;83
7534;83
7593;83
7650;83
7707;83
7772;83
7832;83
7891;83
7955;83
8012;83
8068;83
8127;83
8197;83
8252;83
8304;83
8361;83
8420;83
8480;83
8536;83
8598;83
8656;83
8715;83
8773;83
8836;83
8898;83
8964;83
9020;83
9076;83
9132;83
9188;83
9245;83
9303;83
9366;83
9428;83
9484;83
9543;83
9599;83
9659;83
9716;83
9771;83
9833;83
9890;83
9946;83
10012;83
10071;83
10134;83
10190;83
10247;83
10303;83
10364;83
10422;83
10478;83
10533;83
10594;83
10652;83
10708;83
10768;84
10824;84
10881;84
10938;84
10995;84
11051;84
11112;84
11167;84
11234;84
11292;84
11349;84
11407;84
11464;84
11522;84
11577;84
11639;84
11695;84
11752;84
11814;83
11876;83
11935;83
11997;83
12053;83
12111;83
12169;83
12225;83
12280;83
12336;83
12395;83
12451;83
12512;83
12568;83
12653;83
12709;83
12764;83
12822;83
12877;83
12934;83
12993;83
13053;83
13112;83
13167;83
13229;83
13284;83
13341;83
13397;83
13459;83
13521;83
13578;83
13639;83
13694;83
13750;83
13807;83
13862;83
13918;83
13974;83
14036;81
14099;81
14161;81
14224;81
14281;81
14336;81
14391;81
14447;81
14503;81
14558;81
14622;81
14701;81
14760;81
14823;81
14879;81
14936;81
14999;83
15055;83
15119;83
15173;83
15227;83
15289;83
15346;83
15408;83
15467;83
15524;83
15581;83
15638;83
15693;83
15750;83
15808;83
15868;83
15925;83
15981;83
16043;83
16099;83
16155;83
16211;83
16266;83
16334;83
16388;83
16448;83
16505;83
16563;83
16632;83
16708;83
16768;83
16824;83
16883;83
16940;83
16998;83
17057;83
17112;83
17168;83
17231;83
17289;83
17344;83
17406;83
17473;83
17532;83
17587;83
17642;83
17701;78
17757;78
17818;78
17874;78
17931;78
17986;78
18045;78
18103;78
18159;78
18215;78
18271;78
18327;78
18386;79
18449;79
18508;79
18565;79
18623;79
18705;79
18761;79
18816;79
18871;79
18931;79
18993;79
19050;79
19106;79
19163;79
19220;79
19276;78
19332;78
19387;78
19445;78
19500;78
19560;78
19624;78
19685;78
19740;78
19800;79
19855;79
19911;79
19968;79
20027;79
20083;79
20138;79
20198;79
20256;79
20312;79
20368;79
20424;79
20482;79
20538;79
20593;79
20657;79
20733;79
20794;79
20849;79
20904;79
20959;79
21017;79
21074;79
21133;79
21190;79
21246;79
21302;79
21357;79
21420;79
21484;79
21575;79
21675;79
21728;79
21784;79
21840;79
21899;79
21956;79
22018;79
22073;79
22130;79
22187;79
22245;79
22301;79
22358;79
22415;79
22476;79
22534;79
22600;79
22657;79
22740;79
22795;79
22850;79
22907;79
22966;79
23023;79
23078;79
23133;79
23193;78
23250;78
23307;78
23362;78
23421;78
23485;78
23551;78
23608;78
23667;78
23726;78
23791;78
23850;78
23907;78
23963;78
24023;78
24082;78
24139;78
24196;78
24252;78
24314;78
24369;78
24432;78
24488;78
24545;78
24600;78
24658;78
24740;78
24798;78
24852;78
24910;78
24966;78
25028;78
25083;78
25141;78
25196;78
25251;78
25306;78
25361;78
25420;78
25476;78
25531;78
25589;78
25649;78
25710;78
25767;78
25823;78
25882;78
25938;78
25993;78
26048;78
26104;78
26160;78
26224;78
26280;78
26335;78
26392;78
26447;78
26525;78
26649;78
26728;78
26791;78
26889;78
26944;78
27000;78
27056;78
27113;78
27169;78
27227;78
27284;78
27342;78
27406;78
27460;78
27515;78
27570;78
27628;78
27684;78
27742;78
27799;78
27861;78
27924;78
27979;78
28047;78
28100;78
28155;78
28210;78
28266;78
28322;78
28381;78
28440;78
28495;78
28552;78
28615;78
28678;78
28747;78
28818;78
28874;78
28930;78
28986;78
29044;78
29102;78
29157;78
29220;78
29285;78
29338;78
29395;78
29454;78
29510;78
29565;78
29620;78
29676;78
29732;78
29788;78
29856;78
29908;78
29962;78
30019;78
30075;78
30130;78
30184;78
30241;78
30299;78
30353;78
30417;78
30472;78
30530;78
30585;78
30639;78
30697;78
30771;78
30837;78
30893;78
30951;78
31010;78
31065;78
31122;78
31180;78
31238;78
31295;78
31350;78
31417;78
31469;78
31523;78
31580;78
31643;78
31700;78
31757;78
31816;78
31871;78
31928;78
31982;78
32039;78
32093;78
32148;78
32210;78
32272;78
32328;78
32384;78
32439;78
32496;78
32553;78
32615;78
32671;78
32727;78
32806;78
32860;78
32915;78
32971;78
33027;78
33083;78
33138;78
33197;78
33255;78
33311;78
33372;78
33433;78
33485;78
33540;78
33595;78
33651;78
33710;78
33766;78
33822;78
33877;78
33934;78
34002;78
34055;78
34110;78
34166;78
34224;78
34280;78
34339;78
34405;78
34461;78
34518;78
34575;78
34636;78
34691;78
34748;78
34841;78
34896;78
34950;78
35005;78
35061;78
35117;78
35172;78
35235;78
35290;78
35346;78
35402;78
35458;78
35515;78
35570;78
35630;78
35684;78
35739;78
35798;78
35858;78
35915;78
35982;78
36049;78
36110;78
36165;78
36221;78
36277;78
36334;78
36403;78
36453;78
36510;78
36568;78
36624;78
36679;78
36735;78
36811;78
36877;78
36933;78
36994;78
37053;78
37114;78
37168;78
37225;78
37281;78
37338;78
37394;78
37452;78
37508;78
37567;78
37629;78
37687;78
37745;78
37803;78
37858;78
37917;78
37973;78
38028;78
38082;78
38138;78
38196;78
38254;78
38309;78
38365;78
38428;78
38490;78
38545;78
38600;78
38661;78
38727;78
38783;78
38849;78
38904;78
38959;78
39014;78
39076;78
39131;78
39186;78
39243;78
39298;78
39354;78
39415;78
39475;78
39531;78
39587;78
39653;78
39706;78
39763;78
39820;78
39882;78
39940;78
40002;78
40058;78
40115;78
40171;78
40232;78
40285;78
40340;78
40396;78
40451;78
40507;78
40563;78
40627;78
40682;78
40738;78
40798;78
40877;78
40936;78
40996;78
41052;78
41110;78
41165;78
41226;78
41283;78
41338;78
41393;78
41450;78
41506;78
41573;78
41624;78
41681;78
41739;78
41799;78
41861;78
41917;78
41974;78
42029;78
42085;78
42145;78
42203;78
42259;78
42315;78
42382;78
42439;78
42497;78
42557;78
42615;78
42670;78
42732;78
42788;78
42850;78
42907;78
42963;78
43027;78
43082;78
43141;78
43198;78
43258;78
43313;78
43377;78
43436;78
43493;78
43552;78
43615;78
43673;78
43730;78
43788;78
43847;78
43902;78
43959;78
44019;78
44078;78
44134;78
44196;78
44252;78
44310;78
44365;78
44421;78
44476;78
44533;78
44588;78
44647;78
44702;78
44759;78
44822;78
44881;78
44939;78
44995;78
45051;78
45108;78
45167;78
45222;78
45279;78
45334;78
45392;78
45448;78
45503;78
45561;78
45622;78
45679;78
45738;78
45794;78
45854;78
45911;78
45973;78
46032;78
46087;78
46142;78
46199;78
46255;78
46311;78
46366;78
46422;78
46479;78
46535;78
46596;78
46653;78
46711;78
46774;78
46829;78
46888;78
46944;78
46999;78
47055;78
47116;78
47176;78
47243;78
47302;78
47358;78
47417;78
47476;78
47539;78
47593;78
47648;78
47702;78
47762;78
47824;78
47882;78
47938;78
47995;78
48049;78
48104;78
48159;78
48214;78
48273;78
48329;78
48385;78
48450;78
48505;78
48560;78
48619;78
48690;78
48745;78
48801;78
48862;78
48920;78
48982;78
49046;78
49101;78
49155;78
49210;78
49265;78
49330;78
49394;78
49452;78
49512;78
49567;78
49636;78
49687;78
49741;78
49797;78
49852;78
49914;78
49969;78
50026;78
50082;78
50136;78
50216;78
50282;78
50334;78
50387;78
50443;78
50499;78
50564;78
50619;78
50673;78
50731;78
50790;78
50861;78
50943;78
51001;78
51056;78
51112;78
51170;78
51227;78
51282;78
51344;78
51403;78
51458;78
51517;78
51573;78
51632;78
51692;78
51751;78
51807;78
51868;78
51923;78
51979;78
52049;78
52108;78
52163;78
52219;78
52279;78
52334;78
52391;78
52449;78
52505;78
52562;78
52622;78
52678;78
52735;78
52795;78
52850;78
52911;78
52966;78
53024;79
53084;79
53139;78
53201;78
53262;78
53318;78
53377;78
53444;78
53497;78
53556;78
53611;78
53666;78
53721;78
53777;78
53836;78
53894;78
53949;78
54005;78
54064;78
54121;78
54180;78
54236;78
54297;78
54352;78
54414;78
54470;78
54526;78
54583;78
54641;78
54696;78
54753;78
54812;78
54870;78
54928;78
54985;78
55045;78
55109;78
55162;78
55219;78
55274;78
55329;78
55386;78
55441;78
55496;78
55555;78
55617;78
55673;78
55730;78
55786;78
55855;78
55910;78
55965;78
56020;78
56077;78
56132;78
56191;78
56254;78
56311;78
56369;78
56428;78
56483;78
56539;78
56598;78
56655;78
56711;78
56777;78
56833;78
56888;78
56946;78
57005;78
57060;78
57117;78
57175;78
57232;78
57287;78
57344;78
57405;78
57464;78
57520;78
57577;78
57633;78
57701;78
57756;78
57812;78
57870;78
57929;78
57991;78
58047;78
58107;78
58162;78
58218;78
58274;78
58331;78
58389;78
58447;78
58502;78
58560;78
58630;78
58701;78
58761;78
58816;78
58873;78
58934;78
58991;78
59049;78
59105;78
59166;78
59228;78
59285;78
59339;78
59400;78
59455;78
59514;78
59571;78
59626;78
59685;78
59740;78
59799;78
59856;78
59912;78
59969;78
60023;78
60078;78
60134;78
60191;78
60247;78
60303;78
60359;78
60420;78
60475;78
60531;78
60593;78
60647;78
60704;78
60761;78
60820;78
60879;78
60941;78
61000;78
61056;78
61112;78
61171;78
61228;78
61285;78
61345;78
61401;78
61464;78
61518;78
61575;78
61636;78
61692;78
61747;78
61803;78
61860;78
61917;78
61973;78
62029;78
62089;78
62145;78
62205;78
62266;78
62321;78
62377;78
62434;78
62490;78
62545;78
62601;78
62658;78
62714;78
62773;78
62836;78
62892;78
62952;78
63008;78
63066;78
63122;78
63178;78
63236;78
63291;78
63347;78
63410;78
63466;78
63522;78
63578;78
63635;78
63690;78
63746;78
63805;78
63860;78
63916;78
63973;78
64035;78
64090;78
64145;78
64201;78
64256;78
64312;78
64371;78
64429;78
64495;78
64547;78
64608;78
64664;78
64726;78
64782;78
64838;78
64897;79
64958;79
65015;79
65072;79
65128;79
65201;79
65253;79
65308;79
65363;79
65420;78
65477;78
65536;78
65592;78
65647;78
65704;78
65762;78
65823;78
65880;78
65936;78
65996;78
66057;78
66111;78
66167;78
66222;78
66279;78
66334;78
66392;78
66449;78
66504;78
66560;78
66628;78
66685;78
66741;78
66798;78
66854;78
66910;78
66969;78
67052;78
67113;78
67169;78
67224;78
67282;78
67337;78
67396;78
67453;78
67510;78
67566;78
67630;78
67687;78
67743;78
67798;78
67854;78
67912;78
67969;78
68024;78
68085;78
68141;78
68209;78
68265;78
68321;78
68378;78
68434;78
68490;78
68554;78
68620;78
68676;78
68735;78
68798;78
68859;78
68914;78
68972;78
69031;78
69088;78
69143;78
69199;78
69257;78
69314;78
69370;78
69434;78
69491;78
69547;78
69602;78
69658;78
69720;78
69778;78
69834;78
69889;78
69945;78
70003;78
70059;78
70131;78
70190;78
70249;78
70305;78
70361;78
70426;78
70481;78
70541;78
70598;78
70653;78
70712;78
70767;78
70825;78
70880;78
70936;78
70996;78
71051;78
71107;78
71162;78
71221;78
71284;78
71339;78
71393;78
71448;78
71503;78
71558;78
71614;78
71674;78
71730;78
71792;78
71849;78
71904;78
71962;78
72023;78
72078;78
72136;78
72192;78
72247;78
72301;78
72357;78
72421;78
72476;78
72531;78
72587;78
72642;78
72708;78
72764;78
72818;78
72873;78
72928;78
73008;78
73075;78
73130;78
73191;78
73243;78
73299;78
73354;78
73416;78
73471;78
73527;78
73588;78
73645;78
73702;78
73760;78
73815;78
73871;78
73926;78
73981;78
74040;78
74093;78
74149;78
74210;78
74266;78
74321;78
74377;78
74435;78
74490;78
74546;78
74604;78
74660;78
74725;78
74785;78
74843;78
74905;78
74962;78
75044;78
75100;78
75152;78
75210;78
75272;78
75326;78
75383;78
75446;78
75502;78
75558;78
75615;78
75671;78
75728;78
75794;78
75848;78
75901;78
75958;78
76019;78
76075;78
76134;78
76191;78
76250;78
76306;78
76365;78
76420;78
76475;78
76530;78
76591;78
76647;78
76703;78
76766;78
76820;78
76877;78
76930;78
76987;78
77048;78
77105;78
77161;78
77224;78
77281;78
77344;78
77397;78
77452;78
77511;78
77572;78
77629;78
77684;78
77748;78
77820;78
77871;78
77925;78
77981;78
78038;78
78094;78
78149;78
78205;78
78260;78
78316;78
78377;78
78443;78
78497;78
78559;78
78615;78
78672;78
78727;78
78786;78
78840;78
78898;78
78953;78
79028;78
79102;78
79158;78
79214;78
79271;78
79343;78
79398;78
79459;78
79515;78
79570;78
79632;78
79687;78
79751;78
79808;78
79863;78
79919;78
79975;78
80031;78
80086;78
80142;78
80207;78
80262;78
80319;78
80377;78
80433;78
80488;78
80547;78
80603;78
80658;78
80713;78
80770;78
80833;78
80893;78
80949;78
81005;78
81064;78
81122;78
81180;78
81236;78
81303;78
81356;78
81421;78
81489;78
81581;78
81675;78
81730;78
81786;78
81843;78
81899;78
81956;78
82017;78
82081;78
82137;78
82192;78
82248;78
82303;78
82358;78
82417;78
82476;78
82531;78
82591;78
82651;78
82706;78
82769;78
82822;78
82876;78
82931;78
82987;78
83045;78
83102;78
83158;78
83225;78
83280;78
83338;78
83414;78
83465;78
83519;78
83575;78
83631;78
83690;78
83746;78
83804;78
83861;78
83921;78
83977;78
84036;78
84092;78
84149;78
84208;78
84263;78
84319;78
84375;78
84435;78
84491;78
84546;78
84605;78
84661;78
84717;78
84774;78
84830;78
84885;78
84947;78
85004;78
85064;78
85121;78
85176;78
85237;78
85293;78
85348;78
85403;78
85464;78
85519;78
85577;78
85638;78
85695;78
85766;78
85838;78
85901;78
85956;78
86011;78
86066;78
86122;78
86177;78
86237;78
86292;78
86348;78
86406;78
86462;78
86530;78
86632;78
86698;78
86761;78
86876;78
86930;78
86986;78
87043;78
87103;78
87158;78
87216;78
87272;78
87327;78
87383;78
87444;78
87499;78
87555;78
87611;78
87674;78
87729;78
87789;78
87859;78
87931;78
88012;78
88067;78
88120;78
88176;78
88231;78
88287;78
88343;78
88399;78
88458;78
88516;78
88576;78
88636;78
88692;78
88752;78
88806;78
88861;78
88918;78
88977;78
89034;78
89103;78
89156;78
89217;78
89272;78
89327;78
89383;78
89441;78
89497;78
89553;78
89608;78
89665;78
89722;78
89778;78
89840;78
89895;78
89950;78
90012;78
90069;78
90132;78
90186;78
90243;78
90301;78
90356;78
90420;78
90476;78
90535;78
90594;78
90650;78
90708;78
90765;78
90821;78
90876;78
90935;78
90994;78
91049;78
91120;78
91170;78
91232;78
91287;78
91346;78
91401;78
91460;78
91521;78
91580;78
91638;78
91693;78
91749;78
91804;78
91859;78
91914;78
91970;78
92025;78
92084;78
92139;78
92198;78
92255;78
92310;78
92366;78
92422;78
92477;78
92532;78
92588;78
92644;78
92699;78
92754;78
92815;78
92869;78
92935;78
92987;78
93042;78
93125;78
93183;78
93238;78
93300;78
93356;78
93434;78
93497;78
93552;78
93608;78
93664;78
93720;78
93778;78
93848;78
93901;78
93954;78
94016;78
94070;78
94125;78
94184;78
94240;78
94295;78
94350;78
94406;78
94463;78
94520;78
94574;78
94639;78
94696;78
94754;78
94809;78
94952;78
95005;78
95063;78
95126;78
95183;78
95241;78
95296;78
95353;78
95410;78
95465;78
95524;78
95584;78
95638;78
95694;78
95749;78
95810;78
95865;78
95921;78
95977;78
96034;78
96098;78
96185;78
96258;78
96314;78
96370;78
96430;78
96485;78
96541;78
96598;78
96653;78
96710;78
96765;78
96821;78
96876;78
96933;78
96991;78
97047;78
97105;78
97163;78
97219;78
97275;78
97332;78
97387;78
97444;78
97503;78
97559;78
97620;78
97687;78
97751;78
97808;78
97865;78
97921;78
97979;78
98036;78
98091;78
