1105;257
1426;257
1731;257
2026;257
2329;257
2609;257
2900;257
3189;257
3883;257
4463;257
4747;257
5041;257
5351;257
5665;257
5952;257
6239;257
6549;257
6892;257
7174;257
7452;257
7731;257
8020;257
8297;257
8574;257
8878;257
9155;257
9436;257
9716;257
10002;257
10283;257
10553;257
10834;257
11116;257
11394;257
11663;257
11938;257
12219;257
12492;257
12772;257
13057;257
13331;257
13604;257
13871;257
14141;257
14408;257
14674;257
14942;257
15200;257
15459;257
15722;257
15978;257
16239;257
16490;257
16738;257
16999;257
17252;257
17493;257
17736;257
17975;257
18212;257
18447;257
18678;257
18911;257
19138;257
19358;257
19577;257
19795;257
20007;257
20225;257
20435;257
20697;255
20947;250
21162;250
21361;250
21606;249
21806;249
22088;245
22282;245
22513;241
22702;241
22935;239
23123;239
23314;239
23498;239
23726;238
23955;237
24133;237
24314;237
24488;237
24660;237
24850;237
25084;237
25300;237
25469;237
25640;237
25806;237
26014;236
26182;236
26400;235
26567;235
26781;234
26960;234
27140;234
27306;234
27475;234
27646;234
27813;234
27982;234
28148;234
28313;234
28476;234
28681;232
28895;231
29065;231
29229;231
29404;231
29570;231
29774;230
29945;230
30161;229
30323;229
30489;229
30651;229
30815;229
31012;229
31175;229
31336;229
31496;229
31660;229
31820;229
31981;229
32142;229
32301;229
32463;229
32623;229
32784;229
32944;229
33108;229
33267;229
33426;229
33585;229
33752;229
33916;229
34101;229
34260;229
34419;229
34575;229
34731;229
34888;229
35058;229
35216;229
35372;229
35536;229
35697;229
35853;229
36012;229
36174;229
36332;229
36489;229
36649;229
36813;229
36973;229
37156;229
37314;229
37470;229
37630;229
37786;229
37943;229
38105;229
38263;229
38419;229
38579;229
38740;229
38901;229
39066;229
39223;229
39384;229
39541;229
39700;229
39859;229
40016;229
40180;229
40337;229
40496;229
40652;229
40812;229
40973;229
41148;229
41305;229
41464;229
41622;229
41796;229
41955;229
42114;229
42275;229
42432;229
42591;229
42747;229
42909;229
43092;229
43267;229
43429;229
43588;229
43747;229
43906;229
44068;229
44229;229
44389;229
44551;229
44711;229
44885;229
45081;229
45286;229
45449;229
45608;229
45769;229
45931;229
46094;229
46257;229
46422;229
46581;229
46742;229
46908;229
47074;229
47240;229
47402;229
47560;229
47721;229
47883;229
48044;229
48206;229
48367;229
48527;229
48683;229
48848;229
49009;229
49175;229
49334;229
49498;229
49657;229
49814;229
49974;229
50130;229
50290;229
50447;229
50606;229
50765;229
50927;229
51088;229
51254;229
51416;229
51576;229
51737;229
51897;229
52057;229
52218;229
52378;229
52552;229
52715;229
52873;229
53035;229
53223;229
53382;229
53540;229
53700;229
53859;229
54035;229
54198;229
54363;229
54522;229
54683;229
54841;229
54999;229
55160;229
55342;229
55500;229
55674;229
55832;229
55992;229
56150;229
56309;229
56468;229
56627;229
56791;229
56957;229
57121;229
57287;229
57446;229
57605;229
57764;229
57924;229
58086;229
58247;229
58408;229
58567;229
58731;229
58902;229
59078;229
59258;229
59419;229
59579;229
59739;229
59901;229
60060;229
60226;229
60386;229
60545;229
60704;229
60864;229
61025;229
61187;229
61352;229
61512;229
61677;229
61837;229
61996;229
62159;229
62320;229
62480;229
62643;229
62803;229
62964;229
63122;229
63312;229
63471;229
63632;229
63795;229
63956;229
64118;229
64279;229
64439;229
64603;229
64765;229
64923;229
65084;229
65243;229
65406;229
65565;229
65725;229
65886;229
66047;229
66208;229
66385;229
66546;229
66705;229
66880;229
67039;229
67202;229
67370;229
67532;229
67691;229
67855;229
68015;229
68174;229
68336;229
68495;229
68656;229
68815;229
68977;229
69136;229
69309;229
69491;229
69650;229
69811;229
69971;229
70131;229
70294;229
70452;229
70614;229
70774;229
70937;229
71099;229
71258;229
71449;229
71614;229
71771;229
71931;229
72096;229
72257;229
72434;229
72595;229
72754;229
72917;229
73079;229
73239;229
73405;229
73562;229
73724;229
73887;229
74050;229
74209;229
74371;229
74529;229
74692;229
74859;229
75018;229
75176;229
75337;229
75503;229
75664;229
75823;229
75980;229
76141;229
76299;229
76460;229
76618;229
76778;229
76944;229
77112;229
77268;229
77457;229
77616;229
77774;229
77933;229
78094;229
78255;229
78417;229
78578;229
78742;229
78903;229
79062;229
79224;229
79387;229
79549;229
79707;229
79865;229
80024;229
80187;229
80347;229
80505;229
80665;229
80823;229
80982;229
81142;229
81302;229
81490;229
81665;229
81825;229
81986;229
82146;229
82307;229
82470;229
82629;229
82790;229
82950;229
83115;229
83279;229
83463;229
83634;229
83794;229
83957;229
84118;229
84280;229
84441;229
84602;229
84767;229
84930;229
85091;229
85258;229
85503;229
85705;229
85863;229
86021;229
86178;229
86340;229
86499;229
86658;229
86821;229
86981;229
87138;229
87296;229
87458;229
87642;229
87804;229
87963;229
88122;229
88280;229
88437;229
88594;229
88754;229
88913;229
89081;229
89238;229
89412;229
89579;229
89738;229
89900;229
90059;229
90219;229
90378;229
90538;229
90697;229
90863;229
91024;229
91183;229
91344;229
91511;229
91692;229
91853;229
92014;229
92174;229
92337;229
92500;229
92662;229
92823;229
92983;229
93144;229
93306;229
93475;229
93665;229
93828;229
93992;229
94150;229
94311;229
94470;229
94628;229
94787;229
94953;229
95113;229
95273;229
95435;229
95599;229
95759;229
95919;229
96079;229
96239;229
96398;229
96556;229
96717;229
96884;229
97048;229
97209;229
97368;229
97526;229
97693;229
97851;229
98010;229
98169;229
98326;229
98488;229
98647;229
98811;229
98970;229
99127;229
99285;229
99443;229
99610;229
99784;229
99946;229
100108;229
100267;229
100426;229
100585;229
100744;229
100905;229
101067;229
101226;229
101384;229
101553;229
101717;229
101878;229
102035;229
102193;229
102356;229
102516;229
102673;229
102833;229
102992;229
103156;229
103315;229
103474;229
103649;229
103820;229
103981;229
104138;229
104297;229
104456;229
104619;229
104780;229
104940;229
105152;229
105376;229
105536;229
105724;229
105886;229
106048;229
106226;229
106386;229
106546;229
106707;229
106872;229
107033;229
107193;229
107353;229
107514;229
107693;229
107855;229
108018;229
108178;229
108341;229
108502;229
108661;229
108821;229
108981;229
109140;229
109302;229
109462;229
109621;229
109810;229
109972;229
110132;229
110293;229
110454;229
110617;229
110780;229
110942;229
111103;229
111263;229
111427;229
111589;229
111758;229
111918;229
112077;229
112237;229
112400;229
112561;229
112718;229
112875;229
113038;229
113196;229
113359;229
113517;229
113675;229
113844;229
114005;229
114163;229
114323;229
114483;229
114641;229
114801;229
114959;229
115117;229
115275;229
115437;229
115597;229
115762;229
115923;229
116083;229
116244;229
116404;229
116566;229
116727;229
116898;229
117058;229
117219;229
117380;229
117538;229
117698;229
117865;229
118026;229
118188;229
118349;229
118512;229
118673;229
118834;229
118997;229
119154;229
119313;229
119471;229
119629;229
119816;229
119992;229
120153;229
120313;229
120471;229
120630;229
120789;229
120949;229
121109;229
121271;229
121431;229
121594;229
121755;229
121920;229
122083;229
122244;229
122403;229
122564;229
122725;229
122884;229
123049;229
123210;229
123369;229
123533;229
123693;229
123861;229
124024;229
124184;229
124345;229
124504;229
124666;229
124825;229
124992;229
125151;229
125313;229
125472;229
125631;229
125792;229
125955;229
126118;229
126278;229
126439;229
126599;229
126757;229
126926;229
127089;229
127251;229
127411;229
127571;229
127733;229
127909;229
128066;229
128227;229
128385;229
128549;229
128709;229
128868;229
129027;229
129189;229
129350;229
129506;229
129663;229
129824;229
129989;229
130150;229
130315;229
130473;229
130628;229
130793;229
130953;229
131112;229
131269;229
131426;229
131583;229
131743;229
131905;229
132061;229
132230;229
132388;229
132546;229
132702;229
132861;229
133021;229
133177;229
133335;229
133492;229
133649;229
133810;229
133975;229
134130;229
134288;229
134446;229
134602;229
134763;229
134922;229
135079;229
135238;229
135398;229
135557;229
135713;229
135877;229
136039;229
136197;229
136355;229
136511;229
136668;229
136837;229
136996;229
137156;229
137315;229
137474;229
137633;229
137791;229
137954;229
138115;229
138275;229
138441;229
138603;229
138763;229
138926;229
139088;229
139248;229
139408;229
139570;229
139730;229
139897;229
140058;229
140221;229
140381;229
140540;229
140700;229
140861;229
141022;229
141182;229
141343;229
141522;229
141686;229
141847;229
142012;229
142170;229
142330;229
142492;229
142653;229
142814;229
142977;229
143141;229
143298;229
143455;229
143623;229
143782;229
143949;229
144106;229
144266;229
144429;229
144600;229
144760;229
144919;229
145080;229
145241;229
145480;229
145681;229
145840;229
146022;229
146181;229
146342;229
146497;229
146654;229
146817;229
146977;229
147136;229
147295;229
147456;229
147618;229
147775;229
147936;229
148101;229
148260;229
148418;229
148577;229
148735;229
148897;229
149058;229
149220;229
149381;229
149540;229
149701;229
149860;229
150026;229
150191;229
150352;229
150513;229
150676;229
150842;229
151004;229
151167;229
151328;229
151489;229
151649;229
151810;229
151980;229
152158;229
152320;229
152480;229
152639;229
152801;229
152962;229
153124;229
153285;229
153444;229
153604;229
153769;229
153932;229
154102;229
154262;229
154423;229
154582;229
154742;229
154901;229
155065;229
155228;229
155386;229
155545;229
155705;229
155865;229
156051;229
156217;229
156378;229
156539;229
156697;229
156867;229
157028;229
157188;229
157347;229
157508;229
157666;229
157825;229
157988;229
158176;229
158351;229
158509;229
158668;229
158830;229
158988;229
159147;229
159306;229
159466;229
159623;229
159783;229
159947;229
160121;229
160280;229
160437;229
160596;229
160756;229
160914;229
161076;229
161236;229
161400;229
161560;229
161719;229
161877;229
162035;229
162222;229
162381;229
162537;229
162694;229
162856;229
163017;229
163175;229
163333;229
163492;229
163650;229
163809;229
163967;229
164151;229
164312;229
164476;229
164638;229
164806;229
164966;229
165193;229
165361;229
165522;229
165679;229
165840;229
166017;229
166205;229
166364;229
166525;229
166682;229
166848;229
167008;229
167169;229
167327;229
167500;229
167659;229
167819;229
167977;229
168137;229
168299;229
168462;229
168623;229
168783;229
168946;229
169111;229
169271;229
169433;229
169594;229
169753;229
169910;229
170067;229
170258;229
170416;229
170579;229
170737;229
170896;229
171057;229
171217;229
171377;229
171536;229
171695;229
171855;229
172016;229
172183;229
172344;229
172504;229
172668;229
172827;229
172986;229
173147;229
173303;229
173458;229
173618;229
173777;229
173935;229
174094;229
174260;229
174417;229
174576;229
174733;229
174890;229
175052;229
175226;229
175385;229
175540;229
175700;229
175859;229
176016;229
176178;229
176343;229
176506;229
176666;229
176833;229
176995;229
177156;229
177314;229
177477;229
177637;229
177796;229
177957;229
178117;229
178296;229
178457;229
178616;229
178777;229
178938;229
179097;229
179265;229
179434;229
179593;229
179757;229
179915;229
180074;229
180238;229
180400;229
180560;229
180720;229
180881;229
181042;229
181203;229
181378;229
181540;229
181700;229
181864;229
182023;229
182184;229
182350;229
182509;229
182669;229
182830;229
182991;229
183151;229
183313;229
183471;229
183631;229
183794;229
183954;229
184116;229
184279;229
184443;229
184604;229
184766;229
184925;229
185084;229
185241;229
185406;229
185570;229
185729;229
185892;229
186050;229
186213;229
186400;229
186561;229
186719;229
186884;229
187045;229
187205;229
187363;229
187539;229
187698;229
187867;229
188031;229
188189;229
188352;229
188511;229
188669;229
188830;229
188996;229
189155;229
189319;229
189480;229
189637;229
189797;229
189957;229
190115;229
190275;229
190445;229
190606;229
190766;229
190923;229
191087;229
191248;229
191405;229
191564;229
191721;229
191883;229
192046;229
192204;229
192372;229
192532;229
192691;229
192849;229
193012;229
193173;229
193332;229
193492;229
193655;229
193815;229
193974;229
194134;229
194291;229
194459;229
194617;229
194779;229
194941;229
195102;229
195261;229
195422;229
195581;229
195740;229
195900;229
196059;229
196220;229
196386;229
196549;229
196714;229
196881;229
197045;229
197206;229
197366;229
197525;229
197684;229
197844;229
198003;229
198164;229
198327;229
198517;229
198678;229
198840;229
198999;229
199157;229
199317;229
199475;229
199633;229
199794;229
199957;229
200117;229
200278;229
200465;229
200623;229
200786;229
200944;229
201104;229
201266;229
201431;229
201591;229
201751;229
201913;229
202078;229
202236;229
202407;229
202582;229
202749;229
202907;229
203067;229
203226;229
203384;229
203543;229
203702;229
203862;229
204025;229
204185;229
204346;229
204534;229
204692;229
204850;229
205012;229
205171;229
205387;229
205591;229
