197;261
334;261
429;261
518;261
582;261
633;261
675;261
716;261
784;261
831;261
888;261
936;261
996;261
1055;261
1109;261
1165;261
1203;261
1241;261
1282;261
1341;261
1379;261
1417;261
1472;261
1514;261
1553;261
1618;261
1664;261
1702;261
1744;264
1784;264
1831;264
1885;264
1941;264
1994;264
2056;264
2113;264
2167;264
2214;264
2251;264
2292;264
2331;264
2370;264
2408;264
2445;264
2483;264
2532;264
2569;264
2613;264
2649;264
2687;264
2742;264
2778;264
2816;264
2861;264
2907;264
2939;264
2973;264
3004;264
3040;264
3082;264
3116;264
3153;264
3188;264
3222;264
3259;264
3299;264
3348;264
3397;264
3445;264
3493;264
3545;264
3600;264
3667;264
3722;264
3753;264
3786;264
3822;264
3858;264
3891;264
3930;264
3963;264
4000;264
4034;264
4071;264
4104;264
4138;264
4172;264
4206;264
4240;264
4273;264
4312;261
4347;261
4382;261
4425;261
4458;261
4493;261
4543;261
4573;261
4610;266
4647;266
4682;266
4716;266
4755;261
4789;261
4830;261
4864;261
4912;261
4951;261
4984;261
5018;261
5053;261
5100;261
5134;261
5168;261
5201;261
5235;261
5273;261
5306;261
5341;261
5374;261
5412;261
5460;261
5508;261
5555;261
5608;261
5680;261
5726;261
5775;261
5824;261
5872;261
5925;261
5973;261
6023;261
6080;261
6114;261
6148;261
6186;261
6230;261
6264;261
6298;261
6331;261
6372;261
6405;261
6443;261
6477;261
6511;261
6553;261
6587;261
6625;261
6660;261
6694;261
6729;261
6762;261
6805;261
6842;261
6878;261
6915;261
6950;261
6985;261
7019;261
7052;261
7084;261
7125;261
7159;261
7193;261
7232;261
7267;261
7300;261
7335;261
7371;261
7411;261
7447;261
7481;261
7517;261
7552;261
7590;261
7627;261
7666;261
7700;261
7734;261
7767;261
7810;261
7845;261
7882;261
7917;261
7950;261
7983;261
8024;261
8057;260
8091;260
8128;260
8161;260
8199;260
8231;260
8264;260
8298;260
8331;260
8376;260
8413;260
8450;260
8488;260
8521;260
8571;260
8606;260
8647;260
8684;260
8719;260
8758;260
8790;260
8824;260
8863;260
8897;260
8936;260
8971;260
9006;260
9041;260
9073;260
9108;260
9144;260
9177;260
9210;260
9243;260
9276;260
9310;260
9344;260
9382;260
9417;260
9451;260
9484;260
9518;260
9551;260
9595;260
9630;260
9665;260
9699;260
9732;260
9764;260
9799;260
9833;260
9868;260
9903;260
9940;260
9974;260
10006;260
10046;260
10079;260
10112;260
10149;260
10183;260
10215;260
10248;260
10296;260
10330;260
10363;260
10397;260
10431;260
10468;260
10503;260
10541;260
10574;260
10611;260
10644;260
10678;260
10710;260
10744;260
10778;260
10813;260
10849;260
10887;260
10921;260
10954;260
10990;260
11029;260
11066;260
11099;260
11138;261
11171;261
11215;261
11258;261
11291;261
11324;261
11366;261
11405;261
11438;261
11470;261
11503;261
11536;261
11569;261
11602;261
11636;261
11672;260
11705;260
11742;260
11776;260
11810;260
11842;260
11877;260
11910;260
11945;260
11978;260
12012;260
12048;260
12084;260
12118;260
12151;260
12187;260
12230;260
12267;260
12300;260
12333;260
12366;260
12399;260
12434;260
12467;260
12508;260
12542;260
12575;260
12611;260
12643;260
12675;260
12711;260
12745;260
12779;260
12811;260
12858;260
12893;260
12927;260
12961;260
12999;260
13037;260
13075;260
13110;260
13148;260
13182;260
13216;260
13250;260
13288;260
13319;260
13354;260
13392;260
13426;260
13458;260
13499;260
13536;260
13574;260
13608;260
13648;260
13684;260
13729;260
13763;260
13803;260
13839;260
13873;260
13907;260
13945;260
13982;260
14029;260
14062;260
14100;260
14137;260
14172;260
14206;260
14240;260
14274;260
14306;260
14344;260
14391;260
14428;260
14463;260
14498;260
14535;260
14570;260
14613;260
14651;260
14685;260
14722;260
14755;260
14790;260
14830;260
14877;260
14910;260
14947;260
14987;260
15029;260
15062;260
15097;260
15136;260
15173;260
15207;260
15239;260
15275;260
15312;260
15346;260
15384;260
15418;260
15451;260
15485;260
15519;260
15553;260
15591;260
15629;260
15669;260
15703;260
15737;260
15773;261
15806;261
15839;262
15878;262
15912;262
15946;262
15978;262
16011;262
16044;262
16078;262
16113;262
16145;262
16176;262
16209;262
16242;262
16282;262
16316;262
16354;262
16395;262
16427;262
16461;262
16495;262
16528;262
16561;262
16594;262
16632;262
16664;262
16694;262
16738;262
16775;262
16808;262
16855;262
16898;262
16933;262
16967;262
17004;262
17036;262
17068;262
17101;262
17137;262
17169;262
17202;262
17236;262
17271;262
17315;262
17351;262
17386;262
17419;262
17453;262
17491;262
17523;262
17555;262
17588;262
17622;262
17656;262
17691;262
17738;262
17770;262
17803;262
17835;262
17869;262
17909;262
17943;262
17976;262
18010;262
18050;262
18082;262
18118;262
18163;262
18196;262
18233;262
18269;262
18303;262
18341;262
18374;262
18406;262
18439;262
18477;262
18511;262
18544;262
18578;262
18610;262
18643;262
18677;262
18712;262
18745;262
18776;262
18807;262
18841;262
18877;262
18907;262
18940;262
18975;262
19009;262
19046;262
19081;262
19113;262
19149;262
19187;262
19220;262
19253;262
19286;262
19319;262
19353;262
19385;262
19423;262
19456;262
19500;262
19538;262
19571;262
19608;262
19641;262
19680;262
19719;262
19754;262
19790;262
19827;262
19861;262
19898;262
19938;262
19972;262
20005;262
20038;262
20070;262
20107;262
20141;262
20175;262
20208;262
20243;262
20274;262
20312;262
20349;262
20391;262
20426;262
20459;262
20495;262
20530;262
20563;262
20596;262
20630;262
20671;262
20706;262
20743;261
20782;261
20814;261
20846;261
20883;262
20923;262
20956;262
20989;262
21025;262
21058;262
21100;262
21133;262
21165;262
21199;262
21233;262
21267;262
21299;262
21330;262
21363;262
21397;262
21429;262
21478;262
21532;262
21571;262
21608;262
21649;262
21686;262
21724;262
21770;262
21805;262
21842;262
21875;262
21911;262
21944;262
21987;262
22020;262
22053;262
22090;262
22130;262
22175;262
22208;262
22241;262
22275;262
22315;262
22350;262
22384;262
22426;262
22460;262
22503;262
22546;262
22592;262
22644;262
22677;261
22716;261
22758;261
22791;261
22826;261
22859;261
22902;261
22935;261
22967;261
23000;261
23034;261
23067;266
23100;266
23133;266
23166;266
23210;266
23240;266
23274;266
23307;266
23341;266
23375;266
23406;266
23439;266
23473;266
23510;266
23543;266
23578;266
23610;266
23647;266
23680;266
23720;265
23773;265
23806;265
23843;265
23878;265
23913;265
23966;265
24000;265
24033;265
24066;265
24102;265
24138;265
24173;265
24211;265
24244;265
24281;265
24320;265
24353;265
24392;265
24424;265
24458;265
24494;265
24535;265
24568;265
24602;265
24638;265
24670;265
24705;265
24742;264
24779;264
24812;264
24846;264
24879;259
24916;259
24949;259
24984;259
25017;259
25054;259
25088;259
25121;259
25155;259
25191;259
25225;259
25261;259
25301;259
25335;259
25367;259
25407;259
25438;259
25472;259
25506;259
25538;259
25572;259
25605;259
25636;259
25674;259
25708;259
25742;259
25780;259
25814;259
25856;259
25893;259
25924;264
25956;264
25988;264
26026;264
26060;264
26096;264
26129;264
26165;264
26205;264
26239;264
26275;264
26309;264
26345;264
26377;264
26409;264
26446;264
26477;264
26512;264
26553;264
26590;264
26621;264
26653;264
26685;264
26717;264
26751;264
26787;264
26819;264
26856;264
26892;264
26925;264
26959;264
26997;264
27028;264
27059;264
27092;264
27124;264
27160;264
27201;264
27233;264
27265;264
27298;264
27331;264
27381;264
27414;264
27447;264
27483;264
27519;264
27555;264
27587;264
27624;264
27661;264
27698;264
27740;264
27795;264
27828;264
27878;264
27912;264
27947;264
27987;265
28024;265
28058;265
28102;265
28138;265
28171;265
28204;265
28240;265
28272;265
28305;265
28341;265
28380;265
28413;265
28449;265
28481;265
28517;265
28551;265
28589;265
28622;265
28664;265
28701;265
28736;265
28772;265
28805;265
28842;265
28877;265
28913;265
28947;265
28981;265
29021;265
29060;265
29098;265
29133;265
29175;265
29209;265
29244;265
29280;265
29313;265
29345;265
29378;265
29413;265
29451;265
29484;265
29522;265
29554;265
29591;265
29624;265
29656;265
29694;265
29727;265
29772;265
29821;265
29859;265
29894;265
29927;265
29968;265
30005;265
30041;265
30073;265
30106;265
30144;265
30179;265
30214;265
30251;265
30284;265
30319;265
30352;265
30388;265
30426;265
30459;265
30495;265
30529;265
30566;265
30599;260
30629;260
30664;260
30710;260
30743;260
30776;260
30815;260
30843;260
30876;260
30910;260
30943;260
30980;261
31017;261
31050;261
31084;261
31116;261
31153;261
31185;261
31216;261
31253;261
31289;261
31325;265
31364;265
31396;266
31429;266
31468;266
31501;266
31534;266
31578;266
31616;266
31650;266
31686;266
31720;266
31767;266
31819;266
31854;266
31886;266
31926;266
31961;266
31996;266
32030;266
32064;266
32097;266
32135;266
32173;265
32207;265
32249;266
32282;266
32313;266
32346;266
32385;264
32417;264
32453;264
32489;264
32524;264
32559;263
32592;263
32623;263
32656;263
32688;263
32735;263
32769;263
32809;260
32842;260
32885;260
32917;260
32954;260
32997;260
33037;260
33069;260
33103;260
33140;260
33174;260
33207;260
33245;260
33280;260
33313;260
33345;260
33377;260
33413;260
33449;260
33483;260
33521;260
33554;260
33587;260
33620;260
33657;260
33694;260
33731;260
33778;260
33833;260
33872;260
33906;260
33951;260
33987;260
34020;260
34053;260
34089;260
34122;260
34158;260
34190;260
34226;260
34265;260
34297;260
34329;260
34366;260
34403;260
34436;260
34472;260
34508;260
34540;260
34584;260
34615;260
34656;260
34690;260
34723;260
34764;260
34801;260
34833;260
34870;260
34907;260
34939;261
34972;261
35031;261
35065;261
35106;261
35144;261
35175;261
35208;261
35240;261
35272;261
35307;261
35340;261
35384;261
35417;260
35449;260
35482;260
35515;260
35551;260
35585;260
35618;260
35651;260
35690;260
35734;260
35770;260
35805;260
35853;260
35887;260
35922;260
35955;260
35988;260
36025;260
36063;260
36095;260
36128;260
36159;260
36195;260
36228;260
36260;260
36293;260
36325;260
36360;260
36400;260
36432;260
36470;260
36504;260
36538;260
36577;260
36611;260
36645;260
36677;260
36712;260
36746;260
36779;260
36814;260
36850;260
36889;260
36926;260
36958;260
36994;260
37031;260
37064;260
37096;260
37128;260
37160;260
37193;260
37226;260
37259;260
37296;260
37330;260
37363;260
37397;260
37429;260
37466;260
37504;260
37540;260
37572;260
37604;260
37638;260
37672;260
37711;260
37744;260
37776;260
37810;260
37846;260
37879;260
37918;260
37951;260
37987;260
38024;260
38059;260
38109;260
38141;260
38175;260
38215;260
38247;260
38280;260
38312;260
38348;260
38389;260
38419;260
38452;260
38488;260
38527;260
38559;260
38591;260
38628;260
38673;260
38705;260
38743;260
38777;260
38815;260
38852;260
38889;260
38928;260
38959;260
38992;260
39025;260
39057;260
39090;260
39126;260
39169;260
39212;260
39245;260
39278;260
39314;260
39347;260
39381;260
39415;260
39449;260
39480;260
39513;260
39547;260
39580;260
39622;260
39666;260
39701;260
39733;260
39768;260
39802;260
39860;260
39897;260
39929;260
39967;260
39999;260
40031;260
40063;260
40098;260
40133;260
40165;260
40198;260
40236;260
40267;260
40299;260
40327;260
40361;260
40394;260
40427;260
40462;260
40494;260
40534;260
40577;260
40610;260
40646;260
40686;260
40721;260
40753;260
40785;260
40825;260
40860;260
40896;260
40941;260
40972;260
41005;260
41039;260
41072;260
41108;260
41141;260
41191;260
41227;260
41259;260
41296;260
41330;260
41362;260
41394;260
41426;260
41459;260
41502;260
41538;260
41571;260
41611;260
41647;260
41681;260
41715;260
41751;260
41799;260
41831;260
41869;260
41902;260
41937;260
41997;260
42050;260
42082;260
42117;260
42156;260
42188;260
42221;260
42254;260
42287;260
42323;260
42357;260
42390;260
42427;260
42463;260
42496;260
42530;260
42562;260
42595;260
42632;260
42664;260
42702;260
42741;260
42775;260
42812;260
42844;260
42879;260
42915;260
42948;260
42980;260
43012;260
43045;260
43077;260
43110;260
43142;261
43174;261
43210;261
43243;261
43280;261
43314;261
43351;261
43389;261
43423;261
43455;261
43488;261
43522;261
43555;261
43588;261
43620;261
43651;261
43685;261
43720;261
43756;261
43799;261
43832;261
43872;261
43905;261
43938;261
43970;261
44005;261
44041;261
44073;261
44105;261
44154;261
44185;261
44218;261
44254;261
44288;261
44322;261
44360;261
44394;261
44427;261
44463;261
44503;261
44536;260
44572;260
44610;260
44642;260
44674;260
44711;260
44747;260
44779;260
44822;260
44856;260
44891;260
44927;260
44960;260
44992;260
45026;260
45062;260
45096;260
45130;260
45178;260
45211;260
45247;260
45279;260
45313;260
45348;260
45392;260
45425;260
45460;260
45492;260
45523;260
45555;260
45589;260
45622;260
45655;260
45688;260
45721;260
45755;260
45794;260
45832;260
45867;260
45903;260
45936;260
45970;260
46007;260
46041;260
46074;260
46111;260
46144;260
46177;260
46217;260
46252;260
46284;260
46316;260
46356;260
46389;260
46426;260
46457;260
46494;259
46530;259
46566;259
46598;259
46632;259
46663;259
46697;259
46729;259
46763;259
46797;259
46834;259
46869;259
46903;259
46937;259
46970;259
47004;259
47036;259
47067;259
47104;259
47137;259
47178;259
47211;259
47247;259
47280;259
47314;259
47346;259
47383;259
47417;259
47449;259
47482;259
47514;259
47547;259
47583;259
47621;259
47658;259
47694;259
47729;259
47761;259
47792;259
47825;259
47864;259
47900;259
47938;259
47971;259
48012;259
48044;259
48074;259
48108;259
48145;259
48185;259
48219;259
48251;259
48283;259
48317;259
48351;259
48385;259
48421;259
48452;259
48484;259
48517;259
48553;259
48585;259
48621;259
48653;259
48689;259
48722;259
48759;259
48793;259
48827;259
48861;259
48894;259
48928;259
48962;259
48996;259
49029;259
49065;259
49098;259
49131;259
49168;259
49215;259
49252;259
49284;259
49318;259
49355;259
49387;259
49420;259
49456;259
49493;259
49529;259
49563;259
49596;259
49629;259
49662;259
49697;259
49729;259
49761;259
49797;259
49830;259
49875;259
49937;259
49970;259
50005;259
50041;259
50075;259
50111;259
50145;259
50178;259
50214;259
50274;259
50309;259
50353;259
50388;259
50424;259
50456;259
50492;259
50524;259
50556;259
50590;259
50631;259
50668;259
50702;259
50740;259
50773;259
50806;259
50839;259
50872;259
50909;259
50980;259
51022;259
51062;259
51122;259
51156;259
51190;259
51228;259
51262;259
51298;259
51333;259
51382;259
51416;259
51450;259
51485;259
51520;259
51561;259
51598;259
51632;259
51663;259
51696;259
51733;260
51769;260
51803;260
51841;260
51882;260
51959;260
52022;260
52076;260
52110;260
52146;260
52182;260
52237;260
52295;260
52328;260
52359;260
52393;260
52426;260
52458;260
52490;260
52522;260
52556;260
52600;260
52633;260
52667;260
52702;260
52744;260
52783;260
52816;260
52845;260
52884;260
52917;260
52952;260
52987;260
53022;260
53055;260
53091;260
53124;260
53158;260
53191;260
53229;260
53260;260
53291;260
53323;260
53356;260
53394;260
53440;260
53477;260
53510;260
53544;260
53577;260
53610;260
53644;260
53678;260
53717;260
53750;260
53782;260
53815;260
53846;260
53879;260
53914;260
53951;260
53980;260
54014;260
54047;260
54079;260
54119;260
54152;260
54188;260
54222;260
54254;260
54288;260
54320;260
54353;260
54385;260
54419;260
54452;260
54488;260
54521;260
54555;260
54597;260
54629;260
54662;260
54695;260
54728;260
54764;260
54797;260
54831;260
54869;260
54910;260
54948;260
54983;260
55019;260
55052;260
55084;260
55119;260
55152;260
55186;260
55220;260
55251;260
55290;260
55333;260
55364;260
55396;260
55428;260
55465;260
55497;260
55529;260
55562;260
55595;260
55628;260
55665;260
55701;260
55733;260
55765;260
55801;260
55833;260
55869;260
55904;260
55941;260
55974;260
56007;260
56040;260
56073;260
56105;260
56141;260
56174;260
56211;260
56251;260
56283;260
56317;260
56369;260
56406;260
56452;260
56486;260
56520;260
56560;260
56594;260
56627;260
56661;260
56694;260
56738;260
56772;260
56811;260
56845;260
56879;260
56911;260
56949;260
56985;260
57019;260
57055;260
57088;260
57120;260
57161;260
57196;260
57230;260
57262;260
57299;260
57336;260
57366;260
57399;260
57437;260
57471;260
57511;260
57544;260
57581;260
57618;260
57656;260
57694;260
57727;260
57766;260
57799;260
57835;260
57869;260
57907;260
57942;260
57981;260
58014;259
58064;259
58100;258
58134;258
58166;258
58203;258
58241;258
58274;258
58307;258
58346;258
58381;258
58413;258
58445;258
58478;258
58515;258
58548;258
58584;258
58617;258
58650;258
58682;258
58719;258
58755;258
58787;258
58819;258
58857;258
58890;258
58934;258
58973;258
59005;258
59038;258
59071;258
59103;258
59135;258
59168;258
59201;258
59238;258
59275;258
59310;258
59343;258
59379;258
59412;258
59448;258
59487;258
59521;258
59561;258
59594;258
59624;258
59661;258
59699;258
59742;258
59776;258
59808;258
59842;258
59882;258
59917;258
59952;258
59986;258
60026;258
60058;258
60091;258
60123;258
60159;258
60196;258
60226;258
60259;258
60294;258
60328;258
60360;258
60393;258
60430;258
