118;261
207;261
283;261
401;261
543;261
624;261
692;261
747;261
840;261
907;261
958;261
1008;261
1064;261
1124;261
1186;261
1260;261
1327;261
1369;261
1422;261
1490;261
1531;261
1567;261
1622;261
1666;261
1710;261
1749;261
1788;261
1825;261
1869;261
1907;261
1949;261
2009;261
2064;261
2116;261
2168;261
2219;261
2278;261
2313;261
2351;261
2391;261
2430;261
2473;261
2516;261
2553;261
2589;261
2627;261
2665;261
2703;261
2742;261
2779;261
2818;261
2859;261
2890;261
2941;261
2986;261
3022;261
3060;261
3092;261
3125;261
3165;261
3198;261
3233;261
3271;261
3305;261
3340;261
3380;261
3429;261
3482;261
3529;261
3576;262
3628;262
3679;262
3729;262
3787;262
3818;262
3850;262
3884;262
3918;262
3951;262
3985;262
4018;262
4055;262
4088;262
4121;262
4155;262
4190;262
4226;262
4259;262
4292;262
4327;262
4363;262
4395;262
4432;262
4483;262
4518;262
4554;262
4608;262
4638;262
4670;262
4710;262
4750;262
4787;262
4823;262
4858;262
4892;262
4926;262
4961;262
4997;262
5036;262
5071;262
5107;262
5144;262
5178;262
5211;262
5244;263
5278;263
5314;263
5348;263
5381;263
5415;263
5451;263
5502;263
5549;263
5602;263
5654;263
5707;263
5768;263
5821;263
5871;263
5920;263
5963;263
6019;263
6071;263
6122;263
6154;263
6190;263
6221;263
6255;263
6288;263
6322;263
6356;263
6389;263
6425;263
6458;263
6492;263
6526;263
6568;263
6601;263
6634;263
6670;263
6703;263
6736;262
6769;262
6802;262
6839;262
6871;262
6911;262
6945;262
6977;262
7010;261
7045;260
7079;260
7124;260
7159;260
7196;260
7231;260
7263;260
7310;260
7349;260
7383;260
7425;260
7458;260
7491;260
7523;260
7559;260
7593;260
7625;260
7658;260
7694;260
7727;260
7761;260
7794;260
7830;260
7862;260
7896;260
7936;260
7969;260
8001;260
8038;260
8073;260
8104;260
8140;260
8176;260
8209;260
8244;260
8278;260
8313;260
8348;260
8385;260
8419;260
8453;260
8489;260
8524;260
8562;260
8597;260
8639;260
8672;260
8713;260
8749;260
8785;260
8817;260
8850;260
8884;260
8916;260
8951;260
8985;260
9019;260
9053;260
9090;260
9135;260
9172;260
9207;260
9241;260
9282;260
9323;260
9364;260
9400;260
9434;260
9468;260
9500;260
9535;260
9573;260
9605;260
9643;260
9678;260
9711;260
9745;260
9777;260
9810;260
9847;260
9892;260
9926;260
9961;260
10000;260
10040;260
10074;260
10106;260
10138;260
10172;260
10206;260
10238;260
10271;262
10305;262
10343;262
10380;262
10434;262
10473;262
10508;262
10543;262
10585;262
10621;262
10654;262
10693;262
10728;262
10762;262
10796;262
10829;262
10864;262
10900;262
10937;262
10972;262
11005;262
11042;262
11075;262
11112;263
11145;263
11177;263
11211;263
11244;263
11285;263
11319;263
11357;263
11400;263
11434;261
11472;261
11509;261
11546;261
11579;261
11614;261
11648;261
11682;261
11717;261
11754;261
11796;261
11830;261
11863;261
11896;261
11933;261
11984;261
12021;261
12054;261
12088;261
12121;261
12160;261
12199;261
12232;261
12268;261
12304;261
12338;261
12370;261
12403;261
12443;264
12475;264
12507;264
12541;264
12576;264
12614;264
12651;264
12686;264
12721;264
12753;264
12785;265
12820;265
12853;265
12894;266
12929;266
12967;266
13002;266
13037;266
13069;266
13102;266
13138;266
13172;266
13204;266
13237;266
13269;265
13313;265
13352;265
13386;265
13421;265
13454;265
13491;265
13555;265
13638;265
13690;265
13745;265
13785;265
13834;265
13886;265
13923;265
13960;265
14001;265
14042;265
14086;265
14123;265
14160;265
14199;265
14236;265
14281;265
14327;265
14361;265
14394;265
14426;265
14472;265
14511;265
14558;265
14607;265
14649;265
14687;265
14727;265
14760;265
14793;265
14829;265
14862;265
14900;265
14934;265
14967;265
15003;265
15037;265
15068;265
15104;265
15141;265
15183;265
15242;265
15275;265
15312;265
15346;265
15383;265
15420;265
15454;265
15492;265
15532;265
15567;265
15612;265
15653;265
15689;265
15722;265
15759;261
15793;261
15834;261
15866;261
15906;261
15942;261
15977;261
16010;261
16043;261
16077;261
16109;261
16143;261
16186;261
16225;261
16264;261
16297;261
16331;261
16365;261
16402;261
16438;261
16473;261
16507;261
16543;261
16587;261
16632;261
16676;261
16714;261
16747;261
16785;261
16821;261
16853;261
16886;261
16926;261
16959;261
16998;261
17033;261
17066;261
17101;261
17134;261
17167;261
17203;261
17235;261
17269;261
17300;261
17332;261
17366;261
17402;261
17433;261
17463;261
17497;261
17528;261
17571;261
17603;261
17635;261
17671;261
17705;261
17749;261
17789;261
17824;261
17857;261
17893;261
17929;261
17964;261
17999;261
18034;261
18072;261
18103;261
18135;261
18175;261
18209;261
18246;261
18282;261
18316;261
18351;261
18383;261
18418;261
18460;261
18494;261
18529;261
18570;261
18620;261
18652;261
18684;261
18715;261
18747;260
18779;260
18815;260
18847;260
18879;260
18914;260
18950;260
18982;260
19017;260
19052;260
19083;260
19114;260
19155;257
19187;257
19219;257
19254;257
19289;257
19320;257
19351;257
19386;257
19419;257
19450;257
19482;257
19514;257
19545;257
19581;257
19613;257
19647;257
19681;257
19714;257
19749;257
19788;257
19828;257
19872;257
19903;257
19939;257
19971;257
20006;257
20040;257
20076;257
20107;257
20139;257
20180;257
20214;257
20246;257
20278;257
20308;257
20344;257
20380;257
20412;259
20447;259
20478;259
20517;259
20548;259
20594;259
20640;259
20671;259
20703;259
20742;259
20778;259
20814;259
20846;259
20879;259
20910;259
20943;259
20976;259
21013;259
21042;259
21077;259
21111;259
21146;259
21178;259
21210;259
21245;259
21278;259
21310;259
21343;259
21393;259
21425;259
21466;264
21502;264
21537;264
21576;264
21607;264
21643;264
21677;264
21719;264
21785;264
21823;264
21864;262
21895;262
21932;259
21968;259
21997;259
22030;259
22063;259
22096;259
22127;259
22163;259
22197;259
22237;259
22276;259
22316;259
22350;259
22385;259
22418;259
22456;259
22492;259
22525;259
22559;259
22607;259
22658;259
22691;259
22728;259
22784;259
22843;259
22891;259
22949;259
22981;259
23013;259
23050;259
23084;259
23120;259
23154;259
23189;259
23227;259
23260;259
23293;259
23328;259
23359;259
23391;259
23425;259
23461;259
23496;259
23534;259
23565;259
23598;259
23631;259
23663;259
23696;259
23728;259
23761;259
23793;259
23826;259
23858;259
23895;259
23927;259
23958;259
23991;259
24023;259
24056;259
24090;259
24125;259
24158;259
24189;259
24221;259
24255;259
24286;259
24318;259
24352;259
24384;259
24416;259
24459;259
24498;259
24530;259
24562;259
24600;259
24651;259
24688;259
24720;259
24753;259
24811;259
24866;259
24899;259
24937;259
24976;259
25009;259
25042;259
25073;259
25107;259
25138;259
25169;259
25202;259
25233;259
25267;259
25299;259
25333;259
25366;259
25403;259
25436;259
25472;259
25532;259
25576;259
25613;259
25645;259
25681;259
25713;259
25745;259
25777;259
25810;259
25844;259
25875;259
25908;259
25942;259
25986;259
26031;259
26064;259
26101;259
26138;259
26171;259
26201;259
26233;259
26265;259
26297;259
26328;259
26358;259
26395;259
26435;259
26468;259
26500;259
26534;259
26567;259
26599;259
26634;259
26670;259
26702;259
26737;259
26770;259
26806;259
26841;259
26875;259
26909;259
26941;259
26975;259
27008;259
27048;259
27082;259
27115;259
27149;259
27181;259
27220;259
27249;259
27285;259
27317;259
27349;259
27386;259
27422;259
27458;259
27491;259
27531;259
27576;259
27608;259
27642;259
27675;259
27709;259
27748;259
27783;259
27816;259
27850;259
27885;259
27919;259
27953;259
27984;259
28018;259
28053;259
28086;259
28119;259
28163;259
28197;259
28231;259
28265;259
28297;259
28329;259
28360;259
28395;259
28427;259
28466;259
28502;259
28535;259
28573;259
28606;259
28641;259
28675;259
28708;259
28744;259
28786;259
28819;259
28854;259
28885;259
28916;259
28950;259
28984;259
29018;259
29054;259
29108;259
29145;259
29179;259
29219;259
29251;259
29285;259
29316;259
29351;259
29385;259
29421;259
29456;259
29487;259
29523;259
29561;259
29600;259
29636;259
29671;259
29699;259
29730;259
29766;259
29797;259
29833;259
29868;259
29903;259
29934;259
29968;259
30000;259
30036;259
30078;259
30114;259
30147;259
30180;259
30215;259
30250;259
30281;259
30315;259
30350;259
30391;259
30423;259
30460;259
30500;259
30533;259
30569;259
30606;259
30640;259
30686;259
30721;259
30757;259
30788;259
30826;259
30861;259
30895;259
30930;259
30962;259
30995;259
31029;259
31067;259
31100;259
31133;259
31168;259
31201;259
31237;259
31272;259
31304;259
31339;259
31375;259
31406;259
31438;259
31473;259
31509;259
31545;259
31578;259
31613;259
31644;259
31682;259
31714;259
31748;259
31786;259
31817;259
31849;259
31885;259
31918;259
31956;259
31992;259
32025;257
32061;258
32094;258
32127;258
32175;259
32209;259
32245;259
32281;259
32312;259
32354;259
32386;259
32422;259
32457;259
32488;259
32524;259
32560;259
32604;259
32637;259
32674;264
32706;264
32742;264
32781;264
32813;264
32845;264
32877;264
32914;264
32944;264
32976;264
33009;262
33041;262
33077;262
33116;262
33156;262
33190;262
33222;262
33254;262
33289;262
33321;262
33352;262
33384;262
33417;259
33451;259
33488;259
33531;259
33565;259
33602;259
33635;259
33666;259
33700;259
33738;259
33770;259
33802;259
33838;259
33877;263
33913;263
33945;263
33985;263
34021;263
34054;263
34088;263
34120;263
34153;263
34188;263
34221;263
34264;263
34297;263
34332;263
34364;263
34398;263
34435;263
34469;263
34501;263
34533;263
34569;263
34601;263
34638;263
34671;263
34707;263
34751;263
34797;263
34829;263
34861;263
34895;263
34926;263
34963;263
34998;263
35035;263
35077;263
35114;263
35147;263
35183;265
35227;265
35272;265
35310;265
35342;264
35376;264
35408;264
35440;264
35476;264
35508;264
35539;264
35572;264
35609;264
35642;264
35677;264
35715;264
35746;264
35784;264
35814;264
35846;264
35879;264
35912;264
35960;264
35993;264
36025;264
36061;264
36093;264
36129;264
36165;264
36200;264
36239;264
36269;264
36300;264
36344;264
36376;264
36406;264
36442;263
36487;263
36523;263
36554;263
36590;263
36625;263
36662;263
36696;263
36729;263
36762;263
36796;263
36829;263
36865;263
36900;263
36936;263
36968;263
37001;263
37035;263
37071;263
37107;263
37142;263
37174;263
37205;263
37238;263
37272;263
37308;263
37341;263
37375;263
37415;263
37449;263
37483;263
37518;263
37550;263
37585;264
37617;264
37647;264
37679;264
37713;264
37746;264
37778;264
37811;264
37844;264
37875;264
37907;264
37938;264
37971;264
38003;264
38038;264
38074;264
38108;264
38140;264
38177;264
38208;264
38241;264
38274;264
38308;264
38342;264
38375;264
38406;264
38440;264
38473;264
38512;264
38543;264
38575;264
38615;264
38649;264
38686;264
38721;264
38753;264
38784;264
38816;264
38852;264
38888;264
38921;264
38956;264
38988;264
39019;264
39055;264
39088;264
39121;264
39153;264
39188;264
39220;264
39256;264
39288;264
39327;264
39360;264
39397;264
39429;264
39465;264
39499;264
39531;264
39562;264
39597;264
39633;264
39667;264
39711;264
39742;264
39775;264
39806;264
39844;264
39877;264
39912;264
39951;264
39984;264
40018;264
40050;264
40096;264
40127;264
40158;264
40205;264
40238;264
40271;262
40303;262
40335;262
40368;262
40400;262
40444;262
40480;262
40514;262
40547;262
40588;262
40624;262
40660;262
40706;262
40758;262
40794;262
40827;262
40856;262
40887;262
40923;262
40954;262
40985;262
41018;262
41056;262
41090;262
41125;262
41161;262
41197;262
41228;262
41261;262
41293;262
41327;262
41360;262
41400;262
41430;262
41462;262
41493;262
41526;263
41558;263
41591;263
41624;263
41663;263
41699;263
41733;263
41766;263
41801;263
41832;263
41869;263
41902;263
41935;263
41968;263
42009;262
42044;262
42075;262
42109;262
42147;262
42179;262
42211;262
42245;262
42279;262
42318;262
42351;262
42391;263
42425;263
42457;263
42494;263
42525;263
42560;263
42594;263
42633;260
42667;260
42700;260
42751;260
42798;260
42834;260
42868;260
42906;260
42940;260
42978;260
43009;260
43044;260
43078;260
43113;260
43147;260
43180;260
43213;260
43247;260
43287;260
43325;260
43358;260
43393;260
43426;260
43462;260
43493;260
43529;260
43569;260
43614;260
43652;260
43690;260
43727;260
43759;260
43792;260
43827;260
43861;260
43895;260
43927;260
43963;260
43997;260
44029;260
44062;260
44096;260
44130;260
44164;260
44198;260
44230;260
44265;260
44299;260
44333;260
44372;260
44406;260
44443;260
44475;260
44511;260
44541;260
44575;260
44608;260
44639;260
44671;260
44706;260
44755;260
44803;260
44835;260
44867;260
44904;260
44936;260
44969;260
45001;260
45033;260
45066;257
45099;257
45136;257
45170;257
45201;257
45233;257
45265;257
45299;257
45336;257
45370;257
45404;257
45438;257
45473;257
45508;257
45542;257
45574;257
45609;257
45640;256
45677;256
45730;256
45763;256
45803;256
45836;256
45870;256
45903;256
45934;261
45968;261
46002;261
46049;261
46084;261
46119;261
46152;261
46190;261
46237;261
46275;262
46307;262
46341;262
46375;262
46409;262
46449;262
46483;262
46523;262
46558;262
46590;262
46626;262
46664;262
46696;262
46727;262
46781;262
46821;262
46855;262
46899;262
46937;262
46970;262
47009;262
47041;262
47075;262
47105;262
47141;262
47175;262
47207;262
47239;262
47272;262
47307;262
47347;262
47380;262
47419;262
47452;262
47493;262
47530;262
47564;262
47603;262
47635;262
47666;262
47699;262
47734;262
47767;262
47798;262
47832;262
47865;262
47898;262
47932;262
47964;262
47995;262
48029;262
48069;262
48106;262
48142;262
48179;265
48208;265
48249;265
48279;265
48311;265
48343;265
48377;265
48409;265
48440;265
48475;265
48509;265
48542;265
48575;265
48612;265
48647;265
48680;265
48713;265
48748;262
48803;262
48841;263
48875;263
48909;263
48942;263
48981;263
49013;263
49051;263
49083;263
49116;263
49153;263
49186;263
49217;263
49250;263
49283;263
49318;263
49364;263
49400;263
49434;263
49466;263
49504;263
49535;263
49570;263
49602;263
49636;263
49669;262
49705;262
49737;263
49770;263
49808;263
49848;263
49886;263
49919;262
49951;262
49991;262
50023;262
50059;262
50100;262
50139;262
50172;262
50212;262
50247;262
50282;262
50312;262
50346;262
50379;262
50413;262
50452;262
50483;262
50531;262
50565;262
50597;262
50631;262
50667;262
50698;262
50736;262
50768;262
50805;262
50838;262
50873;262
50908;262
50940;262
50972;262
51016;262
51048;262
51081;262
51125;262
51160;262
51200;262
51230;262
51262;262
51294;262
51325;262
51358;262
51394;262
51428;262
51462;262
51494;262
51525;262
51558;262
51591;262
51624;262
51655;262
51694;262
51725;262
51757;257
51790;257
51823;257
51854;257
51885;257
51918;256
51951;256
51984;256
52018;256
52053;256
52087;256
52124;256
52162;256
52199;256
52230;256
52261;256
52293;256
52329;256
52362;256
52399;256
52435;256
52467;256
52500;256
52531;256
52567;256
52603;256
52647;256
52681;256
52711;256
52749;256
52785;256
52821;256
52855;256
52886;256
52918;256
52953;256
52992;256
53028;256
53068;256
53102;256
53135;256
53167;256
53212;256
53255;256
53289;256
53321;256
53354;256
53384;256
53431;256
53466;256
53499;256
53539;256
53572;256
53608;256
53657;256
53693;256
53729;256
53768;256
53804;256
53839;256
53878;256
53911;256
53948;256
53978;256
54010;256
54045;256
54078;256
54113;256
54150;256
54181;256
54212;256
54248;256
54280;256
54319;256
54354;256
54388;256
54420;256
54453;256
54486;256
54521;256
54556;256
54591;256
54629;256
54660;256
54696;256
54732;256
54769;256
54850;256
54884;256
54919;256
54948;256
54984;256
55015;256
55047;256
55082;256
55129;256
55166;256
55199;256
55241;256
55275;256
55307;256
55341;256
55378;256
55414;256
55447;256
55480;256
55515;256
55551;256
55584;256
55622;256
55656;256
55692;256
55730;256
55761;256
55795;256
55831;256
55864;256
55898;256
55931;256
55964;256
55998;256
56034;256
56070;256
56110;256
56146;256
56182;256
56217;256
56252;256
56289;256
56327;256
56386;256
56464;256
56522;256
56604;256
56665;256
56729;256
56820;256
56876;256
56925;256
56960;256
56995;256
57032;256
57066;256
57104;256
57140;256
57168;256
57201;256
57237;256
57269;256
57300;256
57343;256
57374;256
57412;256
57442;256
57475;256
57507;256
57537;256
57576;256
57610;256
57643;256
57679;256
57716;256
57752;256
57788;256
57823;256
57856;256
57888;256
57921;256
57954;256
57987;256
58023;256
58075;256
58111;256
58155;256
58190;256
58225;256
58258;256
58292;256
58325;256
58359;256
58392;256
58424;256
58454;256
58487;256
58519;256
58558;256
58590;256
58621;256
58654;256
58686;256
58720;256
58751;256
58784;256
58820;256
58859;256
58892;256
58937;256
58970;256
59004;256
59035;256
59072;256
59105;256
59138;256
59172;256
59206;256
59245;256
59277;256
59312;256
59347;256
59386;256
59422;256
59458;256
59491;256
59523;256
59554;256
59586;256
59619;256
59654;256
59688;256
59720;256
59752;256
59786;256
59820;256
59855;256
59887;256
59934;256
59973;256
60011;256
60045;256
60079;256
60113;256
60146;256
60181;256
60212;256
60247;256
60284;256
60318;256
60356;256
