233;63
371;63
539;63
700;63
821;63
971;63
1096;63
1238;63
1370;63
1512;63
1690;63
1855;63
1990;63
2132;64
2246;64
2378;64
2518;64
2656;64
2765;64
2872;64
2986;64
3114;64
3252;64
3407;64
3555;64
3711;64
3889;62
3988;62
4094;62
4205;62
4329;62
4442;62
4554;62
4666;62
4776;62
4900;62
5004;62
5183;62
5293;62
5419;62
5531;62
5653;62
5770;62
5883;62
5995;62
6117;62
6246;62
6361;62
6499;62
6650;62
6808;62
6913;62
7023;62
7128;62
7233;62
7348;62
7453;62
7567;62
7678;62
7793;62
7903;62
8010;62
8149;62
8275;62
8406;62
8510;62
8623;62
8731;62
8856;62
8968;61
9080;61
9221;61
9351;61
9460;61
9577;61
9693;61
9800;61
9927;61
10039;61
10151;61
10256;61
10367;61
10477;61
10598;61
10725;61
10844;61
10986;61
11110;61
11271;61
11383;61
11493;61
11600;61
11702;61
11807;61
11920;61
12029;61
12139;61
12245;61
12379;61
12500;61
12616;61
12725;61
12857;61
12975;61
13083;61
13193;61
13302;61
13436;65
13560;65
13702;65
13835;65
13988;65
14098;65
14204;65
14318;65
14436;65
14570;65
14677;65
14813;65
14930;65
15034;65
15169;65
15276;65
15385;65
15497;65
15608;65
15719;65
15841;62
15962;62
16084;62
16199;62
16301;62
16407;62
16520;62
16632;62
16759;62
16911;62
17023;62
17128;62
17235;62
17341;62
17502;62
17644;62
17752;62
17862;62
17980;62
18097;62
18228;62
18364;62
18472;62
18585;62
18710;62
18821;62
18930;62
19055;62
19157;62
19262;62
19404;62
19516;62
19683;62
19795;62
19911;62
20027;62
20135;62
20242;62
20351;62
20461;63
20571;63
20673;63
20785;63
20949;63
21060;63
21168;63
21305;63
21417;63
21547;63
21658;63
21767;63
21874;63
21978;63
22086;63
22204;63
22315;63
22421;63
22539;63
22653;63
22760;63
22939;63
23050;63
23152;63
23263;63
23366;63
23498;64
23609;64
23715;63
23828;63
23940;63
24084;63
24190;63
24291;63
24397;63
24501;63
24619;63
24752;63
24901;63
25013;63
25127;63
25237;63
25341;63
25459;63
25562;63
25694;64
25818;64
25930;64
26047;63
26160;63
26274;63
26422;63
26523;63
26635;63
26790;63
26924;63
27029;63
27134;63
27258;63
27365;63
27479;63
27581;63
27692;63
27798;63
27906;63
28015;63
28153;63
28262;63
28374;63
28478;63
28598;63
28706;63
28812;63
28941;63
29057;63
29168;63
29271;63
29405;63
29507;63
29618;63
29734;61
29839;61
29976;61
30083;61
30195;61
30315;61
30429;61
30542;61
30651;61
30791;61
30900;61
31011;61
31113;61
31217;61
31356;61
31465;61
31596;61
31702;61
31805;61
31916;61
32032;61
32148;61
32273;62
32399;62
32501;62
32615;62
32742;62
32852;62
32974;62
33111;62
33222;62
33327;62
33445;62
33557;62
33672;62
33789;62
33892;62
33993;62
34095;62
34217;62
34325;62
34434;62
34540;62
34645;62
34757;62
34867;62
34994;62
35138;62
35242;62
35343;62
35456;62
35577;62
35681;62
35791;62
35909;62
36018;62
36129;62
36240;62
36352;62
36454;62
36556;62
36677;62
36808;64
36925;63
37034;63
37141;63
37262;63
37364;63
37465;63
37568;63
37676;63
37784;63
37898;63
38012;63
38155;63
38278;63
38384;63
38525;63
38632;63
38738;63
38851;63
38969;63
39075;63
39184;63
39295;63
39445;63
39578;63
39708;63
39809;63
39914;63
40031;63
40142;63
40251;63
40358;63
40464;63
40576;63
40705;63
40814;63
40923;63
41039;63
41157;63
41274;63
41383;63
41491;63
41603;63
41727;63
41831;63
41975;63
42134;63
42245;63
42358;63
42467;63
42575;63
42693;63
42809;63
42918;63
43029;63
43138;63
43246;63
43354;63
43459;63
43582;63
43685;63
43790;63
43926;64
44046;64
44171;64
44280;64
44387;64
44493;64
44598;64
44716;63
44822;63
44932;63
45090;63
45199;63
45317;63
45427;63
45540;63
45651;63
45765;63
45882;63
45989;63
46108;63
46239;63
46367;63
46474;63
46582;63
46772;63
46895;63
47004;63
47109;63
47214;63
47319;63
47442;63
47558;63
47669;63
47784;63
47896;63
48000;63
48107;63
48226;63
48344;63
48481;63
48584;63
48704;63
48817;63
48935;63
49051;63
49164;63
49288;63
49394;63
49510;63
49622;63
49746;63
49858;63
49972;63
50074;63
50181;63
50295;63
50454;63
50566;63
50693;63
50799;63
50904;63
51050;63
51186;63
51310;63
51453;63
51555;63
51665;63
51770;63
51879;63
51989;63
52095;63
52200;63
52305;63
52410;63
52524;63
52635;63
52749;63
52850;63
52953;63
53061;63
53165;63
53304;63
53406;63
53528;62
53655;62
53762;62
53868;62
54011;64
54112;64
54213;64
54318;64
54427;63
54537;63
54652;63
54761;63
54867;63
54981;63
55096;63
55200;63
55310;63
55415;63
55519;63
55625;63
55796;63
55929;63
56080;63
56195;63
56300;63
56422;63
56584;63
56693;63
56797;63
56900;63
57003;63
57114;63
57228;63
57333;63
57443;63
57549;63
57685;63
57801;63
57902;63
58012;63
58117;63
58225;63
58332;63
58453;63
58561;63
58668;63
58782;63
58885;63
58995;63
59103;63
59230;64
59337;64
59442;64
59550;64
59669;64
59786;64
59885;64
59986;64
60092;64
60193;64
60306;64
60418;64
60523;64
60634;64
60748;64
60857;63
60958;63
61060;63
61168;63
61286;63
61434;63
61564;63
61690;63
61795;63
61900;63
62009;63
62114;63
62237;63
62347;63
62463;63
62614;63
62722;63
62830;63
62930;63
63040;63
63161;63
63281;63
63397;63
63511;63
63617;63
63722;63
63823;63
63928;63
64041;63
64151;63
64276;63
64376;63
64476;63
64580;63
64685;63
64807;63
64922;63
65030;63
65145;63
65258;63
65359;63
65468;63
65578;63
65684;63
65797;63
65900;63
66004;63
66128;63
66227;63
66364;63
66471;63
66575;63
66684;63
66793;63
66897;63
67010;63
67122;63
67287;63
67395;63
67494;63
67602;63
67706;63
67811;63
67916;63
68019;63
68123;63
68227;63
68356;63
68478;63
68601;63
68706;63
68816;63
68935;63
69050;63
69169;63
69276;63
69394;63
69514;63
69637;63
69750;63
69868;63
69973;63
70095;63
70199;63
70315;63
70425;63
70528;63
70663;63
70777;63
70891;63
70999;63
71123;63
71273;63
71422;63
71523;63
71627;63
71744;63
71851;63
71957;63
72061;63
72164;63
72300;63
72407;63
72545;63
72652;63
72758;63
72882;63
72981;63
73082;63
73188;63
73291;63
73401;63
73509;63
73620;63
73733;63
73854;63
73960;63
74063;63
74171;63
74278;63
74400;63
74508;63
74615;63
74724;63
74874;63
74985;63
75091;63
75202;63
75315;63
75422;63
75528;63
75639;63
75753;63
75876;63
75986;63
76095;63
76197;63
76317;63
76422;63
76535;63
76658;63
76768;63
76875;63
76985;63
77091;63
77204;63
77317;63
77425;63
77532;63
77640;63
77748;63
77854;63
77959;63
78070;63
78191;63
78328;63
78442;61
78555;61
78691;61
78792;61
78897;61
78998;61
79107;61
79223;61
79331;61
79437;61
79551;61
79665;61
79794;61
79899;61
80019;61
80120;61
80220;61
80320;61
80424;61
80528;61
80642;61
80763;61
80871;61
81000;61
81111;61
81235;61
81346;61
81462;61
81563;61
81669;61
81776;61
81884;61
81989;61
82103;61
82213;61
82319;61
82432;61
82539;61
82707;61
82808;61
82917;61
83032;61
83146;61
83258;61
83365;61
83478;61
83615;61
83732;61
83836;61
83940;61
84045;61
84157;61
84268;61
84402;61
84510;61
84625;61
84737;61
84855;61
84972;61
85090;62
85192;62
85305;62
85412;62
85533;62
85670;62
85783;62
85904;62
86016;62
86125;62
86233;62
86337;62
86449;62
86563;62
86679;62
86785;62
86898;62
87006;62
87122;62
87252;62
87354;62
87490;62
87611;62
87719;62
87833;62
87939;62
88062;62
88166;62
88270;62
88382;62
88489;62
88596;62
88723;62
88832;62
88940;62
89045;62
89147;62
89254;62
89363;62
89473;62
89581;62
89698;62
89798;62
89902;62
89993;62
90114;62
90222;62
90352;62
90503;62
90615;62
90733;62
90837;62
90956;62
91062;62
91167;62
91314;62
91415;62
91524;62
91658;62
91789;62
91913;62
92020;62
92132;62
92232;62
92348;62
92458;62
92571;62
92687;62
92826;62
92953;62
93062;62
93165;62
93316;62
93427;62
93566;62
93665;62
93769;62
93873;62
93972;62
94125;62
94235;62
94342;62
94465;62
94575;62
94677;62
94790;62
94914;62
95022;62
95131;62
95235;62
95369;62
95491;61
95599;61
95725;61
95828;61
95940;61
96069;61
96177;61
96289;61
96425;61
96529;61
96681;61
96784;61
96890;61
97009;61
97126;61
97265;61
97388;61
97499;61
97610;61
97726;61
97833;61
97966;61
98070;61
98178;61
98280;61
98404;61
98515;61
98629;61
98748;61
98859;61
98987;61
99124;61
99224;61
99332;61
99435;61
99555;61
99663;61
99777;61
99888;61
100011;61
100120;61
100242;61
100352;61
100479;61
100655;61
100755;61
100856;61
100958;61
101084;61
101189;61
101305;61
101425;61
101531;61
101649;61
101754;61
101888;61
102008;61
102143;61
102272;61
102389;61
102495;61
102609;61
102715;61
102823;61
102927;61
103040;61
103161;61
103269;61
103394;61
103499;61
103606;61
103720;61
103830;61
103934;61
104038;61
104162;61
104277;61
104390;61
104498;61
104634;61
104750;61
104866;61
104976;61
105083;61
105234;61
105362;61
105484;61
105603;61
105735;61
105851;61
105961;61
106072;61
106186;61
106298;61
106409;61
106538;61
106674;61
106837;61
106963;63
107067;63
107171;63
107271;63
107384;63
107514;63
107621;63
107746;63
107851;63
107980;63
108088;63
108249;63
108359;63
108466;63
108571;63
108700;63
108805;63
108928;63
109039;63
109146;63
109258;63
109373;63
109494;61
109606;61
109737;61
109860;61
109962;61
110086;63
110191;63
110302;63
110418;63
110522;63
110632;63
110744;63
110850;63
110970;63
111075;63
111181;63
111289;63
111426;63
111528;63
111662;63
111775;63
111889;63
111995;63
112103;63
112211;63
112315;63
112425;63
112548;63
112665;66
112767;66
112871;66
112976;66
113089;66
113200;66
113312;66
113450;66
113580;65
113711;65
113841;65
113942;65
114042;65
114145;65
114251;65
114363;65
114478;65
114606;65
114712;65
114828;65
114933;65
115059;65
115165;65
115268;65
115393;65
115529;65
115640;65
115827;65
116002;65
116142;65
116249;65
116370;65
116475;65
116616;65
116720;65
116840;65
116949;65
117064;65
117178;65
117298;65
117443;65
117550;65
117660;65
117765;65
117872;65
117984;65
118091;65
118218;65
118344;65
118493;65
118601;65
118716;65
118827;65
118927;65
119040;65
119170;65
119292;65
119421;65
119554;65
119660;65
119785;65
119890;65
120026;65
120134;65
120254;65
120369;65
120480;65
120591;65
120710;65
120818;65
120943;65
121073;65
121198;65
121308;65
121432;65
121587;65
121696;65
121813;65
121931;65
122037;65
122145;65
122265;65
122390;65
122505;65
122613;65
122755;65
122861;65
122982;65
123086;65
123191;65
123309;65
123416;65
123538;65
123641;65
123748;65
123852;65
123960;65
124067;65
124198;65
124309;65
124412;65
124524;65
124642;65
124768;65
124890;65
124998;65
125105;65
125236;65
125365;65
125518;65
125628;65
125742;65
125859;65
125981;65
126094;65
126197;65
126325;65
126434;65
126539;65
126651;65
126755;65
126861;65
126964;65
127077;65
127187;65
127301;65
127423;65
127535;64
127647;64
127756;64
127864;64
127977;64
128091;64
128202;64
128307;64
128437;64
128544;64
128669;64
128786;64
128897;64
129006;64
129109;64
129218;64
129322;64
129430;64
129544;64
129653;64
129758;64
129867;64
129980;64
130116;64
130226;64
130327;64
130430;64
130536;64
130646;65
130774;65
130878;65
130987;65
131093;65
131198;65
131318;65
131465;65
131598;65
131719;65
131822;65
131931;65
132068;65
132173;65
132280;65
132384;65
132487;65
132598;65
132719;65
132857;65
132983;65
133086;65
133215;66
133322;66
133444;66
133579;66
133692;66
133800;66
133917;66
134020;66
134123;66
134223;66
134326;66
134431;66
134533;66
134667;66
134797;66
134908;66
135035;66
135140;66
135243;66
135344;66
135464;66
135619;66
135723;66
135831;66
135935;66
136062;66
136169;66
136294;66
136412;66
136516;66
136638;66
136745;66
136853;66
136959;66
137068;66
137182;66
137302;66
137406;66
137525;66
137665;66
137776;66
137894;66
138014;66
138132;66
138246;66
138347;66
138448;66
138550;66
138658;66
138772;65
138875;65
138982;65
139099;65
139218;65
139323;65
139426;65
139550;65
139669;65
139785;65
139892;65
140087;65
140191;65
140291;65
140394;65
140514;65
140627;65
140733;65
140847;65
140954;65
141066;65
141175;65
141279;65
141379;65
141495;65
141604;65
141711;65
141831;65
141939;65
142084;65
142184;65
142284;65
142386;65
142492;65
142617;65
142721;65
142843;65
142950;65
143074;65
143179;65
143287;65
143403;65
143514;65
143631;65
143742;65
143858;65
143979;65
144081;65
144185;65
144289;65
144399;65
144524;65
144627;65
144742;65
144855;65
144955;65
145059;65
145169;65
145279;65
145388;65
145523;65
145649;65
145755;65
145864;65
145982;65
146087;65
146217;65
146346;65
146452;65
146558;65
146689;65
146789;65
146890;65
146998;65
147100;65
147208;65
147342;65
147447;65
147551;65
147664;65
147772;65
147884;65
147999;65
148100;65
148209;65
148314;65
148461;65
148568;65
148684;65
148791;65
148897;65
149052;65
149150;65
149268;65
149378;65
149479;65
149583;65
149695;65
149801;65
149939;65
150050;65
150174;66
150286;66
150430;66
150594;66
150697;66
150816;66
150925;66
151031;66
151153;66
151257;66
151362;66
151477;66
151586;66
151699;66
151807;66
151914;66
152027;66
152143;66
152244;66
152348;66
152452;66
152583;66
152693;66
152801;66
152908;66
153014;66
153150;66
153257;66
153363;66
153489;66
153595;66
153700;66
153802;66
153905;66
154008;66
154128;65
154235;65
154341;65
154447;65
154562;65
154674;65
154786;65
154919;65
155024;65
155129;65
155232;65
155338;65
155445;65
155552;65
155693;65
155803;65
155909;65
156013;65
156127;65
156234;65
156343;65
156454;65
156561;65
156667;65
156769;65
156881;65
157001;65
157106;65
157221;65
157343;65
157447;65
157558;65
157729;65
157838;65
157958;63
158057;63
158171;63
158280;63
158384;63
158496;63
158610;63
158723;63
158835;63
158946;63
159051;63
159163;63
159278;63
159403;63
159521;63
159644;63
159802;63
159902;63
160026;63
160136;63
160246;63
160350;63
160461;63
160590;63
160694;63
160869;63
160995;63
161099;63
161206;63
161314;63
161416;63
161518;63
161626;63
161730;63
161861;63
161967;63
162080;63
162185;63
162339;63
162461;63
162565;63
162690;63
162793;63
162896;63
163003;63
163110;63
163219;63
163331;63
163433;63
163541;63
163649;63
163775;63
163896;63
163995;63
164096;63
164198;63
164302;63
164404;63
164510;63
164616;63
164727;63
164838;63
164942;63
165056;63
165181;63
165284;63
165400;63
165521;63
165633;63
165736;63
165843;63
165964;63
166101;63
166206;63
166319;63
166418;63
166517;63
166640;63
166830;63
166951;63
167096;63
167204;63
167314;63
167433;63
167551;63
167678;63
167798;63
167902;63
168002;63
168106;63
168222;63
168327;63
168437;63
168567;63
168675;63
168783;63
168891;63
169015;63
169132;63
169237;63
169342;63
169446;63
169555;63
169661;63
169780;63
169884;63
169984;63
170105;63
170206;63
170313;63
170421;63
170524;63
170638;63
170755;63
170860;63
170959;63
171067;63
171170;63
171276;63
171411;63
171522;63
171643;63
171767;63
171872;63
171974;63
172078;63
172184;63
172304;63
172413;63
172520;63
172648;63
172747;63
172848;63
172949;63
173055;63
173180;63
173286;63
173399;63
173521;63
173625;63
173728;63
173840;63
173945;63
174052;63
174181;64
174283;64
174390;64
174494;64
174614;64
174735;64
174837;64
174938;64
175044;64
175159;64
175271;64
175383;64
175489;64
175609;64
175741;64
175898;64
176060;64
176170;64
176291;64
176400;64
176507;64
176625;64
176725;64
176833;64
176955;64
177058;64
177171;64
177297;64
177404;64
177530;64
177638;64
177747;64
177854;64
177967;64
178079;64
178197;64
178310;64
178419;64
178529;64
178672;64
178789;64
178892;64
178992;64
179093;64
179203;64
179318;64
179430;64
179543;64
179673;64
179780;64
179901;64
180006;64
180134;64
180242;64
180351;64
180471;64
180587;64
180697;64
180806;64
180912;64
181043;64
181145;64
181245;64
181363;64
181474;64
181586;64
181719;64
181824;62
181945;62
182061;62
182222;62
182335;62
182487;62
182622;62
182727;62
182835;62
182944;62
183073;62
183185;62
183312;62
183424;62
183530;62
183636;62
183748;62
183881;62
184022;62
184126;62
184236;62
184344;62
184467;62
184595;62
184704;62
184833;62
184946;62
185049;62
185156;62
185262;62
185383;62
185499;62
185616;62
185717;62
185829;62
185975;62
186086;62
186197;62
186300;62
186410;62
186520;62
186643;62
186756;62
186862;62
186968;62
187080;62
187181;62
187282;62
187399;62
187507;62
187625;62
187747;62
187855;62
187997;62
188105;62
188212;62
188318;62
188425;62
188542;62
188685;62
188795;62
188898;62
188998;62
189115;62
189228;62
189339;62
189445;62
189558;62
189663;61
189768;61
189888;61
190076;61
190210;61
190314;61
190414;61
190513;61
190634;61
190740;61
190847;61
190959;61
191065;61
191171;61
191274;61
191381;61
191485;61
191599;61
191704;61
191828;61
191958;61
