1054;288
1256;288
1495;288
1728;288
1910;288
2210;288
2473;288
2658;288
2847;288
3027;288
3209;288
3456;288
4362;288
4624;288
4830;288
5013;288
5196;288
5415;288
5603;288
5781;288
5958;288
6145;288
6325;288
6508;288
6900;288
8174;288
8355;288
8533;288
8714;288
8897;288
9077;288
9260;288
9440;288
9614;288
9796;288
9973;288
10152;288
10331;288
10511;288
10681;288
10851;288
11023;288
11195;288
11371;288
11550;288
11722;288
11896;288
12066;288
12238;288
12408;288
12577;288
12740;288
12910;288
13078;288
13270;288
13423;288
13571;288
13725;288
13899;288
14045;288
14205;288
14370;288
14534;288
14677;288
14843;288
15000;288
15147;288
15293;288
15449;288
15589;288
15723;288
15879;288
16043;287
16229;286
16409;280
16572;278
16690;278
16831;270
16972;263
17085;263
17259;261
17377;261
17487;261
17598;261
17707;261
17845;258
18000;256
18101;256
18233;256
18335;256
18443;256
18535;256
18629;256
18723;256
18818;256
18913;256
19007;256
19107;256
19201;256
19291;256
19489;256
19585;256
19680;256
19782;256
19874;256
19971;256
20067;256
20163;256
20260;256
20356;256
20457;256
20552;256
20645;256
20736;256
20831;256
20922;256
21014;256
21116;256
21211;256
21305;256
21424;256
21521;256
21610;256
21701;256
21792;256
21888;256
21980;256
22071;256
22162;256
22257;256
22355;256
22455;256
22549;256
22641;256
22737;256
22829;256
22920;256
23032;256
23131;256
23226;256
23317;256
23435;256
23537;256
23627;256
23720;256
23810;256
23901;256
24007;256
24097;256
24186;256
24294;256
24418;256
24517;256
24616;256
24709;256
24801;256
24897;256
24989;256
25081;256
25171;256
25262;256
25353;256
25446;256
25554;256
25646;256
25735;256
25827;256
25916;256
26005;256
26094;256
26184;256
26285;256
26407;256
26501;256
26597;256
26689;256
26780;256
26873;256
26969;256
27064;256
27166;256
27257;256
27350;256
27448;256
27541;256
27633;256
27724;256
27818;256
27909;256
28001;256
28092;256
28185;256
28276;256
28373;256
28470;256
28575;256
28669;256
28762;256
28853;256
28948;256
29045;256
29141;256
29244;256
29336;256
29435;256
29539;256
29644;256
29745;256
29849;256
29945;256
30043;256
30138;256
30232;256
30324;256
30418;256
30509;256
30597;256
30686;256
30775;256
30867;256
30961;256
31050;256
31143;256
31234;256
31326;256
31420;256
31514;256
31608;256
31702;256
31798;256
31891;256
31986;256
32087;256
32183;256
32286;256
32387;256
32490;256
32585;256
32676;256
32767;256
32856;256
32946;256
33040;256
33130;256
33223;256
33318;256
33410;256
33500;256
33596;256
33691;256
33788;256
33885;256
33984;256
34084;256
34192;256
34309;256
34423;256
34516;256
34606;256
34702;256
34797;256
34891;256
35001;256
35111;256
35208;256
35314;256
35425;256
35521;256
35610;256
35708;256
35828;256
35942;256
36039;256
36131;256
36235;256
36356;256
36489;256
36605;256
36719;256
36863;256
36961;256
37057;256
37152;256
37247;256
37356;256
37466;256
37561;256
37654;256
37752;256
37849;256
37944;256
38042;256
38140;256
38236;256
38331;256
38460;256
38610;256
38712;256
38804;256
38900;256
39001;256
39131;256
39225;256
39338;256
39444;256
39541;256
39637;256
39729;256
39819;256
39913;256
40013;256
40114;256
40234;256
40333;256
40433;256
40532;256
40662;256
40757;256
40863;256
40971;256
41063;256
41156;256
41252;256
41350;256
41442;256
41538;256
41632;256
41726;256
41822;256
41940;256
42048;256
42154;256
42295;256
42391;256
42518;256
42613;256
42723;256
42825;256
42919;256
43015;256
43106;256
43203;256
43295;256
43392;256
43484;256
43580;256
43675;256
43768;256
43862;256
43965;256
44065;256
44164;256
44258;256
44354;256
44449;256
44545;256
44640;256
44734;256
44840;256
44941;256
45042;256
45139;256
45239;256
45334;256
45428;256
45536;256
45626;256
45719;256
45819;256
45919;256
46022;256
46137;256
46247;256
46344;256
46435;256
46556;256
46657;256
46790;256
46882;256
46977;256
47077;256
47188;256
47286;256
47380;256
47472;256
47564;256
47656;256
47749;256
47841;256
47955;256
48083;256
48180;256
48273;256
48366;256
48460;256
48581;256
48671;256
48763;256
48854;256
48945;256
49038;256
49127;256
49217;256
49372;256
49482;256
49582;256
49692;256
49803;256
49906;256
50037;256
50192;256
50352;256
50465;256
50583;256
50697;256
50823;256
50948;256
51080;256
51191;256
51291;256
51428;256
51576;256
51728;256
51874;256
51980;256
52081;256
52187;256
52295;256
52396;256
52527;256
52695;256
52840;256
52974;256
53129;256
53251;256
53357;256
53470;256
53583;256
53713;256
53861;256
53959;256
54096;256
54273;256
54432;256
54542;256
54654;256
54764;256
54866;256
54977;256
55090;256
55194;256
55299;256
55417;256
55528;256
55653;256
55772;256
55881;256
55986;256
56096;256
56205;256
56336;256
56444;256
56588;256
56723;256
56837;256
56937;256
57043;256
57142;256
57244;256
57346;256
57485;256
57591;256
57703;256
57810;256
57928;256
58039;256
58143;256
58261;256
58379;256
58489;256
58602;256
58719;256
58842;256
58970;256
59144;256
59315;256
59505;256
59682;256
59857;256
60005;256
60127;256
60233;256
60341;256
60449;256
60574;256
60707;256
60806;256
60918;256
61028;256
61128;256
61236;256
61379;256
61489;256
61649;256
61801;256
61911;256
62034;256
62173;256
62312;256
62406;256
62514;256
62630;256
62732;256
62824;256
62920;256
63021;256
63118;256
63216;256
63404;256
63597;256
63753;256
63863;256
63965;256
64080;256
64214;256
64343;256
64471;256
64647;256
64870;256
65068;256
65258;256
65370;256
65479;256
65597;256
65715;256
65929;256
66130;256
66308;256
66450;256
66559;256
66664;256
66775;256
66885;256
67009;256
67135;256
67242;256
67355;256
67467;256
67583;256
67702;256
67849;256
67965;256
68080;256
68201;256
68329;256
68524;256
68742;256
68933;256
69046;256
69161;256
69273;256
69405;256
69532;256
69649;256
69768;256
69873;256
69990;256
70099;256
70214;256
70328;256
70454;256
70642;256
70837;256
70983;256
71093;256
71237;256
71376;256
71493;256
71642;256
71787;256
71878;256
71982;256
72074;256
72171;256
72300;256
72430;256
72550;256
72668;256
72820;256
72938;256
73114;256
73227;256
73366;256
73483;256
73595;256
73722;256
73834;256
73944;256
74060;256
74176;256
74290;256
74407;256
74512;256
74628;256
74743;256
74874;256
74993;256
75108;256
75222;256
75335;256
75451;256
75562;256
75673;256
75779;256
75887;256
75998;256
76111;256
76219;256
76328;256
76459;256
76585;256
76721;256
76855;256
76974;256
77090;256
77197;256
77312;256
77430;256
77557;256
77673;256
77786;256
77908;256
78038;256
78165;256
78300;256
78410;256
78533;256
78720;256
78864;256
78975;256
79096;256
79213;256
79398;256
79590;256
79705;256
79819;256
79927;256
80038;256
80150;256
80273;256
80391;256
80505;256
80607;256
80720;256
80830;256
80955;256
81058;256
81200;256
81405;256
81539;256
81655;256
81769;256
81939;256
82081;256
82189;256
82299;256
82404;256
82518;256
82642;256
82755;256
82877;256
82991;256
83103;256
83211;256
83328;256
83443;256
83557;256
83672;256
83789;256
83900;256
84015;256
84129;256
84249;256
84363;256
84475;256
84583;256
84695;256
84808;256
84941;256
85064;256
85176;256
85282;256
85409;256
85520;256
85639;256
85759;256
85873;256
85986;256
86092;256
86217;256
86329;256
86446;256
86561;256
86677;256
86795;256
86915;256
87023;256
87138;256
87256;256
87374;256
87498;256
87612;256
87717;256
87829;256
87947;256
88072;256
88186;256
88295;256
88404;256
88520;256
88644;256
88773;256
88958;256
89065;256
89179;256
89290;256
89397;256
89540;256
89707;256
89842;256
90032;256
90153;256
90296;256
90481;256
90605;256
90722;256
90916;256
91098;256
91214;256
91330;256
91438;256
91550;256
91668;256
91776;256
91885;256
92021;256
92197;256
92334;256
92443;256
92557;256
92666;256
92767;256
92887;256
93012;256
93125;256
93233;256
93336;256
93454;256
93566;256
93667;256
93776;256
93884;256
93995;256
94102;256
94213;256
94317;256
94431;256
94544;256
94665;256
94787;256
94899;256
95021;256
95129;256
95240;256
95347;256
95454;256
95564;256
95673;256
95784;256
95894;256
96005;256
96119;256
96232;256
96345;256
96471;256
96589;256
96705;256
96821;256
96936;256
97061;256
97176;256
97338;256
97508;256
97631;256
97753;256
97938;256
98089;256
98222;256
98388;256
98530;256
98640;256
98745;256
98872;256
98985;256
99103;256
99259;256
99443;256
99593;256
99762;256
99933;256
100045;256
100219;256
100376;256
100497;256
100671;256
100818;256
100932;256
101047;256
101157;256
101264;256
101375;256
101495;256
101604;256
101707;256
101816;256
101926;256
102034;256
102147;256
102257;256
102361;256
102471;256
102623;256
102810;256
102935;256
103062;256
103174;256
103286;256
103400;256
103514;256
103621;256
103731;256
103841;256
103947;256
104065;256
104180;256
104299;256
104418;256
104532;256
104638;256
104752;256
104870;256
104990;256
105122;256
105244;256
105356;256
105471;256
105575;256
105685;256
105798;256
105981;256
106149;256
106260;256
106372;256
106481;256
106585;256
106695;256
106809;256
106912;256
107023;256
107145;256
107256;256
107384;256
107506;256
107623;256
107745;256
107863;256
107985;256
108097;256
108208;256
108323;256
108436;256
108550;256
108656;256
108767;256
108876;256
109000;256
109109;256
109231;256
109351;256
109461;256
109577;256
109688;256
109794;256
109906;256
110017;256
110169;256
110368;256
110547;256
110764;256
111043;256
111190;256
111326;256
111444;256
111568;256
111701;256
111898;256
112061;256
112223;256
112343;256
112459;256
112568;256
112678;256
112800;256
112913;256
113027;256
113147;256
113253;256
113387;256
113494;256
113606;256
113734;256
113848;256
113971;256
114084;256
114190;256
114304;256
114418;256
114539;256
114652;256
114757;256
114870;256
114990;256
115159;256
115325;256
115441;256
115558;256
115671;256
115784;256
115904;256
116014;256
116124;256
116239;256
116350;256
116461;256
116581;256
116730;256
116843;256
116946;256
117054;256
117175;256
117304;256
117413;256
117514;256
117623;256
117730;256
117840;256
117947;256
118062;256
118175;256
118295;256
118421;256
118532;256
118642;256
118744;256
118855;256
118964;256
119081;256
119186;256
119299;256
119410;256
119515;256
119633;256
119745;256
119853;256
119963;256
120072;256
120184;256
120309;256
120424;256
120527;256
120637;256
120745;256
120850;256
120960;256
121065;256
121173;256
121288;256
121401;256
121517;256
121625;256
121732;256
121839;256
121946;256
122065;256
122198;256
122379;256
122541;256
122724;256
122976;256
123219;256
123434;256
123628;256
123851;256
124058;256
124187;256
124307;256
124422;256
124542;256
124707;256
124970;256
125251;256
125487;256
125661;256
125784;256
125896;256
126009;256
126167;256
126359;256
126555;256
126694;256
126814;256
126969;256
127167;256
127366;256
127509;256
127641;256
127754;256
127877;256
127989;256
128102;256
128214;256
128330;256
128457;256
128570;256
128679;256
128800;256
128984;256
129201;256
129480;256
129756;256
129936;256
130127;256
130307;256
130431;256
130580;256
130742;256
130921;256
131078;256
131230;256
131326;256
131453;256
131556;256
131642;256
131730;256
131817;256
131904;256
131991;256
132080;256
132230;256
132405;256
132558;256
132666;256
132754;256
132842;256
132933;256
133023;256
133153;256
133300;256
133404;256
133497;256
133593;256
133720;256
133819;256
133925;256
134018;256
134108;256
134203;256
134317;256
134456;256
134580;256
134670;256
134779;256
134889;256
134976;256
135064;256
135171;256
135320;256
135485;256
135587;256
135677;256
135765;256
135852;256
135938;256
136024;256
136109;256
136198;256
136288;256
136379;256
136468;256
136557;256
136644;256
136731;256
136818;256
136906;256
137008;256
137095;256
137182;256
137269;256
137360;256
137457;256
137554;256
137654;256
137749;256
137842;256
137957;256
138089;256
138219;256
138312;256
138418;256
138557;256
138689;256
138785;256
138876;256
138969;256
139061;256
139152;256
139242;256
139332;256
139433;256
139576;256
139666;256
139754;256
139843;256
140012;256
140177;256
140324;256
140475;256
140619;256
140760;256
140940;256
141110;256
141200;256
141292;256
141433;256
141546;256
141650;256
141738;256
141825;256
141946;256
142100;256
142255;256
142409;256
142560;256
142710;256
142820;256
142906;256
143002;256
143150;256
143299;256
143440;256
143585;256
143755;256
143889;256
143987;256
144126;256
144308;256
144505;256
144676;256
144862;256
145020;256
145113;256
145252;256
145420;256
145611;256
145742;256
145834;256
145921;256
146011;256
146096;256
146185;256
146277;256
146366;256
146454;256
146540;256
146627;256
146717;256
146805;256
146892;256
147038;256
147208;256
147362;256
147465;256
147580;256
147670;256
147761;256
147854;256
147961;256
148082;256
148172;256
148261;256
