190;62
328;62
497;62
673;62
805;62
952;62
1073;62
1197;62
1334;62
1506;62
1672;62
1823;62
1936;62
2046;62
2165;62
2287;62
2437;62
2568;62
2688;62
2798;62
2910;62
3020;62
3190;62
3334;62
3485;62
3647;62
3816;62
3922;62
4023;62
4121;62
4231;63
4339;63
4442;63
4547;63
4647;63
4750;63
4853;63
4967;63
5064;63
5185;63
5294;63
5410;63
5529;63
5637;63
5748;63
5858;63
5959;63
6091;63
6241;63
6392;62
6550;62
6657;62
6764;62
6867;62
6997;62
7107;62
7218;62
7337;62
7444;62
7558;62
7661;62
7815;62
7917;62
8072;62
8175;62
8301;62
8404;62
8508;62
8621;62
8738;62
8842;62
8949;62
9052;62
9155;62
9259;62
9364;62
9472;62
9580;62
9678;62
9787;62
9885;62
9992;62
10100;62
10205;62
10315;62
10428;62
10529;62
10647;62
10754;62
10861;62
10980;62
11086;62
11192;62
11297;62
11412;62
11536;62
11662;62
11771;62
11874;62
11979;62
12104;62
12231;62
12339;62
12466;62
12593;62
12729;62
12830;62
12932;62
13054;62
13160;62
13268;62
13375;62
13484;62
13610;62
13735;62
13837;62
13946;62
14065;62
14163;62
14261;62
14370;62
14472;62
14581;62
14696;62
14826;62
14928;62
15040;62
15154;62
15255;62
15362;62
15488;62
15589;62
15685;62
15806;62
15918;62
16027;62
16132;62
16237;62
16343;62
16446;62
16564;62
16693;62
16804;62
16919;62
17033;62
17138;62
17246;62
17359;62
17468;62
17576;62
17698;62
17818;62
17929;62
18033;62
18143;62
18265;62
18371;62
18477;62
18574;62
18693;62
18802;62
18903;62
19013;62
19117;62
19222;62
19350;62
19458;62
19568;62
19671;62
19770;62
19878;62
19985;62
20090;62
20214;62
20331;62
20441;62
20550;62
20673;62
20778;62
20883;62
20990;62
21107;62
21220;62
21330;62
21465;67
21567;67
21691;67
21796;67
21912;67
22031;67
22135;67
22252;67
22362;67
22473;67
22578;67
22724;67
22826;66
22931;66
23056;66
23154;66
23279;66
23403;65
23515;65
23635;61
23746;61
23870;62
23990;62
24130;62
24233;62
24342;62
24440;62
24591;62
24691;62
24791;62
24890;62
24991;62
25101;62
25213;62
25324;62
25426;62
25532;62
25634;62
25740;62
25845;62
25952;62
26080;62
26187;62
26300;62
26415;62
26528;62
26648;62
26760;62
26898;62
27020;62
27153;62
27271;62
27389;62
27505;62
27616;62
27722;62
27828;62
27933;62
28034;62
28162;62
28276;62
28383;62
28485;62
28611;62
28710;62
28836;62
28936;62
29041;62
29138;62
29255;62
29358;62
29474;62
29596;62
29697;62
29798;62
29895;62
30009;62
30116;62
30227;62
30345;62
30451;62
30549;62
30655;62
30762;62
30879;62
30997;63
31102;63
31212;63
31312;63
31421;63
31546;63
31660;62
31767;62
31871;62
31978;62
32077;62
32187;62
32299;62
32405;62
32505;62
32620;62
32798;62
32990;62
33096;62
33211;62
33319;62
33425;62
33543;62
33668;62
33785;62
33891;62
34021;62
34145;63
34261;63
34379;63
34482;63
34597;63
34697;63
34795;63
34894;63
35003;63
35164;63
35263;63
35376;63
35485;63
35622;63
35723;63
35824;63
35929;63
36031;63
36147;63
36251;63
36360;63
36465;63
36592;63
36717;63
36824;63
36922;63
37031;63
37187;63
37290;63
37395;63
37499;63
37625;63
37758;63
37876;63
37979;63
38083;63
38190;63
38291;63
38399;63
38518;63
38628;63
38729;63
38846;63
38997;63
39180;63
39283;63
39386;63
39540;63
39658;63
39763;63
39864;63
39967;63
40072;63
40176;63
40275;63
40382;63
40487;63
40601;63
40704;63
40817;63
40921;63
41026;63
41131;63
41240;63
41346;63
41451;63
41569;63
41675;63
41781;63
41890;63
42032;63
42132;63
42232;63
42340;63
42443;63
42545;63
42647;63
42749;63
42868;63
42985;63
43096;63
43216;63
43332;63
43451;63
43590;63
43723;63
43864;63
44022;63
44169;63
44303;63
44412;63
44522;63
44630;63
44744;63
44853;63
44991;63
45113;63
45279;63
45454;63
45641;63
45824;63
46014;63
46170;63
46348;63
46452;63
46564;63
46672;63
46773;63
46881;63
46982;63
47131;63
47224;63
47321;63
47428;63
47532;63
47647;63
47751;63
47856;63
47956;63
48058;63
48164;63
48281;63
48391;63
48492;63
48598;63
48701;63
48828;63
48932;63
49036;63
49139;63
49238;63
49343;63
49494;63
49633;63
49739;63
49840;63
49963;64
50079;64
50174;64
50270;64
50386;64
50499;63
50630;63
50729;63
50833;63
50937;63
51037;63
51139;63
51241;63
51348;63
51458;63
51562;63
51667;63
51771;63
51873;63
51980;63
52095;63
52196;63
52298;63
52406;63
52511;63
52627;63
52733;63
52870;63
52969;63
53069;63
53166;63
53268;63
53377;63
53487;63
53600;64
53725;64
53831;64
53933;64
54087;63
54189;63
54315;63
54415;63
54511;63
54616;63
54715;63
54825;63
54942;63
55050;63
55150;63
55250;63
55354;63
55463;63
55567;63
55670;63
55802;63
55898;63
56019;63
56118;63
56223;63
56327;63
56444;63
56549;63
56669;63
56774;63
56890;63
56992;63
57112;63
57212;63
57326;63
57439;63
57547;63
57726;63
57852;63
57998;63
58124;64
58224;64
58343;67
58445;67
58552;67
58648;67
58744;67
58845;67
58947;67
59053;67
59150;67
59253;67
59358;67
59461;67
59564;67
59675;67
59773;67
59874;67
59974;67
60077;67
60183;67
60314;67
60419;67
60521;67
60637;65
60737;65
60859;65
60957;65
61077;65
61177;65
61283;65
61388;65
61485;65
61586;65
61685;65
61792;65
61916;65
62012;65
62125;65
62223;65
62335;65
62447;65
62549;65
62652;65
62752;65
62853;65
62970;65
63069;65
63170;65
63266;65
63390;65
63505;65
63604;65
63716;65
63846;65
63946;65
64066;65
64166;65
64264;65
64374;65
64482;65
64608;65
64771;66
64871;66
64974;66
65075;66
65198;66
65304;66
65405;66
65501;66
65598;66
65704;66
65809;66
65912;66
66032;66
66143;66
66245;66
66392;66
66511;66
66606;66
66710;66
66809;66
66910;66
67025;66
67127;66
67230;66
67348;66
67448;66
67573;66
67690;66
67828;67
67942;67
68055;67
68155;67
68262;67
68366;67
68473;67
68577;67
68686;67
68786;67
68883;67
68984;67
69092;67
69202;67
69306;66
69405;66
69516;66
69629;66
69726;66
69829;66
69936;66
70046;66
70149;66
70252;66
70359;66
70475;66
70593;66
70705;66
70802;66
70908;65
71019;66
71122;66
71223;66
71326;66
71446;66
71557;66
71657;66
71757;66
71873;66
71974;66
72074;66
72190;66
72317;66
72417;66
72523;66
72639;67
72757;67
72866;64
72968;64
73086;64
73190;64
73289;64
73404;64
73520;64
73625;64
73741;64
73874;64
73984;64
74095;64
74195;64
74295;63
74395;63
74497;63
74596;63
74703;63
74801;63
74901;63
75001;63
75113;63
75221;63
75339;63
75458;63
75562;63
75678;63
75775;63
75912;63
76014;63
76124;63
76229;63
76342;63
76445;63
76548;63
76652;63
76773;63
76870;63
76972;63
77071;63
77197;63
77299;63
77408;63
77517;63
77712;63
77818;63
77942;63
78058;63
78157;63
78259;63
78363;63
78464;63
78565;63
78670;63
78769;63
78872;63
78999;63
79099;63
79224;63
79327;63
79428;63
79537;63
79656;63
79755;63
79859;63
79965;63
80082;63
80182;63
80302;63
80404;63
80508;63
80615;63
80723;63
80847;63
80959;63
81065;63
81163;63
81268;63
81377;63
81483;63
81581;63
81681;63
81791;63
81938;61
82038;61
82137;61
82242;61
82361;61
82486;61
82592;61
82697;61
82822;61
82929;61
83029;61
83152;61
83313;61
83418;61
83518;61
83615;61
83730;61
83841;61
83965;61
84063;61
84188;61
84288;61
84399;61
84524;61
84639;61
84752;61
84881;61
84985;61
85098;61
85221;61
85324;61
85475;61
85575;61
85674;61
85773;61
85910;61
86018;61
86119;61
86249;61
86365;61
86482;61
86638;61
86762;61
86861;61
86968;61
87073;61
87170;61
87293;61
87398;61
87499;61
87603;61
87705;61
87809;61
87937;61
88095;61
88192;61
88310;61
88411;61
88512;61
88611;61
88712;61
88813;61
88910;61
89033;61
89133;61
89238;61
89339;61
89436;61
89539;61
89657;61
89757;61
89856;61
89992;61
90106;62
90220;62
90320;62
90427;62
90531;62
90645;62
90739;62
90845;62
90973;62
91115;64
91216;64
91330;64
91433;64
91543;64
91673;64
91810;64
91915;64
92026;64
92124;64
92221;64
92325;64
92447;64
92582;64
92679;64
92780;63
92888;63
92987;63
93088;63
93197;63
93307;63
93414;63
93519;63
93627;63
93742;63
93843;63
93948;63
94057;63
94177;63
94279;63
94381;63
94497;63
94599;63
94698;63
94799;63
94909;63
95007;63
95104;63
95207;63
95352;63
95460;63
95560;63
95679;63
95802;63
95900;63
96008;63
96119;63
96222;63
96322;63
96422;63
96529;63
96635;63
96744;63
96847;63
96946;63
97043;63
97150;63
97273;63
97374;63
97474;63
97575;63
97696;63
97808;63
97904;63
98003;63
98100;63
98208;63
98326;63
98435;63
98552;63
98692;63
98811;63
98911;63
99012;63
99115;63
99226;63
99332;63
99439;63
99542;63
99650;63
99751;63
99853;63
100012;63
100109;63
100210;63
100314;63
100415;63
100516;63
100622;63
100729;63
100837;63
100943;63
101064;62
101164;62
101269;62
101416;62
101515;62
101616;62
101744;62
101869;62
101989;62
102104;62
102215;61
102316;61
102422;61
102543;61
102639;61
102739;61
102839;61
102941;61
103051;61
103152;61
103250;61
103361;61
103487;61
103602;61
103713;61
103809;61
103921;61
104047;61
104148;61
104282;61
104383;61
104482;61
104646;61
104755;61
104861;61
104963;61
105061;61
105164;61
105266;61
105378;61
105480;61
105605;61
105710;61
105817;61
105919;61
106056;61
106156;61
106254;61
106388;61
106494;61
106617;61
106723;61
106825;61
106958;61
107066;61
107159;61
107263;61
107359;61
107469;61
107579;61
107681;61
107787;61
107914;61
108061;61
108153;61
108257;61
108380;63
108488;63
108596;63
108697;63
108805;63
108905;63
109013;63
109117;63
109285;63
109418;63
109593;63
109701;63
109807;63
109924;63
110046;63
110186;63
110292;61
110397;61
110501;61
110604;61
110713;61
110809;61
110904;61
111009;61
111111;61
111222;61
111324;61
111429;61
111545;61
111667;61
111770;61
111885;61
111984;61
112084;61
112181;61
112284;61
112396;61
112498;61
112597;61
112705;61
112803;61
112925;61
113030;61
113174;61
113317;61
113433;61
113547;61
113647;61
113753;61
113856;61
113973;61
114083;61
114192;61
114309;61
114417;61
114519;61
114623;61
114755;61
114865;61
114968;61
115069;61
115180;61
115285;61
115392;61
115498;61
115602;61
115707;61
115825;61
115929;61
116035;61
116142;61
116263;61
116366;61
116467;61
116571;61
116678;61
116779;61
116882;61
116985;61
117109;61
117213;61
117321;61
117432;61
117532;61
117723;61
117857;61
118025;61
118142;61
118243;61
118357;61
118457;61
118561;61
118665;61
118782;61
118882;61
118987;61
119105;61
119222;61
119355;61
119451;61
119546;61
119644;61
119761;61
119879;61
119980;61
120089;61
120259;61
120363;61
120466;61
120577;61
120702;61
120814;61
120914;61
121045;61
121164;61
121272;61
121375;61
121481;61
121608;61
121738;61
121845;61
121946;61
122048;61
122158;61
122277;61
122371;61
122475;61
122580;61
122687;61
122852;61
122969;61
123072;61
123181;61
123356;61
123456;61
123559;61
123678;61
123783;61
123895;61
123991;61
124115;61
124228;61
124329;61
124431;61
124551;62
124671;62
124789;62
124892;62
124994;62
125108;62
125204;62
125322;62
125420;62
125535;62
125636;62
125737;62
125836;62
125935;62
126056;62
126176;62
126295;62
126397;62
126496;62
126660;62
126788;62
126894;62
126994;62
127098;62
127204;62
127312;62
127428;62
127527;62
127650;62
127755;62
127873;62
127975;62
128084;62
128209;62
128316;62
128418;62
128520;62
128619;62
128731;62
128830;62
128930;62
129026;62
129137;62
129245;62
129357;62
129460;62
129562;62
129665;62
129787;62
129891;62
129992;62
130093;62
130204;62
130313;62
130415;62
130523;62
130635;62
130755;62
130871;62
130979;62
131086;62
131200;62
131320;62
131449;62
131567;62
131693;62
131802;62
131910;62
132010;62
132124;62
132258;62
132366;62
132481;62
132594;62
132699;62
132811;62
132917;62
133014;62
133111;62
133217;62
133328;62
133435;62
133538;62
133641;62
133758;62
133853;62
133966;62
134062;62
134199;62
134304;62
134410;62
134518;62
134636;61
134739;61
134852;61
134958;61
135074;61
135187;61
135289;61
135393;61
135501;61
135618;61
135717;61
135819;61
135934;61
136041;61
136144;61
136274;61
136377;61
136485;61
136604;61
136708;61
136832;61
136936;61
137040;61
137160;61
137274;61
137375;61
137474;61
137592;61
137715;61
137838;61
137941;61
138057;61
138157;61
138285;61
138408;61
138526;61
138644;61
138758;61
138872;61
138975;61
139078;61
139191;61
139288;61
139388;61
139503;61
139607;61
139706;61
139809;61
139917;61
140018;61
140120;61
140261;61
140405;61
140555;61
140658;61
140765;61
140865;61
140963;61
141091;61
141227;61
141336;61
141457;61
141572;61
141674;61
141773;61
141876;61
141982;61
142086;61
142186;61
142320;61
142420;61
142533;61
142659;61
142760;61
142863;61
142962;61
143065;61
143184;61
143284;61
143381;61
143487;61
143596;61
143721;61
143825;61
143927;61
144057;61
144179;61
144290;61
144394;61
144497;61
144599;61
144711;61
144816;61
144917;61
145026;61
145135;61
145237;61
145352;61
145448;61
145549;61
145648;61
145772;61
145876;61
145975;61
146091;62
146193;62
146301;62
146405;62
146541;62
146644;62
146755;62
146867;62
146971;62
147075;62
147174;62
147272;62
147378;62
147492;62
147583;62
147686;62
147800;62
147899;62
147995;62
148110;62
148218;62
148322;62
148421;62
148522;62
148627;62
148750;62
148848;62
148965;62
149088;62
149237;62
149356;62
149455;62
149567;62
149667;62
149775;62
149879;62
149984;62
150101;62
150205;62
150314;62
150417;62
150525;62
150634;62
150745;62
150853;62
150958;62
151066;62
151170;62
151270;62
151377;62
151482;62
151583;62
151714;62
151817;62
151918;62
152022;62
152154;62
152245;62
152360;62
152457;62
152558;62
152663;62
152778;62
152878;62
152997;62
153096;62
153218;62
153323;62
153439;62
153540;62
153654;62
153753;62
153849;62
153951;62
154055;62
154157;62
154260;62
154422;62
154520;62
154629;62
154733;62
154832;62
154950;62
155075;62
155168;62
155267;62
155366;62
155471;62
155572;62
155690;62
155812;62
155911;62
156015;62
156113;62
156221;62
156361;62
156460;62
156573;62
156672;62
156783;62
156879;62
156993;62
157139;62
157238;62
157343;62
157460;62
157561;62
157669;62
157777;62
157877;62
157991;62
158084;62
158181;62
158280;62
158416;62
158544;62
158649;62
158748;62
158879;62
158982;62
159093;62
159192;62
159292;62
159405;62
159511;62
159607;62
159702;62
159798;62
159903;62
160006;62
160121;62
160230;62
160355;62
160490;62
160606;62
160708;62
160823;62
160928;62
161027;62
161124;62
161229;62
161349;62
161475;62
161585;62
161734;62
161866;62
161973;62
162072;62
162211;62
162314;62
162463;62
162565;62
162680;62
162783;62
162886;62
163015;62
163121;62
163236;62
163336;62
163436;62
163550;62
163647;62
163772;62
163910;62
164016;62
164124;62
164243;62
164352;62
164476;62
164586;62
164685;62
164796;62
164916;62
165020;62
165117;62
165233;62
165392;62
165516;62
165623;62
165723;62
165821;62
165920;62
166040;62
166156;62
166259;62
166378;62
166504;62
166612;62
166735;62
166841;62
166969;62
167079;62
167185;62
167280;62
167380;62
167495;62
167599;62
167718;62
167819;62
167935;62
168043;62
168159;62
168260;62
168384;62
168485;62
168619;62
168720;62
168834;62
168942;62
169041;62
169150;62
169281;62
169395;62
169532;62
169713;62
169815;62
169925;62
170029;62
170130;62
170339;62
170449;62
170548;62
170650;62
170759;62
170886;62
170986;62
171086;62
171188;62
171287;62
171395;62
171503;62
171602;62
171720;62
171827;62
171948;62
172054;62
172161;62
172281;62
172388;62
172495;62
172594;62
172712;62
172818;62
172918;62
173018;62
173127;62
173232;62
173389;62
173491;62
173592;62
173696;62
173828;62
173927;62
174042;62
174141;62
174236;62
174332;62
174499;62
174602;62
174708;62
174808;62
174907;62
175005;62
175106;62
175207;62
175325;62
175457;62
175565;62
175669;62
175768;62
175883;62
175984;62
176109;62
176211;62
176327;62
176433;62
176538;62
176637;62
176737;62
176863;62
176975;62
177080;62
177181;62
177310;62
177418;62
177522;62
177702;62
177862;62
178002;62
178101;62
178203;62
178301;62
178423;62
178558;62
178654;62
178759;62
178861;62
178965;62
179073;62
179197;62
179296;62
179406;62
179513;62
179612;62
179727;62
179838;62
179971;62
180071;62
180170;62
180275;62
180380;62
180487;62
180589;62
180704;62
180826;62
180928;62
181044;62
181141;62
181261;62
181361;62
181467;62
181573;62
181672;62
181774;62
181872;62
181971;62
182071;62
182185;62
182281;62
182380;62
182508;62
182614;62
182730;62
182831;62
182938;62
183044;62
183147;62
183248;62
183377;62
183500;62
183600;62
183699;62
183817;62
183981;62
184081;62
184184;62
184312;62
184430;62
184543;62
184639;62
184735;62
184845;62
184943;62
185043;62
185163;62
185294;62
185396;62
