582;3691
703;3608
795;3412
1046;3318
1101;3265
1156;3265
1204;3225
1262;3225
1331;3225
1379;2987
1428;2977
1469;2954
1535;2933
1863;2884
2477;2834
2533;2513
2572;2513
2612;2406
2645;2352
2680;2175
2716;2162
3007;2065
3042;2065
3078;1994
3112;1994
3158;1979
3196;1979
3230;1907
3265;1907
3335;1907
3414;1907
3463;1907
3809;1817
4222;1762
4423;1703
4471;1703
4531;1703
4568;1672
4601;1672
4633;1647
4677;1579
4719;1422
4771;1339
4806;1245
4843;1245
4895;1245
4942;1172
4983;1110
5016;1110
5050;1110
5125;1102
5159;1102
5193;1099
5238;1095
5276;1095
5308;1095
5342;1095
5385;1095
5423;1028
5454;1028
5491;941
5526;941
5570;925
5605;925
5639;925
5695;911
5757;911
5801;911
5859;900
5913;900
5975;900
6184;900
6413;900
6568;900
6765;900
7036;900
7252;900
7456;900
7509;900
7606;815
7642;815
7677;816
7716;817
7753;817
7802;817
7837;817
7875;811
7918;810
7964;810
8000;810
8033;810
8067;810
8109;810
8148;797
8183;797
8218;802
8253;802
8291;802
8336;802
8381;802
8426;674
8464;674
8502;674
8540;674
8577;674
8613;674
8646;674
8714;674
8750;674
8784;674
8816;674
8849;674
8883;674
8915;674
8954;674
8988;674
9027;675
9060;675
9095;675
9129;675
9167;675
9205;675
9238;670
9276;670
9315;583
9351;583
9399;583
9438;583
9477;586
9518;494
9553;494
9592;494
9630;494
9663;494
9697;494
9731;494
9796;494
9855;494
9961;486
10204;485
10265;485
10314;485
10361;484
10415;484
13686;484
13779;484
13818;403
13853;350
13890;350
13925;264
13964;264
14009;264
14045;264
14087;261
14124;261
14157;261
14192;261
14226;261
14260;261
14306;261
14340;261
14379;261
14415;261
14457;261
14492;261
14527;261
14563;261
14598;261
14632;261
14678;261
14712;261
14747;261
14785;261
14819;261
14865;261
14900;261
14935;261
14970;261
15004;261
15040;261
15081;261
15120;261
15156;261
15192;261
15226;261
15261;261
15305;261
15345;261
15383;261
15420;261
15456;261
15495;261
15531;261
15567;261
15606;261
15642;261
15681;261
15728;261
15770;262
15821;262
15868;262
15904;262
15941;262
15981;263
16015;263
16126;263
16160;263
16195;263
16234;263
16273;263
16311;263
16347;263
16386;263
16423;263
16458;263
16493;263
16530;263
16568;263
16606;263
16642;263
16678;263
16713;263
16750;263
16785;263
16821;263
16855;263
16889;263
16925;263
16960;263
16995;263
17030;263
17068;263
17108;263
17145;263
17184;263
17221;263
17259;263
17302;263
17340;263
17376;263
17422;263
17458;263
17493;263
17532;263
17575;263
17610;263
17651;263
17686;263
17721;263
17762;263
17797;263
17831;263
17892;263
17932;263
17964;263
18013;263
18064;263
18119;263
18170;263
18217;263
18257;263
18290;263
18325;263
18359;263
18400;263
18435;263
18471;261
18508;261
18540;261
18575;261
18607;261
18638;261
18673;261
18706;261
18737;261
18769;261
18800;261
18833;261
18868;261
18899;261
18931;261
18968;261
19000;261
19052;261
19089;261
19128;261
19173;261
19209;261
19244;261
19279;261
19317;261
19348;261
19387;261
19558;261
19593;261
19631;261
19670;261
19711;261
19749;261
19784;261
19822;261
19864;261
19898;260
19932;260
19970;260
20006;260
20042;260
20075;260
20110;260
20146;260
20181;260
20216;260
20252;260
20287;260
20323;260
20359;260
20398;260
20429;260
20462;260
20497;260
20529;260
20563;260
20597;260
20631;260
20666;260
20701;260
20742;260
20773;260
20805;260
20837;260
20875;260
20927;260
20985;260
21029;260
21071;260
21113;260
21147;260
21184;260
21220;260
21262;260
21301;260
21337;260
21374;260
21410;260
21446;260
21480;260
21521;260
21553;260
21585;260
21617;260
21649;260
21681;260
21713;260
21746;260
21778;260
21811;260
21844;260
21876;260
21912;260
21945;260
21978;260
22010;260
22042;260
22076;260
22108;260
22142;260
22175;260
22209;259
22240;259
22272;259
22304;259
22336;259
22368;259
22401;259
22437;259
22470;259
22505;259
22539;259
22572;259
22604;259
22639;259
22673;259
22707;259
22745;259
22780;259
22821;259
22855;258
22888;258
22927;258
22963;258
22994;258
23029;258
23058;258
23089;258
23122;258
23153;258
23185;258
23218;258
23250;258
23285;258
23317;258
23348;258
23383;258
23418;258
23449;258
23484;258
23515;258
23546;259
23583;259
23615;259
23647;259
23678;259
23711;259
23744;259
23775;259
23813;259
23845;259
23886;259
23919;258
23951;258
23986;258
24018;258
24051;258
24086;258
24119;258
24154;258
24186;258
24218;258
24250;258
24281;258
24312;258
24349;258
24387;258
24419;258
24454;258
24485;258
24520;258
24551;258
24587;258
24618;258
24649;258
24685;258
24719;258
24751;258
24783;258
24815;258
24846;258
24878;258
24908;258
24940;258
24970;258
25002;258
25035;258
25066;258
25098;258
25133;258
25165;258
25196;258
25231;258
25262;258
25294;258
25326;258
25358;258
25391;258
25422;258
25459;258
25490;258
25521;258
25555;258
25586;258
25618;258
25649;258
25684;258
25715;258
25747;258
25778;258
25812;256
25848;256
25888;256
25925;256
25956;256
25990;256
26020;256
26058;256
26090;256
26122;256
26154;256
26186;256
26218;256
26250;256
26285;256
26316;256
26347;256
26385;256
26416;256
26447;256
26479;256
26510;256
26545;256
26576;256
26607;256
26638;256
26669;256
26701;256
26737;256
26768;257
26800;257
26833;257
26866;257
26905;257
26934;257
26965;257
26999;257
27032;257
27063;257
27102;257
27133;257
27172;257
27203;257
27235;257
27266;257
27301;257
27332;257
27367;257
27403;257
27435;257
27473;257
27511;257
27543;257
27574;257
27608;257
27639;257
27677;257
27709;257
27744;257
27776;256
27811;256
27842;256
27875;256
27906;256
27937;256
27969;256
28004;256
28039;256
28074;256
28107;256
28142;256
28174;256
28208;256
28240;256
28274;256
28306;256
28338;256
28380;256
28414;256
28442;256
28475;256
28508;256
28545;256
28576;256
28608;256
28648;259
28681;259
28713;259
28744;259
28775;259
28806;259
28847;259
28894;259
28931;259
28964;259
28996;259
29033;259
29068;259
29102;259
29137;259
29169;259
29203;259
29241;259
29276;259
29307;259
29343;259
29375;259
29412;256
29445;256
29479;256
29510;256
29542;256
29577;256
29607;256
29642;256
29801;256
29832;256
29864;256
29896;256
29932;256
29976;256
30015;256
30049;256
30083;256
30114;256
30146;256
30177;256
30214;256
30246;256
30284;256
30315;256
30347;256
30380;256
30412;256
30450;257
30487;257
30520;257
30553;257
30588;257
30620;257
30652;257
30685;257
30717;257
30748;257
30783;257
30825;257
30856;257
30890;257
30921;257
30953;257
30984;257
31015;257
31050;257
31086;257
31119;257
31152;257
31186;257
31218;257
31254;257
31291;257
31329;257
31362;257
31396;257
31428;257
31459;257
31490;257
31521;257
31552;257
31586;257
31624;257
31655;256
31687;256
31718;256
31750;256
31782;256
31813;256
31847;256
31881;256
31912;256
31944;256
31978;256
32011;256
32043;256
32074;256
32106;256
32137;256
32168;256
32206;256
32237;256
32268;256
32308;256
32338;256
32372;256
32403;256
32434;256
32467;256
32504;256
32533;256
32565;256
32597;256
32628;256
32659;256
32690;256
32721;256
32755;256
32789;256
32820;256
32851;256
32885;256
32918;256
32956;256
32990;256
33032;256
33066;256
33098;256
33130;256
33160;256
33198;256
33230;256
33262;256
33294;256
33330;256
33365;256
33399;256
33430;256
33461;256
33494;256
33544;256
33581;256
33612;256
33643;256
33674;256
33710;256
33741;256
33772;256
33807;256
33845;256
33876;256
33908;256
33946;256
33977;256
34008;256
34040;256
34072;256
34103;256
34135;256
34167;256
34199;256
34233;256
34264;256
34302;256
34332;256
34364;256
34395;256
34426;256
34464;256
34497;256
34528;256
34562;256
34594;256
34631;256
34663;256
34694;256
34727;256
34757;256
34793;256
34828;256
34860;256
34891;256
34925;256
34956;256
34990;256
35022;256
35057;256
35090;256
35134;256
35168;256
35199;256
35233;256
35265;256
35296;256
35330;256
35365;256
35397;256
35429;256
35463;256
35495;256
35541;256
35573;256
35604;256
35638;256
35667;256
35698;256
35738;256
35770;256
35805;256
35840;256
35870;256
35904;256
35942;256
35974;256
36008;256
36042;256
36079;256
36111;256
36145;256
36183;256
36219;256
36253;256
36284;256
36316;256
36347;256
36381;256
36413;256
36444;256
36476;256
36508;256
36546;256
36581;256
36616;256
36650;256
36681;256
36714;256
36751;256
36783;256
36813;256
36848;256
36893;256
36927;256
36958;256
36989;256
37025;256
37057;256
37089;256
37122;256
37153;256
37184;256
37219;256
37254;256
37289;256
37320;256
37351;256
37383;256
37417;256
37451;256
37485;256
37520;256
37551;256
37583;256
37614;256
37644;256
37675;256
37706;256
37738;256
37769;256
37800;256
37831;256
37865;256
37897;256
37930;256
37962;256
37994;256
38026;256
38056;256
38089;256
38122;256
38158;256
38189;256
38221;256
38256;256
38290;256
38324;256
38355;256
38391;256
38422;256
38459;256
38494;256
38528;256
38560;256
38596;256
38631;256
38665;256
38697;256
38728;256
38773;256
38804;256
38836;256
38869;256
38900;256
38931;256
38969;256
39003;256
39034;256
39068;256
39100;256
39134;256
39168;256
39200;256
39233;256
39264;256
39296;256
39327;256
39362;256
39393;256
39428;256
39465;256
39496;256
39527;256
39559;256
39591;256
39622;256
39659;256
39690;256
39721;256
39753;256
39784;256
39819;256
39853;256
39885;256
39919;256
39950;256
39982;256
40014;256
40045;256
40080;256
40112;256
40147;256
40181;256
40215;256
40252;256
40283;256
40317;256
40348;256
40380;256
40415;256
40446;256
40480;256
40510;256
40540;256
40571;256
40603;256
40637;256
40669;256
40703;256
40734;256
40766;256
40811;256
40842;256
40874;256
40906;256
40939;256
40969;256
41004;256
41039;256
41073;256
41104;256
41135;256
41173;256
41204;257
41238;259
41270;259
41305;259
41338;259
41373;259
41405;259
41442;259
41473;259
41511;259
41549;259
41581;259
41616;259
41647;259
41685;259
41716;259
41747;259
41782;259
41814;259
41845;259
41886;259
41917;259
41949;259
41981;259
42012;258
42050;258
42081;258
42113;258
42144;258
42178;258
42209;258
42250;258
42282;258
42313;258
42347;258
42386;258
42420;258
42457;258
42490;258
42524;258
42555;258
42589;258
42621;258
42655;258
42690;258
42721;258
42755;258
42800;258
42836;258
42868;258
42900;258
42935;258
42966;258
42998;258
43029;258
43061;258
43095;258
43126;258
43160;258
43195;258
43226;258
43260;258
43297;258
43329;258
43361;258
43396;258
43430;258
43461;258
43493;258
43527;258
43562;258
43603;258
43637;258
43671;258
43703;258
43741;258
43776;258
43807;258
43838;258
43873;258
43907;258
43944;258
43989;258
44020;258
44055;258
44089;258
44124;258
44162;258
44193;258
44225;258
44257;258
44289;258
44324;258
44355;258
44387;258
44418;258
44453;258
44484;258
44516;258
44548;258
44581;258
44612;258
44644;258
44675;258
44709;258
44743;258
44776;258
44807;258
44838;258
44872;258
44905;258
44937;258
44975;258
45009;258
45049;258
45083;258
45121;258
45163;258
45195;258
45230;258
45266;258
45297;258
45332;258
45368;258
45401;258
45433;258
45465;258
45500;258
45534;258
45571;258
45607;258
45640;258
45676;258
45707;258
45743;258
45783;258
45817;258
45850;258
45881;258
45914;258
45946;258
45977;258
46012;258
46043;258
46074;258
46106;258
46137;258
46168;258
46200;258
46234;258
46269;258
46300;258
46334;258
46367;258
46400;258
46434;258
46472;258
46515;258
46549;258
46579;258
46611;258
46649;258
46694;258
46725;258
46761;258
46796;258
46831;258
46868;258
46902;258
46933;258
46978;258
47009;258
47044;258
47076;258
47107;258
47142;258
47175;258
47221;258
47259;258
47294;258
47326;258
47357;258
47391;258
47419;258
47450;258
47486;258
47518;258
47549;258
47578;258
47615;258
47649;258
47681;258
47718;258
47752;258
47788;258
47823;258
47855;258
47890;258
47970;258
48003;258
48045;258
48080;258
48112;258
48145;258
48176;258
48211;258
48247;258
48282;258
48318;260
48349;260
48390;260
48425;260
48458;260
48489;260
48521;260
48552;260
48587;260
48624;260
48656;260
48688;260
48722;260
48754;260
48783;260
48827;260
48858;260
48892;260
48929;260
48963;260
48996;260
49032;260
49066;260
49098;260
49129;260
49163;260
49198;260
49229;260
49267;260
49305;260
49336;260
49369;260
49406;260
49444;260
49479;260
49511;260
49544;260
49575;260
49608;260
49642;260
49674;260
49705;260
49739;260
49774;260
49807;260
49841;260
49872;260
49903;260
49941;260
49975;260
50011;260
50041;260
50073;260
50104;260
50135;260
50165;260
50199;260
50236;260
50267;260
50303;260
50349;260
50392;260
50430;260
50473;260
50506;260
50541;260
50572;260
50607;260
50639;260
50677;260
50709;260
50744;260
50775;260
50809;260
50842;260
50885;260
50920;260
50953;260
50996;260
51028;260
51117;260
51153;260
51184;260
51216;260
51247;260
51277;260
51309;260
51344;260
51376;260
51408;260
51438;260
51476;260
51510;260
51546;260
51585;260
51622;260
51657;260
51689;260
51724;260
51755;260
51790;260
51828;260
51859;260
51895;260
51929;260
51965;260
52023;260
52088;260
52145;260
52177;260
52211;260
52245;260
52278;260
52309;260
52344;260
52375;260
52435;260
52516;260
52550;260
52581;260
52612;260
52647;260
52678;260
52713;260
52747;260
52778;260
52810;260
52841;260
52871;260
52916;260
52948;260
52980;260
53014;260
53046;260
53077;260
53111;260
53143;260
53178;260
53206;260
53237;260
53268;260
53306;260
53337;260
53370;260
53409;260
53443;260
53479;260
53513;260
53547;260
53582;260
53620;260
53658;260
53690;260
53740;260
53770;260
53801;260
53832;260
53863;260
53896;260
53928;260
53963;260
53994;260
54027;260
54062;260
54095;260
54128;260
54166;260
54201;260
54236;260
54271;260
54306;260
54337;260
54369;260
54401;260
54433;260
54464;260
54496;260
54530;260
54564;260
54601;260
54633;260
54670;260
54708;260
54745;260
54777;260
54808;260
54843;260
54875;260
54906;260
