1316;75
1584;75
1831;75
2135;75
2382;75
2624;75
2881;75
3169;75
3411;75
3654;75
3898;75
4148;75
4383;75
4628;75
4914;75
5243;75
5521;75
5756;75
5997;75
6237;75
6467;75
6714;75
7022;75
7315;75
7545;75
7771;75
8005;75
8247;75
8479;75
8750;75
9049;75
9286;75
9516;75
9751;75
9979;75
10206;75
10438;75
10665;75
10885;75
11103;75
11328;75
11542;75
11744;75
11950;75
12148;75
12345;75
12548;75
12741;75
12929;75
13119;75
13304;75
13481;75
13665;75
13837;75
14013;75
14185;75
14359;75
14526;75
14683;75
14842;75
14993;75
15148;75
15301;75
15449;75
15592;75
15729;75
15875;75
16007;75
16204;73
16330;73
16453;73
16575;73
16702;73
16871;72
17036;71
17204;70
17339;70
17454;70
17564;70
17668;70
17778;70
17932;69
18033;69
18140;69
18236;69
18335;69
18433;69
18528;69
18629;69
18726;69
18841;69
18950;69
19049;69
19152;69
19252;69
19353;69
19449;69
19544;69
19643;69
19746;69
19853;69
19950;69
20053;69
20152;69
20251;69
20348;69
20452;69
20549;69
20647;69
20745;69
20840;69
20937;69
21037;69
21134;69
21245;69
21359;69
21457;69
21557;69
21652;69
21748;69
21845;69
21944;69
22046;69
22149;69
22301;69
22455;69
22559;69
22661;69
22757;69
22855;69
22952;69
23052;69
23152;69
23256;69
23372;69
23470;69
23570;69
23671;69
23770;69
23866;69
23965;69
24062;69
24161;69
24258;69
24358;69
24457;69
24555;69
24652;69
24748;69
24846;69
24942;69
25044;69
25144;69
25245;69
25345;69
25443;69
25542;69
25639;69
25738;69
25834;69
25932;69
26030;69
26128;69
26225;69
26326;69
26424;69
26528;69
26636;69
26736;69
26834;69
26931;69
27027;69
27126;69
27224;69
27340;69
27442;69
27538;69
27634;69
27730;69
27825;69
27923;69
28020;69
28132;69
28229;69
28324;69
28421;69
28550;69
28672;69
28785;69
28910;69
29009;69
29113;69
29206;69
29301;69
29400;69
29495;69
29592;69
29692;69
29791;69
29886;69
29981;69
30083;69
30178;69
30271;69
30370;69
30466;69
30564;69
30661;69
30757;69
30856;69
30953;69
31048;69
31144;69
31243;69
31353;69
31462;69
31556;69
31650;69
31748;69
31842;69
31938;69
32035;69
32131;69
32232;69
32327;69
32423;69
32520;69
32616;69
32715;69
32816;69
32915;69
33011;69
33105;69
33202;69
33300;69
33418;69
33515;69
33614;69
33708;69
33802;69
33898;69
33992;69
34088;69
34187;69
34287;69
34389;69
34488;69
34585;69
34681;69
34780;69
34876;69
34975;69
35073;69
35174;69
35272;69
35370;69
35472;69
35572;69
35672;69
35778;69
35880;69
35984;69
36086;69
36185;69
36282;69
36383;69
36482;69
36581;69
36680;69
36777;69
36877;69
36973;69
37073;69
37170;69
37270;69
37375;69
37481;69
37577;69
37676;69
37772;69
37868;69
37967;69
38065;69
38166;69
38263;69
38365;69
38462;69
38559;69
38659;69
38756;69
38859;69
38962;69
39065;69
39171;69
39264;69
39360;69
39463;69
39557;69
39656;69
39752;69
39848;69
39949;69
40045;69
40145;69
40243;69
40339;69
40443;69
40540;69
40641;69
40734;69
40831;69
40925;69
41021;69
41120;69
41213;69
41308;69
41404;69
41502;69
41597;69
41694;69
41790;69
41886;69
41989;69
42086;69
42183;69
42282;69
42379;69
42474;69
42569;69
42668;69
42764;69
42861;69
42959;69
43054;69
43153;69
43252;69
43347;69
43451;69
43556;69
43655;69
43749;69
43847;69
43944;69
44043;69
44188;69
44318;69
44418;69
44515;69
44649;69
44788;69
44889;69
44990;69
45142;69
45268;69
45369;69
45470;69
45612;69
45741;69
45841;69
45939;69
46039;69
46136;69
46238;69
46335;69
46453;69
46603;69
46750;69
46876;69
46984;69
47100;69
47215;69
47318;69
47422;69
47547;69
47644;69
47745;69
47841;69
47937;69
48046;69
48206;69
48401;69
48577;69
48696;69
48798;69
48891;69
48993;69
49138;69
49286;69
49424;69
49578;69
49694;69
49794;69
49896;69
49992;69
50093;69
50203;69
50369;69
50514;69
50657;69
50776;69
50871;69
50970;69
51071;69
51203;69
51356;69
51514;69
51663;69
51762;69
51861;69
51958;69
52058;69
52157;69
52256;69
52357;69
52501;69
52659;69
52811;69
52959;69
53063;69
53159;69
53258;69
53353;69
53451;69
53550;69
53648;69
53745;69
53838;69
53934;69
54032;69
54131;69
54230;69
54339;69
54445;69
54542;69
54639;69
54733;69
54829;69
54926;69
55022;69
55116;69
55210;69
55303;69
55397;69
55495;69
55611;69
55724;69
55843;69
55952;69
56067;69
56173;69
56273;69
56368;69
56465;69
56578;69
56695;69
56791;69
56898;69
57010;69
57110;69
57244;69
57376;69
57506;69
57668;69
57774;69
57871;69
57971;69
58068;69
58169;69
58267;69
58364;69
58461;69
58580;69
58721;69
58826;69
58932;69
59050;69
59204;69
59326;69
59424;69
59522;69
59621;69
59723;69
59821;69
59921;69
60018;69
60117;69
60214;69
60311;69
60441;69
60585;69
60711;69
60812;69
60909;69
61010;69
61110;69
61210;69
61306;69
61403;69
61502;69
61599;69
61707;69
61802;69
61898;69
61993;69
62094;69
62197;69
62295;69
62395;69
62492;69
62592;69
62689;69
62786;69
62885;69
62981;69
63086;69
63182;69
63280;69
63376;69
63472;69
63571;69
63677;69
63780;69
63877;69
63976;69
64071;69
64171;69
64270;69
64365;69
64464;69
64559;69
64656;69
64753;69
64849;69
64945;69
65041;69
65148;69
65252;69
65352;69
65449;69
65546;69
65651;69
65765;69
65860;69
65954;69
66054;69
66153;69
66252;69
66350;69
66446;69
66544;69
66648;69
66753;69
66852;69
66952;69
67049;69
67149;69
67248;69
67350;69
67449;69
67545;69
67644;69
67752;69
67848;69
67950;69
68048;69
68149;69
68251;69
68350;69
68452;69
68548;69
68648;69
68743;69
68841;69
68942;69
69044;69
69141;69
69237;69
69336;69
69434;69
69534;69
69631;69
69741;69
69850;69
69951;69
70045;69
70151;69
70247;69
70344;69
70441;69
70538;69
70639;69
70738;69
70835;69
70930;69
71026;69
71130;69
71227;69
71341;69
71445;69
71543;69
71640;69
71742;69
71838;69
71935;69
72034;69
72132;69
72230;69
72326;69
72426;69
72522;69
72622;69
72722;69
72820;69
72921;69
73020;69
73123;69
73221;69
73320;69
73417;69
73516;69
73614;69
73718;69
73837;69
73931;69
74026;69
74123;69
74217;69
74315;69
74419;69
74519;69
74621;69
74717;69
74817;69
74917;69
75018;69
75116;69
75214;69
75312;69
75405;69
75501;69
75600;69
75696;69
75814;69
75914;69
76011;69
76115;69
76213;69
76314;69
76417;69
76512;69
76610;69
76704;69
76806;69
76947;69
77076;69
77179;69
77276;69
77373;69
77474;69
77574;69
77672;69
77772;69
77874;69
77971;69
78071;69
78190;69
78326;69
78442;69
78537;69
78637;69
78781;69
78916;69
79029;69
79133;69
79230;69
79356;69
79509;69
79616;69
79718;69
79839;69
79942;69
80040;69
80141;69
80235;69
80340;69
80449;69
80605;69
80729;69
80834;69
80930;69
81038;69
81190;69
81334;69
81482;69
81606;69
81703;69
81811;69
81924;69
82021;69
82135;69
82236;69
82341;69
82439;69
82540;69
82638;69
82734;69
82831;69
82926;69
83025;69
83128;69
83228;69
83326;69
83424;69
83520;69
83619;69
83721;69
83818;69
83919;69
84014;69
84112;69
84211;69
84308;69
84402;69
84502;69
84599;69
84697;69
84794;69
84892;69
84990;69
85092;69
85200;69
85303;69
85400;69
85497;69
85646;69
85791;69
85939;69
86084;69
86184;69
86283;69
86377;69
86472;69
86568;69
86665;69
86767;69
86867;69
87022;69
87177;69
87324;69
87467;69
87564;69
87657;69
87754;69
87848;69
87948;69
88048;69
88144;69
88258;69
88415;69
88593;69
88790;69
88914;69
89051;69
89159;69
89308;69
89456;69
89598;69
89731;69
89856;69
89963;69
90058;69
90157;69
90255;69
90362;69
90522;69
90671;69
90810;69
90929;69
91031;69
91129;69
91224;69
91321;69
91422;69
91524;69
91618;69
91714;69
91812;69
91929;69
92065;69
92185;69
92349;69
92477;69
92624;69
92760;69
92917;69
93048;69
93207;69
93400;69
93588;69
93729;69
93886;69
94099;69
94263;69
94357;69
94463;69
94563;69
94660;69
94754;69
94849;69
94945;69
95041;69
95137;69
95255;69
95408;69
95562;69
95683;69
95840;69
96015;69
96161;69
96261;69
96364;69
96463;69
96558;69
96653;69
96752;69
96846;69
96941;69
97038;69
97134;69
97232;69
97359;69
97496;69
97619;69
97733;69
97827;69
97924;69
98037;69
98147;69
98246;69
98341;69
98436;69
98529;69
98624;69
98720;69
98815;69
98909;69
99007;69
99108;69
99206;69
99304;69
99396;69
99489;69
99586;69
99678;69
99772;69
99867;69
99963;69
100077;69
100173;69
100268;69
100410;69
100546;69
100663;69
100828;69
101008;69
101143;69
101253;69
101395;69
101503;69
101595;69
101691;69
101793;69
101888;69
101985;69
102108;69
102211;69
102311;69
102410;69
102512;69
102606;69
102701;69
102793;69
102890;69
102984;69
103078;69
103174;69
103270;69
103363;69
103459;69
103555;69
103650;69
103750;69
103848;69
103946;69
104047;69
104144;69
104241;69
104338;69
104436;69
104531;69
104649;69
104814;69
104992;69
105115;69
105211;69
105313;69
105415;69
105510;69
105644;69
105802;69
105968;69
106130;69
106291;69
106459;69
106614;69
106758;69
106913;69
107072;69
107245;69
107390;69
107555;69
107738;69
107910;69
108068;69
108246;69
108398;69
108568;69
108703;69
108863;69
109027;69
109196;69
109412;69
109653;69
110005;69
110233;69
110442;69
110672;69
110895;69
111111;69
111263;69
111369;69
111464;69
111568;69
111668;69
111764;69
111863;69
111960;69
112083;69
112258;69
112410;69
112564;69
112696;69
112797;69
112895;69
112993;69
113105;69
113206;69
113310;69
113405;69
113503;69
113605;69
113701;69
113809;69
113965;69
114124;69
114286;69
114423;69
114522;69
114620;69
114744;69
115028;69
115290;69
115413;69
115513;69
115609;69
115710;69
115808;69
115932;69
116111;69
116272;69
116535;69
116667;69
116765;69
116863;69
116993;69
117170;69
117365;69
117665;69
117950;69
118183;69
118449;69
118637;69
118742;69
118840;69
118983;69
119133;69
119245;69
119345;69
119446;69
119543;69
119638;69
119737;69
119833;69
119932;69
120034;69
120174;69
120308;69
120411;69
120511;69
120608;69
120707;69
120802;69
120902;69
121005;69
121106;69
121202;69
121298;69
121395;69
121492;69
121587;69
121685;69
121780;69
121877;69
121975;69
122070;69
122171;69
122269;69
122390;69
122491;69
122588;69
122683;69
122783;69
122878;69
122973;69
123102;69
123253;69
123401;69
123507;69
123607;69
123706;69
123810;69
123942;69
124053;69
124163;69
124265;69
124374;69
124515;69
124649;69
124778;69
124874;69
124969;69
125064;69
125164;69
125262;69
125361;69
125460;69
125572;69
125668;69
125766;69
125861;69
125957;69
126056;69
126154;69
126254;69
126353;69
126460;69
126557;69
126655;69
126752;69
126848;69
126949;69
127061;69
127164;69
127264;69
127362;69
127462;69
127559;69
127658;69
127756;69
127853;69
127951;69
128047;69
128146;69
128247;69
128344;69
128455;69
128552;69
128655;69
128756;69
128852;69
128957;69
129057;69
129186;69
129289;69
129397;69
129536;69
129634;69
129731;69
129827;69
129922;69
130019;69
130118;69
130224;69
130326;69
130429;69
130528;69
130624;69
130718;69
130813;69
130908;69
131001;69
131100;69
131201;69
131299;69
131394;69
131491;69
131587;69
131685;69
131785;69
131885;69
131981;69
132081;69
132174;69
132270;69
132370;69
132480;69
132580;69
132678;69
132774;69
132869;69
132970;69
133065;69
133163;69
133267;69
133372;69
133466;69
133560;69
133659;69
133751;69
133847;69
133945;69
134039;69
134142;69
134239;69
134334;69
134436;69
134532;69
134628;69
134725;69
134824;69
134925;69
135021;69
135119;69
135217;69
135315;69
135415;69
135512;69
135613;69
135710;69
135807;69
135906;69
136000;69
136098;69
136194;69
136297;69
136411;69
136534;69
136632;69
136734;69
136836;69
136939;69
137041;69
137146;69
137249;69
137354;69
137457;69
137562;69
137658;69
137760;69
137862;69
137962;69
138059;69
138159;69
138257;69
138354;69
138457;69
138556;69
138654;69
138748;69
138843;69
138941;69
139044;69
139148;69
139245;69
139349;69
139452;69
139552;69
139650;69
139744;69
139841;69
