183;63
376;63
526;63
670;63
808;63
968;63
1102;63
1241;63
1365;63
1530;63
1745;63
1900;63
2028;63
2146;63
2264;63
2391;63
2540;63
2668;63
2773;63
2892;63
3025;63
3136;63
3294;63
3442;63
3608;63
3769;63
3959;63
4063;63
4167;63
4278;63
4390;63
4503;63
4620;63
4734;63
4841;63
4952;63
5088;63
5188;63
5302;63
5415;63
5540;63
5673;63
5812;63
5959;64
6105;64
6217;64
6328;64
6455;64
6592;64
6744;64
6876;64
6980;64
7088;64
7191;64
7307;64
7436;64
7549;64
7658;64
7765;64
7901;64
8024;64
8148;64
8272;64
8393;64
8500;64
8614;64
8728;64
8836;64
8941;64
9051;64
9176;64
9319;64
9431;64
9558;64
9719;64
9874;64
9978;64
10117;64
10228;64
10336;64
10443;64
10557;64
10671;64
10784;63
10899;63
11024;63
11167;64
11276;64
11391;64
11497;63
11605;63
11732;63
11852;63
11963;63
12072;63
12192;63
12317;63
12427;63
12538;63
12666;63
12783;63
12904;63
13008;63
13113;63
13229;63
13351;63
13462;63
13578;63
13696;63
13812;63
13933;63
14042;63
14148;63
14257;63
14377;63
14481;63
14595;63
14705;63
14817;63
14941;63
15048;63
15156;63
15269;63
15377;63
15485;63
15598;63
15717;63
15856;63
15982;63
16100;63
16209;63
16324;63
16434;63
16552;63
16666;63
16785;63
16897;63
17033;63
17142;63
17253;63
17394;63
17502;63
17613;63
17725;63
17833;63
17969;63
18075;63
18182;63
18295;63
18403;63
18515;63
18627;63
18738;63
18846;63
18958;63
19062;63
19174;63
19287;63
19402;63
19509;63
19617;63
19731;63
19839;63
19978;63
20084;63
20192;63
20314;63
20418;63
20521;63
20661;64
20766;64
20961;64
21121;64
21257;64
21374;64
21511;64
21646;61
21760;61
21882;61
22005;61
22109;61
22221;61
22342;61
22466;61
22575;61
22685;61
22801;61
22938;61
23062;61
23170;61
23277;61
23380;61
23484;61
23599;61
23768;61
23874;61
24008;61
24122;61
24239;61
24369;61
24500;61
24609;61
24716;61
24829;61
24938;61
25052;61
25161;61
25273;61
25396;61
25519;61
25635;61
25747;61
25859;61
25967;61
26078;61
26195;61
26312;61
26421;61
26533;61
26652;61
26782;61
26907;61
27011;61
27123;61
27239;61
27357;61
27482;61
27612;61
27726;61
27836;61
27952;61
28060;61
28166;61
28292;63
28399;63
28511;63
28622;63
28752;63
28867;63
28978;63
29131;63
29239;63
29344;63
29456;63
29571;63
29678;63
29796;63
29920;63
30026;63
30137;63
30257;63
30366;63
30473;63
30589;63
30700;63
30824;63
30933;63
31036;63
31147;63
31256;63
31362;63
31479;63
31597;63
31720;63
31824;63
31946;63
32056;63
32168;63
32332;63
32466;63
32599;63
32704;63
32815;63
32921;63
33030;63
33145;63
33275;63
33384;63
33499;63
33642;63
33757;63
33863;63
33971;63
34080;63
34184;63
34294;63
34416;63
34530;63
34656;63
34778;63
34883;63
34989;63
35096;63
35204;63
35316;63
35426;63
35542;63
35654;63
35775;63
35894;63
36031;63
36144;63
36261;63
36399;63
36527;63
36638;63
36761;63
36864;63
36972;63
37083;63
37187;63
37319;63
37431;63
37561;63
37679;63
37807;63
37912;63
38036;63
38142;63
38249;63
38357;63
38482;63
38600;63
38712;63
38823;63
38949;63
39072;63
39181;63
39310;63
39437;63
39545;63
39687;61
39801;61
39916;61
40052;61
40179;61
40295;61
40401;61
40508;61
40617;61
40733;61
40860;61
40997;61
41140;61
41275;63
41434;63
41539;63
41646;63
41758;63
41880;63
41995;63
42137;63
42255;63
42374;63
42507;63
42614;63
42726;63
42833;63
42941;63
43052;63
43166;63
43278;63
43389;63
43516;63
43622;63
43726;63
43829;63
43958;63
44075;63
44197;63
44323;63
44446;63
44551;63
44658;63
44777;63
44881;63
44992;63
45100;63
45209;63
45334;63
45455;63
45584;63
45697;63
45810;63
45921;63
46034;63
46194;63
46300;63
46405;63
46510;63
46638;63
46755;63
46861;63
46994;63
47113;63
47222;63
47324;63
47464;63
47580;63
47695;63
47801;63
47908;63
48054;63
48160;63
48271;63
48383;63
48512;63
48628;63
48740;63
48854;63
48961;63
49071;63
49178;63
49282;63
49387;63
49505;63
49619;63
49734;63
49846;63
49950;63
50059;63
50176;63
50298;63
50405;63
50547;63
50651;63
50771;63
50877;63
50981;63
51092;63
51205;63
51335;63
51462;63
51572;63
51677;63
51787;63
51897;63
52002;63
52118;63
52234;63
52345;63
52455;63
52572;63
52690;63
52806;63
52927;63
53033;63
53171;62
53291;62
53403;62
53517;62
53624;62
53764;62
53882;62
53988;62
54098;62
54221;62
54340;62
54452;62
54608;62
54727;62
54834;62
54936;62
55038;61
55148;61
55263;61
55371;61
55502;61
55622;61
55769;61
55874;61
55977;61
56078;61
56196;61
56307;61
56411;61
56550;61
56661;61
56790;61
56899;61
57024;61
57126;61
57233;61
57342;61
57451;61
57571;61
57696;61
57809;61
57968;61
58157;61
58264;61
58365;61
58469;61
58582;61
58713;61
58819;61
58926;61
59060;61
59173;61
59302;61
59423;61
59535;61
59653;61
59754;61
59868;61
59975;61
60103;61
60232;61
60343;61
60458;61
60567;61
60679;61
60837;61
61017;61
61118;61
61227;61
61338;61
61442;61
61568;61
61686;61
61809;61
61921;61
62035;61
62146;61
62282;61
62396;61
62511;61
62631;61
62748;61
62855;61
62960;61
63075;61
63184;61
63292;61
63407;61
63516;61
63627;61
63743;61
63855;61
63981;61
64097;61
64235;61
64367;61
64468;61
64580;61
64692;61
64797;61
64919;61
65033;61
65145;61
65276;61
65401;61
65542;61
65657;61
65759;61
65870;61
65994;61
66099;61
66247;61
66368;61
66484;61
66594;61
66710;61
66824;61
66933;61
67050;61
67169;61
67277;61
67386;61
67498;61
67611;61
67741;61
67859;61
67976;61
68083;61
68200;61
68346;61
68458;61
68574;61
68708;61
68819;61
68929;61
69059;61
69168;61
69278;61
69386;61
69518;61
69657;61
69865;61
69974;61
70097;61
70233;61
70368;61
70475;61
70589;61
70718;61
70840;61
70949;61
71090;61
71215;61
71321;61
71430;61
71537;61
71650;61
71769;61
71881;61
71987;61
72110;61
72247;61
72385;61
72486;61
72595;61
72731;61
72852;61
72966;61
73078;61
73209;61
73343;61
73463;61
73571;61
73683;61
73810;61
73921;61
74026;61
74153;61
74306;61
74430;61
74577;61
74705;61
74812;61
74921;61
75026;61
75157;61
75270;61
75379;61
75489;61
75606;61
75716;61
75825;61
75930;61
76058;61
76200;61
76361;61
76496;61
76632;61
76746;61
76856;61
76982;61
77096;61
77226;61
77334;61
77448;61
77563;61
77683;61
77802;61
77904;61
78010;61
78128;61
78232;61
78396;61
78500;61
78612;61
78728;61
78837;61
78976;61
79093;61
79210;61
79316;61
79421;61
79541;61
79674;61
79786;61
79900;61
80017;61
80150;61
80264;61
80399;61
80502;61
80615;61
80725;61
80890;61
81042;61
81202;61
81316;61
81430;61
81544;61
81675;61
81777;61
81895;61
82021;61
82124;61
82232;61
82374;61
82533;61
82640;61
82772;61
82894;61
82994;61
83105;61
83212;61
83316;61
83428;61
83551;61
83661;61
83774;61
83885;61
84149;61
84253;61
84390;61
84497;61
84602;61
84715;61
84845;61
84954;61
85059;61
85171;61
85316;61
85426;61
85559;61
85685;61
85796;61
85910;61
86031;61
86159;61
86290;61
86405;61
86518;61
86632;61
86734;61
86869;61
86972;61
87084;61
87206;61
87310;61
87418;61
87551;61
87667;61
87795;61
87916;61
88024;61
88133;61
88236;61
88346;61
88478;61
88591;61
88707;61
88813;61
88924;61
89045;61
89149;61
89255;61
89358;61
89463;61
89574;61
89682;61
89797;61
89929;61
90043;61
90150;61
90277;61
90382;61
90491;61
90598;61
90710;61
90824;61
90930;61
91041;61
91154;61
91268;61
91379;61
91534;61
91654;61
91797;63
91924;63
92030;63
92133;63
92238;63
92352;63
92464;63
92572;63
92702;63
92808;63
92914;63
93034;63
93158;63
93263;63
93369;63
93470;63
93579;63
93691;63
93800;63
93910;63
94020;63
94136;63
94245;63
94351;63
94459;63
94605;63
94709;63
94818;63
94925;63
95034;63
95138;63
95265;63
95426;63
95538;63
95655;63
95766;63
95872;63
95989;63
96108;63
96219;63
96336;63
96441;63
96556;63
96663;63
96770;63
96884;63
96992;63
97102;63
97234;63
97343;63
97450;63
97578;63
97685;63
97792;63
97899;63
98011;63
98119;63
98223;63
98341;63
98452;63
98570;63
98685;63
98793;63
98908;63
99023;63
99132;63
99245;63
99403;63
99506;63
99618;63
99723;63
99837;63
99948;63
100059;63
100194;63
100323;63
100429;63
100600;63
100702;63
100855;63
100967;63
101077;63
101202;63
101317;63
101432;63
101548;63
101671;63
101777;63
101892;63
102000;63
102128;63
102291;63
102399;63
102521;63
102630;63
102739;63
102848;63
102961;63
103072;63
103185;63
103305;63
103414;63
103522;63
103630;63
103767;63
103900;63
104006;63
104112;63
104216;63
104326;63
104449;63
104595;63
104705;63
104811;63
104920;63
105026;63
105131;63
105333;63
105438;63
105548;63
105650;63
105757;63
105879;63
105982;63
106089;63
106201;63
106315;63
106450;61
106564;61
106671;61
106792;61
106915;61
107024;61
107135;61
107238;61
107395;61
107503;61
107617;61
107725;61
107837;61
107944;61
108051;61
108183;61
108376;61
108500;61
108678;61
108783;61
108894;61
109005;61
109113;61
109217;61
109339;61
109451;61
109575;61
109706;61
109814;61
109948;61
110067;61
110187;61
110322;61
110440;61
110550;61
110666;61
110775;61
110899;61
111028;61
111142;61
111254;61
111429;61
111542;61
111671;61
111793;61
111902;61
112021;61
112152;61
112260;61
112365;61
112475;61
112605;61
112716;61
112830;61
112939;61
113100;61
113217;61
113323;61
113435;61
113554;61
113682;61
113804;61
113912;61
114017;61
114125;61
114235;61
114339;61
114449;61
114574;61
114714;61
114820;61
114974;61
115085;61
115194;61
115314;61
115444;61
115551;61
115659;61
115791;61
115901;61
116033;61
116144;61
116250;61
116376;61
116485;61
116605;61
116729;61
116833;61
116956;61
117076;61
117191;61
117298;61
117411;61
117533;61
117647;61
117754;61
117934;61
118058;61
118159;61
118265;61
118385;61
118509;61
118631;61
118752;61
118867;61
118993;61
119109;61
119246;61
119355;61
119463;61
119581;61
119688;61
119806;61
119914;61
120023;61
120158;61
120281;61
120392;61
120517;61
120644;61
120793;61
120903;61
121025;61
121132;61
121236;61
121338;61
121448;61
121564;61
121673;61
121788;61
121922;61
122035;61
122154;61
122262;61
122367;61
122482;61
122658;61
122787;61
122896;61
123001;61
123115;61
123237;61
123345;61
123451;61
123577;61
123692;61
123832;61
123941;61
124046;61
124148;61
124274;61
124398;61
124532;61
124644;61
124815;61
124975;61
125091;61
125210;61
125319;61
125431;61
125551;61
125679;63
125788;63
125894;63
126007;63
126122;63
126235;63
126342;63
126458;61
126562;61
126669;61
126789;61
126904;61
127025;61
127147;61
127253;61
127360;61
127481;61
127593;61
127721;61
127826;61
127928;61
128036;61
128150;61
128258;61
128368;61
128484;61
128596;61
128702;61
128814;61
128925;61
129027;61
129137;61
129263;62
129377;62
129484;62
129601;62
129799;62
129908;62
130018;62
130126;62
130233;62
130371;64
130483;64
130589;64
130704;64
130827;64
130936;64
131038;64
131168;64
131294;64
131414;64
131531;64
131647;64
131760;64
131878;64
131994;64
132099;64
132208;64
132311;64
132424;65
132540;65
132646;65
132788;65
132900;65
133007;65
133117;65
133219;65
133368;65
133469;65
133582;65
133693;65
133817;65
133938;65
134069;65
134189;65
134292;65
134396;65
134503;65
134626;65
134760;65
134867;65
135007;65
135113;65
135218;65
135332;65
135448;65
135590;65
135694;65
135812;65
135929;65
136046;65
136167;65
136276;65
136390;65
136516;65
136624;65
136747;65
136852;65
136961;65
137078;65
137198;65
137310;65
137420;65
137531;65
137654;65
137764;65
137877;65
138006;65
138124;65
138231;65
138333;65
138457;65
138571;65
138683;65
138807;65
138922;65
139054;65
139164;65
139267;65
139372;65
139473;65
139583;65
139691;65
139814;65
139934;65
140065;65
140186;65
140286;65
140390;65
140502;65
140618;65
140731;65
140883;65
141062;65
141215;65
141360;65
141470;65
141630;65
141748;65
141851;65
141956;65
142070;65
142180;65
142301;65
142411;65
142517;65
142629;65
142746;65
142858;65
142968;65
143085;65
143192;65
143301;65
143415;65
143538;65
143653;65
143774;65
143902;65
144008;65
144114;65
144224;64
144332;64
144439;64
144561;64
144674;64
144789;64
144917;64
145027;64
145134;64
145260;64
145370;64
145479;64
145591;64
145717;64
145832;64
145953;64
146071;64
146189;64
146300;64
146405;64
146512;64
146633;64
146741;64
146920;64
147025;64
147142;64
147252;64
147356;64
147486;64
147602;64
147716;64
147839;64
147970;64
148088;64
148195;64
148298;64
148409;64
148520;64
148639;64
148786;64
148931;64
149043;64
149167;64
149389;64
149517;64
149637;64
149741;64
149846;64
149951;64
150069;64
150182;64
150304;64
150414;64
150525;64
150967;64
151300;64
151409;64
151528;64
151664;64
151772;64
151879;64
151998;64
152106;64
152214;64
152322;64
152438;64
152556;64
152770;64
152880;64
152993;64
153097;64
153203;64
153309;64
153446;64
153554;64
153678;64
153798;64
153907;64
154022;64
154370;64
154688;64
154794;64
154927;64
155035;64
155138;64
155246;64
155353;64
155466;64
155583;64
155695;64
155810;64
155924;64
156055;64
156204;64
156305;64
156406;64
156511;64
156616;64
156726;64
156831;64
156956;64
157062;64
157169;64
157283;64
157391;64
157507;64
157618;64
157733;64
157855;65
157974;65
158083;65
158189;65
158295;65
158405;65
158514;65
158639;65
158764;63
158875;63
159004;63
159109;63
159224;63
159332;63
159438;63
159566;63
159678;63
159792;63
159914;63
160028;63
160146;62
160260;62
160368;62
160494;62
160606;62
160716;62
160836;62
160960;62
161065;62
161169;62
161273;62
161385;62
161501;62
161615;62
161752;62
161872;62
162041;62
162147;62
162259;62
162381;62
162479;62
162599;62
162709;62
162817;62
162984;62
163099;62
163213;62
163326;62
163446;62
163573;62
163683;62
163791;62
163914;62
164030;62
164155;62
164265;62
164367;62
164479;62
164586;62
164697;62
164829;62
164975;62
165106;62
165229;62
165334;62
165442;62
165566;62
165668;62
165770;62
165873;62
165975;62
166082;62
166197;62
166322;62
166432;62
166545;62
166690;62
166804;62
166918;62
167031;62
167144;62
167249;62
167368;62
167469;62
167588;62
167699;62
167832;62
167943;62
168048;62
168156;62
168267;62
168373;62
168486;62
168598;62
168709;62
168820;62
168922;62
169036;62
169144;62
169249;62
169360;62
169472;62
169582;62
169695;62
169805;62
169924;62
170044;62
170150;62
170260;62
170366;62
170474;62
170599;62
170709;62
170818;62
170925;62
171044;62
171173;62
171306;62
171412;62
171517;62
171627;62
171733;62
171842;62
171957;62
172075;62
172184;62
172297;62
172424;62
172549;62
172668;62
172775;62
172900;62
173010;62
173124;62
173232;62
173338;62
173447;62
173574;62
173693;62
173800;62
173905;62
174018;62
174121;62
174244;62
174359;62
174467;62
174573;62
174684;62
174813;62
174927;62
175029;62
175150;62
175260;62
175364;62
175469;62
175584;62
175716;62
175825;62
175945;62
176047;62
176154;62
176263;62
176366;62
176474;62
176586;62
176693;62
176798;62
176904;62
177010;62
177120;62
177222;62
177335;62
177446;62
177556;62
177660;62
177767;62
177893;62
178014;62
178123;62
178228;62
178331;62
178441;62
178553;62
178662;62
178768;62
178895;62
179007;62
179127;62
179229;62
179345;62
179464;62
179578;62
179685;62
179793;62
179907;62
180029;62
180165;62
180276;62
180383;62
180501;62
180607;62
180720;62
180832;62
180938;62
181044;62
181172;62
181285;62
181391;62
181504;62
181621;62
181751;62
181886;62
182002;62
182104;62
182214;62
182344;62
182461;62
182567;62
182680;62
182801;62
182914;62
183020;62
183169;62
183275;62
183432;62
183542;62
183651;62
183761;62
183871;62
183987;62
184099;62
184214;62
184340;62
184487;62
184593;62
184699;62
184826;62
184932;62
185050;62
185239;62
185354;62
185468;62
185599;62
185721;62
185833;62
185949;62
186050;62
186152;62
186263;62
186366;62
186477;62
186592;61
186704;61
186845;61
186955;61
187068;61
187219;61
187335;61
187436;61
187592;61
187695;61
187813;61
187923;61
188028;61
188151;61
188284;61
188398;61
188513;61
188624;61
188733;61
188839;61
189006;61
189123;61
189245;61
189352;61
189460;61
189578;61
189776;61
189890;61
190011;61
190112;61
190217;61
190328;61
190439;61
190565;61
190698;61
190811;61
190923;61
191036;61
191172;61
191276;61
191387;61
191493;61
191620;61
191727;61
191832;61
191946;61
192051;61
192153;61
192261;61
192374;61
192485;61
192597;61
192713;61
192870;61
192985;61
193093;61
193212;61
193315;61
193421;61
193553;61
193674;61
193796;61
193938;61
194050;61
194152;61
194260;61
194378;61
194491;61
194607;61
194736;61
194857;61
194963;61
195083;61
195205;61
195349;61
195451;61
195582;61
195697;61
195803;61
195908;61
196029;61
196149;61
196269;61
196374;61
