1467;259
1798;259
2100;259
2419;259
2818;259
3168;259
3457;259
3787;259
5410;259
5696;259
6083;259
6403;259
6724;259
7095;259
7534;259
8262;259
9235;259
9590;259
10115;259
10491;259
10793;259
11084;259
11372;259
11667;259
11953;259
12249;259
12542;259
12825;259
13113;259
13425;259
13709;259
13987;259
14272;259
14556;259
14842;259
15120;259
15403;259
15682;259
15960;259
16233;259
16519;259
16797;259
17148;259
17547;259
17927;259
18266;259
18579;259
18926;259
19302;259
19593;259
19870;259
20147;259
20412;259
20688;259
20936;259
21187;259
21444;259
21693;259
21932;259
22173;259
22417;259
22657;259
22898;259
23130;259
23353;259
23577;259
23805;259
24024;259
24245;259
24476;259
24689;259
24896;259
25194;254
25401;254
25655;249
25855;249
26058;249
26310;245
26554;240
26747;240
26986;238
27175;238
27362;238
27556;238
27829;235
28011;235
28216;235
28482;233
28669;233
28847;233
29030;233
29205;233
29376;233
29608;232
29782;232
29953;232
30127;232
30295;232
31266;232
31475;231
31648;231
31817;231
31992;231
32162;231
32359;231
32526;231
32697;231
32863;231
33028;231
33193;231
33385;231
33550;231
33719;231
33885;231
34050;231
34218;231
34385;231
34551;231
34719;231
34888;231
35054;231
35222;231
35388;231
35551;231
35717;231
35882;231
36048;231
36211;231
36377;231
36546;231
36718;231
36884;231
37049;231
37215;231
37382;231
37549;231
37712;231
37878;231
38041;231
38220;231
38390;231
38560;231
38729;231
38893;231
39056;231
39223;231
39388;231
39556;231
39722;231
39890;231
40055;231
40218;231
40382;231
40549;231
40744;231
40912;231
41076;231
41239;231
41418;231
41590;231
41753;231
41918;231
42083;231
42250;231
42422;231
42585;231
42756;231
42937;231
43103;231
43268;231
43433;231
43598;231
43760;231
43924;231
44089;231
44255;231
44427;231
44591;231
44762;231
44927;231
45090;231
45255;231
45422;231
45585;231
45748;231
45917;231
46081;231
46248;231
46412;231
46579;231
46749;231
46912;231
47076;231
47240;231
47409;231
47577;231
47740;231
47907;231
48072;231
48235;231
48402;231
48567;231
48739;231
48903;231
49075;231
49248;231
49410;231
49578;231
49741;231
49906;231
50070;231
50236;231
50398;231
50568;231
50738;231
50904;231
51068;231
51232;231
51393;231
51561;231
51727;231
51892;231
52065;231
52232;231
52406;231
52573;231
52764;231
52930;231
53097;231
53263;231
53428;231
53608;231
53774;231
53939;231
54105;231
54270;231
54437;231
54606;231
54778;231
54942;231
55111;231
55279;231
55448;231
55612;231
55775;231
55942;231
56107;231
56274;231
56442;231
56633;231
56833;231
57000;231
57166;231
57332;231
57498;231
57663;231
57828;231
57995;231
58172;231
58341;231
58520;231
58687;231
58857;231
59067;230
59233;230
59400;230
59571;230
59745;230
59911;230
60077;230
60244;230
60410;230
60576;230
60742;230
60917;230
61084;230
61256;230
61428;230
61595;230
61763;230
61930;230
62098;230
62263;230
62440;230
62608;230
62788;230
62977;230
63144;230
63312;230
63481;230
63648;230
63819;230
63986;230
64155;230
64330;230
64503;230
64669;230
64838;230
65008;230
65175;230
65342;230
65510;230
65677;230
65848;230
66015;230
66179;230
66349;230
66521;230
66692;230
66868;230
67034;230
67202;230
67384;230
67553;230
67720;230
67887;230
68057;230
68221;230
68388;230
68558;230
68728;230
68900;230
69072;230
69238;230
69407;230
69578;230
69817;230
70027;230
70192;230
70357;230
70540;230
70708;230
70896;230
71073;230
71239;230
71406;230
71574;230
71742;230
71911;230
72092;230
72259;230
72438;230
72607;230
72775;230
72948;230
73119;230
73288;230
73456;230
73627;230
73794;230
73961;230
74129;230
74298;230
74472;230
74640;230
74806;230
75000;230
75187;230
75355;230
75525;230
75693;230
75860;230
76028;230
76196;230
76366;230
76535;230
76704;230
76873;230
77050;230
77215;230
77383;230
77552;230
77722;230
77889;230
78056;230
78226;230
78395;230
78560;230
78728;230
78896;230
79068;230
79237;230
79405;230
79574;230
79741;230
79909;230
80075;230
80241;230
80409;230
80578;230
80747;230
80915;230
81087;230
81260;230
81429;230
81596;230
81764;230
81931;230
82099;230
82269;230
82442;230
82609;230
82779;230
82954;230
83141;230
83307;230
83476;230
83657;230
83829;230
83998;230
84165;230
84335;230
84502;230
84672;230
84838;230
85027;230
85202;230
85369;230
85538;230
85703;230
85883;230
86051;230
86217;230
86385;230
86554;230
86719;230
86890;230
87062;230
87231;230
87404;230
87574;230
87741;230
87908;230
88076;230
88248;230
88417;230
88584;230
88790;230
89059;230
89252;230
89491;230
89743;230
90002;230
90172;230
90381;230
90603;230
90849;230
91140;230
91367;230
91608;230
91885;230
92120;230
92296;230
92503;230
92669;230
92848;230
93074;230
93328;230
93642;230
93810;230
94036;230
94202;230
94368;230
94538;230
94715;230
94880;230
95049;230
95243;230
95412;230
95579;230
95744;230
95926;230
96091;230
96261;230
96434;230
96602;230
96785;230
96951;230
97250;230
97614;230
97877;230
98044;230
98249;230
98423;230
98648;230
98897;230
99153;230
99416;230
99584;230
99795;230
99964;230
100134;230
100360;230
100596;230
100778;230
100979;230
101217;230
101414;230
101584;230
101752;230
101919;230
102085;230
102252;230
102423;230
102590;230
102756;230
102928;230
103094;230
103289;230
103457;230
103623;230
103788;230
103956;230
104122;230
104288;230
104463;230
104627;230
104794;230
104962;230
105129;230
105307;230
105478;230
105648;230
105815;230
105998;230
106165;230
106337;230
106505;230
106676;230
106845;230
107010;230
107178;230
107352;230
107526;230
107694;230
107861;230
108028;230
108197;230
108364;230
108532;230
108702;230
108869;230
109042;230
109214;230
109388;230
109564;230
109732;230
109898;230
110065;230
110234;230
110402;230
110578;230
110747;230
110911;230
111077;230
111252;230
111428;230
111596;230
111763;230
111930;230
112101;230
112270;230
112446;230
112612;230
112777;230
112942;230
113111;230
113295;230
113475;230
113645;230
113812;230
113977;230
114141;230
114308;230
114541;230
114763;230
115036;230
115209;230
115411;230
115602;230
115831;230
116060;230
116282;230
116534;230
116857;230
117046;230
117225;230
117464;229
117637;229
117805;229
117979;229
118144;229
118318;229
118486;229
118661;229
118826;229
118990;229
119163;229
119333;229
119502;229
119672;229
119842;229
120007;229
120181;229
120347;229
120519;229
120686;229
120856;229
121022;229
121186;229
121369;229
121544;229
121812;229
122044;229
122281;229
122449;229
122669;229
122891;229
123101;229
123377;229
123705;229
123969;229
124216;229
124498;229
124717;229
124994;229
125299;229
125577;229
125859;229
126129;229
126439;229
126660;229
126886;229
127067;229
127233;229
127406;229
127589;229
127751;229
127918;229
128081;229
128246;229
128419;229
128647;229
128916;229
129187;229
129494;229
129826;229
130118;229
130397;229
130607;229
130771;229
130941;229
131139;229
131385;229
131623;229
131803;229
131971;229
132140;229
132313;229
132488;229
132658;229
132828;229
133000;229
133167;229
133337;229
133543;229
133720;229
133888;229
134060;229
134262;229
134435;229
134600;229
134772;229
134961;229
135126;229
135296;229
135470;229
135661;229
135880;229
136150;229
136407;229
136661;229
136938;229
137132;229
137329;229
137498;229
137668;229
137836;229
138007;229
138175;229
138356;229
138528;229
138694;229
138860;229
139024;229
139236;229
139467;229
139682;229
139862;229
140026;229
140191;229
140355;229
140541;229
140722;229
140886;229
141060;229
141228;229
141398;229
141576;229
141744;229
141913;229
142080;229
142247;229
142426;229
142593;229
142759;229
142929;229
143094;229
143260;229
143426;229
143598;229
143765;229
143936;229
144101;229
144269;229
144451;229
144623;229
144789;229
144956;229
145126;229
145292;229
145462;229
145631;229
145797;229
145967;229
146132;229
146295;229
146468;229
146636;229
146800;229
146969;229
147135;229
147301;229
147471;229
147668;229
147835;229
147999;229
148163;229
148328;229
148496;229
148662;229
148825;229
149002;229
149171;229
149339;229
149504;229
149700;229
149873;229
150037;229
150203;229
150365;229
150583;229
150789;229
150957;229
151125;229
151293;229
151461;229
151641;229
151871;229
152039;229
152210;229
152385;229
152556;229
152721;229
152889;229
153055;229
153222;229
153390;229
153557;229
153732;229
153904;229
154069;229
154234;229
154400;229
154567;229
154732;229
154904;229
155072;229
155242;229
155408;229
155574;229
155757;229
155921;229
156084;229
156247;229
156414;229
156580;229
156751;229
156918;229
157084;229
157249;229
157417;229
157581;229
157774;229
157937;229
158102;229
158270;229
158438;229
158604;229
158769;229
158932;229
159095;229
159258;229
159424;229
159589;229
159786;229
159955;229
160121;229
160288;229
160454;229
160621;229
160787;229
160953;229
161117;229
161282;229
161465;229
161632;229
161804;229
161971;229
162137;229
162310;229
162476;229
162642;229
162809;229
162991;229
163154;229
163326;229
163497;229
163665;229
163859;229
164024;229
164190;229
164355;229
164527;229
164694;229
164859;229
165025;229
165192;229
165358;229
165530;229
165696;229
165886;229
166056;229
166225;229
166392;229
166562;229
166729;229
166896;229
167063;229
167229;229
167398;229
167569;229
167739;229
167911;229
168076;229
168242;229
168410;229
168578;229
168750;229
168915;229
169087;229
169254;229
169421;229
169589;229
169759;229
169931;229
170098;229
170263;229
170434;229
170620;229
170789;229
170958;229
171125;229
171294;229
171462;229
171631;229
171804;229
171971;229
172144;229
172317;229
172487;229
172655;229
172821;229
172993;229
173159;229
173325;229
173491;229
173662;229
173832;229
173997;229
174163;229
174330;229
174500;229
174667;229
174832;229
174998;229
175169;229
175336;229
175504;229
175673;229
175844;229
176011;229
176178;229
176344;229
176517;229
176687;229
176855;229
177025;229
177192;229
177358;229
177525;229
177712;229
177889;229
178057;229
178227;229
178394;229
178566;229
178734;229
178901;229
179068;229
179232;229
179400;229
179569;229
179751;229
179925;229
180095;229
180268;229
180436;229
180602;229
180770;229
180937;229
181106;229
181288;229
181458;229
181646;229
181855;229
182068;229
182338;229
182547;229
182712;229
182882;229
183060;229
183225;229
183390;229
183561;229
183727;229
183907;229
184071;229
184237;229
184414;229
184580;229
184745;229
184906;229
185072;229
185236;229
185398;229
185568;229
185731;229
185902;229
186071;229
186235;229
186400;229
186569;229
186737;229
186902;229
187068;229
187234;229
187400;229
187569;229
187757;229
187953;229
188116;229
188282;229
188452;229
188616;229
188782;229
188953;229
189124;229
189289;229
189457;229
189623;229
189787;229
189982;229
190146;229
190314;229
190550;229
190752;229
190916;229
191083;229
191248;229
191415;229
191582;229
191748;229
191921;229
192122;229
192295;229
192459;229
192627;229
192790;229
192958;229
193122;229
193289;229
193455;229
193625;229
193791;229
193962;229
194129;229
194295;229
194464;229
194631;229
194797;229
194961;229
195130;229
195296;229
195463;229
195631;229
195796;229
195965;229
196133;229
196302;229
196469;229
196639;229
196805;229
196970;229
197137;229
197303;229
197468;229
197638;229
197807;229
197975;229
198145;229
198322;229
198491;229
198657;229
198823;229
198988;229
199156;229
199325;229
199493;229
199662;229
199832;229
200003;229
200172;229
200336;229
200505;229
200670;229
200837;229
201004;229
201171;229
201340;229
201506;229
201675;229
201841;229
202009;229
202179;229
202355;229
202524;229
202691;229
202861;229
203030;229
203197;229
203366;229
203536;229
203705;229
203871;229
204043;229
204212;229
204380;229
204549;229
204718;229
204883;229
205049;229
205213;229
205380;229
205549;229
205714;229
205883;229
206056;229
206220;229
206387;229
206558;229
206726;229
206893;229
207059;229
207233;229
207405;229
207572;229
207740;229
207905;229
208095;229
208265;229
208430;229
208600;229
208766;229
208945;229
209110;229
209275;229
209445;229
209612;229
209778;229
209942;229
210114;229
210280;229
210462;229
210729;229
210908;229
211074;229
211239;229
211410;229
211581;229
211752;229
211917;229
212104;229
212292;229
212467;229
212633;229
212800;229
212966;229
213133;229
213304;229
213471;229
213642;229
213810;229
213977;229
214154;229
214329;229
214496;229
214666;229
214835;229
215002;229
215175;229
215344;229
215513;229
215681;229
215850;229
216015;229
216194;229
216359;229
216526;229
216698;229
216865;229
217034;229
217198;229
217363;229
217529;229
217695;229
217859;229
218025;229
218199;229
218366;229
218534;229
218699;229
218871;229
219037;229
219203;229
219368;229
219536;229
219706;229
219872;229
220039;229
220211;229
220375;229
220539;229
220704;229
220870;229
221036;229
221205;229
221369;229
221538;229
221706;229
221874;229
222041;229
222218;229
222403;229
222571;229
222740;229
222909;229
223085;229
223254;229
223421;229
223586;229
223758;229
223927;229
224095;229
224297;229
224466;229
224631;229
224797;229
224961;229
225127;229
