103;261
281;261
353;261
416;261
487;261
534;261
571;261
615;261
672;261
728;261
783;261
824;261
882;261
951;261
1007;261
1067;261
1113;261
1153;261
1189;261
1225;261
1261;261
1299;261
1354;261
1394;261
1430;261
1487;261
1531;261
1569;261
1609;261
1654;261
1698;261
1755;261
1814;261
1867;261
1921;261
1974;261
2025;261
2071;261
2106;261
2142;261
2179;261
2226;261
2265;262
2301;262
2339;262
2376;262
2413;262
2449;262
2492;262
2530;262
2566;262
2612;262
2646;262
2680;262
2723;268
2759;268
2795;268
2831;268
2866;268
2904;268
2936;268
2970;268
3025;268
3062;268
3095;268
3127;268
3164;268
3210;268
3259;268
3315;268
3366;268
3413;268
3465;268
3514;268
3569;268
3601;268
3636;268
3668;268
3701;268
3737;268
3770;268
3803;268
3836;268
3868;268
3902;268
3936;268
3968;268
4001;268
4034;273
4067;273
4102;273
4135;273
4168;273
4201;273
4235;273
4267;273
4303;273
4340;273
4381;273
4412;273
4444;273
4478;273
4510;273
4561;273
4594;273
4631;280
4663;280
4695;280
4731;280
4765;280
4799;280
4833;280
4866;280
4899;280
4931;280
4965;280
4998;280
5033;280
5068;269
5103;269
5136;269
5171;269
5216;269
5263;269
5318;269
5366;269
5417;269
5464;269
5511;269
5561;269
5620;269
5668;269
5714;269
5761;269
5815;273
5855;273
5888;271
5922;271
5954;271
5987;271
6020;271
6060;271
6096;271
6133;271
6167;271
6199;271
6234;271
6267;271
6300;271
6333;271
6369;271
6411;271
6445;271
6477;271
6510;271
6546;271
6579;271
6613;271
6644;271
6676;271
6711;271
6743;271
6777;271
6810;271
6843;271
6879;267
6918;267
6953;267
6988;267
7021;267
7057;267
7090;267
7130;267
7166;267
7197;267
7230;267
7268;267
7301;267
7358;267
7398;267
7432;266
7469;266
7501;266
7534;266
7571;266
7606;266
7644;266
7682;267
7720;267
7759;267
7796;265
7830;260
7861;261
7894;261
7931;261
7964;261
7997;261
8030;261
8061;261
8093;261
8126;261
8160;261
8202;258
8235;258
8274;258
8312;258
8344;258
8377;258
8410;258
8450;258
8485;258
8517;258
8550;258
8583;258
8615;258
8652;258
8685;258
8717;263
8749;263
8783;263
8827;263
8876;263
8907;263
8947;263
8980;263
9017;263
9052;263
9086;263
9118;263
9156;263
9190;263
9222;263
9255;263
9287;263
9330;263
9387;263
9420;263
9456;263
9498;263
9535;263
9567;263
9604;263
9637;263
9674;263
9710;263
9742;263
9775;263
9815;263
9850;263
9883;263
9922;263
9957;262
9993;262
10034;262
10070;262
10105;262
10138;262
10169;262
10201;262
10240;262
10272;257
10305;257
10338;257
10373;257
10407;257
10442;257
10474;257
10508;257
10551;257
10583;257
10615;257
10650;257
10689;257
10720;257
10753;257
10786;257
10821;257
10856;257
10890;257
10926;257
10960;257
10996;257
11033;257
11064;257
11096;257
11132;260
11167;260
11207;260
11243;260
11276;260
11308;260
11344;260
11377;260
11413;260
11445;260
11478;260
11511;260
11543;260
11575;260
11615;260
11648;260
11681;260
11713;260
11746;260
11779;260
11815;260
11847;260
11892;260
11925;260
11960;260
11993;260
12028;260
12062;260
12094;260
12126;260
12165;260
12204;260
12236;260
12267;260
12301;260
12332;260
12371;260
12403;260
12439;260
12474;260
12507;260
12539;260
12570;260
12602;260
12635;260
12668;260
12700;260
12737;260
12772;260
12804;260
12837;260
12872;260
12905;260
12939;260
12970;260
13003;260
13039;260
13081;260
13114;260
13149;260
13188;265
13219;265
13251;265
13284;265
13319;265
13358;265
13393;265
13425;265
13463;265
13495;265
13528;265
13562;265
13595;265
13631;265
13662;265
13694;265
13728;265
13766;265
13799;265
13831;270
13866;270
13905;270
13938;270
13971;270
14014;270
14048;270
14081;270
14116;270
14155;270
14194;270
14230;270
14266;270
14298;270
14331;270
14367;270
14398;270
14434;270
14467;270
14507;270
14540;270
14573;270
14610;270
14644;270
14682;270
14718;270
14750;270
14786;270
14820;270
14854;270
14888;270
14919;270
14957;268
14990;268
15027;269
15063;269
15097;269
15129;269
15162;269
15195;269
15227;269
15262;269
15297;269
15330;269
15370;266
15416;265
15447;265
15480;265
15517;265
15553;265
15588;265
15625;265
15658;265
15693;265
15730;265
15764;265
15802;265
15839;265
15876;265
15911;265
15945;265
15979;265
16016;265
16053;265
16087;265
16118;265
16153;265
16188;265
16220;265
16249;265
16281;265
16312;265
16343;265
16379;265
16411;265
16442;265
16474;265
16504;265
16537;265
16571;265
16608;265
16642;265
16673;265
16711;265
16746;265
16784;265
16818;265
16852;265
16884;266
16916;266
16948;266
16988;266
17020;266
17051;266
17083;266
17117;266
17149;266
17181;266
17214;266
17256;266
17288;266
17322;266
17353;266
17386;265
17421;265
17453;265
17488;265
17523;265
17556;265
17593;265
17627;265
17660;265
17692;265
17723;265
17755;265
17794;265
17826;262
17860;262
17893;262
17928;262
17960;257
17992;257
18024;259
18061;259
18092;259
18127;259
18158;259
18198;259
18232;259
18267;259
18303;259
18340;262
18373;262
18411;259
18448;259
18485;262
18521;263
18556;263
18596;263
18633;263
18669;263
18704;263
18735;263
18770;263
18802;263
18834;263
18867;263
18906;263
18945;263
18979;263
19012;263
19045;263
19081;263
19113;263
19147;263
19184;263
19220;263
19252;263
19288;263
19320;263
19352;263
19391;263
19449;263
19488;263
19521;263
19553;263
19588;263
19624;263
19659;263
19697;263
19730;263
19761;263
19801;263
19834;263
19888;263
19927;260
19960;260
19993;260
20027;260
20060;260
20090;260
20125;260
20156;260
20189;260
20225;260
20258;260
20290;260
20322;260
20355;260
20391;260
20424;260
20466;260
20502;260
20535;260
20574;260
20601;260
20642;260
20677;260
20710;260
20745;260
20778;260
20811;260
20845;260
20888;260
20930;260
20966;260
20999;260
21032;260
21070;260
21102;260
21146;260
21178;260
21216;260
21251;260
21283;260
21321;260
21353;260
21386;260
21439;260
21478;260
21514;260
21546;260
21583;260
21621;260
21656;260
21691;260
21723;259
21762;259
21796;259
21832;259
21875;259
21928;259
21994;259
22027;259
22058;259
22091;259
22130;259
22162;259
22193;259
22224;259
22259;259
22292;259
22328;259
22366;259
22406;259
22438;259
22470;259
22502;259
22535;259
22567;259
22600;259
22632;259
22664;259
22701;259
22736;259
22771;259
22802;259
22833;259
22869;259
22903;259
22938;259
22973;259
23007;259
23039;259
23074;259
23107;259
23141;259
23173;259
23206;259
23237;259
23272;259
23309;259
23348;259
23401;259
23451;259
23489;259
23520;259
23553;259
23585;259
23618;259
23655;259
23686;259
23718;259
23751;259
23786;261
23821;261
23858;261
23891;261
23926;261
23958;261
23991;261
24026;261
24056;261
24090;261
24131;261
24166;261
24200;261
24232;261
24266;261
24297;261
24330;261
24362;261
24404;261
24437;261
24471;261
24506;261
24543;261
24576;261
24613;261
24644;261
24681;261
24713;261
24747;261
24794;261
24833;263
24869;263
24902;263
24938;263
24970;263
25004;263
25037;263
25073;263
25110;263
25148;263
25184;263
25220;263
25252;263
25288;263
25320;263
25352;263
25384;263
25424;263
25475;263
25510;263
25545;263
25577;259
25614;259
25653;259
25685;259
25719;259
25750;259
25782;259
25821;259
25859;259
25897;259
25929;259
25962;259
25995;259
26029;259
26063;259
26095;259
26128;259
26163;259
26196;259
26232;259
26267;260
26298;260
26333;260
26363;260
26397;260
26430;260
26463;260
26495;260
26528;260
26559;260
26592;260
26627;260
26660;260
26695;260
26726;260
26759;260
26792;260
26826;260
26861;260
26896;260
26929;260
26962;260
26994;260
27027;260
27059;260
27097;260
27137;260
27171;260
27209;260
27244;260
27277;260
27308;260
27340;260
27374;260
27408;260
27446;260
27502;260
27536;260
27568;260
27606;260
27639;260
27671;260
27714;260
27746;260
27778;260
27812;260
27846;260
27878;260
27912;259
27943;259
27976;259
28009;259
28045;259
28077;260
28114;260
28145;260
28176;260
28218;260
28256;260
28292;260
28325;260
28357;260
28391;260
28427;260
28475;260
28508;260
28539;260
28571;260
28607;260
28646;260
28679;260
28711;260
28744;260
28784;260
28817;260
28859;260
28892;260
28924;260
28958;260
28990;260
29027;260
29062;260
29095;260
29126;260
29159;260
29195;260
29228;260
29261;260
29300;260
29332;260
29365;260
29400;260
29439;260
29490;260
29530;260
29563;260
29595;260
29628;260
29660;260
29695;260
29734;260
29767;260
29800;260
29832;260
29868;260
29908;260
29939;260
29977;260
30018;260
30054;260
30087;260
30121;260
30164;260
30198;260
30231;260
30262;260
30294;260
30332;260
30363;260
30394;260
30424;260
30458;260
30493;260
30527;260
30561;260
30594;260
30627;260
30661;260
30697;260
30729;260
30763;260
30794;260
30831;260
30866;260
30901;260
30938;260
30971;260
31003;260
31035;260
31067;260
31103;260
31142;260
31173;260
31208;260
31240;259
31272;259
31305;259
31338;259
31379;259
31413;259
31444;259
31478;259
31518;259
31548;259
31581;259
31613;259
31644;259
31676;259
31710;259
31749;259
31782;259
31815;259
31851;259
31885;262
31918;262
31949;262
31986;262
32018;262
32051;262
32084;262
32128;262
32164;262
32200;261
32240;261
32270;261
32304;261
32339;261
32369;261
32402;261
32435;261
32471;261
32504;261
32540;261
32580;261
32612;261
32644;261
32676;261
32709;261
32741;261
32773;261
32807;261
32844;262
32876;262
32914;262
32945;263
32983;263
33013;263
33044;263
33076;263
33109;263
33141;263
33174;263
33207;263
33240;263
33280;268
33316;268
33348;268
33380;268
33413;268
33446;268
33493;268
33527;268
33565;266
33601;266
33638;266
33671;266
33705;266
33739;266
33774;266
33807;266
33840;266
33875;266
33910;266
33948;266
33982;266
34016;266
34049;266
34092;266
34124;266
34157;266
34192;266
34228;266
34260;266
34293;266
34325;266
34359;266
34396;266
34428;266
34461;266
34493;263
34526;263
34560;263
34593;263
34627;263
34662;263
34695;263
34726;263
34759;263
34796;263
34827;263
34859;263
34890;263
34929;263
34965;260
34997;260
35031;260
35067;260
35104;260
35136;260
35167;260
35205;260
35240;260
35276;260
35309;260
35345;260
35382;260
35415;260
35451;260
35484;260
35527;260
35559;260
35594;260
35626;260
35662;260
35696;260
35734;260
35768;260
35804;260
35838;260
35870;260
35903;260
35937;260
35973;260
36006;260
36042;263
36077;263
36110;263
36146;263
36179;263
36222;263
36254;263
36286;263
36323;263
36357;263
36388;263
36421;263
36456;263
36492;263
36528;263
36560;264
36591;264
36624;264
36656;264
36691;264
36733;264
36765;264
36797;264
36833;265
36865;265
36898;265
36935;265
36968;265
36999;265
37035;265
37071;265
37108;265
37145;265
37180;265
37212;265
37247;265
37281;265
37314;265
37347;265
37386;265
37423;265
37455;265
37487;265
37521;265
37554;265
37587;265
37622;265
37655;265
37697;265
37733;265
37770;265
37803;265
37836;265
37869;265
37909;265
37940;265
37971;265
38006;265
38038;265
38070;265
38104;265
38139;265
38181;265
38218;265
38253;265
38288;265
38321;265
38357;265
38390;265
38429;265
38464;265
38495;264
38538;264
38571;264
38607;264
38646;264
38677;264
38708;264
38738;264
38776;264
38808;264
38843;264
38879;264
38913;264
38945;264
38980;264
39012;264
39048;264
39080;264
39116;264
39147;264
39178;264
39214;264
39246;264
39278;264
39309;264
39353;264
39389;264
39420;264
39453;264
39485;264
39521;264
39567;264
39603;264
39636;264
39675;264
39711;264
39743;264
39779;264
39816;264
39846;264
39883;264
39915;264
39948;264
39981;264
40029;264
40064;264
40097;264
40129;264
40161;264
40192;264
40228;264
40260;264
40292;264
40328;264
40366;261
40401;261
40435;261
40470;261
40504;261
40539;261
40571;261
40613;261
40648;261
40681;261
40712;261
40745;261
40776;261
40811;260
40843;260
40877;260
40913;260
40951;260
40990;260
41026;260
41064;260
41095;260
41131;260
41163;260
41195;260
41227;260
41261;260
41292;260
41326;260
41360;260
41395;260
41430;260
41466;260
41499;260
41539;260
41574;260
41611;260
41647;260
41683;260
41719;260
41751;260
41782;260
41814;260
41851;260
41885;260
41916;260
41951;260
41984;260
42019;260
42052;260
42090;260
42123;259
42155;259
42186;259
42218;259
42257;259
42291;259
42323;259
42355;259
42392;259
42430;259
42462;259
42495;259
42526;259
42557;259
42589;259
42622;259
42654;259
42689;259
42722;259
42756;259
42789;259
42832;259
42876;259
42911;259
42943;264
42974;265
43006;265
43038;265
43071;265
43105;265
43137;260
43170;260
43202;260
43237;260
43269;260
43301;260
43332;260
43370;260
43408;260
43439;260
43471;260
43505;260
43539;260
43574;260
43610;260
43644;260
43677;260
43710;260
43748;260
43785;260
43827;260
43862;260
43900;260
43931;260
43963;259
44002;259
44035;259
44066;259
44097;259
44134;259
44171;259
44204;259
44238;259
44269;259
44312;259
44348;259
44382;259
44414;259
44446;259
44481;260
44516;260
44553;260
44585;260
44619;260
44652;260
44688;260
44719;260
44751;260
44790;260
44824;260
44873;260
44908;260
44939;260
44975;260
45009;260
45045;260
45080;259
45112;259
45145;259
45178;259
45217;259
45251;259
45286;259
45317;259
45349;259
45385;259
45418;259
45451;259
45486;259
45521;259
45579;259
45618;259
45660;259
45692;259
45720;259
45757;259
45789;259
45823;259
45856;259
45892;259
45942;259
45980;259
46013;259
46044;259
46079;259
46116;259
46146;259
46180;259
46214;259
46245;259
46282;259
46317;259
46354;259
46387;259
46421;259
46452;259
46488;259
46525;259
46557;259
46593;259
46628;259
46660;259
46692;259
46724;259
46761;259
46793;259
46824;259
46857;259
46890;260
46923;260
46959;260
46991;260
47026;260
47057;260
47090;260
47122;260
47157;260
47192;260
47224;260
47259;260
47297;260
47328;260
47365;260
47397;260
47428;260
47462;260
47494;260
47526;260
47563;260
47601;260
47633;260
47665;260
47697;260
47730;260
47762;260
47793;260
47831;260
47864;260
47898;260
47927;260
47965;260
47998;260
48031;260
48064;260
48097;260
48130;260
48166;260
48198;260
48231;260
48264;260
48297;260
48332;260
48362;260
48393;260
48426;260
48458;260
48496;260
48527;260
48561;260
48594;260
48630;260
48662;260
48693;260
48725;260
48759;260
48794;260
48826;260
48864;260
48900;260
48947;260
49016;260
49063;260
49134;260
49201;260
49237;260
49269;260
49304;260
49342;260
49383;260
49415;260
49452;260
49492;260
49524;260
49563;260
49615;260
49652;260
49685;260
49717;260
49749;260
49788;260
49824;260
49866;260
49901;260
49940;260
49975;260
50007;260
50039;260
50073;260
50107;260
50139;260
50171;260
50203;260
50236;260
50266;260
50304;260
50336;260
50367;260
50401;260
50437;260
50472;260
50505;260
50555;260
50591;260
50627;260
50659;260
50707;260
50766;260
50838;260
50875;260
50917;260
50952;260
50994;260
51058;260
51095;260
51129;260
51161;259
51199;259
51232;259
51265;259
51296;259
51328;259
51361;259
51391;259
51423;259
51456;259
51492;259
51524;259
51559;259
51604;259
51648;259
51686;259
51719;259
51755;259
51792;259
51823;259
51860;259
51894;259
51927;259
51959;259
51998;259
52030;259
52068;259
52101;259
52136;259
52173;259
52208;259
52242;259
52279;259
52310;259
52343;259
52380;259
52417;259
52450;259
52485;259
52516;259
52547;259
52580;259
52613;259
52646;259
52677;259
52714;259
52748;259
52783;259
52818;259
52854;259
52888;259
52923;259
52957;259
52993;259
53026;259
53060;259
53096;259
53127;259
53159;259
53193;259
53225;259
53264;259
53299;259
53332;259
53366;259
53407;259
53443;259
53476;259
53510;259
53545;259
53577;259
53613;259
53647;259
53681;259
53714;259
53747;259
53783;259
53814;259
53849;259
53882;259
53913;259
53948;259
53982;259
54015;259
54051;259
54086;259
54119;259
54154;259
54186;259
54221;259
54261;259
54296;259
54327;259
54361;259
54396;259
54434;259
54464;259
54501;259
54535;259
54568;259
54604;259
54637;259
54673;259
54704;259
54743;259
54775;259
54807;259
54840;259
54874;259
54906;259
54940;259
54977;259
55011;259
55044;259
55077;259
55119;259
55155;259
55194;259
55228;259
55261;259
55293;259
55326;259
55359;259
55391;259
55428;259
55464;259
55502;259
55535;259
55568;259
55601;259
55644;259
55674;260
55708;260
55747;260
55783;260
55817;260
55852;260
55891;260
55931;260
55962;260
55996;260
56031;260
56068;260
56102;260
56134;260
56165;260
56197;259
56231;259
56268;259
56302;259
56335;259
56373;259
56404;259
56435;259
56472;259
56505;259
56542;259
56574;259
56605;259
56637;259
56671;259
56707;259
56741;259
56774;259
56807;259
56841;259
56875;259
56913;259
56946;259
56979;259
57015;259
57047;259
57080;259
57117;259
57155;259
57188;259
57224;259
57261;259
57297;259
57333;259
57366;259
57400;259
57440;259
57486;259
57517;259
57555;259
57592;259
57630;259
57663;258
57697;258
57731;258
57765;258
57803;258
57836;258
57868;258
57905;258
57939;258
57972;258
58004;258
58041;258
58075;258
58110;258
58143;258
58175;258
58209;258
58249;258
58282;258
58318;258
58352;258
58385;258
58420;258
58453;258
58485;258
58525;258
58560;258
58599;258
58632;258
58667;258
58701;258
58735;258
58770;258
58802;258
58833;258
58867;258
58902;258
58935;258
58968;258
59003;258
59036;258
59073;258
59112;258
59152;258
59186;258
59218;258
