306;4329
450;4116
600;3885
682;3885
779;3826
852;3754
968;3590
1042;3458
1117;3458
1219;3336
1290;3173
1374;3055
1446;3008
1518;2878
1597;2817
1665;2817
1743;2817
1840;2817
1939;2817
2044;2751
2108;2651
2191;2495
2264;2495
2365;2387
2453;2199
2534;2061
2622;2045
2686;2045
2787;1943
2855;1943
2945;1772
3008;1772
3088;1674
3168;1656
3230;1656
3305;1656
3398;1656
3492;1584
3585;1557
3695;1482
3781;1400
3870;1400
3968;1400
4029;1400
4111;1346
4177;1333
4235;1308
4295;1308
4355;1308
4413;1308
4488;1289
4548;1289
4616;1226
4676;1226
4753;1226
4816;1226
4879;1155
4938;1155
5023;1155
5084;1155
5150;1155
5208;1155
5283;1143
5343;1143
5406;1060
5481;1060
5539;1060
5601;1060
5661;1060
5723;1060
5809;1034
5878;987
5939;987
5998;987
6060;987
6138;963
6235;878
6318;878
6400;878
6468;878
6526;878
6594;877
6661;715
6722;715
6788;715
6849;715
6918;715
6976;715
7038;654
7100;654
7162;654
7238;655
7298;655
7357;655
7417;655
7485;655
7544;655
7611;655
7672;655
7734;631
7798;631
7865;631
7924;631
7995;587
8061;587
8122;587
8195;576
8255;576
8326;576
8389;576
8451;576
8511;576
8574;576
8632;576
8692;498
8753;498
8814;498
8874;498
8941;498
9000;468
9060;468
9125;468
9184;468
9243;468
9328;468
9389;468
9446;468
9507;468
9566;468
9627;468
9688;468
9756;468
9815;468
9876;468
9948;468
10013;468
10073;468
10131;468
10224;386
10285;386
10357;386
10439;386
10505;386
10562;386
10628;386
10702;386
10760;386
10818;386
10885;386
10957;386
11023;386
11089;386
11148;386
11209;386
11268;347
11330;347
11389;347
11449;347
11519;347
11588;347
11662;347
11719;320
11777;320
11836;320
11897;320
11963;322
12020;322
12080;322
12140;322
12207;322
12267;322
12328;322
12390;322
12450;322
12511;322
12573;322
12650;282
12709;282
12777;282
12835;282
12895;282
12954;282
13012;282
13092;282
13157;282
13217;282
13275;282
13336;282
13395;282
13457;282
13518;282
13580;282
13640;282
13708;282
13767;282
13842;282
13909;282
13970;282
14027;282
14085;282
14144;282
14204;282
14287;282
14355;282
14413;282
14476;282
14536;282
14613;282
14673;282
14732;282
14801;278
14862;276
14938;276
15000;276
15060;276
15118;276
15192;276
15249;276
15309;276
15367;276
15426;274
15492;274
15551;274
15634;274
15708;274
15775;274
15837;274
15898;274
15958;274
16026;274
16087;274
16163;274
16229;274
16300;274
16358;274
16417;274
16488;274
16545;274
16611;274
16673;274
16741;274
16799;274
16859;274
16926;274
16994;274
17058;274
17140;274
17200;274
17266;274
17338;274
17398;274
17482;273
17541;273
17609;273
17687;273
17766;273
17828;273
17896;273
17958;273
18025;273
18083;273
18142;273
18199;273
18259;273
18341;273
18401;273
18460;273
18517;273
18578;273
18646;273
18705;273
18771;273
18830;273
18896;273
18956;273
19022;273
19087;273
19195;273
19329;273
19393;273
19450;273
19510;273
19571;273
19647;273
19714;273
19776;273
19854;273
19915;273
19972;273
20033;273
20090;273
20148;273
20206;273
20268;273
20352;273
20409;273
20470;273
20542;273
20615;273
20688;273
20747;273
20832;273
20893;273
20951;273
21016;273
21076;273
21141;273
21208;273
21268;273
21330;273
21398;275
21470;275
21527;275
21586;275
21644;275
21713;275
21778;275
21855;237
21912;237
21972;237
22033;237
22094;237
22153;237
22213;237
22271;237
22346;237
22415;237
22474;236
22545;236
22605;236
22671;236
22728;236
22786;236
22855;236
22915;236
22966;236
23026;236
23086;236
23146;236
23203;236
23260;236
23331;236
23391;236
23450;236
23534;236
23598;236
23663;236
23721;236
23779;236
23839;236
23919;236
23979;236
24037;236
24103;236
24175;236
24241;236
24299;236
24359;236
24433;236
24503;236
24569;236
24635;236
24695;236
24752;236
24812;236
24875;236
24942;236
25014;236
25079;235
25149;235
25214;235
25274;235
25338;235
25398;235
25461;235
25519;235
25593;235
25664;235
25727;235
25787;235
25853;235
25917;235
25980;235
26044;235
26103;235
26168;235
26228;235
26293;235
26368;235
26443;235
26511;235
26577;235
26638;235
26697;235
26756;235
26829;235
26887;235
26967;235
27029;235
27093;235
27152;235
27218;235
27284;235
27348;235
27421;235
27478;235
27534;235
27591;235
27656;235
27712;235
27769;235
27852;235
27911;235
27969;235
28036;235
28093;235
28150;235
28206;235
28291;235
28348;235
28418;235
28478;235
28538;235
28597;235
28673;235
28729;235
28785;235
28842;235
28899;235
28955;235
29020;235
29080;235
29137;235
29196;235
29279;235
29335;235
29394;235
29460;235
29516;235
29581;235
29637;235
29694;236
29750;236
29824;236
29891;236
29953;236
30013;236
30085;236
30151;236
30207;236
30276;236
30333;236
30389;236
30446;236
30510;236
30570;236
30631;236
30689;236
30762;236
30846;236
30905;236
30964;236
31038;236
31111;236
31167;236
31224;236
31280;236
31338;236
31402;236
31458;236
31517;236
31578;236
31654;236
31715;236
31775;236
31834;236
31893;236
31952;236
32010;236
32076;236
32139;236
32203;236
32262;236
32319;236
32384;236
32441;236
32498;236
32563;236
32619;236
32678;236
32738;236
32795;236
32856;236
32917;236
32976;236
33043;236
33104;236
33173;236
33231;236
33287;236
33346;236
33403;236
33468;236
33532;236
33589;236
33645;236
33703;237
33764;237
33822;237
33882;237
33941;237
34008;237
34066;238
34123;238
34190;237
34279;237
34362;237
34448;237
34505;237
34561;237
34619;237
34691;237
34748;237
34805;237
34862;237
34919;237
35000;237
35063;237
35124;237
35190;237
35266;237
35338;237
35413;237
35473;237
35531;237
35597;237
35655;237
35725;237
35782;237
35842;237
35917;237
35981;237
36040;237
36096;237
36164;237
36232;237
36305;237
36388;237
36447;237
36504;237
36563;237
36622;237
36681;237
36738;236
36796;236
36856;236
36915;236
36972;236
37036;236
37097;236
37154;236
37218;236
37283;234
37342;234
37398;234
37459;234
37516;234
37593;234
37663;236
37758;236
37818;236
37903;236
37964;236
38024;236
38084;236
38141;236
38203;236
38275;236
38335;236
38394;236
38450;236
38531;236
38587;236
38644;236
38703;236
38762;236
38835;236
38903;236
38969;236
39026;236
39084;236
39150;236
39209;235
39287;235
39353;235
39420;235
39488;235
39546;235
39604;235
39664;235
39723;235
39782;235
39841;235
39901;235
39960;235
40018;235
40079;235
40138;235
40204;235
40263;235
40325;235
40383;235
40441;235
40500;235
40577;235
40633;235
40715;235
40771;235
40848;235
40921;235
40977;235
41042;235
41101;235
41167;235
41225;235
41295;235
41354;235
41412;235
41471;235
41537;235
41617;235
41676;235
41745;235
41804;235
41865;235
41921;235
41978;235
42034;235
42092;235
42148;235
42215;235
42276;235
42346;235
42416;235
42476;235
42536;235
42609;235
42665;235
42723;235
42788;235
42846;235
42903;235
42959;235
43033;235
43092;235
43162;235
43226;235
43288;235
43363;235
43425;235
43491;237
43550;237
43612;237
43671;237
43736;237
43792;237
43853;237
43930;237
43987;237
44046;237
44111;237
44171;237
44237;237
44309;237
44367;237
44426;237
44495;237
44553;237
44609;238
44679;238
44738;238
44805;238
44867;238
44926;238
44982;238
45042;238
45103;238
45163;238
45223;238
45284;238
45357;238
45422;238
45481;238
45538;238
45597;238
45654;238
45710;238
45769;238
45826;238
45894;238
45966;238
46027;238
46086;238
46145;238
46207;238
46263;238
46320;238
46385;238
46456;238
46521;238
46580;238
46638;238
46695;238
46754;238
46812;238
46889;238
46974;238
47032;238
47091;238
47164;238
47220;238
47277;238
47342;238
47398;238
47455;238
47514;238
47575;238
47635;238
47717;238
47781;238
47840;238
47915;238
47971;238
48028;238
48087;238
48152;238
48209;238
48281;238
48340;238
48400;238
48471;238
48530;238
48612;238
48677;238
48735;238
48792;238
48857;238
48922;238
48980;238
49046;238
49121;238
49187;238
49253;238
49317;238
49383;238
49455;238
49512;238
49571;238
49628;238
49693;238
49750;238
49822;238
49883;238
49940;238
50001;238
50062;238
50129;238
50194;238
50252;238
50318;238
50384;238
50457;237
50516;237
50573;237
50632;237
50689;237
50748;237
50812;237
50873;237
50929;237
50986;237
51051;237
51115;237
51172;237
51228;237
51287;237
51346;237
51402;237
51476;237
51532;237
51598;237
51663;237
51722;237
51781;237
51847;237
51907;237
51964;237
52029;237
52100;237
52160;237
52220;237
52276;236
52341;236
52397;236
52456;236
52513;235
52582;235
52641;235
52723;235
52782;235
52847;235
52912;235
52969;235
53033;235
53093;235
53154;235
53211;235
53275;235
53334;235
53393;235
53452;235
53509;235
53581;235
53637;235
53696;235
53761;235
53817;235
53877;235
53936;235
53993;235
54051;235
54116;235
54182;235
54241;235
54306;235
54365;235
54429;235
54488;235
54546;235
54603;235
54662;235
54737;235
54795;235
54865;235
54924;235
54983;235
55050;235
55124;235
55181;235
55237;235
55294;235
55362;235
55416;235
55483;235
55542;235
55600;235
55665;235
55721;235
55777;235
55842;235
55912;235
55985;235
56042;235
56108;235
56178;235
56265;235
56329;235
56386;235
56443;235
56499;235
56555;235
56616;235
56681;235
56747;235
56829;235
56913;235
56992;235
57081;235
57168;235
57234;235
57299;235
57371;235
57439;235
57496;235
57563;235
57620;235
57676;235
57739;235
57803;235
57864;235
57923;235
57988;235
58045;235
58104;235
58186;235
58242;235
58299;235
58384;235
58445;235
58544;235
58605;235
58669;235
58731;235
58789;235
58852;235
58913;235
58975;235
59037;235
59107;235
59198;235
59272;235
59339;235
59414;235
59488;235
59555;235
59617;235
59676;235
59732;235
59792;235
59868;235
59933;235
59992;235
60084;235
60174;235
60232;235
60289;235
60353;235
60435;235
60504;235
60585;235
60641;235
60702;235
60774;235
60835;235
60888;235
60960;235
61032;235
61096;235
61155;235
61213;235
61270;235
61334;235
61393;235
61458;235
61532;235
61597;235
61658;235
61718;235
61784;235
61845;235
61910;235
61966;235
62025;235
62081;235
62145;235
62203;235
62260;235
62329;235
62387;235
62458;235
62520;235
62579;235
62646;235
62710;235
62767;235
62850;235
62916;235
62976;235
63033;235
63090;235
63151;235
63214;235
63286;235
63346;235
63414;235
63480;235
63555;235
63618;235
63687;235
63746;235
63805;235
63899;235
63958;235
64018;235
64084;235
64148;235
64211;235
64279;235
64341;235
64415;235
64476;235
64537;235
64600;235
64674;235
64765;235
64831;235
64890;235
64948;235
65015;235
65084;235
65139;235
65197;235
65253;235
65320;235
65390;235
65487;235
65544;235
65610;235
65667;236
65726;236
65806;236
65871;236
65947;236
66004;236
66065;236
66121;236
66181;236
66239;235
66309;235
66367;235
66433;235
66500;235
66579;235
66645;235
66711;235
66780;235
66843;235
66911;235
66987;235
67044;235
67121;235
67186;235
67247;235
67305;235
67375;235
67433;235
67492;235
67549;235
67615;235
67672;235
67745;235
67819;235
67878;235
67939;235
67996;235
68057;235
68138;235
68201;235
68290;235
68353;235
68416;235
68507;235
68584;235
68655;235
68718;235
68782;235
68841;235
68902;235
68962;235
69019;235
69076;235
69134;235
69211;235
69273;235
69334;235
69415;236
69472;236
69538;236
69604;236
69664;236
69738;236
69808;236
69866;236
69933;236
69994;236
70082;236
70144;236
70205;236
70273;236
70337;235
70397;235
70462;235
70525;235
70584;235
70642;235
70699;235
70756;235
70812;235
70874;235
70949;235
71010;235
71067;235
71128;235
71194;235
71260;235
71318;235
71375;235
71439;235
71499;235
71559;235
71626;235
71699;235
71760;235
71821;235
71894;235
71953;235
72015;235
72092;235
72174;235
72270;235
72326;235
72382;235
72441;235
72511;235
72568;235
72634;235
72690;235
72748;235
72804;235
72866;235
72934;235
72994;235
73052;235
73115;235
73193;235
73251;235
73321;235
73382;235
73438;235
73499;235
73559;235
73617;235
73673;235
73732;235
73791;235
73851;235
73910;235
73969;235
74030;235
74087;235
74146;235
74206;235
74273;235
74333;235
74426;235
74511;235
74615;235
74689;235
74753;235
74810;235
74876;235
74932;235
74991;235
75048;235
75104;235
75162;235
75221;235
75280;235
75337;235
75403;235
75461;235
75529;235
75601;235
75670;236
75728;236
75794;236
75862;236
75919;236
75975;236
76049;236
76123;236
76194;236
76259;236
76316;236
76374;236
76434;236
76518;236
76575;236
76634;236
76695;236
76756;236
76814;236
76873;236
76949;236
77008;236
77072;236
77147;236
77209;236
77268;236
77324;236
77381;236
77446;236
77503;236
77562;236
77620;236
77678;236
77755;236
77815;236
77875;236
77935;236
78001;236
78080;236
78136;236
78192;236
78261;236
78318;236
78376;236
78435;236
78491;236
78551;236
78609;236
78683;236
78750;236
78817;236
78876;236
78937;236
79003;236
79075;236
79174;236
79234;236
79293;236
79355;236
79450;236
79507;236
79566;236
79625;236
79700;236
79758;236
79818;236
79878;236
79954;236
80021;236
80095;236
80153;236
80212;236
80269;236
80340;236
80398;236
80456;236
80514;236
80570;236
80626;236
80693;236
80754;236
80815;236
80891;236
80950;236
81082;236
81141;236
81199;236
81265;236
81337;236
81394;236
81450;236
81507;236
81571;236
81627;236
81686;236
81747;236
81805;234
81890;234
81950;234
82009;234
82068;234
82128;234
82194;234
82258;234
82317;234
82377;234
82433;234
82493;234
82554;234
82614;234
82678;234
82735;234
82793;234
82880;234
82937;234
82999;234
83060;234
83119;234
83194;234
83267;234
83323;234
83382;234
83437;234
83496;234
83553;234
83611;234
83679;234
83743;234
83803;234
83865;234
83925;234
83983;234
84043;234
84103;234
84161;234
84222;234
84282;234
84338;234
84395;234
84468;234
84525;234
84582;234
84651;234
84716;234
84773;234
84833;234
84891;234
84958;234
85016;234
85075;234
85137;234
85202;234
85260;234
85333;234
85391;234
85467;234
85523;234
85580;234
85639;234
85699;234
85758;234
85819;234
85887;234
85946;234
86007;234
86069;234
86133;234
86191;234
