202;85
309;85
393;85
499;85
565;85
633;85
720;85
820;85
910;85
976;85
1047;85
1127;85
1196;85
1283;85
1351;85
1426;85
1501;85
1578;85
1654;85
1754;85
1854;85
1943;83
2030;83
2116;83
2188;83
2255;83
2320;83
2385;83
2460;83
2526;83
2600;83
2671;83
2762;83
2830;83
2897;83
2955;83
3015;83
3077;83
3135;83
3196;83
3257;83
3334;83
3393;83
3459;83
3546;83
3625;83
3705;83
3789;83
3868;83
3955;83
4036;83
4120;83
4203;83
4260;83
4320;83
4378;83
4439;83
4498;83
4554;83
4620;83
4678;83
4738;83
4798;83
4873;83
4932;83
4998;83
5058;83
5115;83
5175;83
5240;83
5296;83
5355;83
5422;83
5479;83
5535;83
5593;83
5655;83
5713;83
5773;83
5829;83
5889;83
5947;83
6007;83
6072;83
6129;83
6186;83
6243;83
6301;83
6359;83
6425;83
6487;83
6547;83
6613;83
6695;83
6773;83
6855;83
6936;83
7000;83
7055;83
7113;83
7170;83
7226;83
7282;83
7344;83
7402;83
7470;83
7532;83
7592;83
7651;83
7710;83
7776;81
7835;81
7893;81
7958;81
8016;81
8080;81
8141;78
8198;78
8256;78
8315;78
8375;78
8433;78
8507;83
8563;83
8621;83
8681;83
8740;83
8797;83
8856;83
8913;83
8973;83
9031;83
9093;83
9151;83
9212;83
9269;83
9326;83
9383;83
9442;83
9501;83
9557;83
9616;83
9673;83
9732;83
9797;83
9856;83
9913;83
9979;83
10036;83
10091;83
10150;83
10216;83
10277;83
10342;83
10399;83
10456;83
10519;83
10577;83
10636;83
10696;83
10753;83
10810;83
10870;83
10930;83
10991;83
11053;83
11111;83
11170;83
11227;83
11286;83
11345;83
11402;83
11470;83
11527;83
11586;83
11644;83
11701;83
11760;83
11823;83
11881;83
11939;83
11997;83
12057;83
12115;83
12176;83
12235;83
12295;83
12351;83
12407;83
12466;83
12525;83
12586;83
12643;83
12700;83
12759;83
12817;83
12876;83
12950;78
13006;78
13064;78
13122;78
13180;78
13238;78
13298;78
13358;78
13423;78
13485;78
13545;78
13603;78
13661;78
13723;78
13785;78
13844;78
13904;78
13962;78
14021;78
14085;78
14143;78
14203;78
14263;78
14324;78
14382;78
14439;78
14503;78
14557;78
14613;78
14673;78
14730;78
14788;78
14844;78
14901;78
14958;78
15018;78
15076;78
15137;78
15193;78
15249;78
15307;78
15366;78
15424;78
15485;78
15549;78
15612;78
15671;78
15730;78
15791;78
15850;78
15908;78
15962;78
16020;78
16076;78
16137;78
16195;78
16255;78
16314;78
16375;78
16433;78
16493;78
16553;78
16611;78
16668;78
16727;78
16784;78
16841;78
16898;78
16960;78
17018;78
17076;78
17150;78
17211;78
17271;78
17329;78
17391;78
17449;78
17511;78
17569;78
17629;78
17686;78
17747;78
17808;78
17868;78
17923;78
17985;78
18041;78
18107;78
18165;78
18225;78
18281;78
18342;78
18399;78
18457;78
18523;78
18578;78
18640;78
18699;78
18759;78
18819;78
18879;78
18938;78
19001;78
19060;78
19119;78
19181;78
19240;78
19297;78
19360;78
19419;78
19478;78
19539;78
19596;78
19656;78
19716;78
19783;79
19842;79
19901;79
19957;79
20017;79
20075;79
20146;79
20205;79
20266;79
20325;78
20387;78
20445;78
20504;78
20563;78
20623;78
20683;78
20743;78
20799;78
20858;78
20918;78
20982;78
21044;78
21103;78
21161;78
21219;78
21279;78
21340;78
21406;78
21465;78
21528;78
21587;78
21645;78
21705;78
21765;78
21827;78
21887;78
21945;78
22005;78
22064;78
22124;78
22181;78
22237;78
22294;78
22355;78
22412;78
22470;78
22529;78
22586;78
22643;78
22702;78
22762;78
22819;78
22878;78
22936;78
22994;78
23053;78
23114;78
23175;78
23232;78
23289;78
23350;78
23411;78
23470;78
23530;78
23589;78
23649;78
23708;78
23769;78
23830;78
23888;78
23947;78
24010;78
24070;78
24129;78
24189;78
24246;78
24304;78
24361;78
24419;78
24482;78
24542;78
24600;78
24658;78
24718;78
24785;78
24842;78
24902;80
24960;80
25020;80
25081;80
25145;80
25199;80
25254;80
25312;80
25368;80
25427;80
25487;80
25544;80
25601;80
25660;80
25718;80
25776;80
25834;80
25900;80
25957;80
26017;80
26077;80
26133;80
26193;80
26254;80
26328;80
26391;80
26449;80
26509;80
26566;80
26628;80
26685;80
26744;80
26804;80
26861;80
26919;80
26980;80
27036;80
27095;78
27153;78
27212;78
27270;78
27329;78
27386;78
27445;78
27503;78
27561;78
27622;78
27679;78
27736;78
27796;78
27860;78
27926;78
27983;78
28041;78
28098;78
28153;78
28209;78
28265;78
28329;78
28387;78
28443;78
28499;78
28556;78
28615;78
28674;78
28731;78
28788;78
28844;78
28900;78
28960;78
29019;78
29077;78
29137;78
29195;78
29255;78
29310;78
29378;78
29435;78
29492;78
29548;78
29605;78
29661;78
29717;78
29776;78
29843;78
29925;78
29981;78
30038;78
30100;78
30154;78
30212;78
30268;78
30324;78
30380;78
30439;78
30496;78
30555;78
30612;78
30669;78
30730;78
30792;78
30846;78
30904;78
30963;78
31020;78
31077;78
31137;78
31197;78
31257;78
31313;78
31369;78
31432;78
31489;78
31546;78
31604;78
31664;78
31721;78
31777;78
31837;78
31921;78
31978;78
32035;78
32100;78
32155;78
32210;78
32273;78
32334;78
32390;78
32452;78
32517;78
32574;78
32630;78
32701;78
32758;78
32820;78
32880;78
32942;78
33000;78
33060;78
33118;78
33180;78
33237;78
33299;78
33354;78
33409;78
33465;78
33522;78
33582;78
33642;78
33700;78
33760;78
33824;78
33896;78
33966;78
34025;78
34089;78
34149;78
34207;78
34266;78
34327;78
34385;78
34452;78
34511;78
34567;78
34623;78
34681;78
34739;78
34798;78
34854;78
34947;78
35011;78
35067;78
35125;78
35184;78
35241;78
35297;78
35355;78
35412;78
35470;78
35530;78
35597;78
35651;78
35710;78
35769;79
35826;79
35895;79
35971;79
36028;79
36086;79
36145;79
36205;79
36264;79
36322;79
36378;79
36437;79
36494;79
36554;79
36615;79
36682;79
36742;79
36803;79
36864;79
36920;79
36977;79
37039;79
37098;79
37171;79
37222;79
37280;79
37344;79
37402;79
37459;79
37521;79
37577;79
37635;79
37694;79
37753;79
37811;79
37870;79
37958;79
38021;79
38079;79
38149;79
38204;79
38260;79
38318;79
38377;79
38437;79
38496;79
38551;79
38610;79
38668;79
38725;79
38785;79
38845;79
38901;79
38957;79
39018;79
39077;79
39134;79
39190;79
39247;79
39304;79
39359;79
39416;79
39476;79
39534;79
39592;79
39649;79
39707;79
39762;79
39819;79
39878;79
39957;78
40022;78
40080;78
40139;78
40197;78
40256;78
40315;78
40377;78
40432;78
40490;78
40546;78
40603;78
40665;78
40725;78
40783;78
40839;78
40901;78
40961;78
41019;78
41076;78
41133;78
41189;78
41245;78
41303;78
41372;78
41427;78
41484;78
41545;78
41603;78
41666;78
41726;78
41784;78
41842;78
41901;78
41987;78
42045;78
42104;78
42163;78
42223;78
42281;78
42340;78
42407;78
42463;78
42533;78
42589;78
42648;78
42731;78
42787;78
42847;78
42904;78
42961;78
43020;78
43078;78
43137;78
43194;78
43254;78
43311;78
43379;78
43437;78
43498;78
43554;78
43616;78
43680;78
43743;78
43801;78
43861;78
43922;78
44008;78
44066;78
44123;78
44180;78
44243;78
44308;78
44362;78
44418;78
44474;78
44533;78
44593;78
44650;78
44708;78
44765;78
44823;78
44882;78
44939;78
45000;78
45057;78
45114;78
45175;78
45231;78
45287;78
45346;78
45403;78
45461;78
45518;78
45576;78
45635;78
45692;78
45751;78
45809;78
45867;78
45928;78
46018;78
46077;78
46134;78
46192;78
46250;78
46306;78
46364;78
46428;78
46484;78
46540;78
46600;78
46658;78
46718;78
46779;78
46834;78
46889;78
46945;78
47005;78
47064;80
47121;80
47179;80
47239;80
47299;80
47365;80
47424;80
47482;80
47542;80
47597;80
47654;80
47719;80
47781;80
47838;80
47894;80
47950;80
48039;80
48096;80
48156;80
48214;80
48275;80
48339;80
48394;80
48452;80
48509;80
48567;80
48625;80
48683;78
48744;78
48808;78
48869;78
48934;78
48990;78
49049;78
49104;78
49161;78
49216;78
49274;78
49334;78
49391;78
49451;78
49508;78
49572;78
49629;78
49687;78
49747;78
49805;78
49862;78
49920;78
49979;78
50039;78
50102;78
50164;78
50224;78
50286;78
50344;78
50410;78
50469;78
50531;78
50588;78
50645;78
50703;78
50758;78
50819;78
50877;78
50936;78
50993;78
51052;78
51108;78
51165;78
51229;78
51285;78
51346;78
51416;78
51499;78
51558;78
51620;78
51680;78
51741;78
51823;78
51905;78
51972;78
52060;78
52124;78
52180;78
52235;78
52291;78
52353;78
52412;78
52468;78
52529;78
52589;78
52654;78
52711;78
52769;78
52828;78
52888;78
52946;78
53002;78
53066;78
53120;78
53177;78
53237;78
53298;78
53355;78
53413;78
53473;78
53541;78
53599;78
53662;78
53718;78
53775;78
53836;78
53897;78
53957;78
54025;78
54101;78
54161;78
54219;78
54278;78
54355;78
54411;78
54476;78
54530;78
54587;78
54646;78
54702;78
54762;78
54818;78
54876;78
54933;78
55006;78
55060;78
55117;78
55173;78
55232;78
55339;78
55420;78
55486;78
55584;78
55656;78
55715;78
55787;78
55844;78
55904;78
55962;78
56025;78
56109;78
56166;78
56224;78
56280;78
56337;78
56394;78
56451;78
56509;78
56571;78
56627;78
56683;78
56744;78
56801;78
56857;78
56913;78
56976;78
57032;78
57088;78
57148;78
57206;78
57262;78
57319;78
57378;78
57435;78
57497;78
57552;78
57611;78
57670;78
57728;78
57786;78
57845;78
57906;78
57963;78
58020;78
58109;78
58170;78
58227;78
58284;78
58345;78
58404;78
58480;78
58538;78
58594;78
58652;78
58708;78
58767;78
58825;78
58883;78
58941;78
59000;78
59059;78
59116;78
59172;78
59228;78
59292;78
59354;78
59421;78
59505;78
59585;78
59642;78
59697;78
59754;78
59811;78
59867;78
59923;78
59980;78
60042;78
60128;78
60187;78
60245;78
60303;78
60360;78
60414;78
60471;78
60530;78
60589;78
60646;78
60715;78
60771;78
60827;78
60884;78
60941;78
60998;78
61054;78
61112;78
61168;78
61227;78
61286;78
61344;78
61404;78
61461;78
61517;78
61576;78
61633;78
61692;78
61750;78
61820;78
61900;78
61981;78
62066;78
62152;78
62208;78
62264;78
62322;78
62380;78
62440;78
62498;78
62555;78
62615;78
62672;78
62731;78
62791;78
62850;78
62906;78
62962;78
63020;78
63079;78
63136;78
63196;78
63255;78
63328;78
63384;78
63439;78
63497;78
63556;78
63614;78
63674;78
63740;78
63798;78
63859;78
63921;78
63982;78
64040;78
64105;78
64180;78
64238;78
64295;78
64354;78
64410;78
64469;78
64538;78
64591;78
64650;78
64708;78
64765;78
64824;78
64880;78
64936;78
64994;78
65052;78
65112;78
65174;78
65232;78
65288;78
65347;78
65404;78
65464;78
65525;78
65584;78
65641;78
65704;78
65760;78
65819;78
65879;78
65935;78
65992;78
66052;78
66128;78
66204;78
66261;78
66321;78
66381;78
66440;78
66496;78
66552;78
66611;78
66668;78
66727;78
66793;78
66851;78
66906;78
66962;78
67022;78
67079;78
67138;78
67198;78
67258;78
67315;78
67373;78
67430;78
67489;78
67547;78
67611;78
67669;78
67729;78
67786;78
67845;78
67900;78
67956;78
68014;78
68070;78
68139;78
68216;78
68272;78
68333;78
68390;78
68449;78
68507;78
68567;78
68625;78
68682;78
68739;78
68804;78
68858;78
68912;78
68970;78
69027;78
69090;78
69147;78
69205;78
69264;78
69324;78
69383;78
69444;78
69502;78
69559;78
69614;78
69670;78
69738;78
69792;78
69848;78
69905;78
69963;78
70019;78
70079;78
70142;78
70219;78
70275;78
70333;78
70391;78
70451;78
70507;78
70563;78
70622;78
70683;78
70740;78
70797;78
70854;78
70915;78
70971;78
71026;78
71085;78
71146;78
71204;78
71260;78
71317;78
71380;78
71439;80
71507;80
71560;80
71615;80
71671;80
71732;80
71790;80
71847;80
71906;80
71961;80
72019;80
72078;80
72138;80
72224;80
72284;80
72359;80
72414;80
72469;80
72524;80
72581;80
72637;80
72692;80
72749;80
72805;80
72861;80
72919;80
72976;80
73036;80
73092;80
73155;80
73210;80
73275;80
73340;80
73400;80
73457;80
73514;80
73570;80
73626;80
73685;80
73744;80
73805;80
73867;80
73921;80
73976;80
74033;80
74090;80
74150;80
74236;80
74293;80
74352;80
74409;80
74466;80
74524;80
74587;80
74644;80
74698;80
74758;80
74814;80
74874;80
74929;80
74990;80
75046;80
75107;80
75163;80
75220;80
75284;80
75344;80
75401;80
75457;80
75514;80
75572;80
75630;80
75687;80
75748;80
75809;80
75869;80
75933;80
75995;80
76053;80
76113;80
76170;80
76256;80
76313;80
76373;80
76431;80
76492;80
76549;80
76613;80
76669;80
76728;80
76789;80
76859;80
76923;80
76984;80
77042;80
77101;80
77160;80
77222;80
77276;80
77334;80
77393;80
77450;80
77508;80
77570;80
77630;80
77688;80
77753;80
77807;80
77865;80
77921;80
77978;80
78036;80
78093;80
78154;80
78212;80
78270;80
78329;80
78394;80
78461;80
78520;80
78580;80
78639;80
78695;80
78753;80
78818;80
78872;80
78927;80
78983;80
79041;80
79098;80
79153;80
79209;80
79265;80
79322;80
79382;80
79446;80
79505;80
79566;80
79624;78
79686;78
79746;78
79804;78
79864;78
79929;78
79997;78
80062;78
80117;78
80176;78
80237;78
80296;78
80353;78
80409;78
80466;78
80523;78
80580;78
80643;78
80700;78
80759;78
80817;78
80874;78
80930;78
80988;78
81042;78
81099;78
81166;78
81218;78
81277;78
81339;78
81396;78
81454;78
81529;78
81589;78
81652;78
81714;78
81772;78
81830;78
81895;78
81953;78
82009;78
82063;78
82122;78
82177;78
82237;78
82296;78
82353;78
82412;78
82478;78
82535;78
82593;78
82657;78
82710;78
82765;78
82829;78
82887;78
82945;78
83009;78
83079;78
83139;78
83198;78
83257;78
83316;78
83374;78
83440;78
83497;78
83555;78
83614;78
83671;78
83728;78
83788;78
83851;78
83909;78
83967;78
84025;78
84082;78
84147;78
84206;78
84266;78
84323;78
84380;78
84445;78
84503;78
84579;78
84637;78
84693;78
84752;78
84809;78
84873;78
84931;78
84989;78
85048;78
85107;78
85164;78
85220;78
85280;78
85345;78
85402;78
85459;78
85522;78
85579;78
85636;78
85691;78
85747;78
85803;78
85860;78
85916;78
85977;78
86035;78
86093;78
86159;78
86214;78
86276;78
86333;78
86392;78
86449;78
86507;78
86566;78
86622;78
86684;78
86749;78
86803;78
86859;78
86915;78
86975;78
87033;78
87090;78
87149;78
87205;78
87261;78
87328;78
87385;78
87444;78
87505;78
87566;78
87627;78
87693;78
87748;78
87805;78
87871;78
87926;78
87983;78
88040;78
88098;78
88156;78
88214;78
88272;78
88335;78
88414;78
88470;78
88527;78
88584;78
88643;78
88701;78
88761;78
88820;78
88880;78
88937;78
88993;78
89063;78
89120;78
89182;78
89237;78
89294;78
89358;78
89414;78
89471;78
89527;78
89586;78
89642;78
89699;78
89757;78
89824;78
89883;78
89941;78
89997;78
90057;78
90113;78
90171;78
90230;78
90293;78
90354;78
90415;78
90476;78
90536;78
90595;78
90654;78
90722;78
90778;78
90833;78
90891;78
90949;78
91008;78
91064;78
91123;78
91180;78
91236;78
91293;78
91350;78
91409;78
91466;78
91532;78
91598;78
91654;78
91712;78
91769;78
91830;78
91890;78
91949;78
92005;78
92065;78
92126;78
92185;78
92246;78
92308;78
92366;78
92427;78
92487;78
92553;78
92633;78
92711;78
92776;78
92833;78
92891;78
92949;78
93007;78
93065;78
93125;78
93186;78
93247;78
93308;78
93365;78
93422;78
93481;78
93541;78
93598;78
93654;78
93710;78
93783;78
93840;78
93896;78
93953;78
94011;78
94070;78
94126;78
94185;78
94241;78
94302;78
94361;78
94418;78
94474;78
94533;78
94592;78
94649;78
94706;78
94762;78
94826;78
94901;78
94982;78
95060;78
95125;78
95184;78
95241;78
95299;78
95357;78
95413;78
95468;78
95526;78
95583;78
95640;78
95697;78
95752;78
95809;78
95869;78
95930;78
95988;78
96043;78
96099;78
96159;78
96217;78
96285;78
96343;78
96398;78
96465;78
96527;78
96587;78
96644;78
96706;78
96764;78
96823;78
96885;78
96943;78
96999;78
97057;78
97117;78
97177;78
97235;78
97295;78
97354;78
97410;78
97471;78
97526;78
97584;78
97644;78
97701;78
97761;78
97818;78
97876;78
97931;78
97991;78
98053;78
98111;78
98170;78
98227;78
98286;78
98352;78
98411;78
98470;78
98530;78
98591;78
98649;78
98707;78
98764;78
98822;78
98878;78
98938;78
98995;78
99053;78
99112;78
99171;78
99227;78
99290;78
99356;78
99414;78
99475;78
99535;78
99602;78
99653;78
99711;78
99770;78
99829;78
99888;78
99945;78
100002;78
100063;78
100129;78
100186;78
100243;78
100299;78
100365;78
100439;78
