161;235
256;235
335;235
419;235
511;235
589;235
666;235
757;235
858;235
945;235
1012;235
1097;235
1172;235
1247;235
1331;235
1634;235
1989;235
2056;235
2121;237
2214;237
2275;237
2353;237
2416;237
2482;237
2644;237
2720;237
2780;237
2885;237
2946;237
3006;237
3070;237
3132;237
3229;237
3551;237
3886;238
4244;238
4547;238
4912;238
5177;238
5433;238
5764;238
5857;238
5925;238
5991;238
6050;238
6109;238
6179;238
6239;238
6300;238
6361;238
6479;238
6571;238
6633;238
6697;238
6763;238
6826;238
6952;238
7013;238
7087;238
7146;238
7205;238
7264;238
7343;238
7406;238
7476;238
7552;238
7614;238
7675;238
7737;238
7801;238
7868;238
7928;238
7998;238
8126;238
8400;238
8657;238
8984;238
9212;238
9270;238
9332;238
9401;238
9460;238
9519;238
9581;239
9642;239
9704;239
9771;239
9832;239
9894;237
9970;237
10030;237
10096;237
10181;237
10241;237
10305;237
10365;237
10426;237
10487;237
10583;237
10641;237
10700;237
10766;237
10824;237
10895;237
10959;237
11019;237
11080;237
11142;237
11210;237
11269;237
11338;237
11406;237
11468;237
11528;237
11592;237
11661;237
11724;237
11788;237
11856;237
11912;237
11971;237
12029;237
12087;237
12154;237
12214;237
12281;237
12344;237
12412;237
12481;237
12549;237
12610;237
12678;237
12749;237
12856;237
12923;237
13010;237
13106;237
13168;237
13228;237
13292;237
13359;237
13417;237
13483;237
13542;237
13603;237
13670;237
13734;237
13807;237
13866;237
13950;237
14011;237
14075;237
14143;237
14205;237
14264;237
14325;237
14386;237
14448;237
14515;237
14580;237
14651;237
14712;237
14770;237
14838;237
14904;237
14997;237
15057;237
15120;237
15204;237
15271;237
15331;237
15393;237
15455;237
15527;237
15595;237
15657;237
15719;237
15780;237
15842;237
15918;237
15984;237
16066;237
16148;237
16218;237
16275;237
16338;237
16398;237
16473;237
16556;237
16616;237
16675;237
16738;237
16797;237
16859;237
16926;236
17015;236
17075;236
17135;236
17194;236
17262;236
17329;236
17400;236
17460;236
17528;236
17586;236
17657;236
17733;236
17796;236
17855;237
17914;237
17976;237
18036;237
18094;237
18158;237
18226;237
18288;237
18348;237
18410;237
18469;237
18537;237
18599;237
18669;237
18726;237
18784;237
18855;237
18916;237
18995;237
19063;237
19123;237
19183;237
19248;237
19309;237
19378;237
19442;237
19503;237
19566;237
19629;237
19692;237
19753;237
19814;237
19887;237
19947;237
20020;237
20085;237
20160;237
20226;237
20291;237
20365;237
20436;239
20509;239
20570;239
20630;239
20690;239
20758;239
20828;239
20891;239
20960;239
21024;239
21091;239
21151;239
21212;239
21275;239
21359;239
21418;239
21480;239
21546;239
21608;239
21668;239
21752;239
21815;239
21874;239
21935;239
22008;239
22084;239
22151;239
22214;239
22277;239
22348;239
22417;239
22481;238
22544;238
22608;238
22674;238
22743;238
22803;238
22864;238
22931;238
22994;238
23056;238
23117;238
23177;238
23236;238
23300;238
23368;238
23429;237
23491;237
23567;237
23644;237
23706;237
23765;237
23834;237
23898;237
24003;237
24065;237
24126;237
24185;237
24243;237
24303;237
24363;237
24437;237
24498;237
24558;237
24617;237
24678;237
24737;237
24813;237
24873;237
24937;237
25009;237
25079;237
25148;237
25208;237
25269;237
25336;237
25397;237
25454;237
25526;237
25593;237
25655;237
25716;237
25786;237
25846;237
25914;237
25990;237
26049;237
26117;237
26177;237
26244;237
26306;237
26382;237
26451;237
26511;237
26574;237
26670;237
26727;237
26785;237
26843;237
26903;237
26971;237
27035;237
27094;237
27155;237
27223;237
27292;237
27355;237
27427;237
27495;237
27559;237
27629;237
27699;237
27760;237
27819;237
27879;237
27947;237
28012;237
28071;237
28132;237
28189;237
28247;237
28330;237
28398;237
28472;237
28536;237
28597;237
28673;237
28735;237
28794;237
28865;237
28925;237
28986;236
29047;236
29107;236
29172;236
29235;236
29297;236
29356;236
29416;236
29482;236
29543;236
29602;236
29671;236
29735;236
29804;236
29862;236
29935;236
30011;236
30086;236
30162;236
30220;236
30288;236
30346;236
30409;236
30479;236
30536;236
30597;236
30657;236
30720;236
30785;236
30846;236
30905;236
30966;236
31046;236
31115;236
31175;236
31237;236
31301;236
31375;236
31448;236
31518;236
31588;236
31657;236
31714;236
31773;236
31834;236
31900;236
31967;236
32036;236
32100;236
32160;236
32223;236
32296;235
32359;235
32422;235
32490;235
32559;235
32628;235
32696;235
32762;235
32822;235
32882;235
32942;235
33000;235
33074;235
33148;235
33216;235
33278;235
33341;235
33404;235
33463;236
33530;236
33597;236
33671;236
33734;236
33792;236
33874;236
33931;236
33987;236
34043;236
34104;236
34165;236
34236;236
34295;236
34354;236
34412;236
34471;236
34538;236
34598;236
34659;236
34719;236
34781;236
34839;236
34898;236
34955;236
35021;236
35089;236
35158;236
35227;236
35282;236
35345;236
35403;236
35461;236
35528;236
35604;236
35672;236
35742;236
35800;236
35856;236
35921;236
35978;236
36044;236
36104;236
36166;236
36227;236
36285;236
36347;236
36414;236
36472;236
36533;236
36600;236
36658;236
36715;236
36772;236
36829;236
36889;236
36949;236
37009;236
37071;236
37129;236
37196;236
37267;236
37334;236
37406;236
37463;236
37519;236
37577;236
37639;236
37698;236
37766;236
37834;236
37893;236
37955;236
38016;236
38076;236
38135;236
38198;236
38262;236
38320;236
38376;236
38436;236
38496;236
38556;236
38615;236
38682;236
38755;236
38816;236
38883;236
38948;236
39004;236
39067;236
39127;236
39189;236
39248;238
39309;238
39370;238
39432;238
39491;238
39552;238
39611;238
39672;238
39730;238
39786;238
39838;238
39896;237
39954;237
40016;237
40077;237
40140;237
40202;237
40264;237
40329;237
40386;237
40459;237
40516;237
40574;237
40646;237
40723;237
40781;237
40843;237
40909;237
40979;237
41037;237
41101;237
41161;237
41222;237
41283;237
41343;237
41413;237
41489;237
41549;237
41608;237
41698;237
41764;237
41820;237
41892;237
41952;237
42011;237
42073;237
42135;237
42208;237
42281;237
42341;237
42400;237
42458;237
42518;237
42586;237
42681;237
42761;237
42825;237
42892;237
42950;237
43013;237
43078;237
43138;237
43203;237
43270;237
43329;237
43390;237
43463;237
43526;237
43586;237
43652;237
43726;237
43795;237
43852;237
43915;237
43982;237
44038;237
44100;237
44162;237
44221;237
44280;237
44342;237
44409;237
44481;237
44545;237
44603;237
44668;237
44726;237
44793;237
44855;237
44914;237
44977;237
45037;237
45099;237
45178;237
45237;237
45308;237
45372;237
45430;237
45506;237
45564;237
45623;237
45682;236
45762;236
45820;236
45884;236
45944;236
46000;236
46071;236
46135;236
46195;236
46257;236
46319;236
46381;236
46437;236
46494;236
46554;236
46611;236
46669;236
46735;236
46793;236
46871;236
46933;236
47003;236
47060;236
47120;236
47178;236
47245;236
47321;236
47383;236
47451;236
47506;236
47564;236
47623;236
47680;236
47741;236
47825;236
47898;236
47960;236
48022;236
48082;236
48144;236
48202;236
48266;236
48327;236
48416;237
48476;237
48538;237
48597;237
48654;237
48711;237
48771;237
48842;237
48909;237
48968;237
49036;237
49140;237
49217;237
49281;237
49339;237
49395;238
49453;238
49521;238
49593;238
49652;238
49720;238
49787;238
49853;238
49929;238
50001;238
50066;238
50122;238
50182;238
50257;238
50325;238
50383;238
50445;238
50505;238
50564;238
50627;238
50689;238
50755;238
50820;238
50885;238
50943;238
51002;238
51067;238
51138;238
51205;238
51277;237
51339;237
51397;237
51471;237
51530;237
51591;237
51653;237
51726;237
51791;237
51862;237
51921;237
51979;237
52046;237
52106;237
52167;237
52227;237
52287;237
52350;237
52409;237
52473;237
52531;237
52597;237
52656;237
52715;237
52775;237
52842;237
52902;237
52961;237
53037;237
53096;237
53160;237
53220;238
53279;238
53336;238
53393;238
53468;238
53528;238
53603;238
53662;238
53724;238
53781;238
53840;238
53922;238
53992;238
54052;237
54111;237
54170;237
54236;237
54297;237
54358;237
54420;237
54480;237
54559;237
54627;237
54685;237
54743;237
54800;237
54871;237
54929;237
54998;237
55073;237
55155;237
55236;237
55302;237
55372;237
55432;237
55488;237
55552;237
55612;237
55671;237
55738;237
55805;237
55864;237
55926;237
55988;237
56046;237
56126;237
56206;237
56266;237
56333;237
56394;237
56466;237
56539;237
56599;237
56673;237
56733;237
56804;237
56876;237
56942;237
57006;237
57087;237
57157;237
57220;237
57284;237
57344;238
57403;238
57462;238
57521;238
57597;238
57671;238
57736;238
57793;238
57865;238
57922;238
57986;238
58044;239
58121;239
58196;239
58256;239
58314;239
58373;239
58441;239
58506;239
58564;239
58639;239
58704;238
58764;238
58849;238
58909;238
58967;238
59042;238
59102;237
59171;237
59236;237
59297;237
59355;237
59421;237
59496;237
59562;237
59629;237
59703;237
59763;237
59833;236
59892;236
59958;236
60023;236
60083;236
60145;236
60212;236
60271;236
60330;236
60393;236
60449;236
60509;236
60569;236
60635;236
60695;236
60762;236
60823;236
60884;236
60958;236
61016;236
61073;236
61138;236
61196;236
61259;236
61318;236
61386;236
61457;236
61527;236
61586;236
61646;236
61703;236
61761;236
61822;236
61888;236
61955;236
62032;236
62088;236
62147;236
62205;236
62263;236
62329;236
62401;236
62468;236
62536;236
62619;236
62678;236
62740;236
62804;236
62864;236
62923;236
62982;236
63043;235
63110;235
63170;235
63232;235
63304;235
63365;235
63431;235
63494;235
63551;235
63610;235
63667;235
63725;236
63787;236
63854;236
63922;236
63981;236
64040;236
64106;236
64171;236
64227;236
64284;236
64342;236
64397;236
64465;236
64533;236
64597;236
64661;236
64729;236
64788;236
64854;236
64912;236
64978;236
65041;236
65107;236
65170;236
65236;236
65300;236
65360;236
65418;236
65477;236
65538;236
65595;236
65655;236
65728;236
65786;236
65845;236
65921;236
65981;236
66048;236
66114;238
66174;238
66258;238
66318;238
66386;238
66480;238
66575;238
66638;238
66705;238
66789;238
66861;238
66918;238
66976;238
67034;238
67094;238
67162;238
67231;238
67293;238
67355;238
67418;238
67479;238
67540;238
67599;238
67658;238
67724;238
67782;238
67842;238
67913;238
67982;238
68039;238
68098;238
68155;238
68211;238
68270;238
68335;238
68411;238
68470;238
68531;237
68590;237
68650;237
68714;237
68773;237
68832;237
68899;237
68960;237
69019;237
69087;237
69146;237
69207;237
69272;237
69331;237
69404;237
69485;237
69548;237
69605;237
69661;237
69719;237
69779;237
69864;237
69926;237
69991;237
70050;237
70111;237
70174;237
70232;237
70297;237
70369;237
70427;237
70486;237
70547;237
70609;237
70667;237
70725;237
70785;237
70849;237
70909;237
70965;237
71022;237
71080;237
71139;237
71199;237
71295;237
71356;237
71432;237
71490;237
71549;237
71606;237
71665;237
71723;237
71783;237
71844;237
71902;237
71961;237
72023;237
72089;237
72158;237
72224;237
72299;237
72369;237
72429;237
72500;237
72563;237
72622;237
72697;237
72820;237
72900;237
72975;237
73055;237
73136;237
73193;237
73257;237
73327;237
73387;237
73446;237
73512;237
73577;237
73637;237
73696;237
73756;237
73820;237
73882;237
73947;237
74021;237
74091;237
74152;237
74212;237
74272;237
74333;237
74395;237
74469;237
74558;237
74626;237
74688;237
74746;237
74805;237
74862;237
74922;237
74996;237
75055;237
75124;237
75190;237
75250;237
75320;237
75385;237
75453;237
75512;237
75581;237
75650;237
75707;237
75774;237
75839;237
75905;237
75965;237
76027;236
76090;236
76156;236
76224;236
76279;236
76340;236
76401;236
76459;236
76528;236
76590;236
76651;236
76713;236
76781;236
76843;236
76918;236
76976;236
77042;236
77099;236
77165;236
77233;236
77312;236
77372;236
77440;236
77501;236
77577;236
77635;236
77707;236
77768;236
77841;236
77900;236
77966;236
78024;236
78078;236
78138;236
78205;236
78266;236
78332;236
78400;236
78464;236
78522;236
78578;236
78635;236
78694;236
78754;236
78830;236
78897;236
78955;236
79016;236
79077;236
79152;236
79284;236
79348;236
79409;236
79476;236
79535;236
79595;236
79658;236
79718;236
79777;236
79835;236
79893;236
79953;236
80013;236
80156;236
80546;236
80715;236
80779;236
80836;236
80892;236
80949;236
81016;236
81075;236
81136;236
81195;236
81255;236
81342;235
81400;235
81467;235
81527;235
81587;235
81728;235
81785;235
81843;235
81915;235
81980;235
82040;235
82109;235
82171;235
82246;235
82305;235
82376;235
82434;235
82502;235
82567;235
82627;235
82695;236
82921;235
83261;235
83588;235
83654;235
83718;235
83777;235
83834;235
83893;235
83967;235
84028;235
84087;235
84146;235
84203;235
84265;235
84328;235
84393;235
84454;235
84522;235
84583;235
84647;235
84707;235
84795;235
84860;235
84920;235
84985;235
85050;235
85111;235
85172;235
85234;235
85298;235
85373;235
85432;235
85490;235
85549;235
85617;235
85676;235
85735;235
85796;235
85856;235
85934;235
86254;235
86582;235
86641;235
86700;235
86765;235
86824;235
86883;235
86942;235
87001;235
87060;235
87118;235
87180;235
87247;235
87306;235
87393;235
87454;235
87513;235
87572;235
87632;235
87693;235
87752;235
87828;235
87922;235
87980;235
88037;235
88097;235
88167;235
88226;235
88287;235
88355;235
88418;235
88481;235
88550;235
88609;235
88670;235
88729;236
88792;236
88854;236
88924;236
88996;236
89063;236
89124;236
89184;236
89255;236
89314;236
89373;236
89431;236
89488;236
89549;236
89633;236
89697;236
89755;236
89816;236
89893;236
89952;236
90011;236
90068;236
90130;236
90189;237
90248;237
90315;237
90376;237
90443;237
90506;237
90584;237
90641;237
90722;237
90779;237
90839;237
90901;237
90963;237
91022;237
91081;237
91153;237
91236;237
91319;237
91382;237
91477;237
91547;237
91606;237
91667;237
91734;237
91806;237
91872;236
91950;236
92019;236
92083;236
92151;236
92218;236
92279;236
92344;236
92405;236
92483;236
92552;236
92626;236
92689;236
92748;236
92807;236
92890;236
92968;236
93051;236
93109;236
93168;236
93226;236
93284;236
93354;236
93426;236
93483;236
93540;236
93598;236
93656;236
93716;236
93778;236
93837;236
93896;236
93954;236
94021;236
94083;236
94144;236
94205;236
94266;236
94339;236
94398;236
94457;236
94533;236
94593;236
94657;236
94716;236
94774;236
94834;236
94893;236
94957;236
95020;236
95084;236
95144;235
95217;235
95279;235
95357;235
95422;235
95484;235
95546;235
95607;235
95666;235
95727;235
95802;235
95862;235
95979;235
96053;235
96117;235
96198;235
96258;235
96316;235
96387;235
96449;235
96509;234
96568;234
96630;234
96689;234
96747;234
96806;234
96865;234
96923;234
96982;234
97042;234
97100;234
97163;234
97224;234
97289;234
97351;234
97410;234
97468;234
97525;234
97602;234
97669;234
97729;234
97787;234
97859;234
97921;234
97981;234
98040;234
98099;234
98174;234
98233;234
98292;234
98355;234
98421;234
98480;234
98539;234
98609;234
98667;234
98726;234
98783;234
98842;234
98903;234
98969;234
99036;234
99104;234
99173;234
99233;234
99292;234
99365;234
99435;234
99496;234
99561;234
99628;234
99694;234
99761;234
99821;234
99913;234
99973;234
100033;234
100089;234
100146;234
100204;234
100263;234
100323;234
100383;234
100450;234
100513;234
100573;234
100627;234
100702;234
100762;234
100821;234
100882;234
100947;234
101015;234
101082;234
101167;234
101231;234
101292;234
101362;234
101425;234
101491;234
101551;234
101614;234
101676;234
101745;234
101804;234
101871;234
101937;234
101998;234
102059;234
102120;234
102181;234
102240;234
102303;234
102368;234
102427;234
102484;234
102554;234
102620;234
102680;234
102740;234
102800;234
102859;234
102925;234
102986;234
103053;234
103114;234
103175;234
103233;234
103291;234
103351;234
103411;234
103484;234
103541;234
103598;234
103656;234
103724;234
103782;234
103842;234
103904;234
103980;234
104038;234
104097;234
104155;234
104217;234
104284;234
104345;234
104404;234
104466;234
104538;234
104594;234
104654;234
104712;234
104770;234
104836;234
104894;234
104954;234
105015;234
105076;234
105148;234
105209;234
105283;234
105342;234
105411;234
105474;234
105541;234
105601;234
105667;234
105725;234
105790;234
105847;234
105930;234
106003;234
106062;234
106144;234
106211;234
106271;234
106342;234
106409;234
106480;234
106554;234
106619;234
106686;234
106755;234
106814;234
106874;234
106935;234
106994;234
107053;234
107107;234
107165;234
107230;234
107289;234
107352;234
107412;234
107474;234
107538;234
107595;234
107654;234
107712;234
107778;234
107859;234
107918;234
107978;234
108036;234
108095;234
108154;234
108230;234
108299;234
108366;234
108453;234
108510;234
108570;234
108627;234
108684;234
108745;234
108804;234
108866;234
108928;234
108995;234
109055;234
109127;234
109204;234
109278;234
109338;234
109403;234
109463;234
109523;234
109582;234
109658;234
109725;234
109784;234
109845;234
109905;234
109964;234
110023;234
110088;234
110148;234
110216;234
110281;234
110340;234
110399;234
110463;234
110523;234
110584;234
110653;234
110716;234
110777;234
110848;234
110914;234
110973;234
111031;234
111088;234
111147;234
111213;234
111275;234
111333;234
111395;234
111455;234
111516;234
111580;234
111650;234
111714;234
111794;234
111851;234
111918;234
111976;234
112034;234
112095;234
112161;234
112220;234
112279;234
112344;234
112416;234
112472;234
112531;234
112603;234
112664;234
112726;234
112792;234
