133;261
232;261
305;261
395;261
467;261
532;261
586;261
639;261
690;261
743;261
786;261
831;261
890;261
942;261
1000;261
1063;261
1104;261
1144;261
1185;261
1225;261
1266;261
1308;261
1357;261
1401;261
1441;261
1482;261
1523;261
1567;261
1607;261
1649;261
1703;261
1759;261
1820;261
1872;261
1923;261
1974;261
2030;261
2065;261
2101;261
2141;261
2182;261
2224;261
2268;261
2318;261
2355;261
2393;261
2427;261
2468;261
2505;261
2548;261
2586;261
2626;261
2663;261
2698;261
2735;261
2772;261
2809;261
2845;261
2882;261
2916;261
2949;261
2988;267
3031;267
3065;267
3097;267
3131;267
3175;267
3230;267
3278;267
3326;267
3377;267
3426;267
3474;267
3525;267
3566;267
3598;266
3639;266
3675;267
3710;267
3742;267
3780;267
3834;267
3871;267
3903;267
3940;267
3978;267
4012;267
4044;267
4079;267
4112;267
4146;267
4179;267
4212;267
4244;267
4280;267
4315;267
4349;267
4391;267
4424;267
4465;267
4504;267
4541;267
4574;267
4612;267
4645;267
4678;267
4712;267
4745;267
4778;267
4810;267
4841;267
4875;267
4912;267
4945;267
4977;267
5008;267
5041;267
5076;267
5109;267
5140;267
5179;267
5226;267
5275;267
5322;267
5372;267
5422;267
5477;267
5525;266
5571;266
5626;266
5672;266
5721;266
5768;266
5818;266
5860;266
5898;266
5931;266
5965;266
6000;266
6033;266
6062;266
6094;266
6127;266
6162;266
6194;266
6228;266
6263;266
6295;266
6328;266
6360;266
6395;266
6429;266
6463;266
6499;266
6535;266
6573;266
6611;266
6648;266
6681;266
6714;266
6747;266
6780;266
6816;266
6849;266
6883;266
6917;266
6950;266
6984;266
7018;266
7055;266
7088;266
7131;267
7162;267
7194;267
7234;267
7285;267
7318;267
7352;267
7388;267
7422;267
7460;267
7492;267
7524;267
7557;269
7594;269
7633;268
7666;268
7699;268
7731;268
7765;268
7799;268
7833;268
7866;268
7899;268
7930;268
7963;268
7999;268
8035;267
8064;267
8095;267
8130;267
8164;267
8196;267
8229;267
8261;267
8299;267
8332;267
8366;267
8408;267
8445;267
8480;267
8519;267
8551;268
8586;268
8618;268
8649;268
8682;268
8713;268
8745;268
8778;268
8812;268
8845;268
8881;268
8919;268
8951;268
8984;268
9017;268
9053;268
9088;268
9121;268
9153;268
9186;268
9218;268
9267;268
9311;268
9344;268
9377;268
9413;268
9451;268
9485;268
9527;268
9564;268
9595;267
9629;267
9666;267
9699;267
9731;267
9763;267
9796;267
9829;267
9863;267
9900;267
9932;267
9966;267
10000;267
10036;267
10072;267
10105;267
10143;267
10178;267
10210;267
10246;267
10279;267
10312;267
10345;267
10380;267
10413;267
10446;267
10481;267
10514;267
10547;267
10584;267
10616;267
10648;267
10683;267
10719;267
10751;267
10787;267
10821;267
10848;267
10880;264
10909;264
10942;264
10974;264
11007;264
11043;264
11075;264
11116;267
11150;267
11181;267
11214;267
11254;267
11312;264
11346;264
11380;264
11414;264
11451;264
11490;264
11525;264
11558;264
11590;264
11623;264
11655;264
11696;264
11731;264
11766;264
11799;264
11834;264
11869;264
11903;264
11941;264
11976;267
12008;267
12041;267
12076;267
12109;267
12142;263
12175;263
12211;263
12242;263
12281;263
12314;263
12347;263
12388;263
12424;263
12456;263
12492;263
12532;263
12566;263
12597;263
12633;263
12681;263
12716;263
12754;260
12787;260
12820;260
12854;260
12885;260
12923;260
12955;260
12984;260
13022;260
13054;260
13089;260
13121;260
13160;260
13192;260
13227;260
13263;260
13314;260
13352;260
13392;260
13425;260
13457;260
13496;260
13528;260
13560;260
13593;260
13625;260
13660;260
13695;260
13728;260
13762;260
13795;260
13831;260
13871;260
13904;260
13935;260
13971;260
14003;260
14039;260
14074;260
14105;260
14141;260
14179;260
14211;260
14247;260
14281;260
14313;260
14346;260
14383;260
14420;260
14462;260
14504;260
14543;260
14577;260
14613;261
14645;261
14677;261
14715;261
14747;261
14783;261
14817;261
14856;261
14889;261
14921;261
14952;261
14983;261
15020;261
15053;261
15085;261
15117;261
15150;261
15186;261
15221;261
15257;260
15291;260
15326;260
15359;260
15395;260
15434;260
15475;262
15507;262
15543;262
15577;262
15612;262
15643;262
15682;262
15714;262
15748;260
15784;260
15817;260
15849;260
15881;260
15914;260
15955;260
15989;260
16021;260
16053;260
16116;260
16152;260
16184;260
16214;260
16247;260
16281;260
16313;260
16344;260
16376;260
16411;261
16443;261
16476;261
16508;261
16540;261
16573;261
16605;261
16645;261
16678;261
16713;261
16744;261
16776;261
16813;261
16850;261
16881;261
16916;261
16955;261
16992;261
17023;261
17056;261
17089;261
17123;261
17158;261
17189;261
17220;261
17253;261
17286;261
17321;261
17353;261
17385;261
17417;261
17450;261
17487;261
17526;261
17561;261
17594;261
17644;261
17683;261
17710;261
17744;261
17779;261
17811;261
17842;261
17874;261
17906;261
17939;261
17971;261
18007;261
18039;261
18072;261
18103;261
18135;261
18170;261
18203;261
18236;260
18269;260
18302;260
18334;260
18366;260
18398;260
18436;260
18471;260
18502;260
18535;260
18567;260
18612;260
18650;260
18685;260
18717;260
18752;260
18785;260
18816;260
18847;260
18879;260
18915;260
18949;260
18984;260
19015;260
19050;260
19085;260
19119;260
19152;260
19204;260
19236;260
19268;260
19302;260
19336;260
19370;260
19401;260
19434;260
19473;260
19511;260
19542;260
19574;260
19617;260
19648;260
19683;260
19719;260
19751;260
19782;260
19816;260
19849;260
19880;260
19916;260
19949;260
19983;260
20017;260
20049;260
20084;260
20120;260
20154;260
20186;260
20219;260
20255;260
20290;260
20321;260
20357;260
20393;260
20429;260
20475;260
20508;260
20544;260
20576;260
20621;260
20655;260
20686;260
20743;260
20774;260
20811;260
20843;260
20881;260
20915;260
20950;260
20982;260
21015;260
21046;260
21083;260
21115;260
21155;260
21188;260
21224;260
21254;260
21291;260
21324;260
21359;260
21392;260
21425;260
21459;260
21491;260
21524;260
21559;260
21592;260
21627;260
21659;260
21690;260
21721;260
21761;260
21812;260
21877;260
21923;260
21955;260
21991;260
22021;260
22053;260
22088;259
22119;261
22151;261
22183;261
22215;261
22264;262
22305;262
22337;262
22369;262
22401;262
22436;262
22468;262
22503;263
22535;263
22573;263
22611;263
22646;263
22681;263
22713;263
22744;263
22777;263
22818;263
22853;263
22895;263
22930;263
22963;263
22994;263
23026;263
23061;263
23093;263
23124;260
23160;260
23191;260
23222;260
23258;260
23293;260
23330;259
23364;257
23396;257
23433;257
23468;257
23499;257
23532;257
23567;257
23599;257
23632;257
23669;257
23704;257
23742;257
23778;257
23813;257
23845;257
23879;257
23911;257
23946;257
23977;257
24009;257
24044;257
24077;257
24111;257
24144;257
24176;257
24211;257
24255;257
24288;257
24341;257
24372;257
24404;257
24438;257
24476;257
24509;257
24539;257
24570;257
24602;257
24638;257
24675;257
24709;257
24743;257
24774;257
24808;257
24841;257
24876;257
24913;257
24954;257
24989;257
25020;257
25059;257
25091;257
25127;258
25161;258
25192;258
25225;258
25259;258
25290;258
25333;258
25375;258
25407;258
25439;257
25470;257
25505;257
25536;257
25571;257
25603;257
25638;257
25678;257
25709;256
25753;256
25785;256
25817;256
25849;256
25884;256
25919;256
25954;256
25986;256
26024;256
26056;256
26088;256
26124;256
26156;256
26197;256
26233;257
26265;257
26298;257
26335;257
26369;257
26412;257
26443;257
26475;257
26509;257
26551;257
26584;257
26614;257
26649;257
26685;257
26717;257
26750;257
26785;257
26817;257
26849;257
26902;257
26937;257
26979;257
27011;257
27042;257
27074;257
27105;257
27143;257
27180;257
27214;257
27246;257
27277;257
27309;257
27341;257
27376;257
27415;257
27448;257
27488;257
27519;257
27551;257
27589;257
27619;257
27658;257
27692;257
27725;257
27758;257
27790;257
27821;257
27856;257
27891;257
27924;257
27960;257
27990;257
28029;257
28065;257
28104;257
28140;257
28172;257
28209;257
28243;257
28280;257
28311;257
28351;257
28383;257
28427;257
28471;257
28507;257
28541;257
28579;257
28610;257
28641;257
28672;257
28704;257
28736;257
28769;257
28800;257
28832;257
28867;258
28901;258
28943;258
28979;258
29011;258
29042;258
29078;258
29110;258
29142;258
29174;258
29205;258
29240;258
29274;258
29307;258
29346;258
29380;258
29424;258
29456;258
29488;258
29523;261
29555;261
29589;261
29620;261
29653;261
29687;261
29719;261
29754;261
29785;261
29816;261
29850;261
29881;261
29913;258
29949;258
29995;258
30028;258
30070;258
30105;258
30136;258
30169;258
30201;258
30234;258
30271;258
30306;258
30339;258
30376;258
30409;258
30451;258
30486;258
30524;258
30558;258
30594;258
30630;258
30666;258
30702;258
30742;258
30775;258
30815;258
30848;258
30882;258
30915;258
30956;258
30988;258
31024;258
31060;258
31092;258
31124;258
31154;258
31187;258
31219;258
31261;258
31297;258
31328;258
31371;258
31427;258
31467;258
31503;258
31540;258
31569;258
31602;258
31637;258
31668;258
31699;258
31734;258
31765;258
31800;258
31835;258
31868;258
31900;258
31933;258
31967;258
31999;258
32033;258
32066;258
32099;258
32131;258
32175;258
32206;258
32238;258
32270;258
32305;258
32344;258
32375;258
32406;258
32448;258
32480;258
32512;258
32543;258
32578;258
32609;258
32643;258
32681;258
32713;258
32751;258
32789;258
32819;258
32852;258
32885;258
32920;258
32952;258
32987;258
33029;258
33062;258
33094;258
33128;258
33160;258
33191;258
33225;258
33257;258
33292;258
33324;258
33355;258
33391;258
33425;258
33458;258
33489;258
33523;258
33560;258
33593;258
33626;258
33662;258
33696;258
33736;258
33769;258
33805;258
33840;258
33873;258
33907;258
33940;258
33977;258
34010;258
34045;258
34077;258
34112;258
34148;258
34192;258
34225;258
34258;258
34292;258
34330;258
34366;258
34397;258
34429;258
34461;258
34492;258
34524;258
34557;258
34593;258
34626;258
34659;258
34688;258
34719;258
34750;258
34786;258
34817;258
34848;258
34883;258
34915;258
34954;258
34986;258
35018;258
35048;258
35079;258
35113;258
35151;258
35188;258
35229;258
35260;258
35291;258
35323;258
35355;258
35389;258
35424;258
35460;258
35491;258
35526;258
35557;258
35593;258
35632;258
35675;258
35707;258
35737;257
35769;257
35807;257
35842;257
35875;257
35916;257
35949;257
35980;257
36009;257
36041;257
36075;257
36133;257
36165;257
36199;257
36234;257
36263;257
36297;257
36329;257
36363;257
36396;257
36427;257
36471;257
36502;257
36534;257
36567;257
36600;257
36633;257
36664;257
36698;257
36731;257
36767;257
36808;257
36840;257
36871;257
36902;257
36938;257
36970;257
37001;257
37033;257
37064;257
37100;257
37135;257
37167;257
37201;258
37233;258
37268;258
37307;258
37340;258
37373;258
37429;258
37471;258
37503;258
37536;258
37568;258
37600;258
37634;258
37670;258
37706;258
37737;260
37772;260
37803;260
37835;260
37877;260
37910;260
37943;260
37985;260
38017;260
38047;260
38080;260
38112;260
38143;260
38175;260
38209;260
38245;260
38276;260
38309;260
38345;260
38377;260
38408;260
38440;260
38473;260
38512;260
38544;260
38580;260
38614;260
38651;258
38687;258
38718;258
38750;258
38780;258
38813;258
38851;258
38884;258
38914;258
38946;258
38978;258
39011;258
39043;258
39076;258
39116;258
39147;258
39184;258
39217;258
39258;258
39295;258
39327;258
39358;258
39392;258
39442;258
39483;258
39518;258
39549;258
39581;258
39617;258
39648;258
39690;258
39720;258
39752;258
39790;258
39823;258
39858;258
39893;258
39926;258
39958;258
39990;258
40027;258
40061;258
40097;258
40130;258
40164;258
40199;258
40232;258
40264;258
40296;258
40331;258
40363;258
40394;258
40433;258
40465;258
40502;258
40533;258
40567;258
40600;258
40635;258
40677;258
40711;258
40747;258
40778;258
40810;258
40843;258
40878;258
40910;258
40944;258
40979;258
41011;258
41043;258
41075;258
41114;258
41146;258
41182;258
41213;258
41247;258
41280;258
41320;258
41356;258
41385;258
41425;258
41481;258
41513;258
41547;258
41579;258
41613;258
41645;258
41676;258
41709;258
41741;258
41773;258
41814;258
41845;258
41877;258
41910;258
41943;258
41975;258
42016;258
42047;258
42082;258
42113;258
42145;258
42177;258
42220;258
42257;258
42289;258
42320;258
42351;258
42384;258
42419;258
42457;258
42492;258
42526;258
42555;258
42587;258
42627;258
42659;258
42689;258
42721;258
42756;258
42793;258
42825;258
42857;258
42888;258
42920;258
42959;258
42990;258
43023;258
43054;258
43086;258
43119;257
43152;257
43190;257
43227;257
43258;257
43293;257
43326;257
43359;257
43391;257
43422;257
43459;257
43492;257
43526;257
43559;257
43595;257
43630;257
43664;257
43695;257
43726;257
43776;257
43814;257
43845;259
43875;259
43910;259
43944;259
43979;259
44014;259
44052;259
44085;259
44120;259
44150;259
44182;259
44213;259
44246;259
44279;259
44314;259
44357;259
44386;259
44418;259
44455;259
44488;259
44530;259
44563;259
44594;259
44628;259
44660;259
44693;259
44725;259
44755;259
44792;259
44824;259
44864;259
44898;259
44933;259
44964;259
44996;259
45029;259
45064;259
45097;259
45129;259
45166;259
45198;259
45231;259
45264;259
45305;259
45349;259
45384;259
45422;259
45456;259
45492;259
45526;259
45560;259
45600;259
45633;259
45669;259
45701;259
45734;259
45765;259
45798;259
45832;259
45873;259
45909;259
45944;259
45975;259
46010;259
46041;259
46077;259
46114;259
46146;259
46180;259
46212;259
46245;259
46280;259
46325;259
46358;259
46399;259
46432;259
46465;259
46496;259
46528;259
46563;259
46596;259
46631;259
46662;259
46698;259
46732;259
46772;259
46803;259
46834;259
46872;259
46906;259
46939;259
46972;259
47010;259
47048;259
47080;259
47112;259
47144;259
47176;259
47216;259
47246;259
47283;259
47318;259
47353;259
47386;259
47425;259
47459;259
47497;259
47536;259
47568;259
47599;259
47639;259
47672;259
47705;259
47743;259
47777;259
47813;259
47844;259
47876;259
47911;259
47944;259
47981;259
48016;259
48048;259
48080;259
48113;259
48146;259
48179;259
48220;259
48253;259
48284;259
48319;259
48354;259
48389;259
48427;259
48460;257
48491;257
48523;257
48556;257
48589;257
48621;257
48651;257
48683;257
48716;257
48748;257
48785;257
48816;257
48847;257
48884;257
48920;257
48952;257
48984;257
49018;257
49050;257
49083;257
49115;257
49146;257
49178;257
49209;257
49244;257
49273;257
49313;257
49344;257
49375;257
49410;257
49445;257
49489;257
49523;257
49555;257
49587;257
49622;257
49657;257
49689;257
49728;257
49762;257
49803;257
49834;257
49870;257
49902;257
49938;257
49971;257
50002;257
50032;257
50067;257
50100;257
50135;257
50171;257
50203;257
50240;257
50271;257
50301;257
50335;257
50373;257
50404;257
50437;257
50469;257
50500;257
50536;257
50575;257
50610;257
50643;258
50678;258
50709;258
50740;258
50772;258
50802;258
50839;258
50870;258
50901;258
50933;258
50970;258
51001;258
51033;258
51066;258
51100;258
51131;258
51162;258
51194;258
51229;258
51260;258
51300;258
51331;257
51364;257
51403;257
51439;257
51474;257
51508;257
51540;257
51572;257
51614;257
51650;257
51684;257
51721;257
51756;257
51789;257
51821;257
51854;257
51890;257
51926;257
51959;257
51993;257
52027;257
52059;257
52103;257
52141;257
52187;257
52217;257
52249;257
52283;257
52319;257
52351;257
52381;257
52414;257
52448;257
52481;257
52514;257
52546;257
52585;257
52617;257
52652;257
52692;257
52729;257
52764;257
52799;257
52831;257
52864;257
52902;257
52945;257
52987;257
53019;257
53052;257
53094;257
53127;257
53158;257
53195;257
53230;257
53264;257
53297;257
53330;257
53370;257
53405;257
53436;257
53472;257
53513;257
53556;257
53614;257
53652;257
53709;257
53741;257
53773;257
53805;257
53837;257
53869;257
53908;257
53936;257
53966;257
53997;257
54057;257
54120;257
54179;257
54216;257
54252;257
54287;257
54340;257
54397;257
54432;257
54468;257
54500;257
54533;257
54572;257
54599;257
54632;257
54668;257
54698;257
54732;257
54765;257
54797;257
54831;257
54862;257
54894;257
54926;257
54959;257
54990;257
55025;257
55053;257
55086;257
55118;257
55152;257
55187;257
55221;257
55252;257
55291;257
55322;257
55357;257
55389;257
55421;257
55453;257
55490;257
55527;257
55561;257
55598;257
55631;257
55662;257
55694;257
55729;257
55768;257
55803;257
55837;257
55868;257
55900;257
55931;257
55965;257
55996;257
56029;257
56066;257
56099;257
56131;257
56167;257
56206;257
56237;257
56269;257
56302;257
56335;257
56374;257
56408;257
56439;257
56470;257
56502;257
56536;257
56575;257
56606;257
56638;257
56676;257
56714;257
56744;257
56779;257
56813;257
56847;257
56886;257
56920;257
56962;257
56993;257
57024;257
57059;257
57091;257
57123;257
57155;257
57190;257
57224;257
57256;257
57294;257
57327;257
57360;257
57392;257
57424;257
57463;257
57491;257
57527;257
57561;257
57594;257
57627;257
57657;257
57689;257
57722;257
57754;257
57791;257
57826;257
57859;257
57892;257
57925;257
57957;257
57990;257
58021;257
58054;257
58101;257
58134;257
58168;257
58210;257
58243;257
58278;257
58312;257
58340;257
58382;257
58420;257
58452;257
58486;257
58524;257
58560;257
58590;257
