164;261
285;262
369;262
426;262
492;262
538;262
582;262
630;262
688;262
735;262
784;262
829;262
878;262
930;264
983;264
1045;264
1083;264
1157;264
1201;264
1242;264
1282;264
1319;264
1377;264
1454;264
1499;264
1538;264
1575;264
1613;264
1655;261
1702;261
1752;261
1815;261
1873;261
1924;261
1975;261
2026;261
2084;261
2123;261
2163;261
2200;261
2246;261
2285;261
2325;261
2365;261
2405;261
2442;261
2482;261
2523;260
2563;260
2601;260
2640;260
2684;260
2720;260
2765;260
2817;260
2858;260
2897;260
2938;260
2975;260
3009;260
3041;260
3075;260
3115;260
3151;260
3187;260
3223;260
3270;260
3322;260
3373;260
3430;260
3482;260
3528;260
3591;260
3643;260
3686;260
3721;260
3757;260
3790;260
3827;261
3861;261
3899;261
3936;261
3969;261
4005;261
4041;261
4076;261
4110;261
4144;261
4179;261
4214;261
4255;261
4292;261
4330;261
4368;261
4404;261
4453;261
4489;261
4533;261
4566;261
4601;261
4639;261
4672;261
4714;261
4750;261
4805;261
4849;261
4885;261
4920;261
4956;261
4993;261
5032;261
5070;261
5119;261
5160;267
5197;267
5232;267
5267;267
5300;267
5334;267
5373;267
5418;267
5472;267
5530;267
5590;267
5648;267
5698;267
5749;267
5800;267
5851;267
5902;267
5964;268
6011;268
6057;268
6115;268
6152;268
6193;262
6230;262
6264;262
6309;262
6349;262
6385;262
6419;262
6456;262
6490;262
6527;262
6560;262
6597;262
6636;262
6671;262
6705;262
6742;262
6782;262
6821;262
6856;262
6890;262
6933;262
6979;262
7012;263
7048;263
7081;263
7116;263
7152;263
7184;263
7217;263
7254;263
7288;263
7323;263
7361;263
7394;263
7433;263
7476;263
7515;263
7551;263
7584;263
7624;263
7660;263
7705;263
7738;263
7771;263
7813;263
7851;263
7888;263
7922;263
7958;263
7993;263
8027;262
8060;262
8093;262
8139;262
8173;262
8209;262
8246;262
8282;262
8320;262
8357;262
8390;262
8425;262
8462;262
8513;262
8550;262
8586;262
8623;262
8658;262
8692;262
8728;262
8766;262
8800;262
8835;262
8871;262
8905;261
8938;261
8971;261
9004;261
9040;261
9081;261
9123;261
9157;261
9192;261
9226;261
9259;261
9296;261
9334;261
9373;261
9408;261
9445;260
9481;260
9518;260
9552;260
9588;260
9625;260
9659;260
9695;260
9732;260
9765;260
9807;260
9840;260
9875;260
9915;260
9951;260
9990;261
10043;261
10078;261
10113;261
10147;261
10179;261
10216;261
10253;261
10288;261
10326;261
10359;261
10400;261
10435;261
10477;261
10512;261
10550;261
10589;261
10622;261
10657;261
10695;261
10735;261
10772;261
10806;261
10845;261
10886;261
10924;261
10964;261
11000;261
11037;261
11072;261
11114;261
11150;261
11184;260
11215;260
11249;260
11286;260
11320;260
11353;260
11388;260
11430;260
11461;260
11501;260
11533;260
11583;260
11616;260
11652;260
11688;260
11722;260
11758;260
11792;257
11828;257
11862;257
11897;257
11932;257
11962;257
12001;257
12037;257
12078;257
12114;257
12148;257
12184;257
12226;257
12259;257
12297;257
12332;257
12367;257
12404;257
12438;257
12475;257
12517;257
12558;257
12596;257
12634;257
12671;257
12707;257
12744;257
12776;257
12812;257
12847;257
12882;257
12920;257
12956;257
12994;257
13028;257
13063;257
13112;257
13151;257
13184;257
13216;257
13251;257
13284;257
13323;257
13357;257
13394;257
13427;257
13462;257
13498;257
13536;257
13571;257
13613;257
13648;257
13685;257
13719;257
13754;257
13794;257
13827;257
13862;257
13899;257
13935;257
13971;258
14009;258
14045;258
14082;258
14119;258
14155;258
14189;258
14226;258
14264;258
14303;258
14337;258
14374;258
14408;258
14446;258
14479;257
14516;257
14550;257
14585;257
14623;257
14682;257
14718;257
14754;257
14791;257
14827;257
14865;257
14902;257
14938;257
14974;257
15009;257
15048;257
15082;257
15114;257
15148;257
15185;257
15227;257
15265;257
15301;257
15345;257
15378;257
15413;257
15448;257
15484;257
15518;257
15554;257
15587;257
15624;257
15657;257
15689;257
15723;257
15759;257
15792;257
15829;257
15869;257
15903;257
15936;257
15970;257
16011;257
16046;257
16089;257
16129;257
16172;257
16209;257
16245;257
16281;257
16316;257
16350;257
16386;257
16419;257
16452;257
16490;257
16538;257
16579;257
16612;257
16649;257
16686;257
16729;257
16766;257
16799;257
16833;257
16867;257
16903;257
16936;257
16977;257
17010;257
17046;257
17080;257
17123;257
17155;257
17187;257
17224;257
17265;257
17302;257
17336;257
17370;257
17403;257
17437;257
17477;257
17510;257
17546;257
17586;257
17624;257
17662;257
17696;257
17736;257
17769;257
17803;257
17838;257
17875;257
17919;257
17952;257
17984;257
18020;257
18059;257
18099;257
18131;257
18167;257
18199;257
18233;257
18270;257
18315;257
18351;257
18385;257
18418;258
18450;258
18486;258
18534;258
18567;258
18600;258
18637;258
18670;258
18703;258
18740;258
18772;258
18807;258
18845;258
18884;258
18919;258
18960;258
18994;258
19028;258
19064;258
19098;258
19134;258
19168;258
19204;258
19250;258
19288;258
19323;258
19355;258
19392;258
19427;258
19460;258
19493;258
19527;258
19563;258
19599;258
19634;258
19669;258
19713;258
19747;258
19787;258
19825;258
19861;258
19895;258
19930;258
19971;262
20005;262
20038;262
20069;262
20114;262
20150;262
20185;262
20220;262
20254;262
20291;262
20325;262
20361;262
20394;262
20426;262
20464;262
20498;262
20535;262
20569;262
20610;262
20652;262
20691;262
20722;262
20757;262
20793;262
20835;262
20870;262
20906;262
20942;262
20979;262
21014;262
21050;262
21082;262
21115;262
21148;262
21185;262
21217;262
21252;262
21284;262
21323;262
21360;262
21394;262
21441;262
21475;262
21513;265
21549;265
21589;265
21625;265
21659;265
21694;265
21731;265
21774;265
21807;265
21840;265
21875;265
21921;265
21984;265
22022;265
22054;265
22088;265
22124;265
22159;265
22192;265
22238;262
22272;267
22317;267
22357;267
22391;267
22427;267
22462;267
22495;267
22530;267
22567;267
22600;267
22641;267
22682;267
22717;267
22752;267
22785;267
22821;267
22864;262
22899;262
22948;265
23018;265
23062;265
23107;265
23143;265
23178;265
23221;265
23257;265
23294;265
23330;265
23365;265
23409;265
23446;265
23483;265
23516;265
23552;265
23586;265
23618;265
23651;265
23683;265
23725;265
23759;265
23794;265
23828;265
23882;265
23917;265
23954;265
23989;265
24025;265
24070;265
24102;265
24134;265
24170;265
24203;265
24236;265
24271;265
24307;265
24345;264
24379;264
24415;264
24449;264
24482;264
24517;264
24550;264
24587;264
24619;264
24653;264
24687;264
24720;264
24754;264
24787;263
24822;263
24857;264
24893;264
24928;264
24966;264
25014;264
25048;264
25085;264
25117;264
25153;264
25185;264
25218;264
25255;264
25289;264
25326;264
25362;264
25406;264
25440;264
25472;264
25507;264
25543;264
25576;264
25620;264
25652;264
25692;264
25730;264
25771;261
25806;261
25840;261
25880;261
25912;261
25945;261
25978;261
26014;261
26054;261
26087;261
26130;261
26167;261
26205;261
26236;262
26269;262
26307;262
26341;262
26378;262
26412;262
26447;262
26484;262
26518;262
26551;262
26588;262
26625;262
26658;262
26690;262
26732;262
26764;262
26796;262
26828;262
26865;262
26899;262
26934;262
26970;262
27003;262
27037;262
27073;262
27109;262
27148;261
27193;261
27226;260
27264;260
27299;260
27334;260
27370;259
27403;259
27438;259
27470;259
27508;259
27547;259
27580;259
27614;259
27651;259
27684;259
27717;259
27752;259
27784;259
27817;259
27853;259
27890;259
27925;259
27965;259
28000;259
28033;259
28068;259
28105;259
28136;259
28169;259
28209;259
28240;260
28273;260
28309;260
28364;260
28397;265
28434;266
28473;266
28507;266
28548;266
28585;266
28620;266
28653;266
28694;266
28729;266
28765;266
28798;266
28831;266
28869;266
28908;266
28942;266
28982;266
29017;266
29050;266
29087;266
29125;266
29156;266
29188;266
29220;266
29255;266
29289;266
29327;266
29361;266
29395;266
29427;266
29464;266
29497;266
29533;266
29565;266
29598;266
29635;266
29667;266
29706;266
29744;266
29782;266
29817;266
29860;266
29896;266
29929;266
29968;266
30005;266
30038;266
30074;266
30106;266
30139;266
30172;266
30212;266
30247;266
30288;266
30328;266
30365;267
30396;267
30429;267
30464;267
30500;267
30536;267
30572;267
30605;267
30639;267
30675;267
30710;267
30741;267
30778;267
30812;267
30847;267
30882;267
30919;267
30956;267
30988;267
31023;267
31060;267
31092;267
31125;267
31158;267
31190;267
31223;267
31258;267
31294;267
31327;267
31368;267
31400;267
31435;267
31472;267
31510;267
31544;267
31581;267
31614;267
31648;267
31687;267
31719;267
31754;267
31797;267
31830;267
31865;267
31900;267
31939;267
31972;267
32009;267
32044;267
32077;267
32114;267
32147;267
32184;267
32225;267
32257;267
32291;266
32324;266
32358;266
32400;266
32436;266
32468;261
32504;261
32537;261
32576;261
32612;261
32644;261
32688;261
32722;261
32757;261
32791;261
32832;261
32867;261
32901;261
32940;261
32976;261
33018;261
33057;262
33092;262
33127;262
33161;261
33197;261
33231;261
33264;261
33302;261
33337;261
33379;261
33412;261
33447;261
33493;261
33534;261
33577;261
33611;261
33643;261
33676;261
33709;261
33746;261
33782;261
33814;261
33847;261
33883;261
33929;261
33963;261
34002;261
34038;261
34071;258
34114;258
34148;258
34183;258
34218;258
34253;258
34288;258
34324;258
34369;258
34404;258
34440;258
34473;258
34509;258
34544;258
34587;258
34623;258
34658;258
34691;258
34725;258
34758;258
34793;258
34831;258
34861;258
34896;258
34933;258
34968;258
35002;258
35036;258
35073;258
35109;258
35145;258
35183;258
35223;258
35258;258
35293;258
35331;258
35365;258
35400;258
35440;258
35476;258
35507;258
35540;258
35578;258
35613;258
35652;258
35686;258
35729;258
35772;258
35805;258
35841;258
35877;258
35911;258
35945;258
35982;258
36024;258
36061;258
36094;258
36139;258
36174;258
36207;258
36240;258
36273;258
36310;258
36347;258
36380;258
36417;258
36458;258
36494;258
36534;258
36573;258
36606;258
36639;258
36674;258
36708;258
36743;258
36773;258
36809;258
36841;258
36878;258
36914;258
36950;258
36990;258
37023;258
37060;258
37099;258
37131;258
37165;258
37205;258
37240;258
37283;258
37319;258
37357;261
37399;261
37433;261
37469;261
37505;261
37538;261
37574;261
37613;261
37650;261
37683;261
37718;261
37752;261
37786;261
37822;261
37854;261
37896;261
37928;261
37964;261
37999;261
38031;261
38072;261
38106;261
38140;261
38174;261
38207;261
38243;261
38277;261
38311;261
38344;261
38378;261
38412;261
38445;260
38480;260
38521;260
38556;260
38591;260
38623;260
38658;260
38692;260
38733;260
38773;260
38810;260
38854;260
38890;264
38926;264
38972;264
39005;263
39041;263
39076;263
39116;263
39153;263
39191;263
39228;263
39263;263
39301;263
39335;263
39369;263
39409;263
39442;263
39476;263
39513;263
39546;263
39579;263
39615;263
39652;263
39684;263
39721;263
39754;263
39793;263
39825;263
39868;263
39901;263
39934;263
39966;263
40002;263
40037;263
40071;263
40104;263
40139;263
40176;263
40212;263
40252;263
40289;263
40325;263
40361;263
40397;263
40438;263
40475;260
40510;260
40552;260
40586;260
40617;260
40652;260
40688;260
40726;260
40760;260
40796;260
40832;260
40869;260
40905;260
40950;260
40998;260
41046;260
41083;260
41116;260
41148;260
41180;260
41216;260
41249;260
41287;260
41323;260
41364;260
41394;260
41437;260
41471;260
41506;260
41538;260
41573;260
41608;260
41645;260
41679;260
41720;260
41751;260
41790;260
41826;260
41862;260
41898;260
41934;260
41968;260
42001;260
42031;260
42065;260
42101;260
42135;260
42169;260
42201;260
42250;260
42283;260
42325;260
42361;260
42396;260
42429;260
42463;260
42497;260
42530;260
42566;260
42603;260
42642;260
42677;260
42710;260
42746;260
42782;260
42814;260
42851;260
42890;260
42922;260
42968;260
43012;260
43047;260
43080;260
43117;260
43149;260
43183;260
43219;260
43261;260
43302;260
43338;260
43372;260
43405;260
43438;260
43473;260
43505;260
43538;260
43581;260
43616;260
43652;260
43688;260
43736;260
43773;260
43810;260
43842;260
43876;260
43912;260
43948;260
43985;260
44019;260
44054;260
44089;260
44121;260
44155;260
44189;260
44228;260
44261;260
44297;260
44330;260
44359;260
44395;260
44430;260
44467;260
44502;260
44535;260
44567;260
44600;260
44633;260
44670;260
44705;260
44739;260
44776;260
44811;260
44849;260
44888;260
44919;260
44955;260
44994;260
45027;260
45062;260
45098;260
45140;260
45173;260
45207;260
45239;260
45272;260
45310;260
45346;260
45379;260
45421;260
45455;260
45491;260
45523;260
45557;260
45590;260
45623;260
45658;260
45693;260
45727;260
45762;260
45798;260
45834;260
45871;260
45912;260
45947;260
45980;260
46015;260
46053;260
46085;260
46116;260
46152;260
46184;260
46217;260
46252;260
46288;260
46326;260
46361;260
46400;260
46433;260
46468;260
46504;260
46540;260
46576;260
46616;260
46652;260
46684;260
46720;260
46751;260
46787;260
46822;260
46858;260
46896;260
46932;260
46969;260
47027;260
47062;260
47095;260
47136;260
47171;260
47202;260
47236;260
47272;260
47305;260
47340;260
47375;260
47407;260
47447;260
47482;260
47517;260
47561;260
47597;260
47630;260
47667;260
47702;260
47734;260
47775;260
47810;260
47843;260
47884;260
47925;260
47961;260
47994;260
48026;260
48059;260
48093;260
48127;260
48163;260
48198;260
48230;260
48262;260
48296;260
48330;259
48365;259
48402;259
48444;259
48480;259
48510;259
48551;259
48586;259
48622;259
48657;259
48693;259
48729;260
48765;260
48800;260
48840;260
48873;260
48907;260
48940;260
48975;260
49013;260
49058;260
49089;260
49125;260
49158;260
49190;260
49223;260
49255;260
49295;260
49335;260
49371;260
49412;260
49447;260
49484;260
49524;260
49559;260
49591;260
49635;260
49672;260
49709;260
49744;260
49780;260
49817;260
49851;260
49885;260
49921;260
49956;260
49989;260
50027;260
50061;260
50092;260
50127;260
50162;260
50197;260
50231;260
50266;260
50300;260
50336;260
50371;260
50408;260
50441;260
50478;260
50516;260
50548;260
50583;260
50618;260
50654;260
50690;260
50726;260
50766;260
50801;260
50836;260
50869;260
50902;260
50936;260
50974;260
51007;260
51043;260
51076;260
51107;260
51142;260
51178;260
51210;260
51250;260
51283;260
51316;260
51349;260
51382;260
51418;260
51455;260
51490;260
51525;260
51559;260
51601;260
51633;260
51669;260
51703;261
51738;261
51771;261
51803;261
51838;261
51873;261
51908;261
51938;261
51971;261
52002;261
52038;261
52085;261
52122;261
52157;261
52190;261
52229;261
52262;261
52301;261
52335;261
52391;261
52442;261
52480;261
52534;261
52572;261
52609;261
52646;261
52684;258
52716;258
52750;258
52786;258
52818;258
52863;258
52931;258
52998;258
53059;258
53109;258
53172;258
53236;258
53304;258
53366;258
53421;258
53454;258
53489;258
53546;258
53579;258
53615;258
53651;258
53689;258
53724;258
53759;258
53792;258
53830;258
53866;258
53900;257
53942;257
53980;257
54013;256
54050;256
54081;256
54125;256
54162;256
54196;256
54229;256
54278;256
54315;256
54353;256
54392;256
54424;256
54460;256
54495;256
54544;256
54582;256
54623;256
54656;256
54691;256
54724;256
54758;256
54795;256
54827;256
54860;256
54894;256
54926;256
54961;256
54994;256
55035;256
55073;256
55105;256
55140;256
55176;256
55209;256
55249;256
55286;256
55319;256
55356;256
55393;256
55427;256
55463;256
55499;256
55539;256
55574;256
55608;256
55641;256
55673;256
55709;256
55741;256
55776;256
55810;256
55846;256
55893;256
55925;256
55957;256
55993;256
56028;256
56074;256
56118;256
56159;256
56193;256
56230;256
56265;256
56297;256
56331;256
56366;256
56402;256
56437;256
56472;256
56519;256
56560;256
56594;256
56631;256
56666;256
56698;256
56732;256
56772;256
56807;256
56842;256
56878;256
56912;256
56950;256
56983;256
57018;256
57054;256
57088;256
57124;256
57156;256
57189;256
57223;256
57255;256
57295;256
57331;256
57366;256
57399;256
57440;256
57473;256
57509;256
57545;256
57580;256
57630;256
57662;256
57703;256
57738;256
57772;256
57808;256
57844;256
57877;256
57910;256
57954;256
57992;256
58026;256
58061;256
58093;256
58130;256
58167;256
58201;256
58242;256
58278;256
58313;256
58351;256
58389;256
58425;256
58459;256
58492;256
58525;256
58564;256
58596;256
58631;256
58689;256
58723;256
58756;256
58794;256
58830;256
58866;256
58900;256
58934;256
58975;256
59011;256
59043;256
59079;256
59115;256
59162;256
59195;256
59233;256
59268;256
59303;256
59340;256
59375;256
59422;256
59456;256
59489;256
59530;256
59562;256
59595;256
59628;256
59662;256
59698;256
59733;256
59765;256
59799;256
59831;256
59863;256
59899;256
59935;256
59968;256
60001;256
60033;256
60069;256
60109;256
60140;256
60172;256
60204;256
60234;256
60267;256
60303;256
60340;256
60372;256
60407;256
60439;256
60480;256
60512;256
60547;256
60586;256
60622;256
60658;256
60698;256
60733;256
60766;256
60800;256
60870;256
60919;256
60967;256
61017;256
61052;256
61094;256
61131;256
61165;256
61200;256
61233;256
61268;256
61307;256
61345;256
61382;256
61419;256
61456;256
61493;256
61529;256
61567;256
61599;256
