2296;252
2710;252
3097;252
3919;252
4263;252
4670;252
5075;252
6625;252
7370;252
7706;252
8064;252
8440;252
8857;252
9273;252
9656;252
10085;252
10508;252
10866;252
11378;252
12197;252
12640;252
13023;252
13307;252
13611;252
13948;252
14226;252
14508;252
14786;252
15071;252
15354;252
15640;252
15917;252
16196;252
16470;252
16738;252
17035;252
17317;252
17592;252
17857;252
18127;252
18396;252
18737;252
19050;252
19348;252
19650;252
20015;252
20310;252
20649;252
20960;252
21253;252
21569;252
21868;252
22183;252
22501;252
22846;252
23261;252
23580;252
23848;252
24111;252
24376;252
24645;252
24906;252
25232;252
25570;252
25909;252
26235;252
26611;252
26863;252
27165;252
27411;252
27670;252
27919;252
28220;250
28466;250
28797;244
29243;244
29709;244
30211;244
30850;244
31371;241
31715;241
32018;240
32277;240
32548;240
32780;240
33020;240
33239;240
33563;238
33777;238
34009;238
34232;238
34508;235
34710;235
34962;235
35197;235
35461;235
35694;235
35920;235
36131;235
36354;235
36563;235
36781;235
36982;235
37172;235
37404;235
37605;235
37800;235
38001;235
38195;235
38392;235
38588;235
38792;235
39012;235
39230;235
39469;235
39763;235
40000;235
40194;235
40387;235
40601;235
40797;235
40980;235
41171;235
41398;235
41586;235
41779;235
41981;235
42184;235
42374;235
42571;235
42764;235
42963;235
43182;235
43430;235
43639;235
43879;235
44114;235
44336;235
44585;235
44839;235
45135;235
45430;235
45656;235
45886;235
46114;235
46308;235
46503;235
46719;235
46942;235
47168;235
47393;235
47597;235
47796;235
47997;235
48217;235
48420;235
48613;235
48829;235
49092;235
49328;235
49573;235
49787;235
49996;235
50215;235
50432;235
50656;235
50877;235
51120;235
51346;235
51564;235
51816;235
52126;235
52418;235
52681;235
52924;235
53151;235
53370;235
53652;235
53899;235
54116;235
54339;235
54566;235
54798;235
55034;235
55258;235
55493;235
55740;235
55942;235
56141;235
56381;235
56590;235
56794;235
56996;235
57194;235
57383;235
57591;235
57811;235
58009;235
58207;235
58411;235
58609;235
58808;235
59017;235
59212;235
59417;235
59623;235
59818;235
60035;235
60237;235
60441;235
60654;235
60860;235
61052;235
61244;235
61449;235
61682;235
61910;235
62135;235
62449;235
62751;235
62983;235
63196;235
63419;235
63663;235
63885;235
64094;235
64296;235
64509;235
64772;235
64977;235
65198;235
65437;235
65678;235
65897;235
66091;235
66301;235
66500;235
66698;235
66921;235
67158;235
67380;235
67631;235
67836;235
68040;235
68239;235
68427;235
68628;235
68841;235
69030;235
69233;235
69427;235
69654;235
69854;235
70047;235
70239;235
70442;235
70637;235
70830;235
71031;235
71239;235
71440;235
71660;235
72036;235
72300;235
72595;235
72998;235
73236;235
73451;235
73729;235
73900;235
74103;235
74259;235
74521;235
74778;235
75117;235
75339;235
75549;235
75711;235
75970;235
76268;235
76450;235
76614;235
76794;235
76950;235
77106;235
77270;235
77431;235
77587;235
77768;235
77932;235
78086;235
78245;235
78402;235
78565;235
78722;235
78879;235
79042;235
79203;235
79368;235
79525;235
79695;235
79854;235
80012;235
80171;235
80336;235
80496;235
80660;235
80833;235
80996;235
81151;235
81312;235
81479;235
81642;235
81809;235
81967;235
82132;235
82292;235
82468;235
82631;235
82788;235
82947;235
83103;235
83275;235
83432;235
83635;234
83800;234
83984;234
84143;234
84301;234
84466;234
84636;234
84792;234
84949;234
85120;234
85282;234
85444;234
85608;234
85785;234
85941;234
86099;234
86265;234
86424;234
86589;234
86769;234
86956;234
87131;234
87291;234
87460;234
87623;234
87791;234
87953;234
88172;234
88379;234
88553;234
88743;234
88924;234
89085;234
89245;234
89417;234
89594;234
89760;234
89926;234
90087;234
90249;234
90408;234
90575;234
90735;234
90892;234
91051;234
91216;234
91377;234
91537;234
91709;234
91872;234
92032;234
92191;234
92357;234
92515;234
92671;234
92829;234
92996;234
93159;234
93316;234
93485;234
93644;234
93808;234
93966;234
94133;234
94289;234
94451;234
94610;234
94780;234
94936;234
95094;234
95251;234
95424;234
95591;234
95762;234
95949;234
96112;234
96276;234
96453;234
96614;234
96781;234
96946;234
97120;234
97316;234
97498;234
97709;234
97892;234
98055;234
98221;234
98395;234
98575;234
98749;234
98920;234
99101;234
99288;234
99466;234
99631;234
99805;234
99996;234
100179;234
100356;234
100565;234
100765;234
100927;234
101089;234
101256;234
101418;234
101581;234
101765;234
101993;234
102173;234
102355;234
102534;234
102713;234
102874;234
103041;234
103211;234
103388;234
103567;234
103751;234
103971;234
104151;234
104328;234
104508;234
104683;234
104872;234
105051;234
105218;234
105398;234
105581;234
105755;234
105974;234
106171;234
106360;234
106531;234
106716;234
106884;234
107071;234
107240;234
107414;234
107593;234
107795;234
108006;234
108185;234
108354;234
108532;234
108710;234
108889;234
109062;234
109248;234
109432;234
109594;234
109756;234
109945;234
110123;234
110295;234
110473;234
110647;234
110805;234
110963;234
111145;234
111322;234
111498;234
111692;234
111933;234
112179;234
112340;234
112499;234
112658;234
112824;234
112987;234
113158;234
113321;234
113500;234
113752;234
113913;234
114107;234
114278;234
114452;234
114682;234
114922;234
115114;234
115299;234
115473;234
115645;234
115806;234
116003;234
116184;234
116370;234
116546;234
116732;234
116893;234
117083;234
117265;234
117443;234
117618;234
117806;234
118002;234
118232;234
118437;234
118639;234
118834;234
119015;234
119204;234
119394;234
119613;234
119812;234
120054;234
120254;234
120465;234
120671;234
120877;234
121086;234
121280;234
121504;234
121715;234
121900;234
122155;234
122368;234
122613;234
122826;234
123040;234
123231;234
123418;234
123620;234
123810;234
124001;234
124227;234
124416;234
124602;234
124795;234
124981;234
125172;234
125364;234
125581;234
125793;234
126006;234
126236;234
126434;234
126639;234
126836;234
127042;234
127227;234
127418;234
127617;234
127815;234
128010;234
128228;234
128422;234
128607;234
128799;234
128981;234
129169;234
129357;234
129550;234
129741;234
129935;234
130128;234
130324;234
130523;234
130727;234
130919;234
131123;234
131319;234
131516;234
131735;234
131956;234
132165;234
132375;234
132582;234
132793;234
132986;234
133193;234
133399;234
133622;234
133852;234
134067;234
134289;234
134486;234
134692;234
134886;234
135070;234
135297;234
135492;234
135694;234
135880;234
136069;234
136282;234
136476;234
136670;234
136864;234
137055;234
137243;234
137437;234
137629;234
137854;234
138038;234
138227;234
138431;234
138616;234
138797;234
138991;234
139181;234
139373;234
139576;234
139765;234
139960;234
140162;234
140380;234
140573;234
140772;234
141004;234
141200;234
141419;234
141620;234
141808;234
142000;234
142193;234
142398;234
142601;234
142796;234
143030;234
143308;234
143563;234
143809;234
144126;234
144403;234
144730;234
145037;234
145334;234
145621;234
145878;234
146078;234
146285;234
146487;234
146687;234
146948;234
147361;234
147648;234
147881;234
148081;234
148284;234
148501;234
148690;234
148902;234
149108;234
149298;234
149510;234
149716;234
149920;234
150128;234
150358;234
150571;234
150777;234
150972;234
151171;234
151389;234
151584;234
151787;234
152007;234
152198;234
152420;234
152630;234
152837;234
153041;234
153252;234
153462;234
153664;234
153869;234
154067;234
154268;234
154483;234
154685;234
154906;234
155113;234
155323;234
155536;234
155737;234
155941;234
156139;234
156349;234
156567;234
156771;234
156964;234
157158;234
157355;234
157555;234
157769;234
157977;234
158235;234
158471;234
158688;234
158898;234
159094;234
159289;234
159495;234
159701;234
159915;234
160131;234
160418;234
160911;234
161143;234
161355;234
161559;234
161766;234
161957;234
162154;234
162361;234
162565;234
162778;234
162989;234
163184;234
163379;234
163649;234
164105;234
164332;234
164541;234
164759;234
164967;234
165193;234
165412;234
165623;234
165833;234
166068;234
166274;234
166509;234
166790;234
167088;234
167560;234
167788;234
167995;234
168211;234
168406;234
168638;234
168844;234
169066;234
169270;234
169461;234
169652;234
169858;234
170058;234
170260;234
170468;234
170685;234
170888;234
171090;234
171297;234
171506;234
171714;234
172072;234
172355;234
172575;234
172801;234
173008;234
173218;234
173421;234
173624;234
173832;234
174040;234
174241;234
174452;234
174685;234
174896;234
175101;234
175320;234
175537;234
175739;234
175944;234
176156;234
176358;234
176568;234
176808;234
177013;234
177215;234
177442;234
177644;234
177844;234
178060;234
178266;234
178477;234
178690;234
178896;234
179107;234
179316;234
179512;234
179731;234
179940;234
180140;234
180352;234
180579;234
180809;234
181025;234
181296;234
181510;234
181707;234
181905;234
182115;234
182317;234
182517;234
182727;234
182955;234
183162;234
183376;234
183581;234
183784;234
183995;234
184195;234
184420;234
184630;234
184835;234
185042;234
185250;234
185457;234
185656;234
185863;234
186065;234
186269;234
186471;234
186667;234
186872;234
187074;234
187269;234
187467;234
187695;234
187943;234
188440;234
188852;234
189154;234
189361;234
189524;234
189683;234
189844;234
190042;234
190282;234
190516;234
190938;234
191270;234
191567;234
191745;234
191903;234
192070;234
192254;234
192417;234
192577;234
192741;234
192913;234
193077;234
193246;234
193409;234
193652;234
193850;234
194011;234
194177;234
194335;234
194496;234
194663;234
194836;234
195107;234
195349;234
195519;234
195678;234
195836;234
195996;234
196163;234
196323;234
196481;234
196641;234
196812;234
197002;234
197160;234
197329;234
197487;234
197646;234
197806;234
197971;234
198129;234
198287;234
198452;234
198617;234
198793;234
198988;234
199160;234
199318;234
199479;234
199641;234
199810;234
199976;234
200134;234
200299;234
200463;234
200623;234
200781;234
200948;234
201112;234
201269;234
201439;234
201668;234
201899;234
202123;234
202298;234
202460;234
202621;234
202783;234
202950;234
203117;234
203277;234
203438;234
203598;234
203757;234
203919;234
204078;234
204237;234
204396;234
204576;234
204735;234
204897;234
205086;234
205243;234
205412;234
205571;234
205746;234
205912;234
206093;234
206265;234
206445;234
206607;234
206772;234
206934;234
207102;234
207264;234
207436;234
207600;234
207760;234
207919;234
208086;234
208244;234
208408;234
208576;234
208735;234
208911;234
209103;234
209262;234
209436;234
209607;234
209791;234
209964;234
210129;234
210290;234
210453;234
210615;234
210784;234
210942;234
211107;234
211274;234
211438;234
211597;234
211756;234
211922;234
212083;234
212247;234
212406;234
212572;234
212734;234
212892;234
213059;234
213223;234
213381;234
213544;234
213715;234
213873;234
214048;234
214256;234
214452;234
214653;234
214852;234
215040;234
215233;234
215425;234
215608;234
215801;234
215990;234
216181;234
216372;234
216569;234
216771;234
216965;234
217159;234
217359;234
217551;234
217742;234
217939;234
218143;234
218366;234
218591;234
218796;234
219007;234
219230;234
219424;234
219607;234
219800;234
220012;234
220199;234
220400;234
220593;234
220787;234
220985;234
221194;234
221397;234
221588;234
221771;234
221960;234
222152;234
222354;234
222548;234
222740;234
222958;234
223150;234
223354;234
223551;234
223752;234
223942;234
224138;234
224326;234
224535;234
224714;234
224898;234
225082;234
225277;234
225499;234
225783;234
226020;234
226214;234
226414;234
226628;234
226858;234
227077;234
227311;234
227513;234
227713;234
227894;234
228089;234
228280;234
228467;234
228662;234
228852;234
229046;234
229244;234
229442;234
229627;234
229821;234
230012;234
230199;234
230393;234
230586;234
230779;234
230962;234
231150;234
231337;234
231523;234
231717;234
231967;234
232207;234
232402;234
232593;234
232786;234
232980;234
233165;234
233362;234
233561;234
233787;234
233999;234
234204;234
234392;234
234583;234
234781;234
234978;234
235172;234
235393;234
235586;234
235780;234
235967;234
236158;234
236351;234
236541;234
236736;234
236927;234
237114;234
237311;234
237498;234
237680;234
237870;234
238052;234
238235;234
238441;234
238634;234
238819;234
239004;234
239195;234
239391;234
239592;234
239772;234
239971;234
240154;234
240344;234
240532;234
240725;234
240919;234
241102;234
241286;234
241496;234
241675;234
241863;234
242046;234
242229;234
242418;234
242612;234
242799;234
242986;234
243185;234
243408;234
243598;234
243791;234
243984;234
244176;234
244364;234
244585;234
244797;234
244993;234
245207;234
245434;234
245638;234
245854;234
246043;234
246240;234
246437;234
246634;234
246834;234
247026;234
247212;234
247421;234
247617;234
247811;234
248003;234
248188;234
248376;234
248569;234
248776;234
248988;234
249204;234
249424;234
249641;234
249859;234
250065;234
250258;234
250457;234
250659;234
250848;234
251038;234
251230;234
251468;234
251712;234
251905;234
252095;234
252293;234
252484;234
252687;234
252869;234
253059;234
253246;234
253431;234
253686;234
253898;234
254093;234
254301;234
254487;234
254705;234
254888;234
