186;235
309;235
395;235
484;235
603;235
707;235
783;235
853;235
954;235
1022;235
1094;235
1174;235
1269;235
1370;235
1475;235
1575;235
1677;235
1770;235
1843;235
1907;235
1975;235
2044;235
2114;235
2187;235
2285;235
2348;235
2407;235
2473;235
2533;235
2601;235
2666;235
2741;235
2808;235
2914;235
3018;235
3103;234
3187;234
3287;234
3371;234
3458;234
3536;234
3595;234
3660;234
3718;234
3779;234
3864;234
3925;234
3985;234
4052;234
4116;234
4184;234
4250;234
4318;234
4381;234
4448;234
4532;234
4591;234
4649;234
4710;234
4789;234
4863;234
4934;234
4997;234
5062;234
5122;234
5181;234
5241;234
5308;234
5375;234
5437;234
5497;234
5574;234
5646;234
5734;234
5817;234
5902;234
5984;234
6056;234
6116;234
6174;234
6234;234
6307;234
6383;234
6442;234
6504;234
6573;234
6635;234
6699;234
6775;234
6836;234
6898;234
6962;234
7047;234
7109;234
7171;234
7230;234
7308;234
7364;234
7424;234
7495;234
7567;234
7639;234
7712;234
7779;236
7852;236
7921;236
7979;236
8041;236
8100;236
8168;236
8227;236
8281;236
8347;236
8410;236
8472;236
8531;236
8597;236
8668;236
8731;236
8790;236
8847;236
8906;236
8970;236
9029;236
9090;236
9164;236
9248;236
9308;236
9367;236
9431;236
9500;236
9571;236
9647;236
9706;236
9773;236
9834;236
9897;236
9969;236
10030;236
10088;236
10153;236
10227;236
10289;236
10356;236
10415;236
10489;236
10556;236
10616;236
10676;236
10735;236
10802;236
10869;236
10933;236
10997;236
11063;236
11126;236
11188;236
11248;236
11318;236
11375;236
11432;236
11494;236
11560;236
11620;236
11683;236
11743;236
11802;236
11871;236
11932;236
11992;236
12054;236
12112;236
12173;236
12234;236
12293;236
12361;236
12423;236
12497;236
12555;237
12615;237
12673;237
12739;237
12798;237
12858;237
12927;237
12998;237
13057;237
13124;237
13191;237
13251;237
13311;237
13373;237
13433;237
13496;237
13555;237
13616;237
13683;237
13744;237
13805;237
13866;237
13926;237
13988;237
14049;237
14111;237
14176;237
14239;237
14299;237
14373;237
14432;237
14493;237
14559;237
14621;237
14680;237
14743;237
14803;237
14869;237
14928;237
14991;237
15051;237
15110;237
15172;237
15234;237
15292;237
15361;237
15426;237
15500;237
15564;237
15623;237
15693;237
15755;237
15848;237
15903;237
15961;238
16018;237
16077;237
16138;237
16198;237
16266;237
16326;237
16388;237
16449;237
16511;237
16571;237
16630;237
16690;237
16751;237
16811;237
16873;237
16958;237
17017;237
17078;237
17138;237
17197;237
17265;237
17329;237
17396;237
17471;237
17546;237
17613;237
17680;237
17740;237
17801;237
17863;237
17920;237
17994;237
18064;237
18126;237
18187;237
18246;237
18313;237
18381;237
18453;237
18514;237
18588;237
18650;237
18710;237
18776;237
18836;237
18893;237
18969;237
19028;237
19095;237
19155;237
19216;236
19284;236
19346;236
19407;236
19469;236
19536;236
19594;236
19666;236
19725;236
19782;236
19841;236
19899;236
19965;236
20032;236
20100;236
20165;236
20224;236
20291;235
20357;235
20415;235
20473;235
20544;236
20601;236
20660;236
20717;236
20793;236
20861;236
20921;236
20984;236
21044;236
21105;236
21165;236
21237;236
21309;236
21365;236
21422;236
21482;236
21539;236
21605;236
21679;236
21743;236
21803;236
21864;236
21926;236
22003;236
22069;236
22135;236
22194;236
22253;236
22310;236
22376;236
22448;236
22510;236
22570;236
22637;236
22698;236
22764;236
22830;236
22904;236
22976;236
23035;235
23097;235
23171;235
23233;235
23306;235
23364;235
23425;235
23492;235
23555;235
23612;235
23673;235
23730;235
23814;235
23875;235
23951;235
24018;235
24101;235
24160;235
24231;235
24288;235
24348;235
24429;235
24494;235
24556;235
24623;235
24683;235
24745;235
24814;235
24884;235
24938;235
25000;235
25067;235
25148;235
25209;235
25270;235
25331;235
25403;235
25461;235
25528;235
25589;235
25654;235
25713;235
25780;235
25854;236
25920;236
25981;236
26056;234
26124;234
26210;234
26277;234
26336;234
26398;234
26456;234
26514;234
26571;236
26630;236
26696;236
26761;236
26834;236
26891;236
26958;236
27052;236
27113;236
27170;236
27229;236
27300;236
27362;236
27430;236
27492;236
27559;236
27616;236
27675;236
27746;236
27810;236
27881;236
27954;236
28014;236
28081;236
28146;236
28224;236
28285;236
28344;236
28410;236
28481;236
28538;234
28621;234
28679;234
28745;234
28802;235
28868;234
28923;234
28981;234
29050;234
29108;234
29166;234
29224;234
29291;234
29360;234
29421;234
29481;234
29542;234
29600;234
29662;234
29727;234
29790;234
29848;234
29910;234
29970;234
30043;234
30104;234
30172;234
30234;234
30293;234
30351;234
30422;234
30482;234
30539;234
30598;234
30659;234
30715;234
30773;234
30839;234
30898;234
30961;234
31039;234
31107;234
31174;234
31231;234
31291;234
31351;234
31413;234
31476;234
31538;234
31597;234
31655;234
31728;234
31788;234
31848;234
31909;234
31967;234
32028;234
32087;234
32146;234
32213;234
32283;234
32375;234
32437;234
32494;234
32560;234
32626;234
32688;234
32747;234
32805;234
32865;234
32931;234
32990;234
33062;234
33119;234
33176;234
33233;234
33290;234
33349;234
33408;234
33467;234
33525;234
33591;234
33652;234
33723;235
33784;235
33858;235
33919;236
33980;236
34041;236
34114;236
34182;236
34240;236
34299;238
34365;238
34434;238
34496;238
34562;238
34620;238
34681;238
34748;238
34811;238
34871;238
34929;238
34991;238
35071;238
35128;238
35187;238
35247;238
35312;238
35369;238
35438;238
35498;238
35556;238
35622;238
35689;238
35747;238
35807;238
35873;238
35955;238
36016;238
36078;238
36136;238
36196;238
36265;238
36326;238
36390;238
36453;238
36513;238
36580;238
36654;238
36713;238
36779;238
36848;238
36919;238
36985;238
37049;238
37112;238
37173;238
37240;238
37310;238
37380;238
37443;238
37516;238
37585;238
37657;238
37733;238
37797;238
37858;238
37916;238
37994;238
38055;238
38116;238
38184;238
38243;238
38316;238
38376;238
38437;238
38504;238
38571;238
38633;238
38691;238
38749;238
38807;238
38868;238
38934;239
38997;239
39063;239
39148;239
39246;239
39333;239
39390;239
39449;239
39515;238
39584;238
39653;238
39717;238
39778;238
39836;238
39895;238
39976;238
40035;238
40095;238
40161;238
40228;238
40293;238
40349;238
40405;238
40462;238
40519;238
40578;238
40636;238
40696;238
40757;238
40830;238
40887;238
40945;238
41006;238
41078;238
41136;238
41192;238
41260;238
41326;238
41384;237
41446;237
41512;237
41571;237
41639;237
41698;237
41762;237
41827;237
41886;237
41943;237
42002;237
42061;237
42121;237
42183;237
42245;237
42322;237
42380;237
42449;237
42506;237
42563;237
42620;237
42697;237
42770;237
42835;237
42896;237
42968;237
43041;237
43106;237
43191;237
43247;237
43304;237
43360;237
43420;237
43481;237
43544;237
43604;237
43667;237
43739;237
43813;237
43873;237
43930;237
43991;237
44056;237
44123;237
44185;237
44252;237
44314;237
44375;237
44438;236
44494;236
44554;236
44617;236
44695;236
44754;236
44820;236
44881;236
44941;236
45012;236
45070;236
45158;236
45213;236
45270;236
45335;236
45409;236
45468;234
45534;234
45597;234
45657;234
45716;234
45791;234
45863;234
45921;234
45991;234
46053;234
46118;234
46192;234
46249;234
46307;234
46364;234
46427;234
46489;234
46549;234
46613;234
46669;234
46733;234
46790;234
46849;234
46907;234
46965;234
47023;234
47094;234
47154;234
47213;234
47294;234
47358;234
47419;234
47492;234
47561;234
47617;234
47679;234
47747;234
47812;234
47885;234
47945;234
48027;234
48084;234
48148;236
48205;236
48262;236
48320;236
48379;236
48441;236
48509;236
48580;236
48639;236
48700;236
48765;236
48829;236
48905;236
48964;236
49023;236
49084;236
49144;236
49226;236
49293;236
49352;236
49410;235
49469;235
49529;235
49589;235
49647;235
49718;235
49811;235
49926;235
49992;235
50055;235
50114;235
50171;235
50230;235
50296;235
50372;235
50433;235
50493;235
50569;235
50630;235
50690;235
50762;235
50829;235
50888;235
50958;235
51014;235
51074;235
51135;235
51200;235
51258;235
51324;235
51389;235
51448;235
51509;235
51586;235
51657;235
51713;235
51773;235
51838;235
51896;235
51968;235
52034;235
52091;235
52150;235
52211;235
52300;235
52367;235
52425;235
52486;235
52550;235
52607;235
52667;235
52726;235
52792;235
52853;235
52916;235
52990;236
53048;236
53104;236
53166;236
53225;236
53300;236
53359;236
53426;236
53485;236
53543;237
53610;237
53669;237
53737;237
53802;237
53875;237
53940;237
53996;237
54053;237
54111;237
54169;237
54236;237
54298;237
54364;237
54432;237
54491;237
54549;237
54607;237
54674;237
54732;237
54789;237
54846;237
54906;237
54964;237
55023;237
55082;237
55144;237
55208;237
55268;237
55326;237
55399;237
55459;237
55539;237
55607;237
55704;237
55761;237
55841;237
55901;237
55962;237
56077;237
56183;237
56292;237
56364;237
56435;237
56495;237
56553;237
56612;237
56670;237
56746;237
56823;237
56880;237
56940;237
56996;237
57053;237
57125;237
57186;237
57254;237
57328;237
57396;237
57457;237
57540;237
57614;237
57690;237
57747;237
57811;237
57870;237
57928;237
57987;237
58067;237
58128;237
58187;237
58263;237
58322;237
58383;237
58446;237
58506;237
58564;237
58622;237
58681;237
58738;237
58797;237
58856;237
58938;237
58999;237
59057;237
59116;236
59177;236
59242;236
59308;236
59374;236
59434;236
59502;236
59562;236
59643;236
59706;236
59767;236
59828;236
59896;236
59958;236
60019;236
60080;236
60140;236
60201;236
60267;236
60325;236
60392;236
60448;236
60506;236
60566;236
60637;236
60698;236
60759;236
60825;236
60883;236
60941;236
61007;236
61062;236
61135;236
61198;236
61258;236
61315;236
61373;236
61432;236
61491;236
61558;236
61616;236
61677;236
61740;236
61807;236
61873;236
61932;236
62004;236
62083;236
62149;236
62207;236
62265;236
62323;236
62383;236
62447;236
62504;236
62560;236
62617;236
62674;236
62735;236
62804;236
62870;236
62938;236
62997;236
63065;236
63122;236
63182;236
63250;236
63309;236
63381;236
63439;236
63501;236
63559;236
63633;236
63700;236
63765;236
63830;236
63889;236
63946;236
64003;236
64063;236
64135;236
64202;236
64265;236
64327;236
64387;236
64463;236
64532;236
64592;236
64651;236
64709;236
64783;236
64843;236
64910;236
64971;236
65035;236
65093;236
65158;236
65219;236
65287;236
65360;236
65417;236
65488;236
65545;236
65608;236
65667;236
65728;236
65794;236
65856;236
65917;236
65980;236
66049;236
66107;236
66167;236
66225;236
66282;236
66344;236
66404;236
66471;236
66530;236
66587;236
66646;236
66703;236
66769;236
66827;236
66888;236
66945;237
67011;237
67069;237
67144;237
67235;236
67311;236
67368;236
67433;236
67493;236
67554;236
67615;236
67681;236
67741;236
67812;236
67871;236
67930;236
67987;236
68047;236
68105;236
68165;236
68224;236
68281;236
68343;236
68415;236
68472;236
68539;236
68614;236
68674;236
68734;236
68792;236
68849;236
68907;236
68965;236
69026;236
69086;236
69152;236
69221;236
69303;236
69360;236
69424;236
69489;236
69554;236
69612;236
69677;236
69734;236
69795;236
69855;236
69918;236
69979;236
70037;236
70097;236
70163;236
70223;236
70281;236
70338;236
70398;236
70458;236
70518;236
70579;236
70649;236
70749;236
70810;236
70882;236
70955;236
71012;236
71072;236
71132;236
71185;236
71243;236
71305;236
71363;236
71429;236
71488;236
71562;236
71631;236
71691;236
71751;236
71832;236
71890;236
71949;236
72007;236
72065;236
72131;236
72192;236
72283;236
72348;236
72419;236
72488;236
72545;236
72612;236
72684;236
72747;236
72805;236
72865;236
72928;236
72985;236
73045;236
73110;236
73169;236
73240;236
73332;236
73391;236
73464;236
73538;236
73596;236
73654;236
73713;236
73773;236
73832;236
73893;236
73956;236
74021;236
74080;236
74144;236
74203;236
74260;236
74324;236
74391;236
74449;236
74509;236
74581;236
74646;236
74711;236
74769;236
74841;236
74897;236
74956;236
75017;236
75089;236
75158;236
75231;236
75321;236
75381;236
75438;236
75495;236
75552;235
75629;235
75689;235
75748;235
75808;235
75869;235
75936;235
76003;235
76059;235
76126;235
76199;235
76258;235
76317;235
76384;235
76459;235
76525;235
76591;235
76652;235
76709;235
76770;235
76832;235
76893;235
76952;235
77021;235
77076;235
77132;235
77201;235
77266;235
77326;235
77384;235
77443;236
77504;236
77561;236
77635;236
77695;236
77772;236
77837;236
77896;236
77955;236
78016;236
78088;236
78142;236
78209;236
78267;236
78325;236
78385;236
78461;236
78519;236
78575;236
78632;236
78693;236
78755;236
78828;236
78895;236
78960;236
79022;236
79080;236
79139;236
79223;236
79302;236
79370;236
79426;236
79485;236
79544;236
79602;236
79662;236
79735;236
79793;236
79847;236
79907;236
79969;236
80027;236
80096;236
80159;236
80216;236
80273;236
80330;236
80387;236
80447;236
80508;236
80582;236
80641;236
80708;236
80768;236
80842;236
80908;236
80993;236
81075;236
81170;236
81230;236
81287;236
81354;236
81411;236
81471;236
81539;236
81611;236
81680;236
81746;236
81806;236
81866;236
81924;236
81998;236
82059;236
82124;236
82194;236
82260;236
82317;236
82377;236
82435;236
82501;236
82574;236
82647;236
82705;236
82764;236
82832;236
82905;236
82969;236
83032;236
83090;236
83162;236
83233;236
83318;236
83419;236
83489;236
83548;236
83620;236
83678;236
83742;236
83811;236
83872;236
83943;236
84002;236
84064;236
84135;236
84202;236
84267;236
84326;236
84384;236
84458;236
84535;236
84601;236
84671;236
84730;236
84788;236
84846;236
84906;236
84972;236
85035;236
85101;236
85161;236
85222;236
85284;236
85362;236
85424;236
85484;236
85542;236
85613;236
85675;236
85746;236
85802;236
85884;236
85943;236
86001;236
86062;236
86121;236
86183;236
86251;236
86313;236
86372;236
86430;236
86488;236
86546;236
86605;236
86666;236
86737;236
86800;236
86857;236
86919;236
86977;236
87036;236
87104;236
87167;236
87227;236
87291;236
87354;236
87417;236
87482;236
87550;236
87628;236
87696;236
87762;236
87820;236
87900;236
87968;236
88033;236
88090;236
88149;236
88216;236
88279;236
88340;236
88401;236
88460;236
88533;236
88590;235
88663;235
88728;235
88784;235
88840;236
88899;236
88957;236
89023;236
89080;236
89155;236
89214;236
89271;236
89345;236
89404;236
89461;236
89522;236
89580;236
89653;236
89711;236
89768;236
89826;236
89883;236
89949;236
90010;236
90071;236
90130;236
90191;236
90273;236
90339;236
90400;236
90466;236
90524;236
90580;236
90637;236
90727;236
90784;236
90841;236
90900;236
90965;236
91023;236
91081;236
91141;236
91199;236
91257;236
91328;236
91416;236
91476;236
91541;236
91598;235
91660;235
91723;235
91781;235
91863;235
91923;235
91981;235
92047;235
92113;235
92177;235
92239;235
92292;235
92362;235
92423;235
92485;235
92567;235
92627;235
92694;235
92755;235
92812;235
92883;235
92942;235
93006;235
93062;235
93128;235
93188;235
93250;235
93310;235
93383;235
93465;235
93527;235
93592;235
93659;235
93719;235
93786;235
93851;235
93909;235
93984;235
94050;235
94112;235
94171;235
94230;235
94300;235
94357;235
94416;235
94474;235
94534;235
94595;235
94664;235
94722;235
94782;235
94857;235
94924;235
94980;235
95045;235
95102;235
95157;235
95215;235
95286;235
95353;235
95426;235
95485;235
95549;235
95620;235
95682;235
95744;235
95802;235
95869;235
95933;235
96000;235
96060;235
96119;235
96185;235
96242;235
96318;235
96377;235
96438;235
96510;235
96579;235
96647;235
96707;235
96769;235
96836;235
96899;235
96965;235
97022;235
97084;235
97156;235
97217;235
97287;235
97344;235
97403;235
97461;235
97520;235
97580;235
97647;235
97708;235
97802;235
97865;235
97923;235
97980;235
98039;235
98099;235
98160;235
98227;235
98293;235
98360;235
98420;235
98477;235
98536;235
98597;235
98658;235
98742;235
98820;236
98879;236
98959;236
99010;236
99071;236
99152;236
99210;236
99269;236
99329;236
99391;236
99455;236
99515;236
99575;236
99640;236
99698;236
99755;236
99821;236
99896;236
99962;236
100028;236
100094;236
100152;236
100210;236
100268;236
100328;236
100387;236
100461;236
100532;236
100597;236
100661;236
100725;236
100790;236
100850;236
100909;236
100982;236
101040;236
101101;236
101167;236
101248;236
101311;236
101382;236
101453;236
101515;236
101587;236
101661;236
101717;236
101783;236
101839;236
101899;236
101956;236
102015;236
102081;236
102142;236
102202;236
102268;236
102327;236
102386;236
102463;236
102526;236
102589;236
102649;236
102712;236
102771;236
102834;236
102892;236
102955;236
103020;236
103087;236
103146;236
103213;236
103276;236
103351;236
103420;236
103485;236
103546;236
103614;236
103682;236
103749;236
103813;236
103883;236
103964;236
104025;236
104089;236
104153;236
104213;236
104272;236
104333;236
104395;236
104456;236
104514;236
104578;236
104634;236
104698;236
104755;236
104812;236
104873;236
104934;236
104993;236
105059;236
105116;236
105176;236
105233;236
105291;236
105358;236
105428;236
105486;236
105552;236
105610;236
105681;236
105741;236
105800;236
105858;236
105919;236
105984;236
106048;236
106121;236
106178;236
106237;236
106304;236
106375;236
106433;236
106493;236
106555;236
106631;236
106694;236
106758;236
106824;236
106880;236
106938;236
106999;236
107057;236
107112;236
107171;236
107233;236
107301;236
