224;235
309;235
407;235
502;235
597;235
684;235
755;235
832;235
910;235
989;235
1097;235
1183;235
1250;235
1334;235
1407;235
1479;235
1571;235
1636;235
1700;235
1766;235
1840;235
1908;235
1983;235
2057;235
2223;235
2283;235
2341;235
2402;235
2477;235
2544;235
2614;235
2676;235
2807;235
3185;235
3479;234
3756;236
4054;236
4271;236
4543;237
4832;237
5060;237
5127;237
5192;237
5256;237
5315;239
5378;239
5446;239
5507;239
5566;239
5625;239
5702;239
5780;239
5880;239
5986;239
6046;239
6116;239
6215;239
6273;239
6334;239
6401;239
6468;239
6536;239
6597;239
6656;239
6718;239
6783;239
6849;239
6910;239
6973;239
7037;239
7106;239
7168;239
7283;239
7477;239
7713;239
7984;239
8247;239
8372;239
8431;239
8491;239
8549;239
8616;239
8701;239
8763;239
8829;239
8895;239
8953;239
9013;239
9074;239
9136;239
9197;239
9264;239
9324;238
9386;238
9448;238
9510;238
9585;238
9684;238
9744;238
9815;238
9876;238
9934;238
10000;238
10060;238
10122;238
10197;238
10283;238
10345;238
10406;238
10465;238
10526;236
10585;236
10661;236
10720;236
10809;236
10874;235
10936;235
10996;235
11067;235
11128;235
11185;235
11243;235
11308;235
11367;235
11428;235
11487;235
11556;235
11617;235
11678;235
11747;235
11817;235
11880;235
11942;235
12001;235
12062;235
12123;235
12198;235
12282;235
12367;235
12428;235
12485;235
12546;235
12603;235
12664;235
12751;235
12815;235
12876;235
12940;235
12998;235
13100;235
13225;235
13351;235
13421;235
13512;235
13572;235
13634;235
13711;235
13772;235
13840;235
13923;235
13983;235
14042;235
14110;235
14169;235
14229;235
14288;235
14356;235
14424;235
14483;235
14544;235
14603;235
14663;235
14724;237
14784;237
14850;237
14927;237
14986;237
15049;237
15111;237
15170;237
15239;237
15296;237
15371;237
15431;237
15496;237
15555;237
15615;237
15674;237
15735;237
15798;237
15866;237
15925;236
15986;236
16049;236
16109;236
16170;236
16230;236
16291;236
16350;236
16423;236
16482;236
16554;236
16612;236
16673;236
16731;236
16795;236
16860;236
16929;238
16990;238
17059;238
17126;238
17185;238
17244;238
17305;238
17380;238
17448;238
17510;238
17573;238
17641;238
17700;238
17763;238
17824;238
17887;238
17944;238
18004;238
18065;238
18133;238
18194;238
18256;238
18317;237
18393;237
18455;237
18514;238
18576;238
18635;238
18712;238
18772;238
18835;238
18902;238
18961;238
19021;238
19082;238
19152;238
19209;238
19293;238
19356;238
19430;238
19496;238
19556;238
19620;238
19682;238
19744;238
19813;238
19898;238
19960;238
20022;238
20081;238
20143;238
20204;238
20266;238
20328;238
20389;238
20501;238
20563;238
20621;238
20682;238
20740;238
20802;238
20892;238
20960;238
21020;238
21086;238
21149;238
21210;238
21271;238
21359;238
21418;238
21476;238
21544;238
21607;238
21674;238
21736;238
21830;238
21903;238
21964;238
22022;238
22082;238
22153;238
22213;238
22287;238
22348;238
22406;238
22465;238
22532;238
22599;238
22670;238
22731;238
22798;238
22857;238
22934;238
23001;238
23063;238
23126;238
23210;238
23271;238
23331;238
23390;238
23449;238
23510;238
23570;238
23638;238
23699;238
23769;238
23836;238
23904;238
23964;238
24023;238
24083;238
24145;238
24210;238
24278;238
24339;238
24415;238
24473;238
24535;238
24586;238
24643;237
24702;237
24760;237
24829;237
24918;237
24984;237
25052;239
25110;239
25183;239
25245;239
25305;237
25366;237
25434;237
25501;237
25561;237
25629;237
25690;237
25756;237
25836;237
25901;237
25967;237
26028;237
26088;237
26146;237
26205;237
26267;237
26326;237
26385;237
26446;237
26513;239
26576;239
26639;239
26699;239
26759;239
26822;239
26905;239
26993;239
27054;239
27115;239
27182;239
27242;239
27302;239
27367;239
27434;239
27495;239
27562;239
27624;239
27685;239
27748;239
27824;239
27885;239
27954;239
28022;239
28083;239
28147;239
28226;239
28290;239
28359;239
28421;239
28482;239
28549;239
28608;239
28664;239
28725;239
28785;239
28854;239
28930;239
29011;239
29072;239
29148;239
29216;239
29288;239
29347;239
29405;239
29463;239
29537;239
29597;239
29688;239
29746;239
29802;239
29876;239
29941;239
29999;239
30058;239
30115;239
30173;239
30234;239
30294;239
30358;239
30416;239
30474;239
30532;239
30592;239
30652;239
30716;239
30785;239
30843;239
30902;239
30964;239
31032;239
31092;239
31151;239
31211;239
31271;239
31330;239
31397;239
31463;239
31523;239
31580;239
31648;239
31707;239
31766;239
31830;239
31891;239
31948;239
32007;239
32067;239
32128;239
32188;237
32248;237
32317;237
32404;237
32466;237
32526;237
32585;237
32648;237
32711;237
32772;237
32831;237
32892;237
32960;237
33026;239
33083;239
33154;239
33214;239
33273;239
33333;239
33396;239
33471;239
33528;239
33586;239
33647;239
33705;239
33765;239
33828;239
33888;239
33945;239
34004;238
34060;238
34118;238
34179;238
34240;238
34306;238
34364;238
34424;238
34484;238
34546;238
34622;238
34682;238
34758;238
34817;238
34876;238
34963;238
35030;238
35115;238
35175;238
35236;238
35303;238
35361;238
35423;238
35483;238
35549;238
35616;238
35687;238
35759;238
35816;238
35875;238
35931;238
35999;238
36076;238
36137;238
36224;238
36286;238
36347;238
36408;238
36472;238
36536;238
36600;238
36659;238
36717;238
36774;238
36836;238
36894;238
36953;238
37017;238
37077;238
37140;238
37201;238
37258;238
37322;238
37380;238
37438;238
37495;238
37563;238
37632;238
37692;238
37766;238
37839;238
37897;238
37957;238
38021;238
38084;238
38158;238
38217;238
38286;238
38343;238
38410;238
38468;238
38534;238
38594;238
38651;238
38710;238
38783;238
38838;238
38906;238
38964;238
39027;238
39092;238
39152;238
39211;238
39280;238
39349;238
39420;238
39479;237
39562;237
39635;237
39692;237
39750;237
39821;236
39882;236
39940;236
40015;236
40126;236
40192;236
40250;236
40309;236
40370;236
40427;236
40533;236
40589;236
40654;236
40719;236
40814;236
40873;236
40930;236
40990;236
41067;236
41129;236
41186;236
41244;236
41302;236
41362;236
41419;237
41480;237
41541;237
41612;237
41669;237
41731;237
41808;237
41885;237
41992;237
42052;237
42109;237
42181;237
42246;237
42305;237
42363;237
42424;237
42481;237
42540;237
42612;237
42672;237
42741;237
42816;237
42879;237
42938;237
42997;237
43058;237
43122;237
43182;237
43239;237
43311;237
43374;237
43434;237
43491;237
43549;237
43608;237
43667;237
43734;237
43793;237
43854;237
43928;237
43989;237
44054;237
44128;237
44190;237
44255;237
44314;237
44375;237
44434;237
44493;237
44552;237
44625;237
44693;237
44755;237
44820;237
44892;237
44949;237
45020;237
45091;237
45149;237
45225;237
45317;237
45381;237
45443;237
45507;237
45564;237
45636;237
45699;237
45758;237
45817;237
45878;237
45937;237
45994;237
46052;237
46126;237
46193;237
46262;237
46322;237
46388;237
46448;237
46509;237
46584;237
46653;237
46714;237
46771;237
46828;237
46887;237
46953;237
47020;237
47080;237
47148;237
47209;237
47276;237
47342;237
47403;237
47471;237
47529;237
47587;237
47662;237
47721;237
47781;237
47841;237
47909;237
47969;237
48025;237
48081;237
48137;237
48195;237
48253;237
48310;237
48367;237
48442;237
48502;237
48563;236
48631;236
48689;236
48753;236
48819;236
48877;236
48947;236
49047;236
49107;236
49165;236
49225;236
49281;236
49346;236
49413;236
49471;236
49528;236
49587;236
49652;236
49712;236
49772;236
49848;236
49923;236
49988;236
50054;236
50114;236
50177;236
50250;236
50310;236
50369;236
50427;236
50492;237
50550;237
50607;237
50665;237
50723;237
50783;237
50843;237
50903;237
50962;237
51021;237
51091;237
51148;237
51224;237
51284;237
51346;236
51407;236
51463;236
51519;236
51590;236
51663;236
51732;236
51793;236
51853;236
51929;236
51988;236
52046;236
52105;236
52162;236
52220;236
52280;237
52343;237
52399;237
52463;237
52528;237
52600;237
52660;237
52720;237
52778;237
52844;237
52920;237
52978;237
53040;237
53117;237
53175;236
53238;236
53298;236
53358;236
53423;236
53487;236
53553;236
53610;236
53670;236
53732;236
53791;236
53849;236
53923;236
53989;236
54050;236
54125;236
54202;236
54258;236
54322;236
54379;236
54443;236
54502;236
54560;236
54625;236
54683;236
54743;236
54802;236
54863;236
54931;236
54996;236
55069;236
55128;236
55185;236
55244;236
55302;236
55376;236
55437;236
55503;236
55561;236
55621;236
55686;236
55746;236
55805;236
55877;236
55933;236
55990;236
56060;236
56116;236
56173;236
56231;236
56293;236
56359;236
56436;236
56502;236
56560;236
56627;236
56691;236
56751;236
56808;236
56875;236
56935;236
56995;236
57061;236
57124;236
57185;236
57245;236
57328;236
57386;236
57458;236
57529;236
57588;236
57644;236
57702;236
57763;236
57829;236
57886;236
57956;238
58015;238
58075;238
58136;238
58198;238
58256;238
58316;238
58376;238
58436;238
58493;238
58560;238
58620;238
58677;238
58741;238
58800;238
58864;238
58922;238
58979;238
59043;238
59112;238
59179;238
59245;238
59316;238
59383;238
59448;238
59543;238
59599;238
59664;238
59723;238
59782;238
59839;238
59911;238
59969;238
60027;238
60084;238
60155;238
60217;238
60274;238
60338;238
60396;238
60452;239
60514;239
60581;239
60648;239
60707;239
60784;239
60851;239
60909;239
60976;239
61048;239
61129;239
61194;239
61253;239
61319;239
61376;239
61448;239
61507;239
61574;239
61633;239
61692;239
61761;239
61824;239
61893;239
61961;239
62020;239
62077;239
62134;239
62191;239
62249;239
62317;239
62385;239
62443;239
62504;239
62566;239
62633;239
62693;239
62754;239
62820;239
62888;239
62944;239
63003;239
63060;239
63130;239
63188;239
63270;239
63332;239
63398;239
63454;239
63519;239
63589;239
63660;239
63736;239
63803;239
63863;239
63926;239
63982;239
64055;239
64114;239
64179;239
64239;239
64298;239
64358;238
64426;238
64497;238
64564;238
64621;238
64678;238
64737;238
64798;238
64874;238
64932;238
64989;238
65065;238
65141;238
65209;238
65265;238
65321;238
65387;238
65447;238
65501;238
65565;238
65646;238
65729;238
65799;238
65885;238
65978;238
66040;238
66098;238
66155;238
66215;238
66281;238
66342;238
66400;238
66456;238
66516;238
66573;238
66633;238
66693;238
66770;238
66836;238
66907;238
66964;238
67025;238
67099;238
67195;239
67253;239
67320;239
67381;239
67438;239
67496;239
67561;239
67636;239
67693;239
67753;239
67809;239
67870;239
67928;239
67988;239
68048;239
68110;239
68170;239
68230;239
68287;239
68343;239
68402;239
68460;239
68518;239
68592;239
68652;239
68721;239
68779;239
68836;239
68895;239
68955;239
69013;239
69089;239
69147;239
69206;239
69265;239
69322;239
69378;239
69437;239
69495;238
69555;238
69613;238
69678;238
69737;238
69797;238
69855;238
69921;238
69979;238
70040;238
70098;238
70181;238
70244;238
70320;238
70382;238
70446;238
70517;238
70574;238
70632;238
70689;238
70752;238
70823;238
70907;238
70991;238
71052;238
71113;238
71187;238
71248;238
71314;238
71371;238
71436;238
71497;238
71555;238
71613;238
71671;238
71741;238
71803;238
71865;238
71922;238
71978;238
72034;238
72091;238
72147;238
72223;238
72281;238
72341;238
72399;238
72463;238
72519;238
72576;238
72632;238
72697;238
72755;238
72823;238
72894;238
72952;238
73009;238
73074;238
73193;238
73280;238
73348;238
73436;238
73524;238
73592;238
73658;238
73730;238
73818;238
73875;238
73931;238
73995;238
74053;238
74112;238
74172;238
74232;238
74291;238
74355;238
74416;238
74481;238
74537;238
74594;238
74654;238
74713;238
74773;238
74849;238
74909;238
74975;238
75041;238
75099;238
75159;238
75245;238
75303;238
75360;238
75423;238
75488;238
75546;238
75610;238
75674;238
75741;238
75807;238
75876;238
75934;238
75990;238
76055;238
76124;238
76184;238
76258;238
76316;238
76378;237
76439;237
76500;237
76581;237
76645;237
76710;237
76767;237
76826;237
76901;237
76958;237
77015;237
77085;237
77142;237
77211;237
77286;237
77342;237
77401;237
77484;236
77544;236
77616;236
77674;236
77746;236
77811;236
77871;236
77938;236
77996;236
78053;236
78119;236
78176;236
78236;236
78293;236
78359;236
78421;236
78485;236
78543;236
78606;236
78663;236
78723;236
78793;236
78854;236
78911;236
78976;236
79033;236
79091;236
79149;236
79228;236
79303;236
79363;236
79438;236
79498;236
79555;236
79625;236
79689;236
79748;236
79804;236
79861;236
79920;236
79973;236
80030;236
80088;236
80147;236
80206;236
80271;236
80341;236
80409;236
80467;236
80526;236
80583;236
80648;236
80720;236
80786;236
80851;236
80915;236
80977;236
81043;236
81102;236
81172;236
81235;236
81302;236
81360;236
81426;236
81481;236
81540;236
81597;236
81654;236
81716;236
81785;236
81843;236
81903;236
81962;236
82028;236
82110;236
82176;235
82244;235
82309;235
82372;235
82430;236
82490;236
82557;236
82631;236
82707;237
82773;237
82829;237
82888;237
82948;237
83006;237
83072;237
83154;237
83217;237
83288;237
83358;237
83414;237
83472;237
83531;237
83590;237
83655;237
83717;237
83777;237
83835;237
83893;237
83952;237
84030;237
84089;237
84155;237
84214;237
84271;237
84327;237
84383;237
84442;237
84500;237
84560;237
84618;237
84675;237
84742;237
84808;237
84876;237
84943;237
85003;237
85062;237
85118;237
85178;237
85238;237
85300;237
85360;237
85419;237
85494;237
85568;237
85665;237
85727;237
85783;237
85854;237
85913;237
85996;237
86065;237
86124;238
86184;238
86246;238
86307;238
86374;238
86440;238
86655;238
86716;238
86775;238
86834;238
86892;238
86950;238
87017;238
87095;238
87153;238
87210;238
87278;237
87354;237
87429;237
87490;237
87756;237
87916;237
87990;237
88050;237
88109;237
88169;237
88236;237
88302;237
88360;237
88419;237
88476;237
88543;237
88624;237
88689;237
88753;237
88816;237
89016;237
89346;237
89422;237
89482;237
89542;237
89599;237
89667;237
89735;235
89793;235
89859;235
89934;235
89996;235
90066;235
90125;235
90210;235
90286;235
90344;235
90413;235
90512;235
90573;235
90633;235
90706;235
90782;235
90841;235
90901;235
90977;235
91034;235
91101;235
91159;235
91220;235
91282;235
91347;235
91408;235
91467;235
91562;235
91803;235
92091;235
92391;235
92457;235
92524;235
92583;235
92648;235
92707;235
92774;235
92831;235
92889;235
92956;235
93017;235
93085;235
93146;235
93205;235
93284;235
93346;235
93407;234
93470;234
93537;234
93597;234
93711;234
93771;234
93843;234
93902;234
93960;234
94020;234
94078;234
94135;235
94203;235
94260;235
94327;235
94396;235
94458;235
94517;235
94577;235
94634;235
94696;235
94755;235
94818;235
94885;235
94963;235
95187;235
95244;235
95301;235
95385;235
95455;235
95524;235
95582;235
95642;235
95703;235
95772;235
95830;235
95890;235
95942;235
96011;235
96072;235
96130;235
96188;235
96246;235
96325;235
96388;235
96448;235
96529;235
96593;235
96652;235
96718;235
96776;235
96844;235
96902;235
96958;235
97025;236
97084;236
97143;236
97205;236
97283;236
97385;236
97456;236
97515;236
97582;236
97640;236
97699;236
97758;236
97843;236
97918;236
97975;236
98031;236
98105;236
98174;236
98235;236
98293;236
98354;236
98413;236
98471;236
98539;236
98597;236
98656;236
98724;236
98787;236
98846;236
98914;236
98972;236
99033;236
99099;236
99171;236
99228;236
99287;236
99362;236
99441;236
99508;236
99568;236
99626;236
99684;236
99743;236
99814;236
99873;236
99933;236
99994;236
100053;236
100120;236
100181;236
100252;236
100319;236
100377;236
100444;236
100505;236
100563;236
100621;236
100680;236
100738;236
100805;236
100873;236
100935;236
101003;236
101060;236
101118;236
101176;236
101235;236
101294;236
101369;236
101448;236
101507;236
101580;236
101664;236
101725;236
101804;236
101860;236
101919;236
101978;236
102034;236
102099;236
102158;235
102218;235
102276;235
102343;235
102411;235
102471;235
102532;235
102589;235
102654;235
102728;235
102790;235
102866;235
102925;235
103011;235
103072;235
103181;235
103239;235
103301;235
103367;235
103436;235
103495;235
103567;235
103625;235
103694;235
103774;235
103836;235
103902;235
103959;235
104037;235
104094;235
104152;235
104210;235
104268;235
104325;235
104410;235
104480;235
104539;235
104606;235
104662;235
104720;234
104778;234
104836;234
104898;234
104955;234
105031;234
105089;234
105149;234
105206;234
105263;234
105328;234
105388;234
105448;234
105510;234
105584;234
105644;234
105727;234
105797;234
105852;234
105923;234
105981;234
106046;234
106105;234
106163;234
106224;234
106283;234
106342;234
106404;234
106462;234
106521;234
106580;234
106640;234
106698;234
106772;234
106833;234
106894;234
106951;234
107012;234
107107;234
107167;234
107226;234
107284;234
107357;234
107418;234
107488;234
107548;234
107618;234
107675;234
107752;234
107806;234
107865;234
107923;234
107983;234
108040;234
108098;234
108158;234
108218;234
108279;234
108336;234
108397;234
108453;234
108510;234
108596;234
108665;234
108726;234
108786;234
108846;234
108914;234
108974;234
109034;234
109092;234
109152;234
109211;234
109267;234
109339;234
109399;234
109460;234
109518;234
109584;234
109652;234
109708;234
109768;234
109833;234
109893;234
109957;234
110026;234
110086;234
110159;234
110220;234
110285;234
110351;234
110411;234
110472;234
110533;234
110605;234
110672;234
110748;234
110818;234
110882;234
110949;234
111008;234
111067;234
111132;234
111197;234
111258;234
111331;234
111393;234
111460;234
111519;234
