1434;288
1666;288
1911;288
2111;288
2322;288
2528;288
2946;288
3172;288
3375;288
3587;288
3791;288
3999;288
4262;288
4628;288
5057;288
5286;288
5493;288
5701;288
5909;288
6157;288
6406;288
6619;288
6818;288
7018;288
7228;288
7427;288
7691;288
7980;288
8178;288
8378;288
8576;288
8778;288
8976;288
9194;288
9409;288
9614;288
9822;288
10028;288
10225;288
10417;288
10613;288
10808;288
11015;288
11209;288
11398;288
11585;288
11777;288
11961;288
12144;288
12325;288
12508;288
12686;288
12863;288
13041;288
13240;288
13414;288
13579;288
13747;288
13914;288
14081;288
14250;288
14402;288
14558;288
14714;288
14874;288
15029;288
15205;288
15353;288
15496;288
15646;288
15792;288
15934;288
16123;279
16264;279
16408;279
16541;279
16703;276
16864;275
17022;274
17206;267
17327;267
17446;267
17600;264
17722;264
17837;264
17960;264
18075;264
18221;261
18368;261
18528;260
18642;260
18752;260
18862;260
18992;260
19134;260
19304;260
19487;260
19681;259
19837;259
20012;259
20192;259
20345;259
20481;259
20596;259
20711;259
20851;259
20975;259
21119;259
21263;259
21423;259
21554;259
21678;259
21794;259
21910;259
22026;259
22135;259
22273;259
22425;259
22578;259
22687;259
22790;259
22900;259
23003;259
23114;259
23231;259
23353;259
23486;259
23593;259
23701;259
23804;259
23950;259
24131;259
24286;259
24390;259
24513;259
24622;259
24766;259
24890;259
25005;259
25108;259
25215;259
25321;259
25434;259
25546;259
25646;259
25762;259
25873;259
26001;259
26129;259
26238;259
26368;259
26473;259
26573;259
26678;259
26779;259
26896;259
27009;259
27124;259
27234;259
27368;259
27494;259
27609;259
27709;259
27825;259
27971;259
28073;259
28207;259
28311;259
28432;259
28536;259
28637;259
28793;259
28943;259
29066;259
29190;259
29303;259
29422;259
29527;259
29627;259
29734;259
29832;259
29939;259
30040;259
30144;259
30253;259
30374;259
30480;259
30587;259
30689;259
30794;259
30901;259
31002;259
31109;259
31211;259
31321;259
31434;259
31533;259
31641;259
31749;259
31864;259
31979;259
32088;259
32189;259
32292;259
32398;259
32498;259
32604;259
32705;259
32813;259
32919;259
33025;259
33130;259
33236;259
33350;259
33502;259
33622;259
33742;259
33862;259
33989;259
34108;259
34226;259
34336;259
34454;259
34573;259
34700;259
34832;259
35046;259
35172;259
35290;259
35419;259
35547;259
35690;259
35816;259
35970;259
36152;259
36282;259
36402;259
36516;259
36631;259
36744;259
36857;259
36988;259
37115;259
37247;259
37394;259
37518;259
37628;259
37748;259
37869;259
37999;259
38112;259
38227;259
38339;259
38452;259
38558;259
38674;259
38792;259
38915;259
39077;259
39190;259
39309;259
39420;259
39530;259
39641;259
39752;259
39865;259
39979;259
40087;259
40198;259
40312;259
40425;259
40541;259
40656;259
40780;259
40890;259
41000;259
41109;259
41219;259
41327;259
41439;259
41545;259
41710;259
41832;259
41961;259
42083;259
42206;259
42322;259
42449;259
42569;259
42689;259
42827;259
42967;259
43088;259
43214;259
43323;259
43432;259
43555;259
43666;259
43785;259
43908;259
44020;259
44130;259
44238;259
44354;259
44467;259
44603;259
44722;259
44838;259
44976;259
45097;259
45213;259
45325;259
45450;259
45569;259
45678;259
45787;259
45901;259
46013;259
46124;259
46233;259
46348;259
46465;259
46580;259
46695;259
46806;259
46934;259
47117;259
47261;259
47378;259
47497;259
47617;259
47728;259
47838;259
47947;259
48064;259
48196;259
48357;259
48474;259
48589;259
48721;259
48847;259
48991;259
49155;259
49317;259
49446;259
49607;259
49799;259
49968;259
50095;259
50208;259
50319;259
50430;259
50555;259
50658;259
50768;259
50884;259
51000;259
51117;259
51234;259
51360;259
51499;259
51635;259
51745;259
51857;259
51985;259
52146;259
52327;259
52522;259
52732;259
52934;259
53126;259
53331;259
53539;259
53721;259
53925;259
54099;259
54279;259
54428;259
54550;259
54655;259
54775;259
54894;259
55017;259
55129;259
55241;259
55342;259
55452;259
55567;259
55671;259
55776;259
55878;259
55986;259
56104;259
56243;259
56383;259
56485;259
56593;259
56698;259
56805;259
56918;259
57019;259
57125;259
57228;259
57334;259
57441;259
57543;259
57654;259
57756;259
57863;259
57968;259
58069;259
58176;259
58281;259
58386;259
58489;259
58601;259
58709;259
58812;259
58919;259
59026;259
59125;259
59230;259
59330;259
59434;259
59535;259
59645;259
59754;259
59858;259
59965;259
60066;259
60174;259
60276;259
60382;259
60490;259
60590;259
60697;259
60839;259
60962;259
61061;259
61161;259
61264;259
61372;259
61472;259
61582;259
61688;259
61792;259
61899;259
62001;259
62107;259
62207;259
62316;259
62422;259
62536;259
62690;259
62802;259
62916;259
63020;259
63127;259
63233;259
63335;259
63441;259
63542;259
63674;259
63779;259
63888;259
63989;259
64094;259
64196;259
64304;259
64409;259
64560;259
64699;259
64850;259
64966;259
65072;259
65173;259
65284;259
65413;259
65525;259
65650;259
65769;259
65893;259
66005;259
66121;259
66225;259
66353;259
66522;259
66709;259
66883;259
67058;259
67192;259
67302;259
67403;259
67517;259
67620;259
67757;259
67864;259
67975;259
68085;259
68215;259
68332;259
68459;259
68559;259
68666;259
68782;259
68940;259
69061;259
69169;259
69278;259
69394;259
69502;259
69605;259
69716;259
69818;259
69934;259
70042;259
70144;259
70250;259
70355;259
70506;259
70673;259
70792;259
70924;259
71042;259
71147;259
71254;259
71354;259
71462;259
71564;259
71673;259
71780;259
71892;259
72005;259
72114;259
72219;259
72329;259
72437;259
72537;259
72647;259
72748;259
72856;259
72971;259
73094;259
73201;259
73305;259
73414;259
73517;259
73622;259
73734;259
73837;259
73944;259
74045;259
74151;259
74254;259
74360;259
74496;259
74684;259
74803;259
74912;259
75019;259
75190;259
75341;259
75455;259
75559;259
75662;259
75772;259
75872;259
75977;259
76078;259
76184;259
76285;259
76392;259
76502;259
76634;259
76744;259
76848;259
76960;259
77062;259
77167;259
77275;259
77378;259
77484;259
77591;259
77692;259
77804;259
77908;259
78014;259
78117;259
78218;259
78343;259
78451;259
78552;259
78656;259
78755;259
78860;259
78974;259
79074;259
79181;259
79283;259
79390;259
79493;259
79598;259
79704;259
79812;259
79933;259
80040;259
80138;259
80242;259
80342;259
80446;259
80552;259
80652;259
80758;259
80859;259
80965;259
81066;259
81172;259
81271;259
81384;259
81501;259
81606;259
81711;259
81823;259
81929;259
82038;259
82151;259
82252;259
82358;259
82461;259
82562;259
82667;259
82769;259
82876;259
83004;259
83108;259
83211;259
83314;259
83425;259
83530;259
83638;259
83738;259
83847;259
83957;259
84061;259
84168;259
84271;259
84380;259
84488;259
84601;259
84704;259
84807;259
84913;259
85028;259
85128;259
85232;259
85337;259
85441;259
85545;259
85646;259
85750;259
85854;259
85965;259
86086;259
86191;259
86292;259
86396;259
86499;259
86606;259
86706;259
86810;259
86911;259
87017;259
87122;259
87226;259
87329;259
87429;259
87530;259
87656;259
87759;259
87875;259
87981;259
88081;259
88189;259
88294;259
88412;259
88519;259
88621;259
88725;259
88829;259
88932;259
89037;259
89143;259
89260;259
89364;259
89463;259
89567;259
89667;259
89773;259
89902;259
90004;259
90106;259
90213;259
90312;259
90416;259
90515;259
90624;259
90731;259
90837;259
90947;259
91048;259
91150;259
91250;259
91354;259
91464;259
91564;259
91664;259
91766;259
91891;259
92000;259
92099;259
92205;259
92313;259
92417;259
92526;259
92625;259
92732;259
92838;259
92944;259
93051;259
93150;259
93254;259
93355;259
93462;259
93561;259
93664;259
93779;259
93894;259
94001;259
94106;259
94207;259
94317;259
94421;259
94526;259
94630;259
94731;259
94832;259
94938;259
95046;259
95150;259
95256;259
95377;259
95484;259
95585;259
95692;259
95792;259
95902;259
96005;259
96106;259
96210;259
96310;259
96415;259
96517;259
96625;259
96726;259
96833;259
96953;259
97057;259
97162;259
97269;259
97372;259
97476;259
97577;259
97683;259
97785;259
97893;259
98001;259
98103;259
98208;259
98313;259
98423;259
98530;259
98631;259
98738;259
98842;259
98948;259
99050;259
99153;259
99259;259
99358;259
99465;259
99568;259
99673;259
99773;259
99880;259
100004;259
100110;259
100211;259
100316;259
100414;259
100522;259
100621;259
100733;259
100849;259
100965;259
101078;259
101196;259
101313;259
101453;259
101593;259
101705;259
101809;259
101919;259
102029;259
102128;259
102235;259
102338;259
102445;259
102554;259
102656;259
102765;259
102872;259
102982;259
103103;259
103210;259
103313;259
103420;259
103528;259
103628;259
103733;259
103836;259
103947;259
104056;259
104158;259
104265;259
104373;259
104476;259
104582;259
104689;259
104793;259
104899;259
105001;259
105107;259
105211;259
105318;259
105424;259
105537;259
105658;259
105769;259
105886;259
106042;259
106167;259
106324;259
106446;259
106546;259
106650;259
106752;259
106857;259
106965;259
107096;259
107227;259
107334;259
107434;259
107539;259
107640;259
107750;259
107859;259
107977;259
108103;259
108205;259
108310;259
108410;259
108517;259
108621;259
108733;259
108840;259
108966;259
109075;259
109176;259
109287;259
109396;259
109499;259
109605;259
109707;259
109814;259
109919;259
110042;259
110151;259
110279;259
110434;259
110591;259
110746;259
110907;259
111076;259
111201;259
111308;259
111410;259
111514;259
111615;259
111719;259
111831;259
111957;259
112084;259
112205;259
112334;259
112476;259
112607;259
112712;259
112813;259
112923;259
113026;259
113126;259
113231;259
113331;259
113436;259
113540;259
113642;259
113741;259
113845;259
113953;259
114063;259
114172;259
114273;259
114380;259
114482;259
114590;259
114696;259
114795;259
114898;259
115003;259
115111;259
115216;259
115322;259
115431;259
115533;259
115641;259
115751;259
115860;259
115969;259
116077;259
116186;259
116292;259
116401;259
116503;259
116608;259
116708;259
116814;259
116924;259
117049;259
117156;259
117261;259
117362;259
117467;259
117569;259
117678;259
117784;259
117887;259
117991;259
118095;259
118203;259
118308;259
118408;259
118513;259
118615;259
118720;259
118821;259
118926;259
119027;259
119136;259
119236;259
119339;259
119450;259
119550;259
119654;259
119755;259
119861;259
119969;259
120082;259
120191;259
120294;259
120398;259
120501;259
120606;259
120712;259
120813;259
120927;259
121032;259
121131;259
121236;259
121335;259
121438;259
121539;259
121648;259
121748;259
121851;259
121955;259
122061;259
122169;259
122270;259
122373;259
122471;259
122574;259
122674;259
122778;259
122879;259
122984;259
123085;259
123195;259
123298;259
123403;259
123511;259
123612;259
123718;259
123822;259
123930;259
124035;259
124137;259
124247;259
124354;259
124473;259
124652;259
124779;259
124927;259
125040;259
125151;259
125261;259
125369;259
125483;259
125596;259
125704;259
125816;259
125927;259
126033;259
126137;259
126250;259
126353;259
126458;259
126564;259
126665;259
126769;259
126869;259
126979;259
127083;259
127189;259
127293;259
127393;259
127500;259
127604;259
127711;259
127817;259
127922;259
128033;259
128135;259
128245;259
128351;259
128455;259
128560;259
128662;259
128768;259
128877;259
128982;259
129088;259
129190;259
129299;259
129408;259
129512;259
129620;259
129726;259
129827;259
129935;259
130039;259
130147;259
130258;259
130361;259
130468;259
130571;259
130675;259
130779;259
130889;259
130997;259
131098;259
131205;259
131313;259
131415;259
131523;259
131625;259
131732;259
131838;259
131944;259
132052;259
132156;259
132268;259
132381;259
132486;259
132594;259
132704;259
132806;259
132922;259
133031;259
133133;259
133240;259
133346;259
133448;259
133556;259
133659;259
133768;259
133887;259
134015;259
134138;259
134282;259
134455;259
134576;259
134705;259
134875;259
135047;259
135166;259
135275;259
135399;259
135528;259
135643;259
135751;259
135854;259
135964;259
136073;259
136176;259
136288;259
136390;259
136496;259
136599;259
136707;259
136814;259
136922;259
137032;259
137140;259
137243;259
137351;259
137453;259
137558;259
137662;259
137766;259
137874;259
137979;259
138087;259
138199;259
138324;259
138429;259
138538;259
138648;259
138752;259
138858;259
138967;259
139073;259
139178;259
139286;259
139389;259
139495;259
139598;259
139706;259
139814;259
139918;259
140025;259
140133;259
140255;259
140371;259
140476;259
140579;259
140682;259
140783;259
140889;259
140994;259
141095;259
141200;259
141303;259
141410;259
141519;259
141627;259
141738;259
141843;259
141948;259
142055;259
142161;259
142274;259
142383;259
142486;259
142591;259
142697;259
142797;259
142904;259
143005;259
143111;259
143234;259
143335;259
143439;259
143543;259
143645;259
143749;259
143852;259
143960;259
144072;259
144177;259
144288;259
