1304;77
1572;77
1802;77
2029;77
2242;77
2478;77
2730;77
2967;77
3184;77
3403;77
3617;77
3820;77
4044;77
4368;77
4687;77
4981;77
5204;77
5408;77
5625;77
5837;77
6050;77
6273;77
6507;77
6752;77
6974;77
7184;77
7390;77
7595;77
7851;77
8135;77
8425;77
8627;77
8823;77
9023;77
9253;77
9442;77
9633;77
9828;77
10014;77
10197;77
10377;77
10568;77
10776;77
10951;77
11132;77
11298;77
11465;77
11631;77
11796;77
11958;77
12117;77
12285;77
12437;77
12599;77
12743;77
12892;77
13030;77
13186;77
13334;77
13463;77
13597;77
13725;77
13863;77
13985;77
14104;77
14226;77
14340;77
14456;77
14621;75
14778;74
14904;74
15020;74
15124;74
15225;74
15339;74
15451;74
15590;73
15685;73
15780;73
15874;73
15966;73
16063;73
16151;73
16244;73
16342;73
16439;73
16549;73
16641;73
16725;73
16817;73
16905;73
16989;73
17084;73
17166;73
17263;73
17357;73
17445;73
17533;73
17622;73
17712;73
17806;73
17898;73
17993;73
18084;73
18173;73
18259;73
18343;73
18431;73
18540;73
18627;73
18711;73
18807;73
18891;73
18976;73
19068;73
19152;73
19236;73
19320;73
19404;73
19488;73
19572;73
19660;73
19744;73
19837;73
19923;73
20008;73
20099;73
20184;73
20267;73
20350;73
20451;73
20544;73
20647;73
20736;73
20834;73
20922;73
21007;73
21093;73
21178;73
21274;73
21365;73
21461;73
21552;73
21636;73
21726;73
21810;73
21894;73
21978;73
22072;73
22155;73
22237;73
22325;73
22410;73
22495;73
22584;73
22681;73
22772;73
22857;73
22948;73
23044;73
23129;73
23220;73
23310;73
23400;73
23489;73
23582;73
23667;73
23757;73
23842;73
23926;73
24016;73
24109;73
24199;73
24284;73
24376;73
24469;73
24574;73
24663;73
24746;73
24836;73
24921;73
25021;73
25105;73
25199;73
25281;73
25372;73
25456;73
25549;73
25635;73
25719;73
25802;73
25891;73
25982;73
26074;73
26161;73
26258;73
26347;73
26438;73
26530;73
26625;73
26710;73
26801;73
26891;73
26978;73
27075;73
27169;73
27252;73
27335;73
27418;73
27503;73
27601;73
27688;73
27771;73
27854;73
27958;73
28051;73
28140;73
28230;73
28315;73
28406;73
28491;73
28581;73
28670;73
28754;73
28839;73
28923;73
29008;73
29092;73
29177;73
29262;73
29351;73
29435;73
29520;73
29604;73
29688;73
29771;73
29855;73
29944;73
30028;73
30112;73
30267;73
30371;73
30492;73
30588;73
30695;73
30778;73
30870;73
30965;73
31055;73
31141;73
31224;73
31310;73
31400;73
31483;73
31568;73
31658;73
31742;73
31828;73
31913;73
32010;73
32102;73
32186;73
32273;73
32365;73
32464;73
32549;73
32660;73
32762;73
32845;73
32934;73
33022;73
33107;73
33205;73
33290;73
33380;73
33464;73
33548;73
33637;73
33730;73
33822;73
33906;73
33992;73
34084;73
34167;73
34262;73
34352;73
34437;73
34521;73
34616;73
34706;73
34789;73
34873;73
34969;73
35062;73
35152;73
35243;73
35340;73
35424;73
35508;73
35600;73
35694;73
35788;73
35873;73
35963;73
36052;73
36137;73
36230;73
36315;73
36404;73
36488;73
36578;73
36673;73
36765;73
36863;73
36957;73
37044;73
37137;73
37227;73
37320;73
37408;73
37501;73
37585;73
37678;73
37764;73
37855;73
37953;73
38057;73
38143;73
38234;73
38317;73
38421;73
38510;73
38602;73
38692;73
38787;73
38877;73
38968;73
39057;73
39149;73
39236;73
39325;73
39414;73
39506;73
39598;73
39682;73
39765;73
39848;73
39938;73
40039;73
40132;73
40217;73
40310;73
40394;73
40485;73
40568;73
40663;73
40757;73
40846;73
40931;73
41016;73
41099;73
41195;73
41277;73
41361;73
41449;73
41535;73
41621;73
41705;73
41796;73
41880;73
41964;73
42049;73
42133;73
42217;73
42300;73
42388;73
42472;73
42556;73
42641;73
42731;73
42813;73
42906;73
43001;73
43097;73
43185;73
43278;73
43379;73
43464;73
43555;73
43646;73
43739;73
43833;73
43924;73
44013;73
44105;73
44200;73
44301;73
44387;73
44482;73
44577;73
44670;73
44776;73
44861;73
44948;73
45038;73
45130;73
45214;73
45298;73
45381;73
45466;73
45550;73
45642;73
45729;73
45822;73
45912;73
45999;73
46104;73
46198;73
46284;73
46369;73
46463;73
46549;73
46641;73
46731;73
46816;73
46907;73
46996;73
47082;73
47165;73
47260;73
47351;73
47436;73
47519;73
47610;73
47706;73
47790;73
47874;73
47974;73
48070;73
48154;73
48247;73
48341;73
48429;73
48520;73
48605;73
48705;73
48799;73
48883;73
48980;73
49075;73
49177;73
49262;73
49354;73
49450;73
49541;73
49635;73
49720;73
49811;73
49905;73
49996;73
50083;73
50176;73
50260;73
50356;73
50455;73
50548;73
50639;73
50739;73
50837;73
50945;73
51040;73
51130;73
51226;73
51317;73
51401;73
51486;73
51580;73
51677;73
51763;73
51854;73
51952;73
52043;73
52133;73
52230;73
52315;73
52406;73
52498;73
52590;73
52682;73
52773;73
52869;73
52959;73
53053;73
53138;73
53222;73
53314;73
53407;73
53492;73
53587;73
53673;73
53766;73
53860;73
53959;73
54051;73
54144;73
54235;73
54328;73
54416;73
54508;73
54603;73
54696;73
54787;73
54879;73
54971;73
55058;73
55155;73
55246;73
55332;73
55418;73
55508;73
55592;73
55677;73
55761;73
55845;73
55929;73
56013;73
56109;73
56224;73
56375;73
56467;73
56550;73
56633;73
56722;73
56819;73
56902;73
56986;73
57071;73
57156;73
57239;73
57330;73
57413;73
57505;73
57591;73
57674;73
57757;73
57841;73
57931;73
58030;73
58116;73
58201;73
58286;73
58374;73
58457;73
58541;73
58629;73
58713;73
58802;73
58885;73
58971;73
59057;73
59139;73
59224;73
59311;73
59398;73
59481;73
59565;73
59648;73
59731;73
59815;73
59908;73
59993;73
60077;73
60161;73
60243;73
60329;73
60412;73
60503;73
60586;73
60671;73
60754;73
60844;73
60927;73
61011;73
61103;73
61186;73
61270;73
61353;73
61451;73
61535;73
61628;73
61728;73
61820;73
61910;73
62004;73
62098;73
62197;73
62288;73
62378;73
62463;73
62557;73
62643;73
62733;73
62823;73
62910;73
63014;73
63107;73
63201;73
63286;73
63376;73
63477;73
63562;73
63645;73
63728;73
63827;73
63919;73
64004;73
64100;73
64192;73
64287;73
64382;73
64475;73
64569;73
64659;73
64757;73
64884;73
64970;73
65069;73
65164;73
65265;73
65357;73
65442;73
65527;73
65618;73
65707;73
65791;73
65876;73
65984;73
66086;73
66192;73
66293;73
66393;73
66478;73
66563;73
66649;73
66740;73
66826;73
66913;73
66997;73
67082;73
67165;73
67253;73
67341;73
67433;73
67521;73
67608;73
67702;73
67791;73
67883;73
67971;73
68065;73
68155;73
68247;73
68336;73
68428;73
68520;73
68610;73
68705;73
68792;73
68930;73
69021;73
69119;73
69226;73
69330;73
69443;73
69538;73
69645;73
69744;73
69852;73
69947;73
70042;73
70136;73
70241;73
70343;73
70444;73
70542;73
70649;73
70746;73
70853;73
70945;73
71048;73
71150;73
71251;73
71342;73
71444;73
71548;73
71648;73
71756;73
71855;73
71951;73
72050;73
72174;73
72265;73
72359;73
72451;73
72549;73
72643;73
72736;73
72826;73
72922;73
73020;73
73117;73
73214;73
73310;73
73403;73
73498;73
73587;73
73683;73
73769;73
73853;73
73938;73
74024;73
74110;73
74198;73
74282;73
74366;73
74451;73
74535;73
74619;73
74702;73
74790;73
74874;73
74981;73
75070;73
75159;73
75248;73
75331;73
75419;73
75502;73
75585;73
75669;73
75754;73
75840;73
75923;73
76014;73
76107;73
76199;73
76300;73
76386;73
76469;73
76556;73
76655;73
76752;73
76840;73
76936;73
77024;73
77108;73
77192;73
77278;73
77364;73
77455;73
77539;73
77624;73
77708;73
77793;73
77877;73
77968;73
78063;73
78145;73
78231;73
78330;73
78414;73
78504;73
78595;73
78691;73
78781;73
78864;73
78959;73
79063;73
79147;73
79232;73
79316;73
79402;73
79485;73
79569;73
79659;73
79742;73
79831;73
79915;73
79999;73
80084;73
80168;73
80258;73
80341;73
80426;73
80510;73
80596;73
80680;73
80764;73
80854;73
80937;73
81029;73
81134;73
81249;73
81373;73
81489;73
81580;73
81669;73
81757;73
81841;73
81926;73
82011;73
82126;73
82254;73
82373;73
82460;73
82544;73
82629;73
82712;73
82805;73
82904;73
82990;73
83079;73
83162;73
83254;73
83338;73
83428;73
83511;73
83596;73
83677;73
83761;73
83845;73
83928;73
84019;73
84102;73
84186;73
84272;73
84363;73
84450;73
84533;73
84622;73
84705;73
84789;73
84871;73
84956;73
85047;73
85131;73
85218;73
85302;73
85386;73
85471;73
85553;73
85640;73
85722;73
85811;73
85895;73
85982;73
86068;73
86153;73
86238;73
86323;73
86413;73
86496;73
86582;73
86666;73
86751;73
86833;73
86921;73
87014;73
87103;73
87187;73
87270;73
87355;73
87440;73
87529;73
87618;73
87702;73
87787;73
87872;73
87963;73
88052;73
88135;73
88226;73
88311;73
88397;73
88481;73
88565;73
88649;73
88734;73
88823;73
88908;73
88992;73
89105;73
89189;73
89274;73
89357;73
89447;73
89532;73
89617;73
89701;73
89785;73
89870;73
89962;73
90054;73
90141;73
90269;73
90367;73
90500;73
90602;73
90686;73
90768;73
90852;73
90937;73
91024;73
91123;73
91218;73
91318;73
91404;73
91496;73
91582;73
91673;73
91758;73
91854;73
91940;73
92032;73
92120;73
92213;73
92297;73
92382;73
92475;73
92563;73
92652;73
92741;73
92834;73
92917;73
92999;73
93095;73
93179;73
93263;73
93347;73
93429;73
93519;73
93605;73
93700;73
93790;73
93883;73
93980;73
94068;73
94153;73
94238;73
94329;73
94413;73
94510;73
94597;73
94685;73
94777;73
94871;73
94960;73
95061;73
95169;73
95257;73
95341;73
95428;73
95527;73
95621;73
95716;73
95809;73
95895;73
95979;73
96064;73
96149;73
96239;73
96322;73
96404;73
96489;73
96572;73
96656;73
96745;73
96834;73
96917;73
97001;73
97098;73
97202;73
97294;73
97377;73
97469;73
97552;73
97648;73
97736;73
97829;73
97917;73
98002;73
98095;73
98180;73
98267;73
98351;73
98434;73
98517;73
98600;73
98690;73
98781;73
98864;73
98947;73
99052;73
99148;73
99242;73
99331;73
99426;73
99517;73
99603;73
99686;73
99784;73
99869;73
99952;73
100041;73
100125;73
100208;73
100293;73
100381;73
100465;73
100549;73
100632;73
100715;73
100800;73
100889;73
100978;73
101064;73
101153;73
101237;73
101328;73
101410;73
101494;73
101581;73
101665;73
101748;73
101850;73
101934;73
102016;73
102099;73
102183;73
102268;73
102355;73
102448;73
102541;73
102628;73
102717;73
102805;73
102893;73
102995;73
103080;73
103206;73
103289;73
103371;73
103466;73
103559;73
103652;73
103744;73
103829;73
103914;73
104012;73
104099;73
104185;73
104267;73
104365;73
104462;73
104547;73
104637;73
104720;73
104813;73
104896;73
104989;73
105138;71
105238;71
105334;71
105435;71
105521;71
105604;71
105696;71
105840;70
105937;70
106039;70
106131;70
106215;70
106306;70
106389;70
106479;70
106563;70
106659;70
106742;70
106824;70
106915;70
107010;70
107093;70
107187;70
107270;70
107363;70
107466;70
107560;70
107645;70
107742;70
107833;70
107930;70
108032;70
108118;70
108211;70
108296;70
108387;70
108479;70
108562;70
108652;70
108735;70
108826;70
108908;70
108994;70
109087;70
109190;70
109276;70
109369;70
109452;70
109535;70
109634;70
109740;70
109822;70
109904;70
109988;70
110077;70
110160;70
110243;70
110326;70
110407;70
110492;70
110586;70
110678;70
110764;70
110860;70
110943;70
111051;70
111157;70
111250;70
111340;70
111441;70
111540;70
111623;70
111704;70
111787;70
111871;70
111959;70
112055;70
112141;70
112224;70
112305;70
112388;70
112475;70
112558;70
112643;70
112724;70
112806;70
112888;70
112971;70
113058;70
113153;70
113258;70
113348;70
113430;70
113513;70
113601;70
113691;70
113774;70
113857;70
113942;70
114025;70
114108;70
114191;70
114281;70
114365;70
114448;70
114532;70
114614;70
114698;70
114780;70
114871;70
114955;70
115045;70
115139;70
115232;70
115336;70
115427;70
115511;70
115594;70
115682;70
115779;70
115861;70
115945;70
116049;70
116168;70
116291;70
116375;70
116467;70
116553;70
116637;70
116729;70
