186;235
314;235
396;235
514;235
614;235
684;235
752;235
832;235
916;235
979;235
1047;235
1115;235
1180;235
1281;235
1363;235
1476;235
1565;235
1634;235
1703;235
1768;235
1833;235
1898;235
1967;235
2045;235
2124;235
2189;235
2258;235
2323;235
2383;235
2440;235
2502;235
2561;235
2637;235
2706;235
2792;235
2882;235
2962;235
3047;235
3123;235
3219;235
3299;235
3356;235
3413;235
3475;235
3549;235
3614;235
3674;235
3731;235
3788;235
3849;235
3909;235
3966;235
4031;235
4087;235
4147;235
4204;235
4286;235
4342;235
4402;235
4462;235
4519;235
4579;235
4642;235
4702;235
4769;235
4829;235
4889;235
4958;235
5017;235
5076;235
5134;235
5193;235
5257;235
5329;235
5428;235
5507;235
5582;235
5645;235
5702;235
5759;235
5824;235
5881;235
5940;235
5998;235
6067;235
6125;235
6182;235
6244;235
6325;235
6446;235
6518;235
6577;235
6637;235
6713;235
6777;235
6838;235
6904;235
6961;235
7031;235
7097;235
7156;235
7222;235
7280;235
7346;235
7416;235
7484;235
7542;235
7606;235
7686;235
7743;235
7802;235
7861;235
7926;235
7982;235
8047;235
8105;235
8163;235
8230;235
8297;235
8354;235
8410;235
8474;235
8543;235
8602;235
8665;235
8731;235
8790;235
8847;235
8911;235
8982;235
9040;235
9104;235
9164;235
9231;235
9291;235
9360;235
9419;235
9482;235
9541;235
9599;235
9655;235
9714;235
9778;235
9840;235
9905;235
9961;235
10021;235
10086;235
10145;235
10210;235
10271;235
10332;235
10392;235
10453;235
10510;235
10581;235
10643;235
10711;235
10783;235
10848;235
10908;235
10987;235
11048;235
11105;235
11171;235
11233;235
11292;235
11348;235
11409;235
11484;235
11545;235
11613;235
11673;235
11732;235
11802;235
11864;235
11925;235
11982;235
12039;235
12104;235
12182;235
12278;235
12357;236
12426;236
12541;236
12606;236
12662;236
12722;236
12779;236
12844;236
12903;236
12960;236
13029;236
13087;236
13147;236
13217;236
13278;236
13343;236
13402;236
13469;236
13530;236
13602;236
13660;236
13730;236
13788;236
13858;236
13923;236
13983;236
14045;236
14107;236
14163;236
14220;236
14282;236
14340;236
14398;236
14455;236
14514;236
14572;236
14637;236
14706;236
14772;236
14829;236
14885;236
14944;236
15006;236
15065;236
15120;236
15185;236
15252;236
15317;236
15377;236
15435;236
15512;236
15584;236
15664;236
15729;236
15786;236
15850;236
15922;236
15981;236
16048;236
16103;236
16160;236
16219;236
16277;236
16334;236
16393;236
16454;236
16513;236
16578;236
16636;236
16693;236
16753;236
16810;236
16875;236
16932;236
16996;236
17059;236
17117;236
17174;236
17241;236
17306;236
17363;236
17428;236
17486;236
17570;236
17636;236
17692;236
17755;236
17810;236
17866;236
17931;236
18001;236
18062;236
18121;236
18180;236
18256;236
18317;236
18376;236
18433;236
18514;236
18596;236
18667;236
18733;236
18814;236
18884;236
18956;236
19037;236
19098;236
19163;236
19226;236
19283;236
19343;236
19401;236
19465;236
19533;236
19609;236
19666;236
19742;236
19842;236
19949;236
20031;236
20114;236
20193;236
20256;236
20314;236
20381;236
20436;236
20501;236
20560;236
20628;236
20693;236
20753;236
20811;236
20867;236
20932;236
20992;236
21058;236
21114;236
21172;236
21238;236
21295;236
21354;236
21425;236
21482;236
21544;236
21619;236
21687;236
21751;236
21809;236
21865;236
21930;236
21990;236
22048;236
22105;236
22164;236
22223;236
22281;236
22354;236
22418;236
22481;236
22537;236
22611;236
22671;236
22743;236
22801;236
22860;236
22917;236
22983;236
23051;236
23110;236
23191;236
23249;236
23306;236
23366;236
23424;236
23497;241
23556;241
23630;241
23687;241
23743;241
23801;241
23870;241
23937;241
23995;241
24051;241
24109;241
24166;241
24232;241
24289;241
24346;241
24411;241
24475;241
24540;241
24600;241
24660;241
24742;241
24801;241
24862;241
24921;241
24980;241
25046;241
25119;241
25185;241
25244;241
25305;241
25361;241
25428;241
25486;242
25582;242
25652;242
25725;242
25788;242
25848;242
25910;242
25975;242
26040;242
26105;242
26170;242
26237;242
26302;242
26364;242
26420;242
26477;242
26533;242
26598;242
26660;242
26716;242
26775;242
26832;238
26893;238
26958;238
27029;238
27085;238
27158;238
27222;238
27277;238
27334;238
27394;238
27467;238
27523;238
27622;238
27682;238
27747;238
27814;237
27873;237
27930;237
27993;237
28050;237
28109;237
28168;237
28225;237
28295;237
28358;237
28429;237
28488;236
28552;236
28609;236
28689;236
28746;236
28803;236
28862;236
28926;236
28980;236
29042;236
29102;236
29154;236
29211;236
29295;236
29355;236
29423;236
29487;236
29554;236
29617;236
29674;236
29733;236
29797;236
29856;236
29921;236
29981;236
30039;236
30103;236
30179;236
30245;236
30301;236
30364;236
30424;236
30481;236
30540;236
30596;236
30680;236
30741;236
30801;236
30864;236
30923;236
30980;236
31044;236
31103;236
31160;236
31217;236
31276;236
31344;238
31396;238
31459;238
31530;238
31596;238
31659;238
31715;238
31772;238
31828;238
31884;238
31944;238
32006;238
32073;238
32129;238
32197;238
32256;238
32313;238
32375;238
32432;238
32496;238
32559;238
32623;236
32687;236
32744;236
32801;236
32860;236
32920;236
32981;236
33052;236
33106;236
33165;236
33230;236
33289;236
33348;236
33427;236
33496;236
33554;236
33615;236
33674;236
33733;236
33806;236
33873;236
33940;236
34012;236
34107;236
34162;236
34219;236
34284;236
34342;236
34402;236
34468;236
34527;236
34585;236
34645;236
34701;236
34766;235
34831;235
34889;235
34954;235
35034;235
35093;235
35156;235
35214;235
35278;235
35343;235
35408;235
35469;235
35526;235
35584;235
35665;235
35721;236
35778;236
35837;236
35902;236
35974;236
36034;236
36091;236
36153;236
36223;236
36301;236
36377;236
36458;236
36512;236
36576;236
36633;236
36689;236
36744;236
36811;236
36876;236
36934;236
36997;236
37055;236
37112;236
37169;236
37230;236
37294;236
37358;236
37436;236
37500;236
37564;236
37641;236
37696;236
37755;236
37812;236
37868;236
37928;236
37984;236
38053;235
38118;235
38183;235
38256;235
38320;235
38376;235
38435;235
38514;235
38599;235
38663;235
38719;235
38778;235
38839;235
38902;235
38960;235
39020;235
39077;235
39137;235
39196;235
39260;235
39319;235
39377;235
39434;235
39492;235
39559;235
39618;235
39681;235
39737;235
39803;235
39875;235
39929;235
39985;235
40068;235
40132;235
40188;235
40245;235
40301;235
40358;235
40419;235
40491;235
40551;235
40620;235
40676;235
40739;235
40796;235
40854;235
40915;235
40969;235
41031;236
41091;236
41150;236
41214;236
41278;236
41334;236
41391;236
41450;236
41506;236
41568;236
41639;238
41701;238
41766;238
41825;238
41903;238
41963;238
42023;238
42083;238
42143;238
42203;238
42270;238
42339;238
42396;238
42453;238
42511;238
42576;238
42633;238
42689;238
42751;238
42817;238
42885;238
42945;238
43001;238
43066;238
43138;238
43202;238
43262;238
43319;238
43376;238
43445;238
43505;238
43561;238
43618;238
43692;238
43749;238
43823;238
43884;238
43943;238
44003;237
44063;237
44123;237
44179;237
44236;237
44296;237
44353;237
44410;237
44465;237
44527;237
44582;237
44648;237
44707;237
44763;237
44827;237
44886;237
44946;237
45005;237
45064;237
45122;237
45194;237
45263;237
45322;237
45376;237
45434;237
45490;237
45559;237
45616;237
45682;237
45740;237
45808;237
45872;237
45929;237
45988;237
46052;237
46117;237
46188;237
46244;237
46302;237
46361;237
46426;237
46482;237
46538;237
46597;237
46662;237
46726;237
46790;237
46852;237
46920;237
46979;237
47043;237
47112;237
47169;237
47250;237
47319;237
47376;237
47433;237
47491;237
47552;238
47626;238
47694;238
47755;238
47828;238
47886;237
47943;237
48002;237
48059;237
48119;237
48195;237
48255;237
48310;237
48368;237
48439;237
48496;237
48560;237
48617;237
48681;237
48740;237
48797;237
48859;237
48922;237
48979;237
49036;237
49095;237
49151;237
49216;237
49278;237
49337;237
49394;237
49470;237
49533;237
49605;237
49670;237
49739;237
49804;237
49868;237
49926;237
49984;237
50058;237
50112;237
50191;237
50248;237
50304;237
50368;237
50426;237
50490;237
50547;236
50610;236
50667;236
50723;236
50798;236
50862;236
50933;236
50999;236
51056;236
51121;236
51186;236
51248;236
51312;236
51371;236
51440;236
51496;236
51555;236
51614;236
51676;236
51743;236
51800;236
51869;236
51933;236
52004;236
52061;236
52122;236
52184;236
52243;236
52302;236
52361;236
52426;236
52491;236
52547;236
52611;236
52668;236
52725;236
52781;236
52838;236
52899;236
52955;236
53014;236
53073;236
53130;236
53195;236
53252;237
53308;237
53364;237
53423;237
53480;237
53542;237
53608;237
53668;237
53728;237
53785;237
53859;237
53913;237
53978;236
54034;236
54099;236
54155;236
54217;236
54278;235
54352;235
54418;235
54482;235
54539;235
54603;235
54660;235
54719;235
54783;235
54846;235
54903;235
54966;235
55029;235
55092;235
55152;235
55211;235
55280;235
55363;235
55432;235
55488;235
55545;235
55609;235
55670;235
55726;235
55791;235
55855;235
55915;235
55984;235
56045;235
56101;235
56165;235
56232;235
56288;235
56350;235
56406;235
56469;235
56525;235
56583;235
56647;235
56703;235
56762;235
56819;235
56887;235
56945;235
57004;235
57061;235
57116;237
57173;237
57238;237
57296;237
57355;237
57414;237
57470;237
57534;237
57595;237
57649;237
57721;237
57781;237
57849;237
57906;237
57963;237
58027;237
58095;237
58161;237
58214;237
58274;237
58329;237
58388;237
58450;237
58514;237
58572;237
58629;237
58691;237
58758;237
58829;237
58886;237
58942;237
59009;237
59069;237
59141;237
59205;237
59271;237
59333;237
59397;237
59464;237
59521;237
59585;237
59660;237
59716;237
59778;237
59858;237
59922;237
59998;237
60054;237
60127;237
60186;237
60249;237
60305;237
60365;237
60423;237
60484;237
60542;237
60597;237
60657;237
60713;237
60769;237
60840;237
60897;237
60961;237
61020;237
61076;237
61140;237
61199;237
61257;237
61326;237
61382;237
61445;237
61506;237
61563;237
61619;237
61677;237
61732;237
61799;237
61864;237
61919;237
61974;237
62042;237
62112;237
62171;237
62226;237
62291;237
62347;237
62407;237
62463;237
62525;237
62587;237
62663;237
62735;237
62791;237
62848;237
62904;237
62964;237
63023;237
63096;237
63168;237
63248;237
63302;237
63358;237
63416;237
63481;237
63539;237
63596;237
63653;237
63709;238
63769;238
63835;238
63890;238
63946;238
64025;238
64085;238
64154;238
64211;238
64280;238
64337;238
64400;238
64474;238
64534;238
64595;238
64653;238
64713;238
64772;238
64831;238
64890;238
64955;238
65010;237
65071;237
65135;237
65204;237
65262;237
65325;237
65382;237
65447;237
65507;237
65562;237
65621;237
65681;237
65739;236
65799;236
65863;236
65936;236
66002;236
66055;236
66115;236
66170;236
66233;236
66308;236
66410;236
66534;236
66599;236
66664;236
66735;236
66796;236
66857;236
66913;236
66970;236
67026;236
67086;236
67146;236
67205;236
67264;236
67324;236
67383;236
67454;236
67516;236
67588;236
67648;236
67707;236
67767;236
67829;236
67887;236
67944;236
68005;236
68071;236
68130;236
68209;236
68282;236
68348;236
68418;236
68478;236
68534;236
68592;236
68677;236
68750;236
68821;236
68877;236
68934;236
68990;236
69048;236
69130;236
69196;235
69274;235
69330;235
69394;235
69451;235
69515;235
69574;235
69631;235
69712;235
69772;235
69839;236
69905;236
69963;236
70019;236
70078;236
70149;236
70218;236
70277;236
70348;236
70411;236
70468;236
70548;236
70613;236
70673;236
70731;236
70795;236
70852;236
70908;236
70965;236
71029;236
71099;236
71174;236
71252;236
71329;236
71398;236
71455;236
71512;236
71576;236
71651;236
71715;236
71774;236
71834;236
71893;236
71957;236
72021;236
72085;236
72143;236
72227;236
72335;236
72406;236
72492;236
72596;236
72655;236
72719;236
72776;236
72850;236
72915;236
72980;236
73039;236
73103;236
73159;236
73218;236
73278;236
73343;236
73404;236
73463;236
73519;236
73586;236
73642;236
73701;236
73760;236
73820;236
73878;236
73935;236
73995;236
74071;236
74130;236
74193;236
74251;236
74332;236
74389;236
74448;236
74524;236
74577;236
74646;236
74703;236
74772;236
74840;236
74897;236
74970;236
75029;236
75088;236
75153;236
75215;236
75272;236
75339;236
75397;236
75468;236
75522;236
75585;236
75657;236
75716;236
75774;236
75843;236
75902;236
75959;236
76031;236
76100;236
76164;236
76221;236
76280;236
76340;236
76400;236
76460;236
76523;236
76595;236
76648;236
76706;236
76771;236
76829;236
76899;236
76955;236
77023;236
77095;236
77155;236
77211;236
77269;236
77341;236
77404;236
77463;236
77522;236
77578;236
77647;236
77709;236
77776;236
77837;236
77901;236
77966;236
78025;236
78089;236
78149;236
78209;236
78271;236
78330;236
78391;236
78447;236
78503;236
78563;236
78623;236
78699;236
78754;236
78812;236
78869;236
78939;236
78995;236
79067;236
79131;236
79190;236
79256;236
79314;236
79374;236
79443;236
79501;236
79557;236
79619;236
79691;236
79746;236
79805;236
79874;236
79939;236
80004;236
80071;236
80128;236
80199;236
80258;236
80318;236
80375;236
80432;236
80496;236
80571;236
80630;236
80693;236
80750;236
80810;236
80874;236
80933;236
80990;236
81047;236
81106;236
81165;236
81231;236
81290;236
81355;236
81418;236
81484;236
81542;236
81599;236
81651;236
81707;236
81766;236
81830;236
81903;236
81962;236
82034;236
82103;236
82168;236
82224;236
82288;236
82354;236
82415;236
82471;236
82551;236
82609;236
82674;236
82730;236
82794;236
82865;236
82922;236
82983;236
83067;236
83133;236
83190;236
83246;236
83304;236
83360;236
83430;236
83486;236
83542;236
83602;236
83663;236
83727;236
83786;236
83861;236
83940;236
83994;236
84058;236
84117;236
84174;236
84244;236
84308;236
84368;236
84424;236
84493;236
84548;236
84622;236
84675;236
84730;236
84789;236
84852;236
84912;236
84970;236
85029;236
85090;236
85158;236
85218;236
85278;236
85339;236
85400;236
85463;236
85543;236
85598;236
85666;236
85723;236
85779;236
85839;236
85919;236
85991;236
86052;236
86124;236
86180;236
86239;236
86297;236
86359;236
86421;236
86492;236
86551;236
86605;236
86680;236
86739;236
86803;236
86859;236
86924;236
86983;236
87039;236
87104;236
87167;236
87239;236
87295;236
87360;236
87418;236
87477;236
87536;236
87595;236
87652;236
87711;236
87775;236
87849;236
87914;236
87975;236
88039;236
88103;236
88163;236
88220;236
88280;236
88337;236
88414;236
88474;236
88555;236
88612;236
88672;236
88734;236
88790;236
88850;236
88929;236
88987;236
89058;236
89117;236
89181;236
89239;236
89319;236
89387;236
89445;236
89501;236
89570;236
89634;236
89693;236
89758;236
89816;236
89883;236
89943;236
90014;236
90081;236
90137;236
90195;236
90265;236
90321;236
90390;236
90446;236
90505;236
90563;236
90622;236
90680;236
90747;236
90808;236
90874;236
90930;236
90994;236
91051;236
91110;236
91174;236
91234;236
91294;236
91352;236
91421;236
91477;236
91533;236
91590;236
91654;236
91724;236
91794;236
91855;236
91917;236
91975;236
92049;236
92108;236
92172;236
92241;236
92306;236
92375;236
92436;236
92498;236
92554;236
92618;236
92682;236
92739;236
92795;236
92854;236
92916;236
92977;236
93033;235
93089;235
93147;235
93217;235
93276;235
93333;235
93401;235
93454;235
93509;236
93565;236
93623;236
93682;236
93753;236
93823;236
93893;236
93952;236
94018;236
94076;236
94132;236
94188;236
94247;236
94312;236
94371;236
94443;236
94507;236
94572;236
94630;236
94689;236
94760;236
94815;236
94872;236
94930;236
94990;236
95054;236
95113;236
95188;236
95245;236
95301;236
95371;236
95436;236
95506;236
95561;236
95632;236
95689;236
95753;236
95816;236
95881;236
95957;236
96023;236
96080;236
96147;236
96203;236
96271;236
96329;236
96387;236
96450;236
96520;236
96628;236
96724;236
96802;236
96874;236
96931;236
96986;236
97056;236
97119;236
97188;236
97245;236
97304;236
97373;236
97437;236
97502;236
97570;236
97635;236
97691;236
97750;236
97802;236
97859;236
97917;236
97975;236
98045;236
98104;236
98167;236
98253;236
98352;236
98416;236
98472;236
98541;236
98601;236
98673;236
98727;236
98790;236
98847;236
98903;236
98973;236
99039;236
99109;236
99165;236
99230;236
99301;236
99366;236
99431;236
99496;236
99552;236
99609;236
99680;236
99749;236
99813;236
99873;236
99932;236
99992;236
100072;236
100174;236
100265;236
100343;236
100414;236
100498;236
100557;236
100613;236
100670;236
100727;236
100789;236
100848;236
100904;236
100974;236
101037;236
101094;236
101154;236
101227;236
101280;236
101341;236
101406;236
101470;236
101527;236
101586;236
101654;236
101726;236
101789;236
101857;236
101915;236
101979;236
102043;236
102099;236
102163;236
102222;236
102295;236
102360;236
102423;236
102486;236
102554;236
102611;236
102675;236
102747;236
102822;236
102881;236
102940;236
102997;236
103049;236
103113;236
103169;236
103231;236
103294;236
103352;236
103439;236
103498;236
103562;236
103621;236
103677;236
103736;236
103796;236
103855;236
103921;236
103985;236
104050;236
104105;236
104175;236
104243;236
104307;236
104366;236
104431;236
104488;236
104547;236
104605;236
104675;236
104743;236
104802;236
104859;236
104916;236
104972;236
105029;236
105093;236
105149;236
105207;236
105270;236
105406;236
