206;63
362;63
487;63
670;63
825;63
985;63
1118;63
1240;63
1356;63
1484;63
1620;63
1761;63
1880;63
2000;63
2118;63
2236;63
2370;63
2545;63
2672;63
2779;63
2890;63
3003;63
3366;63
4027;63
4627;63
5280;63
5828;63
5932;63
6035;63
6153;63
6262;63
6382;63
6496;63
6624;63
6732;63
6840;63
6958;63
7134;63
7239;63
7340;63
7441;63
7568;63
7682;63
7793;63
7908;63
8015;63
8122;63
8374;63
8748;63
9157;63
9428;63
9536;63
9637;63
9737;63
9842;63
9947;63
10059;63
10185;63
10295;63
10401;63
10517;63
10625;63
10736;63
10878;63
10989;63
11099;63
11206;63
11316;63
11419;63
11539;63
11642;63
11759;63
11873;63
11980;63
12082;63
12201;63
12370;63
12477;63
12629;63
12728;63
12839;63
12944;63
13065;63
13167;63
13272;63
13385;63
13492;63
13627;63
13732;63
13856;63
13966;63
14073;63
14189;63
14290;63
14414;63
14524;63
14628;63
14733;63
14853;63
14968;63
15074;63
15193;63
15304;63
15441;63
15546;63
15649;63
15751;63
15913;63
16055;63
16159;63
16273;63
16375;63
16485;63
16598;63
16705;63
16811;63
16929;63
17036;63
17176;63
17285;63
17391;63
17500;63
17615;63
17721;63
17831;63
17935;63
18045;63
18151;63
18258;63
18380;63
18484;63
18595;63
18704;63
18814;63
18918;63
19033;63
19137;63
19241;63
19346;63
19466;63
19575;63
19681;63
19786;63
19896;63
20010;63
20121;63
20241;63
20345;63
20450;63
20558;64
20662;64
20791;64
20896;64
21001;64
21109;64
21224;64
21351;64
21453;64
21554;64
21655;64
21763;64
21876;64
21984;64
22095;64
22202;64
22305;64
22428;64
22544;64
22654;64
22790;64
22897;64
22999;64
23101;64
23204;64
23310;64
23414;64
23524;64
23628;64
23775;64
23880;64
24009;64
24118;64
24262;64
24365;64
24468;63
24581;63
24685;63
24810;63
24928;63
25033;63
25138;63
25244;63
25347;63
25454;63
25575;63
25707;63
25823;63
25923;63
26026;63
26132;63
26245;63
26353;63
26457;63
26605;63
26734;63
26853;63
26965;63
27071;63
27187;63
27291;63
27395;63
27498;63
27600;63
27705;63
27827;66
27950;65
28058;65
28165;65
28272;65
28379;65
28492;65
28597;65
28711;65
28891;65
29039;65
29173;65
29281;65
29393;65
29505;66
29610;66
29718;66
29830;66
29941;66
30045;66
30148;66
30250;66
30358;66
30480;67
30587;67
30700;67
30810;67
30918;67
31025;67
31136;67
31268;65
31391;65
31489;65
31596;65
31706;65
31832;61
31939;61
32046;61
32156;61
32276;61
32383;61
32487;61
32607;61
32729;61
32844;61
32945;61
33056;61
33159;61
33296;61
33434;61
33542;61
33670;61
33775;61
33885;61
34000;61
34119;61
34242;61
34375;61
34491;61
34606;61
34737;61
34843;61
34947;61
35052;61
35154;61
35258;61
35362;61
35482;61
35597;61
35723;61
35825;61
35928;61
36049;61
36153;61
36258;61
36367;61
36477;61
36587;61
36751;61
36857;61
36995;61
37116;61
37226;61
37346;61
37456;61
37557;61
37659;61
37766;61
37876;61
38003;61
38109;61
38230;61
38340;61
38503;61
38623;61
38766;61
38894;61
39026;61
39129;61
39262;61
39365;61
39472;61
39596;61
39702;61
39837;61
39956;61
40065;61
40168;61
40273;61
40398;61
40510;61
40614;61
40754;61
40859;61
40969;61
41073;61
41198;61
41304;61
41425;61
41551;61
41654;61
41767;61
41870;61
41977;61
42086;61
42214;61
42329;61
42432;61
42560;61
42668;61
42778;61
42894;61
42999;61
43098;61
43221;61
43375;61
43503;61
43612;61
43717;61
43834;61
43951;61
44056;61
44176;61
44310;61
44421;61
44529;61
44653;61
44772;61
44900;61
45024;61
45126;61
45228;61
45332;61
45459;61
45575;61
45712;61
45839;61
45942;61
46043;61
46145;61
46282;61
46389;61
46489;61
46592;61
46702;61
46827;61
46932;61
47058;61
47185;61
47300;61
47404;61
47513;61
47689;61
47814;61
47918;61
48037;61
48161;61
48288;61
48399;61
48522;61
48625;61
48747;61
48911;61
49038;61
49146;61
49246;61
49351;61
49470;61
49577;61
49679;61
49787;61
49894;61
50023;61
50131;61
50255;61
50382;61
50486;61
50590;61
50712;61
50821;61
50940;61
51068;61
51175;61
51286;61
51434;61
51536;61
51636;61
51741;61
51869;61
51989;61
52106;61
52215;61
52322;61
52616;61
53198;61
53315;61
53439;61
53564;61
53664;61
53785;61
53889;61
53996;61
54102;61
54205;61
54395;61
54515;61
54618;61
54721;61
54856;61
54965;61
55069;61
55197;61
55323;61
55434;61
55542;61
55777;61
56171;61
56398;61
56512;61
56641;61
56747;61
56891;61
57004;61
57108;61
57209;61
57316;61
57434;61
57554;61
57669;61
57837;61
57949;61
58055;61
58177;61
58276;61
58380;61
58483;61
58590;61
58707;61
58813;61
58937;61
59048;61
59174;61
59441;61
59640;61
59743;61
59847;61
59966;61
60076;61
60184;61
60289;61
60397;61
60519;62
60640;62
60747;62
60883;62
60990;62
61103;62
61210;62
61308;62
61423;62
61528;62
61637;62
61738;62
61862;62
61966;62
62087;62
62197;62
62303;62
62407;62
62513;62
62617;62
62726;62
62831;62
62948;62
63077;62
63184;62
63309;62
63415;62
63525;62
63627;62
63754;62
63860;62
63973;62
64092;62
64194;62
64303;62
64405;62
64510;62
64620;62
64727;62
64833;62
64939;62
65044;62
65158;62
65261;62
65374;62
65489;62
65632;62
65737;62
65845;62
65947;62
66051;62
66152;62
66257;62
66362;62
66468;62
66575;62
66697;62
66802;62
66921;62
67044;62
67166;62
67294;62
67407;62
67508;62
67619;62
67731;62
67835;62
67942;62
68047;62
68150;62
68259;62
68372;62
68474;62
68585;62
68703;62
68821;62
68957;62
69107;62
69235;62
69338;62
69441;62
69550;62
69678;62
69809;62
69934;62
70046;62
70188;62
70290;62
70391;62
70497;62
70596;62
70699;62
70854;62
70992;62
71097;62
71208;62
71348;62
71453;62
71565;62
71668;62
71800;62
71905;62
72003;62
72118;62
72222;62
72358;62
72482;63
72588;63
72690;63
72804;63
72941;63
73066;63
73172;63
73309;63
73414;63
73513;63
73616;63
73721;63
73837;63
73943;63
74046;63
74148;63
74252;63
74356;63
74467;63
74575;63
74678;63
74799;63
74904;63
75022;62
75175;62
75312;62
75423;62
75525;62
75631;62
75742;62
75939;62
76076;62
76182;62
76289;62
76446;62
76560;62
76663;62
76764;62
76869;62
76982;62
77101;62
77259;62
77367;62
77497;62
77616;62
77737;62
77843;62
77955;62
78066;62
78165;62
78271;62
78379;62
78480;62
78586;62
78688;62
78804;62
78912;62
79039;62
79137;62
79240;62
79355;62
79457;62
79561;62
79669;62
79797;62
79902;62
80007;62
80112;62
80232;62
80347;62
80453;62
80580;62
80688;62
80794;62
80903;62
81023;62
81125;62
81243;62
81366;62
81525;62
81637;62
81742;62
81859;62
81969;62
82075;62
82192;62
82298;62
82404;62
82513;62
82631;62
82731;62
82834;62
82950;62
83070;62
83181;62
83291;62
83416;62
83550;62
83652;62
83759;62
83865;62
83985;62
84088;62
84194;62
84306;62
84408;62
84528;62
84633;62
84748;62
84853;62
84961;62
85088;62
85198;62
85326;62
85429;62
85542;62
85645;62
85774;62
85877;62
85980;62
86082;62
86193;62
86305;62
86414;62
86541;62
86649;62
86757;62
86859;62
86966;62
87085;62
87198;62
87305;62
87411;62
87516;62
87616;62
87713;62
87817;62
87929;62
88043;62
88160;62
88283;62
88392;62
88495;62
88628;62
88746;62
88848;62
88990;62
89106;62
89297;62
89432;62
89579;62
89677;62
89781;62
89893;62
89999;62
90103;62
90225;62
90347;63
90454;63
90556;63
90664;63
90772;63
90882;63
90985;63
91100;63
91206;63
91313;63
91421;63
91525;63
91636;63
91747;63
91872;63
91977;63
92081;63
92190;63
92329;63
92436;63
92556;63
92673;63
92780;63
92937;63
93039;63
93154;63
93264;63
93366;63
93472;63
93585;63
93689;63
93799;63
93904;63
94007;63
94118;63
94223;63
94335;63
94467;63
94578;63
94719;63
94831;63
94939;63
95065;64
95168;64
95268;64
95373;64
95487;64
95595;64
95702;64
95817;64
95919;64
96035;63
96134;63
96235;63
96338;63
96442;63
96546;63
96656;63
96765;63
96878;63
96981;63
97103;63
97203;63
97301;63
97415;63
97518;63
97620;63
97726;63
97852;63
97955;63
98083;63
98189;63
98296;63
98395;63
98499;63
98602;63
98713;63
98825;63
98938;63
99036;63
99139;63
99240;63
99360;63
99482;63
99591;63
99719;63
99841;63
99939;63
100048;63
100156;63
100264;63
100369;63
100469;63
100571;63
100680;63
100782;63
100910;63
101015;63
101129;63
101232;63
101338;63
101472;63
101575;63
101681;63
101786;63
101903;63
102009;63
102145;63
102256;63
102360;63
102465;63
102590;63
102699;63
102806;63
102916;63
103031;63
103166;63
103264;63
103371;63
103475;63
103588;63
103704;63
103822;63
103938;63
104052;63
104152;63
104263;63
104371;63
104475;63
104575;63
104685;63
104792;63
104896;63
105005;63
105114;63
105215;63
105315;63
105427;63
105548;63
105663;63
105770;63
105869;63
105970;63
106074;63
106203;63
106306;63
106420;63
106519;63
106626;63
106734;63
106852;63
106953;63
107073;63
107177;63
107276;63
107380;63
107483;63
107593;63
107708;63
107811;63
107911;63
108018;63
108127;63
108239;63
108343;63
108459;63
108594;63
108706;63
108827;63
108938;63
109037;63
109145;63
109250;63
109350;63
109471;63
109577;63
109683;63
109783;63
109882;63
109982;63
110110;63
110211;63
110316;63
110419;63
110523;63
110633;63
110736;63
110837;63
110935;63
111035;63
111141;63
111251;63
111357;63
111465;63
111639;63
111740;63
111843;63
111946;63
112050;63
112153;63
112259;63
112366;63
112484;63
112604;63
112738;63
112854;63
112956;63
113065;63
113191;63
113293;63
113400;63
113509;63
113635;63
113747;63
113849;63
113956;63
114055;63
114160;63
114262;63
114366;63
114467;63
114579;63
114701;63
115115;63
115231;63
115345;64
115447;64
115552;64
115661;64
115799;64
115905;64
116010;63
116114;63
116228;63
116335;63
116777;63
116881;63
116980;63
117087;63
117187;63
117293;63
117394;63
117503;63
117622;63
117736;63
117845;63
117956;63
118133;63
118233;63
118333;63
118434;63
118537;63
118649;63
118759;63
118865;63
118973;63
119076;63
119179;63
119293;63
119401;63
119655;63
120103;63
120227;63
120326;63
120442;63
120545;63
120652;63
120771;63
120895;63
120997;63
121103;63
121207;63
121314;63
121423;63
121530;63
121646;63
121750;63
121856;63
121963;63
122088;63
122192;63
122294;63
122445;63
122547;63
122653;63
122769;63
122889;63
122993;63
123112;63
123219;63
123332;63
123438;63
123544;63
123670;63
123772;63
123887;63
123997;63
124107;63
124218;63
124331;63
124437;63
124548;63
124660;63
124762;63
124862;63
124969;63
125077;63
125202;63
125310;63
125425;63
125540;63
125662;63
125777;63
125915;63
126023;63
126149;63
126254;63
126356;63
126457;63
126563;63
126668;63
126780;63
126902;63
127011;63
127122;63
127237;63
127347;63
127456;63
127563;63
127679;63
127787;63
127895;63
127995;63
128099;63
128208;63
128308;63
128412;63
128550;63
128663;63
128771;63
128874;63
128993;63
129114;63
129222;63
129333;63
129434;63
129537;63
129640;63
129757;63
129869;63
129991;63
130110;63
130218;63
130320;63
130422;63
130527;63
130640;63
130741;63
130846;63
130944;63
131054;63
131163;63
131285;63
131392;63
131498;63
131609;63
131721;63
131828;63
131941;63
132054;63
132169;63
132269;63
132378;63
132478;63
132585;63
132687;63
132800;63
132912;63
133014;63
133143;62
133250;62
133383;62
133484;62
133583;62
133694;62
133794;62
133905;62
134025;62
134139;62
134244;62
134355;62
134470;62
134577;62
134703;62
134818;62
134934;62
135036;62
135144;62
135264;62
135368;62
135471;62
135575;62
135683;62
135793;62
135943;62
136078;62
136207;62
136331;62
136438;62
136540;62
136638;62
136759;62
136869;62
136993;62
137094;62
137205;62
137313;62
137426;62
137528;62
137632;62
137751;62
137855;62
137954;62
138054;62
138155;62
138259;62
138363;62
138494;62
138599;62
138725;63
138833;63
138936;63
139045;63
139154;63
139260;63
139368;63
139468;63
139576;63
139688;63
139792;63
139922;63
140028;63
140133;63
140235;63
140341;63
140455;63
140574;63
140680;63
140801;63
140904;63
141013;63
141122;63
141223;63
141326;63
141436;63
141543;63
141650;63
141756;63
141861;63
141959;63
142068;63
142178;63
142302;63
142418;63
142535;63
142637;63
142741;63
142848;63
142972;63
143075;63
143177;63
143301;62
143417;62
143521;62
143638;62
143750;62
143870;62
143988;62
144118;62
144223;62
144338;62
144442;62
144541;62
144643;62
144745;62
144849;62
144967;62
145068;62
145174;62
145281;62
145408;62
145510;62
145628;62
145735;62
145842;62
145948;62
146059;62
146169;62
146301;62
146420;62
146523;62
146647;62
146808;62
146930;62
147028;62
147135;62
147238;62
147377;62
147479;62
147593;62
147696;62
147805;61
147908;61
148012;61
148131;61
148241;61
148351;61
148461;61
148566;61
148676;61
148780;61
148914;61
149034;61
149174;61
149351;61
149550;61
149658;61
149759;61
149860;61
149981;61
150088;61
150222;61
150333;61
150455;61
150573;61
150671;61
150775;61
150879;61
151003;61
151118;61
151236;61
151345;61
151465;61
151604;61
151717;61
151826;61
151944;61
152066;61
152191;61
152303;61
152421;61
152547;61
152654;61
152783;61
152884;61
153006;61
153124;61
153230;61
153338;61
153459;61
153586;61
153697;61
153805;61
153908;61
154022;61
154122;61
154226;61
154333;61
154457;61
154578;61
154717;61
154823;61
154931;61
155037;61
155144;61
155251;61
155352;61
155458;61
155592;61
155709;61
155812;61
155915;61
156037;61
156145;61
156246;61
156378;61
156514;61
156624;61
156730;61
156833;61
156955;61
157053;61
157155;61
157314;61
157420;61
157532;61
157637;61
157746;61
157856;61
157965;61
158097;61
158206;61
158322;61
158420;61
158524;61
158626;61
158727;61
158838;61
158945;61
159072;61
159183;61
159295;61
159397;61
159505;61
159630;61
159737;61
159853;61
159979;61
160085;61
160252;61
160360;61
160468;61
160593;61
160695;61
160798;61
160905;61
161011;61
161121;61
161226;61
161330;61
161445;61
161561;61
161668;61
161776;61
161882;61
161994;61
162125;61
162244;61
162357;61
162462;61
162585;61
162699;61
162806;61
162935;61
163038;61
163139;61
163245;61
163365;61
163491;61
163592;61
163696;61
163810;61
163913;61
164018;61
164145;61
164339;61
164438;61
164540;61
164638;61
164749;61
164852;61
164970;61
165072;61
165178;61
165289;61
165406;61
165546;61
165647;61
165766;61
165871;61
165999;61
166102;61
166220;61
166356;61
166463;61
166589;61
166716;61
166821;61
166955;61
167085;61
167204;61
167308;61
167409;61
167526;61
167632;61
167739;61
167853;61
167974;61
168082;61
168233;61
168338;61
168460;61
168591;61
168693;61
168821;61
168939;61
169068;61
169196;61
169321;61
169425;61
169529;61
169637;61
169741;61
169855;61
169960;61
170062;61
170190;61
170296;61
170430;61
170540;61
170675;61
170847;61
170951;61
171049;61
171155;61
171258;61
171366;61
171526;61
171630;61
171741;61
171885;61
172021;61
172127;61
172259;61
172501;61
172599;61
172723;61
172828;61
172934;61
173048;61
173152;61
173255;61
173384;61
173503;61
173615;61
173722;61
173831;61
174016;61
174137;61
174240;61
174365;61
174465;61
174576;61
174705;61
174814;61
174919;61
175039;61
175142;61
175256;61
175358;61
175462;61
175596;61
175719;61
175824;61
175924;61
176031;61
176143;61
176247;61
176352;61
176461;61
176580;61
176687;61
176795;61
176906;61
177046;61
177150;61
177275;61
177383;61
177512;61
177647;61
177758;61
177863;61
177976;61
178080;61
178182;61
178302;61
178405;61
178516;61
178637;61
178764;61
178867;61
178986;61
179093;61
179217;61
179331;61
179442;61
179550;61
179658;61
179762;61
179866;61
179986;61
180103;61
180203;61
180317;61
180419;61
180524;61
180635;61
180778;61
180884;61
181021;61
181140;61
181269;61
181380;61
181489;61
181624;61
181731;61
181841;61
181949;61
182067;61
182180;61
182307;61
182407;61
182516;61
182642;61
182748;61
182877;61
182982;61
183095;61
183198;61
183300;61
183409;61
183517;61
183653;61
183775;61
183878;61
183986;61
184115;61
184227;61
184356;61
184458;61
184581;61
184693;61
184798;61
184903;61
185007;61
185110;61
185219;61
185331;61
185437;61
185540;61
185649;61
185761;61
185863;61
186006;61
186121;61
186228;61
186328;61
186429;61
186548;61
186651;61
186763;61
186886;61
186997;61
187108;61
187217;61
187323;61
187528;61
187638;61
187797;61
187895;61
188028;61
188137;61
188239;61
188346;61
188454;61
188560;61
188665;61
188790;61
188902;61
189123;61
189222;61
189351;61
189454;61
189557;61
189683;61
189807;61
189922;61
190027;61
190190;61
190295;61
190400;61
190518;61
190629;61
190736;61
190840;61
190948;61
191051;61
191159;61
191265;61
191386;61
191505;61
191613;61
191729;61
191838;61
191941;61
192050;61
192187;61
192303;61
192401;61
192524;61
192629;61
192756;61
192881;61
192992;61
193120;61
193234;61
193355;61
193458;61
193584;61
193694;61
193802;61
193904;61
194018;61
194120;61
194226;61
