200;235
315;235
409;235
521;235
617;235
690;235
757;235
835;235
925;235
998;235
1078;235
1160;235
1250;235
1351;235
1438;235
1521;235
1612;235
1681;235
1751;235
1829;235
1899;235
1978;235
2053;235
2122;235
2198;235
2281;235
2372;235
2438;235
2497;235
2558;235
2620;235
2696;235
2775;235
2863;235
2941;235
3023;235
3100;234
3193;234
3281;234
3364;234
3458;234
3519;234
3590;234
3649;234
3707;234
3768;234
3827;234
3886;234
3961;234
4027;234
4088;234
4146;234
4206;234
4266;234
4328;234
4389;234
4451;234
4523;234
4583;234
4642;234
4703;234
4762;234
4838;234
4899;234
4961;234
5020;234
5079;234
5138;234
5203;234
5275;234
5334;234
5395;234
5475;234
5554;234
5633;234
5710;234
5798;234
5858;234
5919;234
5980;234
6040;234
6098;234
6164;234
6225;234
6290;234
6351;234
6433;234
6493;234
6559;234
6625;234
6695;234
6769;234
6830;234
6893;234
6952;234
7010;234
7070;234
7137;234
7206;234
7268;234
7327;234
7396;234
7462;234
7532;234
7598;234
7656;234
7716;234
7782;234
7848;234
7906;234
7971;234
8032;234
8106;235
8164;235
8223;235
8283;235
8344;235
8409;235
8470;235
8528;235
8586;235
8652;235
8710;235
8770;235
8830;235
8906;235
8964;235
9029;235
9091;235
9148;235
9210;235
9269;235
9329;235
9403;235
9464;235
9526;235
9586;235
9662;233
9724;233
9784;233
9843;233
9904;233
9964;233
10021;233
10079;233
10161;233
10221;233
10282;233
10355;233
10418;233
10491;233
10552;233
10619;233
10686;233
10746;233
10817;233
10883;233
10948;233
11021;233
11081;233
11141;233
11210;233
11269;234
11343;234
11403;234
11473;234
11538;234
11608;234
11674;234
11734;234
11794;234
11856;234
11914;234
11979;234
12040;234
12116;234
12181;234
12242;234
12301;234
12362;234
12431;234
12493;234
12559;234
12616;234
12677;234
12734;234
12802;234
12867;234
12928;234
12987;234
13051;234
13129;234
13191;234
13253;234
13319;234
13379;234
13437;234
13506;234
13564;234
13625;234
13698;234
13763;234
13821;234
13880;234
13941;234
14008;234
14070;234
14126;234
14187;234
14258;234
14320;234
14377;234
14444;234
14501;234
14561;234
14621;234
14695;234
14760;234
14818;234
14878;234
14943;236
15014;236
15075;236
15133;236
15197;236
15258;236
15323;234
15381;234
15439;234
15505;234
15571;234
15630;234
15688;234
15753;234
15813;234
15874;234
15937;234
15996;234
16054;234
16114;234
16180;234
16240;234
16298;234
16355;234
16413;234
16471;234
16531;234
16592;234
16653;234
16713;234
16778;234
16833;234
16893;234
16968;234
17027;234
17086;234
17147;234
17205;234
17267;234
17328;234
17394;234
17451;234
17511;234
17576;234
17638;234
17707;234
17780;234
17838;234
17903;234
17961;234
18021;234
18082;234
18143;234
18203;234
18264;234
18324;234
18382;234
18449;236
18514;236
18573;236
18631;236
18689;236
18749;236
18807;236
18866;236
18933;237
18994;237
19052;237
19113;237
19175;237
19233;237
19298;237
19364;237
19422;237
19483;237
19548;237
19617;237
19680;237
19738;237
19796;237
19865;237
19929;237
20001;237
20067;237
20128;237
20193;237
20261;237
20335;237
20402;237
20473;237
20544;237
20608;237
20675;237
20734;237
20821;237
20959;237
21019;237
21101;237
21162;237
21225;237
21288;236
21353;236
21422;236
21487;236
21554;236
21628;236
21686;236
21746;236
21804;236
21870;236
21938;236
21998;236
22072;236
22131;236
22190;236
22251;236
22310;236
22370;236
22440;236
22532;236
22658;236
22817;236
22882;236
22936;236
23001;236
23073;236
23206;236
23317;236
23384;236
23447;236
23517;236
23578;236
23660;236
23765;236
23867;236
23964;236
24024;236
24083;236
24149;236
24254;236
24320;236
24381;236
24439;236
24497;236
24556;236
24629;236
24691;236
24750;236
24813;236
24870;236
24929;236
24987;236
25048;236
25111;236
25170;236
25242;236
25312;236
25376;236
25438;236
25496;236
25570;236
25631;236
25702;236
25768;236
25846;236
25907;236
25973;236
26031;236
26092;236
26154;236
26215;236
26297;236
26356;236
26414;236
26471;236
26529;236
26588;236
26646;236
26706;236
26763;236
26822;236
26888;236
26948;236
27006;236
27077;236
27147;236
27204;236
27284;236
27345;236
27404;236
27467;236
27524;236
27589;236
27655;236
27719;236
27778;236
27836;236
27893;236
27953;236
28002;236
28067;236
28127;236
28183;236
28241;236
28302;236
28377;236
28439;236
28511;236
28579;236
28635;236
28701;236
28766;236
28827;236
28895;236
28949;236
29001;236
29062;236
29119;236
29178;236
29241;236
29313;236
29370;236
29427;236
29485;236
29545;236
29606;236
29666;236
29732;236
29797;236
29866;238
29924;238
29981;238
30038;238
30098;238
30157;238
30217;238
30275;238
30332;238
30406;238
30474;238
30534;238
30589;238
30654;238
30719;238
30778;238
30835;238
30902;238
30962;238
31021;238
31097;238
31156;238
31228;238
31292;238
31354;238
31413;238
31470;238
31527;238
31585;238
31643;238
31710;238
31774;238
31834;238
31895;238
31952;238
32009;238
32066;238
32136;238
32195;238
32265;238
32327;238
32384;238
32444;238
32506;238
32570;238
32627;238
32691;238
32764;238
32837;238
32902;238
32962;238
33022;238
33086;238
33159;238
33215;238
33282;238
33355;238
33416;238
33485;238
33546;238
33604;238
33662;238
33737;238
33794;238
33866;238
33948;238
34008;238
34080;239
34145;239
34203;239
34265;239
34332;239
34387;239
34445;239
34504;239
34561;239
34621;239
34688;238
34754;237
34826;237
34887;237
34953;237
35012;237
35072;237
35128;237
35187;237
35253;237
35315;237
35390;237
35456;237
35513;237
35571;237
35640;237
35710;237
35768;237
35837;237
35902;237
35980;237
36035;237
36092;237
36158;237
36215;237
36272;237
36329;237
36386;237
36444;237
36507;237
36573;237
36642;237
36710;237
36772;237
36829;237
36887;237
36949;237
37005;237
37067;237
37126;237
37183;237
37243;237
37306;237
37366;237
37427;237
37491;237
37559;237
37617;237
37689;237
37746;237
37812;237
37870;237
37928;237
37987;237
38047;237
38117;237
38174;237
38234;237
38310;237
38375;237
38443;237
38499;237
38564;237
38629;237
38695;237
38752;239
38809;239
38870;239
38933;239
38999;239
39065;239
39123;239
39183;239
39249;239
39307;239
39380;239
39472;239
39567;239
39631;239
39701;239
39767;239
39823;239
39881;239
39942;239
40002;239
40065;239
40125;239
40183;239
40242;239
40300;239
40359;239
40424;239
40484;239
40541;239
40611;239
40674;239
40732;239
40791;239
40851;239
40909;239
40967;239
41026;238
41095;238
41153;238
41210;238
41278;238
41337;238
41396;238
41462;238
41522;238
41582;237
41644;237
41722;237
41799;237
41894;237
41950;237
42018;237
42078;237
42137;237
42194;237
42252;237
42334;237
42421;237
42512;237
42576;237
42639;237
42697;237
42756;237
42823;237
42879;237
42941;237
42998;237
43062;237
43120;237
43177;237
43242;237
43299;237
43360;237
43421;237
43487;237
43548;237
43605;238
43667;238
43725;238
43783;238
43841;238
43901;238
43961;238
44018;238
44076;237
44149;237
44215;237
44281;237
44339;237
44400;237
44474;237
44534;237
44598;237
44659;237
44716;237
44788;237
44856;237
44914;237
44972;237
45032;237
45098;237
45156;237
45214;237
45291;237
45351;237
45411;237
45475;237
45535;237
45600;237
45657;237
45737;237
45792;237
45856;237
45917;237
45974;238
46040;238
46104;236
46164;236
46237;236
46302;236
46362;236
46423;236
46480;236
46541;236
46599;237
46659;237
46732;237
46812;237
46869;237
46959;237
47030;237
47089;237
47154;237
47214;237
47286;237
47360;237
47429;237
47489;237
47548;237
47619;237
47676;237
47733;237
47791;237
47849;237
47908;237
47973;237
48031;237
48088;237
48148;237
48275;237
48412;237
48502;237
48601;237
48659;237
48715;237
48798;237
48855;237
48915;237
48972;237
49031;237
49093;237
49152;237
49209;237
49275;237
49332;237
49417;237
49480;237
49537;237
49595;237
49664;237
49725;237
49788;237
49848;237
49909;237
49967;237
50026;237
50090;237
50160;236
50217;236
50297;236
50358;236
50414;236
50487;236
50544;236
50601;236
50673;236
50734;236
50794;236
50858;236
50918;236
50978;236
51037;236
51102;236
51167;236
51232;236
51292;236
51352;236
51443;236
51513;236
51570;236
51630;236
51686;236
51743;236
51825;236
51890;236
51955;236
52015;236
52079;236
52139;236
52198;236
52264;236
52325;236
52384;236
52441;236
52498;236
52555;236
52612;236
52678;236
52742;236
52800;236
52859;236
52918;236
52990;236
53049;236
53113;236
53186;236
53247;236
53310;236
53388;236
53475;236
53533;235
53591;235
53656;235
53728;235
53787;235
53844;235
53907;235
53973;235
54030;235
54089;235
54146;235
54202;235
54275;235
54347;235
54412;235
54477;235
54537;235
54605;235
54684;235
54753;235
54813;235
54870;235
54943;235
55012;235
55084;234
55141;234
55198;234
55268;234
55327;234
55387;234
55474;234
55548;234
55619;234
55682;234
55748;234
55805;234
55863;234
55923;234
55988;234
56047;234
56112;234
56169;234
56240;234
56314;234
56372;234
56441;234
56515;234
56575;234
56644;234
56714;234
56774;234
56831;234
56898;234
56971;234
57030;234
57099;234
57156;234
57221;234
57306;234
57363;234
57428;234
57517;234
57574;234
57639;234
57698;234
57760;234
57823;234
57880;234
57938;234
58027;234
58090;234
58150;234
58206;234
58267;234
58324;234
58397;234
58468;234
58525;234
58584;234
58644;234
58713;234
58769;234
58827;234
58886;234
58958;234
59031;234
59104;234
59167;234
59224;234
59297;234
59368;234
59446;234
59541;235
59612;235
59688;235
59751;235
59812;235
59878;235
59937;235
60003;235
60068;235
60128;235
60188;235
60258;235
60323;235
60380;235
60446;235
60514;235
60570;235
60627;235
60687;235
60746;235
60806;235
60864;235
60923;235
60996;235
61066;235
61133;235
61192;235
61259;235
61319;235
61375;235
61433;235
61532;235
61597;235
61658;235
61716;235
61773;235
61831;235
61889;235
61949;235
62009;235
62073;235
62129;235
62198;235
62305;235
62410;235
62476;235
62536;235
62620;235
62681;235
62738;235
62794;235
62855;235
62918;235
62974;235
63035;235
63093;235
63153;235
63213;235
63271;235
63328;235
63386;235
63472;235
63542;235
63612;235
63672;235
63736;235
63793;235
63853;235
63914;235
63972;235
64042;235
64104;235
64167;235
64239;235
64298;235
64362;235
64422;235
64479;235
64539;235
64598;235
64663;235
64722;235
64781;235
64839;235
64907;235
64970;235
65051;235
65108;235
65166;235
65232;237
65302;237
65372;237
65431;238
65509;238
65576;238
65634;238
65706;238
65764;238
65821;238
65885;238
65943;238
66000;238
66068;238
66123;238
66181;238
66240;238
66299;238
66365;238
66423;238
66490;238
66555;238
66621;238
66676;238
66740;238
66805;238
66864;238
66921;238
66987;238
67045;238
67109;238
67166;238
67227;238
67297;238
67354;238
67414;238
67471;238
67533;238
67598;238
67660;238
67719;238
67776;238
67836;238
67900;238
67958;237
68023;237
68080;237
68137;237
68202;237
68263;237
68325;237
68386;237
68446;237
68509;237
68566;237
68625;236
68682;236
68741;236
68802;236
68863;236
68928;236
68987;236
69051;236
69115;236
69188;236
69248;236
69308;236
69366;236
69425;236
69489;235
69554;235
69623;235
69682;235
69735;235
69821;235
69886;235
69949;235
70006;235
70070;235
70133;236
70203;237
70260;237
70320;237
70391;237
70464;237
70522;237
70579;237
70660;237
70716;237
70782;237
70854;237
70912;237
70969;237
71029;237
71090;237
71157;237
71220;237
71284;237
71356;237
71414;236
71479;236
71561;236
71634;236
71699;236
71810;236
71877;236
71937;236
71994;236
72054;236
72112;236
72173;236
72238;236
72293;236
72349;236
72409;236
72483;236
72540;236
72597;236
72658;236
72724;236
72782;236
72839;236
72913;236
72977;238
73036;238
73101;238
73170;238
73240;237
73307;237
73368;237
73428;237
73492;237
73556;236
73614;236
73681;236
73742;236
73807;236
73872;236
73938;236
73995;236
74053;236
74110;236
74170;236
74228;236
74294;236
74352;236
74417;236
74479;236
74536;236
74600;236
74658;236
74715;236
74774;236
74834;236
74913;236
74973;236
75038;236
75103;236
75161;236
75220;236
75276;236
75337;236
75394;237
75454;237
75514;237
75601;237
75660;236
75717;236
75783;236
75849;236
75912;236
75970;236
76029;236
76107;236
76172;236
76232;236
76290;236
76355;236
76419;236
76492;236
76558;236
76620;236
76683;236
76742;236
76811;236
76877;236
76934;236
76992;236
77049;236
77109;236
77166;236
77229;236
77291;236
77348;236
77405;236
77471;236
77529;236
77593;236
77653;236
77710;236
77775;236
77828;236
77889;236
77951;236
78009;236
78067;236
78124;237
78190;236
78250;236
78316;235
78402;235
78470;235
78527;235
78585;235
78651;235
78710;235
78771;235
78837;235
78894;235
78961;235
79026;235
79095;235
79152;235
79209;235
79267;235
79333;235
79394;235
79452;235
79515;235
79574;235
79647;235
79709;235
79767;235
79832;235
79896;235
79953;235
80012;235
80073;235
80130;235
80187;235
80250;235
80315;235
80376;235
80435;235
80493;235
80552;235
80611;235
80672;235
80731;235
80791;235
80851;235
80911;235
80983;235
81059;235
81125;235
81188;235
81245;236
81303;236
81363;236
81438;236
81505;236
81564;236
81629;235
81690;235
81750;235
81807;235
81873;235
81932;235
81997;235
82065;235
82132;235
82188;235
82246;235
82313;235
82380;235
82453;235
82526;235
82594;235
82664;235
82758;235
82826;235
82905;235
82968;235
83025;235
83094;235
83160;235
83225;235
83289;235
83349;235
83416;235
83476;235
83551;235
83620;235
83680;235
83739;235
83800;235
83877;235
83934;235
84001;235
84069;235
84128;235
84190;235
84255;235
84321;235
84381;235
84439;235
84502;235
84584;235
84647;235
84711;235
84768;235
84828;235
84899;235
84959;235
85017;235
85088;235
85148;235
85206;235
85266;235
85323;235
85385;235
85454;235
85514;235
85575;235
85638;235
85701;235
85762;235
85820;235
85880;235
85941;235
86010;235
86073;235
86131;235
86188;235
86248;235
86310;235
86367;235
86427;235
86501;235
86562;235
86628;235
86690;235
86751;235
86822;235
86885;235
86946;235
87011;235
87076;235
87144;235
87203;235
87268;235
87327;235
87392;235
87456;235
87521;235
87578;235
87641;235
87700;235
87761;235
87821;235
87879;235
87937;235
88007;235
88101;235
88158;235
88217;235
88284;235
88365;235
88432;235
88498;235
88563;235
88620;235
88692;235
88748;235
88809;235
88867;235
88926;235
88983;235
89049;235
89106;235
89177;235
89240;235
89307;235
89365;235
89424;235
89505;235
89562;235
89623;235
89684;235
89745;235
89815;235
89876;235
89937;235
89997;235
90054;235
90114;235
90180;235
90239;235
90310;235
90364;235
90429;235
90494;235
90554;235
90635;235
90695;235
90755;235
90813;235
90878;235
90945;235
91023;235
91086;235
91145;235
91215;235
91296;235
91356;235
91416;235
91474;235
91547;235
91604;235
91678;235
91745;235
91800;235
91860;235
91927;235
91986;235
92046;235
92103;235
92168;235
92227;235
92293;235
92351;235
92408;235
92474;235
92549;235
92613;235
92686;235
92747;235
92805;235
92866;235
92937;235
92995;235
93053;235
93110;235
93170;235
93235;235
93303;235
93360;235
93420;235
93497;235
93557;235
93616;235
93680;235
93740;235
93801;235
93858;235
93917;235
93982;235
94046;235
94135;235
94213;235
94270;235
94330;235
94390;235
94450;235
94509;235
94567;235
94632;235
94697;235
94762;235
94830;235
94895;235
94953;235
95010;235
95084;235
95162;235
95219;235
95284;235
95342;235
95407;235
95472;235
95533;235
95590;235
95649;235
95709;235
95769;235
95827;235
95897;235
95956;235
96010;235
96086;235
96171;235
96248;235
96308;235
96368;235
96428;235
96491;235
96549;235
96613;235
96674;235
96744;235
96810;235
96876;235
96934;235
96991;235
97066;235
97123;235
97181;235
97239;235
97304;235
97377;235
97441;235
97500;235
97557;235
97614;235
97688;235
97746;235
97807;235
97867;235
97925;235
97991;235
98048;235
98106;235
98163;235
98234;235
98301;235
98372;235
98432;235
98498;235
98571;235
98637;235
98717;235
98774;235
98832;235
98896;235
98953;235
99011;235
99070;235
99135;235
99216;235
99276;235
99342;235
99403;235
99477;235
99552;235
99632;235
99722;235
99780;235
99837;235
99896;235
99957;235
100031;235
100102;235
100168;235
100228;235
100289;235
100371;235
100428;235
100498;235
100564;235
100622;235
100685;235
100743;235
100801;235
100861;235
100920;235
101003;235
101059;235
101116;235
101174;235
101239;235
101309;235
101375;235
101435;235
101494;235
101553;235
101613;235
101672;235
101735;235
101806;235
101866;235
101947;235
102004;235
102071;235
102129;235
102193;235
102309;235
102421;235
102517;235
102575;235
102633;235
102703;235
102765;235
102825;235
102882;235
102947;235
103007;235
103074;235
103140;235
103197;235
103272;235
103325;235
103386;235
103445;235
103518;235
103573;235
103632;235
103700;235
103759;235
103840;235
103905;235
103966;235
104025;235
104086;235
104152;235
104218;235
104291;235
104356;235
104422;235
104492;235
104558;235
104618;235
104682;235
104739;235
104796;235
104859;235
104917;235
104982;235
105056;235
105116;235
105173;235
105238;235
105309;235
105368;235
105425;235
105489;235
105551;235
105611;235
105669;235
105742;235
105799;235
105858;235
105918;235
105976;235
106041;235
106111;235
106176;235
106236;235
106301;235
106362;235
106434;235
106499;235
106559;235
106611;235
106690;235
106751;235
106807;235
106887;235
106952;235
107014;235
107077;235
107143;235
