1234;76
1497;76
1809;76
2065;76
2331;76
2575;76
2855;76
3125;76
3365;76
3627;76
3903;76
4153;76
4385;76
4653;76
4977;76
5298;76
5613;76
5880;76
6144;76
6393;76
6646;76
6898;76
7170;76
7437;76
7685;76
7945;76
8187;76
8432;76
8675;76
8929;76
9278;76
9562;76
9781;76
10014;76
10247;76
10468;76
10703;76
10932;76
11151;76
11370;76
11595;76
11811;76
12032;76
12239;76
12451;76
12651;76
12864;76
13073;76
13265;76
13460;76
13650;76
13840;76
14026;76
14198;76
14373;76
14543;76
14705;76
14879;76
15038;76
15189;76
15339;76
15494;76
15642;76
15789;76
15934;76
16097;76
16226;76
16354;76
16481;76
16613;76
16811;75
16990;73
17110;73
17232;73
17348;73
17460;73
17578;73
17690;73
17813;73
17926;73
18057;73
18168;73
18266;73
18365;73
18466;73
18572;73
18671;73
18779;73
18875;73
18974;73
19074;73
19175;73
19267;73
19360;73
19457;73
19554;73
19658;73
19758;73
19850;73
19948;73
20073;73
20171;73
20274;73
20372;73
20468;73
20565;73
20663;73
20774;73
20874;73
20974;73
21072;73
21166;73
21260;73
21356;73
21460;73
21559;73
21655;73
21757;73
21854;73
21949;73
22060;73
22171;73
22263;73
22358;73
22457;73
22557;73
22662;73
22769;73
22866;73
22961;73
23057;73
23156;73
23256;73
23355;73
23464;73
23566;73
23668;73
23776;73
23869;73
23966;73
24066;73
24215;73
24361;73
24503;73
24622;73
24719;73
24824;73
24918;73
25017;73
25118;73
25220;73
25314;73
25407;73
25500;73
25597;73
25696;73
25806;73
25900;73
25998;73
26094;73
26189;73
26294;73
26390;73
26490;73
26590;73
26689;73
26800;73
26903;73
26997;73
27096;73
27191;73
27287;73
27385;73
27484;73
27590;73
27687;73
27794;73
27888;73
27987;73
28091;73
28194;73
28291;73
28395;73
28490;73
28592;73
28689;73
28804;73
28902;73
29004;73
29099;73
29199;73
29304;73
29403;73
29499;73
29595;73
29693;73
29803;73
29917;73
30014;73
30119;73
30229;73
30321;73
30420;73
30526;73
30628;73
30739;73
30839;73
30942;73
31039;73
31140;73
31239;73
31333;73
31449;73
31552;73
31650;73
31755;73
31853;73
31947;73
32046;73
32144;73
32251;73
32348;73
32450;73
32548;73
32646;73
32759;73
32866;73
32965;73
33068;73
33164;73
33265;73
33360;73
33464;73
33559;73
33650;73
33768;73
33867;73
33965;73
34063;73
34176;73
34283;73
34378;73
34473;73
34582;73
34687;73
34796;73
34896;73
34990;73
35091;73
35186;73
35294;73
35389;73
35484;73
35588;73
35683;73
35793;73
35890;73
35991;73
36097;73
36197;73
36291;73
36388;73
36480;73
36580;73
36681;73
36785;73
36888;73
36986;73
37094;73
37190;73
37293;73
37389;73
37490;73
37614;73
37718;73
37821;73
37916;73
38016;73
38112;73
38231;73
38340;73
38435;73
38542;73
38637;73
38748;73
38844;73
38948;73
39044;73
39145;73
39245;73
39340;73
39449;73
39548;73
39648;73
39758;73
39855;73
39958;73
40061;73
40165;73
40272;73
40372;73
40465;73
40573;73
40680;73
40790;73
40890;73
41004;73
41108;73
41204;73
41309;73
41410;73
41512;73
41609;73
41711;73
41812;73
41921;73
42016;73
42118;73
42227;73
42331;73
42427;73
42531;73
42627;73
42731;73
42835;73
42938;73
43041;73
43145;73
43239;73
43340;73
43435;73
43536;73
43632;73
43743;73
43843;73
43937;73
44040;73
44139;73
44250;73
44351;73
44450;73
44552;73
44655;73
44758;73
44863;73
44957;73
45059;73
45153;73
45246;73
45353;73
45461;73
45559;73
45661;73
45769;73
45869;73
45967;73
46076;73
46173;73
46281;73
46378;73
46479;73
46577;73
46682;73
46790;73
46890;73
46987;73
47089;73
47187;73
47293;73
47389;73
47489;73
47587;73
47699;73
47812;73
47910;73
48008;73
48103;73
48196;73
48297;73
48398;73
48501;73
48595;73
48692;73
48802;73
48899;73
48997;73
49099;73
49196;73
49297;73
49393;73
49497;73
49608;73
49765;73
49876;73
49979;73
50073;73
50167;73
50276;73
50396;73
50493;73
50595;73
50691;73
50800;73
50905;73
51004;73
51099;73
51198;73
51292;73
51392;73
51502;73
51597;73
51694;73
51793;73
51892;73
51984;73
52084;73
52181;73
52274;73
52380;73
52474;73
52573;73
52676;73
52791;73
52882;73
52977;73
53079;73
53174;73
53281;73
53376;73
53477;73
53581;73
53685;73
53799;73
53898;73
53992;73
54089;73
54185;73
54281;73
54385;73
54488;73
54589;73
54690;73
54796;73
54895;73
54988;73
55085;73
55185;73
55279;73
55374;73
55471;73
55571;73
55678;73
55789;73
55883;73
55978;73
56093;73
56192;73
56291;73
56413;73
56512;73
56612;73
56705;73
56816;73
56922;73
57019;73
57116;73
57215;73
57314;73
57415;73
57525;73
57625;73
57738;73
57841;73
57941;73
58045;73
58145;73
58239;73
58340;73
58441;73
58543;73
58640;73
58762;73
58860;73
58960;73
59055;73
59153;73
59262;73
59362;73
59458;73
59559;73
59653;73
59765;73
59865;73
59960;73
60056;73
60148;73
60242;73
60341;73
60443;73
60543;73
60637;73
60755;73
60852;73
60951;73
61055;73
61155;73
61249;73
61351;73
61456;73
61563;73
61661;73
61770;73
61863;73
61959;73
62052;73
62144;73
62256;73
62352;73
62454;73
62551;73
62648;73
62757;73
62864;73
62957;73
63050;73
63146;73
63239;73
63339;73
63439;73
63540;73
63637;73
63742;73
63844;73
63940;73
64039;73
64135;73
64234;73
64328;73
64429;73
64533;73
64635;73
64742;73
64840;73
64935;73
65029;73
65128;73
65230;73
65333;73
65431;73
65529;73
65630;73
65740;73
65847;73
65950;73
66044;73
66144;73
66238;73
66333;73
66439;73
66537;73
66635;73
66737;73
66831;73
66933;73
67034;73
67134;73
67228;73
67329;73
67423;73
67528;73
67621;73
67729;73
67833;73
67933;73
68029;73
68122;73
68228;73
68328;73
68439;73
68559;73
68659;73
68768;73
68872;73
68967;73
69066;73
69159;73
69257;73
69360;73
69455;73
69551;73
69648;73
69751;73
69849;73
69946;73
70052;73
70145;73
70245;73
70339;73
70434;73
70540;73
70639;73
70746;73
70839;73
70935;73
71030;73
71125;73
71221;73
71321;73
71423;73
71523;73
71619;73
71716;73
71816;73
71914;73
72007;73
72101;73
72206;73
72304;73
72405;73
72520;73
72618;73
72721;73
72819;73
72917;73
73017;73
73115;73
73216;73
73313;73
73422;73
73521;73
73623;73
73737;73
73833;73
73928;73
74031;73
74128;73
74229;73
74328;73
74427;73
74532;73
74639;73
74754;73
74851;73
74947;73
75047;73
75139;73
75233;73
75331;73
75432;73
75546;73
75645;73
75747;73
75849;73
75943;73
76050;73
76148;73
76244;73
76351;73
76448;73
76560;73
76663;73
76767;73
76867;73
76962;73
77057;73
77155;73
77252;73
77352;73
77449;73
77556;73
77667;73
77782;73
77896;73
77989;73
78085;73
78184;73
78281;73
78383;73
78488;73
78613;73
78713;73
78822;73
78918;73
79015;73
79123;73
79226;73
79321;73
79418;73
79519;73
79614;73
79716;73
79821;73
79919;73
80013;73
80109;73
80211;73
80314;73
80417;73
80522;73
80632;73
80745;73
80858;73
80955;73
81050;73
81148;73
81242;73
81341;73
81443;73
81552;73
81647;73
81758;73
81855;73
81956;73
82052;73
82151;73
82249;73
82348;73
82446;73
82545;73
82655;73
82767;73
82861;73
82964;73
83061;73
83154;73
83257;73
83351;73
83445;73
83547;73
83642;73
83755;73
83866;73
83963;73
84094;73
84249;73
84402;73
84543;73
84662;73
84766;73
84864;73
84963;73
85069;73
85169;73
85269;73
85383;73
85479;73
85582;73
85681;73
85786;73
85879;73
85981;73
86074;73
86167;73
86268;73
86362;73
86463;73
86568;73
86664;73
86769;73
86864;73
86965;73
87058;73
87153;73
87249;73
87342;73
87442;73
87543;73
87646;73
87747;73
87847;73
87942;73
88048;73
88143;73
88238;73
88338;73
88436;73
88540;73
88642;73
88758;73
88860;73
88955;73
89051;73
89151;73
89251;73
89355;73
89447;73
89547;73
89643;73
89752;73
89853;73
89954;73
90054;73
90149;73
90250;73
90345;73
90454;73
90551;73
90656;73
90780;73
90878;73
90980;73
91081;73
91180;73
91275;73
91369;73
91477;73
91585;73
91686;73
91798;73
91896;73
91993;73
92085;73
92178;73
92276;73
92373;73
92467;73
92568;73
92664;73
92784;73
92890;73
92986;73
93089;73
93185;73
93279;73
93376;73
93476;73
93583;73
93676;73
93784;73
93878;73
93978;73
94078;73
94176;73
94277;73
94374;73
94475;73
94586;73
94696;73
94813;73
94914;73
95012;73
95107;73
95207;73
95312;73
95410;73
95508;73
95610;73
95705;73
95809;73
95910;73
96005;73
96103;73
96201;73
96298;73
96391;73
96495;73
96592;73
96692;73
96809;73
96913;73
97009;73
97119;73
97216;73
97318;73
97414;73
97510;73
97610;73
97713;73
97819;73
97921;73
98019;73
98114;73
98213;73
98311;73
98413;73
98513;73
98615;73
98711;73
98825;73
98925;73
99023;73
99120;73
99226;73
99320;73
99419;73
99524;73
99627;73
99729;73
99831;73
99929;73
100031;73
100129;73
100222;73
100323;73
100423;73
100525;73
100626;73
100755;73
100860;73
100960;73
101056;73
101152;73
101261;73
101358;73
101466;73
101572;73
101667;73
101772;73
101882;73
101988;73
102081;73
102184;73
102279;73
102382;73
102482;73
102580;73
102676;73
102794;73
102890;73
102988;73
103096;73
103191;73
103293;73
103389;73
103490;73
103588;73
103696;73
103799;73
103906;73
104000;73
104099;73
104194;73
104299;73
104392;73
104487;73
104588;73
104683;73
104788;73
104896;73
104999;73
105094;73
105195;73
105288;73
105385;73
105489;73
105588;73
105687;73
105782;73
105886;73
105983;73
106093;73
106187;73
106288;73
106384;73
106487;73
106586;73
106695;73
106801;73
106904;73
107000;73
107099;73
107191;73
107290;73
107392;73
107486;73
107591;73
107685;73
107799;73
107904;73
108005;73
108102;73
108203;73
108298;73
108399;73
108520;73
108614;73
108717;73
108821;73
108938;73
109043;73
109141;73
109233;73
109331;73
109424;73
109524;73
109653;73
109794;73
109890;73
110001;73
110105;73
110199;73
110305;73
110400;73
110494;73
110592;73
110686;73
110789;73
110890;73
110984;73
111081;73
111173;73
111268;73
111364;73
111468;73
111581;73
111677;73
111789;73
111885;73
111987;73
112083;73
112177;73
112276;73
112370;73
112466;73
112571;73
112676;73
112784;73
112886;73
112985;73
113086;73
113183;73
113288;73
113382;73
113476;73
113579;73
113673;73
113780;73
113877;73
113969;73
114068;73
114160;73
114253;73
114351;73
114449;73
114542;73
114648;73
114757;73
114850;73
114950;73
115052;73
115144;73
115240;73
115338;73
115434;73
115537;73
115639;73
115746;73
115842;73
115940;73
116036;73
116135;73
116236;73
116337;73
116433;73
116529;73
116627;73
116733;73
116835;73
116940;73
117035;73
117130;73
117227;73
117323;73
117418;73
117534;73
117632;73
117749;73
117853;73
117946;73
118049;73
118149;73
118250;73
118345;73
118447;73
118546;73
118654;73
118757;73
118850;73
118953;73
119047;73
119143;73
119246;73
119348;73
119445;73
119549;73
119643;73
119749;73
119854;73
119956;73
120054;73
120154;73
120248;73
120344;73
120450;73
120546;73
120647;73
120752;73
120861;73
120957;73
121062;73
121155;73
121255;73
121352;73
121458;73
121558;73
121664;73
121768;73
121866;73
121960;73
122057;73
122155;73
122256;73
122357;73
122452;73
122553;73
122645;73
122759;73
122856;73
122960;73
123059;73
123158;73
123253;73
123347;73
123459;73
123565;73
123663;73
123778;73
123876;73
123977;73
124080;73
124185;73
124280;73
124382;73
124480;73
124592;73
124740;72
124825;72
124916;72
125018;72
125125;72
125219;72
125316;72
125422;72
125517;72
125668;71
125830;70
125923;70
126020;70
126119;70
126213;70
126311;70
126402;70
126496;70
126595;70
126687;70
126793;70
126888;70
126998;70
127104;70
127197;70
127288;70
127381;70
127477;70
127573;70
127671;70
127784;70
127877;70
127974;70
128063;70
128156;70
128259;70
128351;70
128441;70
128543;70
128635;70
128744;70
128841;70
128934;70
129050;70
129145;70
129240;70
129334;70
129429;70
129524;70
129615;70
129707;70
129812;70
129906;70
130002;70
130100;70
130192;70
130288;70
130380;70
130472;70
130570;70
130667;70
130776;70
130866;70
130957;70
131059;70
