164;83
313;83
397;83
506;83
567;83
632;83
714;83
795;83
883;83
947;83
1011;83
1077;83
1147;83
1224;83
1287;83
1366;83
1430;83
1495;83
1572;83
1657;83
1738;83
1818;83
1939;83
2032;83
2100;84
2168;84
2242;84
2304;84
2371;84
2445;84
2523;84
2588;84
2672;84
2730;84
2790;84
2853;84
2916;84
2975;84
3033;84
3089;84
3152;84
3207;84
3261;84
3325;84
3398;84
3468;84
3539;84
3611;84
3685;84
3764;84
3843;84
3939;84
4011;84
4065;84
4122;84
4177;84
4235;84
4292;84
4358;79
4413;79
4468;79
4523;79
4582;79
4637;79
4692;79
4746;79
4803;79
4862;79
4925;79
4979;79
5034;79
5095;79
5155;79
5215;79
5268;79
5322;79
5379;79
5436;79
5495;79
5554;79
5611;79
5666;79
5721;79
5775;78
5834;78
5914;78
5969;78
6024;78
6083;78
6143;78
6197;78
6252;78
6314;78
6384;78
6458;78
6531;78
6600;78
6664;78
6724;78
6779;78
6834;78
6890;78
6944;78
7001;78
7058;78
7114;78
7169;78
7226;78
7284;78
7346;78
7400;78
7456;78
7515;78
7569;78
7628;78
7683;78
7737;78
7796;78
7850;78
7936;78
7991;78
8047;78
8108;78
8164;78
8220;78
8277;78
8333;78
8391;78
8446;78
8507;78
8561;78
8615;78
8670;78
8725;78
8780;78
8838;78
8898;78
8955;78
9011;78
9065;78
9127;78
9184;78
9238;78
9294;78
9350;78
9409;78
9463;78
9526;78
9578;78
9631;78
9686;78
9746;78
9800;78
9857;78
9937;78
10001;78
10059;78
10112;78
10171;78
10225;78
10283;78
10344;78
10398;78
10455;78
10510;78
10567;78
10621;78
10678;78
10733;78
10787;78
10842;78
10899;78
10966;78
11017;78
11070;78
11126;78
11182;78
11250;78
11305;78
11366;83
11423;83
11484;83
11543;83
11600;83
11656;83
11718;83
11773;83
11830;83
11887;78
11946;78
12001;78
12060;78
12125;78
12182;78
12254;78
12309;78
12373;78
12424;78
12483;78
12539;78
12593;78
12649;78
12711;78
12767;78
12823;78
12882;78
12940;78
12994;78
13051;78
13110;78
13164;78
13221;78
13275;78
13335;78
13397;83
13452;83
13509;83
13564;83
13621;83
13685;83
13739;83
13793;83
13856;83
13925;83
13983;83
14042;83
14105;83
14163;83
14219;83
14276;83
14333;83
14387;83
14442;83
14499;83
14556;83
14612;83
14671;83
14726;83
14786;83
14841;83
14896;83
14958;83
15012;83
15069;83
15133;83
15192;83
15250;83
15310;83
15365;83
15424;83
15478;83
15536;83
15599;83
15654;83
15713;83
15771;83
15826;83
15882;83
15942;83
15998;83
16064;83
16123;83
16179;83
16233;83
16292;83
16351;83
16406;83
16467;83
16526;83
16581;83
16636;83
16691;83
16748;83
16805;83
16865;83
16930;83
16988;83
17045;83
17099;83
17154;83
17209;83
17273;83
17325;83
17379;83
17434;83
17491;83
17549;83
17605;83
17661;83
17715;83
17775;83
17832;83
17889;83
17947;83
18004;83
18061;83
18125;83
18179;83
18233;83
18289;83
18354;83
18410;83
18466;83
18522;83
18589;83
18644;83
18703;83
18757;83
18814;83
18871;83
18928;83
18983;83
19038;83
19092;83
19149;83
19204;83
19259;83
19325;83
19387;83
19443;83
19496;83
19557;83
19619;83
19676;83
19731;83
19786;83
19842;83
19924;83
20007;83
20063;83
20121;83
20179;83
20235;83
20289;83
20344;83
20405;83
20457;83
20513;83
20568;83
20621;83
20677;83
20731;83
20788;83
20842;83
20900;83
20955;83
21010;83
21064;83
21127;83
21181;83
21238;83
21294;83
21351;83
21427;83
21491;83
21545;83
21599;83
21653;83
21710;83
21768;83
21826;83
21881;83
21938;83
22020;83
22075;83
22130;83
22188;84
22251;84
22307;84
22361;84
22416;84
22474;84
22528;84
22582;84
22637;84
22692;84
22746;84
22802;84
22856;84
22918;84
22989;84
23045;84
23111;84
23168;84
23221;84
23276;83
23337;83
23391;83
23449;83
23508;83
23562;83
23621;83
23676;83
23730;83
23786;83
23843;83
23897;83
23956;84
24014;84
24070;84
24130;84
24185;84
24244;84
24301;83
24355;83
24411;83
24468;83
24527;83
24585;83
24652;83
24720;83
24774;83
24830;83
24883;83
24937;83
24993;83
25050;83
25105;83
25162;83
25217;83
25275;83
25335;83
25393;83
25452;83
25506;83
25558;83
25612;83
25665;83
25721;83
25783;83
25838;83
25895;83
25953;83
26012;83
26072;83
26128;83
26188;83
26240;83
26297;83
26350;83
26406;83
26462;83
26524;83
26578;83
26634;83
26694;83
26751;83
26815;83
26867;83
26923;83
26978;83
27032;83
27086;83
27145;83
27204;83
27262;83
27318;83
27373;83
27427;83
27486;83
27537;83
27601;83
27655;83
27716;83
27770;83
27829;83
27882;83
27938;83
27992;83
28066;83
28116;83
28169;83
28225;83
28286;83
28345;83
28399;83
28454;83
28510;83
28564;83
28618;83
28675;83
28727;83
28782;83
28840;83
28898;83
28961;83
29022;83
29078;83
29141;83
29196;83
29260;83
29312;83
29368;83
29425;83
29482;83
29544;83
29599;83
29654;83
29709;83
29769;83
29821;83
29874;83
29927;83
29984;83
30043;83
30103;83
30162;84
30217;84
30275;84
30327;84
30382;84
30437;84
30493;84
30546;84
30601;84
30658;84
30722;84
30778;84
30830;84
30886;84
30941;84
30994;84
31048;84
31103;84
31156;84
31214;84
31268;84
31328;84
31386;84
31440;84
31494;84
31548;84
31603;84
31665;84
31717;84
31771;84
31824;84
31882;84
31944;84
32000;84
32060;84
32125;84
32183;84
32238;84
32293;84
32348;84
32404;84
32459;84
32524;84
32580;84
32635;84
32690;84
32746;84
32802;84
32856;84
32913;84
32969;84
33028;84
33087;84
33145;84
33200;84
33257;86
33313;86
33369;86
33431;86
33488;86
33542;86
33599;86
33662;86
33738;86
33794;86
33848;86
33906;86
33959;86
34018;86
34076;86
34131;86
34185;86
34243;86
34303;86
34361;86
34425;81
34477;81
34530;81
34586;81
34639;81
34694;81
34748;81
34804;81
34857;80
34915;80
34969;80
35022;80
35088;80
35156;80
35233;80
35303;80
35361;80
35415;80
35468;80
35527;80
35581;80
35636;80
35689;80
35745;80
35800;80
35853;80
35908;80
35964;80
36035;80
36117;80
36174;80
36231;80
36285;80
36339;80
36396;80
36452;80
36509;80
36562;80
36618;80
36673;80
36735;80
36806;80
36863;80
36918;80
36970;80
37028;80
37081;80
37135;80
37190;80
37245;80
37302;80
37356;80
37412;80
37469;80
37524;80
37579;80
37633;80
37691;80
37746;80
37802;80
37855;80
37914;80
37968;80
38021;80
38106;80
38166;80
38226;80
38281;80
38354;80
38409;80
38474;80
38535;80
38595;80
38650;80
38703;80
38760;80
38817;80
38871;80
38927;80
38984;80
39041;80
39099;80
39158;80
39218;80
39271;80
39328;80
39383;78
39444;78
39498;78
39555;78
39611;78
39666;78
39731;78
39785;78
39838;78
39922;78
39976;78
40031;78
40110;78
40166;78
40225;78
40281;78
40341;78
40394;78
40448;78
40502;78
40557;78
40617;78
40670;78
40729;78
40784;78
40838;78
40898;78
40962;78
41015;78
41072;78
41126;78
41181;78
41242;78
41296;78
41351;78
41421;78
41475;78
41537;78
41591;78
41646;78
41701;78
41755;78
41811;78
41869;78
41922;78
41978;78
42033;78
42102;78
42167;78
42261;78
42334;78
42402;78
42457;78
42514;78
42568;78
42625;78
42680;78
42741;78
42796;78
42852;78
42905;78
42962;78
43020;78
43078;78
43131;78
43184;78
43239;78
43295;78
43353;78
43406;78
43460;78
43516;78
43574;78
43625;78
43679;78
43732;78
43786;78
43839;78
43893;78
43950;78
44007;78
44068;78
44126;78
44179;78
44233;78
44291;78
44345;78
44402;78
44460;78
44537;78
44591;78
44644;78
44698;78
44751;78
44804;78
44858;78
44912;78
44968;78
45024;78
45076;78
45139;78
45192;78
45246;78
45302;78
45357;78
45413;78
45471;78
45524;78
45579;78
45636;78
45693;78
45750;78
45812;78
45870;78
45925;78
45979;78
46038;78
46095;78
46155;78
46209;78
46270;78
46329;78
46383;78
46436;78
46490;78
46545;78
46602;78
46660;78
46712;78
46768;78
46821;78
46876;78
46937;78
46994;78
47049;78
47104;78
47160;78
47221;78
47321;78
47388;78
47458;78
47562;78
47638;78
47695;78
47751;78
47804;78
47858;78
47913;78
47971;78
48024;78
48087;78
48174;78
48230;78
48287;78
48343;78
48399;78
48456;78
48514;78
48566;78
48619;78
48674;78
48737;78
48791;78
48846;78
48904;78
48959;78
49018;78
49074;78
49134;78
49189;78
49243;78
49300;78
49356;78
49413;78
49468;78
49523;78
49583;78
49638;78
49697;78
49753;78
49806;78
49860;78
49920;78
49976;78
50037;78
50094;78
50186;78
50238;78
50291;78
50352;78
50410;78
50463;78
50525;78
50587;78
50645;78
50704;78
50761;78
50815;78
50876;78
50933;78
50988;78
51041;78
51099;78
51159;78
51214;78
51276;78
51328;78
51383;78
51439;78
51496;78
51549;78
51603;78
51660;78
51721;78
51780;78
51833;78
51886;78
51943;78
51999;78
52055;78
52109;78
52196;78
52249;78
52304;78
52368;78
52420;78
52472;78
52526;78
52579;78
52633;78
52687;78
52741;78
52796;78
52851;78
52909;78
52963;78
53020;78
53086;78
53140;78
53192;78
53247;78
53309;78
53363;78
53417;78
53474;78
53532;78
53585;78
53641;78
53697;78
53754;78
53811;78
53871;78
53922;78
53976;78
54028;78
54082;78
54148;83
54205;83
54262;83
54317;83
54371;83
54426;83
54483;83
54540;78
54597;78
54657;79
54713;79
54770;79
54823;79
54879;79
54935;79
54992;79
55047;79
55102;79
55159;79
55217;79
55273;79
55334;79
55391;79
55455;79
55526;79
55596;79
55648;79
55701;79
55754;79
55809;79
55862;79
55925;79
55981;79
56037;79
56091;79
56157;79
56214;79
56268;79
56321;79
56374;79
56430;79
56488;79
56545;79
56597;79
56650;79
56708;79
56765;79
56821;79
56876;79
56929;79
56985;79
57038;79
57091;79
57151;79
57205;79
57261;79
57319;79
57374;79
57427;79
57481;79
57536;79
57590;79
57645;79
57702;79
57756;79
57812;79
57866;79
57920;78
57973;78
58027;78
58087;78
58142;78
58201;78
58258;78
58319;78
58373;78
58427;78
58481;78
58536;78
58592;78
58645;78
58699;78
58752;78
58813;78
58870;78
58928;78
58984;78
59036;78
59093;78
59147;78
59200;78
59253;78
59308;78
59363;78
59419;78
59473;78
59534;78
59592;78
59644;78
59697;78
59753;78
59809;78
59866;78
59919;78
59973;78
60028;78
60082;78
60145;78
60201;78
60265;78
60315;78
60367;78
60423;78
60479;78
60535;78
60591;78
60649;78
60707;78
60761;78
60816;78
60871;78
60938;78
60990;78
61042;78
61094;78
61151;78
61204;78
61265;78
61334;78
61392;78
61447;78
61501;78
61554;78
61607;78
61664;78
61718;78
61775;78
61827;78
61881;78
61938;78
61994;78
62052;78
62107;78
62164;78
62221;78
62276;78
62332;78
62385;78
62440;78
62501;78
62559;79
62622;79
62673;79
62727;79
62782;79
62839;79
62895;79
62952;79
63006;79
63060;79
63123;79
63180;79
63233;79
63299;79
63355;79
63408;79
63462;79
63524;79
63596;79
63648;79
63704;79
63758;79
63811;79
63865;79
63918;79
63973;79
64030;79
64085;78
64140;78
64194;78
64253;78
64314;78
64369;78
64427;78
64495;78
64549;78
64601;78
64655;78
64708;78
64766;78
64823;78
64878;78
64939;78
64995;78
65050;78
65103;78
65157;78
65210;78
65270;78
65327;78
65387;78
65438;78
65491;78
65551;78
65604;78
65657;78
65713;78
65767;78
65823;78
65877;78
65931;78
65989;78
66043;78
66096;78
66154;78
66216;78
66269;78
66325;78
66379;78
66433;78
66487;78
66542;78
66596;78
66650;78
66712;78
66766;78
66819;78
66875;78
66928;78
66987;78
67038;78
67094;78
67154;78
67208;78
67263;78
67325;78
67381;78
67436;78
67494;78
67548;78
67602;78
67658;78
67715;78
67775;78
67829;78
67884;78
67947;78
68000;78
68053;78
68108;78
68168;78
68224;78
68282;78
68335;78
68389;78
68443;78
68507;78
68561;78
68616;78
68669;78
68723;78
68776;78
68832;78
68888;78
68944;78
68999;78
69058;78
69119;78
69179;78
69230;78
69284;78
69340;78
69394;78
69450;78
69504;78
69558;78
69615;78
69672;78
69732;78
69786;78
69847;78
69901;78
69954;78
70010;78
70065;78
70119;78
70172;78
70237;78
70316;78
70370;78
70423;78
70483;78
70536;78
70590;78
70644;78
70697;78
70750;78
70806;78
70862;78
70922;78
70978;78
71032;78
71093;78
71149;78
71201;78
71267;78
71322;78
71379;78
71433;78
71486;78
71547;78
71600;78
71654;78
71712;78
71764;78
71818;78
71871;78
71924;78
71979;78
72033;78
72093;78
72150;78
72214;78
72268;78
72320;78
72374;78
72427;78
72482;78
72540;78
72593;78
72648;78
72704;78
72760;78
72814;78
72880;78
72933;78
72988;78
73044;78
73100;78
73154;78
73208;78
73266;78
73333;78
73386;78
73442;78
73496;78
73552;78
73610;78
73665;78
73728;78
73782;78
73839;78
73892;78
73952;78
74007;78
74061;78
74115;78
74170;78
74223;78
74281;78
74338;78
74391;78
74445;78
74520;78
74571;78
74623;78
74678;78
74731;78
74786;78
74841;78
74895;78
74948;78
75010;78
75067;78
75129;78
75184;78
75239;78
75294;78
75348;78
75412;78
75492;78
75543;78
75598;78
75652;78
75714;78
75771;78
75828;78
75883;78
75938;78
75993;78
76047;78
76100;78
76155;78
76211;78
76268;78
76330;78
76385;78
76454;78
76506;78
76560;78
76613;78
76673;78
76726;78
76780;78
76833;78
76886;78
76944;78
76998;78
77051;78
77105;78
77159;78
77216;78
77272;78
77325;78
77380;78
77436;78
77513;78
77588;78
77657;78
77709;78
77766;78
77818;78
77872;78
77926;78
77981;78
78038;78
78094;78
78153;78
78209;78
78263;78
78323;78
78379;78
78433;78
78487;78
78541;78
78594;78
78648;78
78709;78
78765;78
78821;78
78874;78
78927;78
78981;78
79037;78
79095;78
79152;78
79209;78
79261;78
79319;78
79373;78
79428;78
79489;78
79543;78
79597;78
79650;78
79709;78
79768;78
79821;78
79875;78
79941;78
80011;78
80084;78
80154;78
80229;78
80282;78
80339;78
80393;78
80449;78
80507;78
80568;78
80621;78
80675;78
80732;78
80789;78
80847;78
80904;78
80957;78
81011;78
81064;78
81128;78
81181;78
81235;78
81299;78
81352;78
81408;78
81462;78
81516;78
81573;78
81627;78
81681;78
81742;78
81795;78
81850;78
81903;78
81957;78
82013;78
82069;78
82126;78
82181;78
82234;78
82306;78
82377;78
82433;78
82487;78
82541;78
82594;78
82647;78
82700;78
82754;78
82815;78
82867;78
82927;78
82979;78
83032;78
83084;78
83139;78
83191;78
83245;78
83299;78
83355;78
83410;78
83467;78
83530;78
83587;78
83640;78
83696;78
83750;78
83803;78
83858;78
83913;78
83981;78
84032;78
84083;78
84142;78
84195;78
84252;78
84327;78
84381;78
84437;78
84489;78
84550;78
84604;78
84662;78
84725;78
84783;78
84836;78
84893;78
84947;78
85003;78
85059;78
85113;78
85171;78
85224;78
85278;78
85339;78
85393;78
85446;78
85499;78
85553;78
85609;78
85664;78
85717;78
85772;78
85825;78
85882;78
85940;78
85995;78
86051;78
86106;78
86159;78
86219;78
86269;78
86326;78
86383;78
86438;78
86493;78
86549;78
86605;78
86659;78
86712;78
86767;78
86820;78
86873;78
86930;78
86983;78
87036;78
87091;78
87152;78
87221;78
87280;78
87331;78
87390;78
87451;78
87504;78
87558;78
87612;78
87667;78
87726;78
87780;78
87836;78
87889;78
87943;78
87998;78
88053;78
88107;78
88161;78
88223;78
88272;78
88333;78
88388;78
88449;78
88504;78
88557;78
88611;78
88664;78
88720;78
88777;78
88833;78
88886;78
88947;78
89002;78
89058;78
89110;78
89171;78
89226;78
89279;78
89333;78
89388;78
89441;78
89498;78
89561;78
89616;78
89669;78
89725;78
89788;78
89844;78
89902;78
89957;78
90014;78
90076;78
90134;78
90187;78
90239;78
90301;78
90359;78
90412;78
90469;78
90531;78
90585;78
90641;78
90697;78
90753;78
90808;78
90863;78
90917;78
91029;78
91082;78
91141;78
91195;78
91251;78
91310;78
91363;78
91417;78
91471;78
91526;78
91581;78
91634;78
91689;78
91745;78
91806;78
91859;78
91917;78
91976;78
92032;78
92087;78
92142;78
92197;78
92257;78
92314;78
92396;78
92451;78
92513;78
92570;78
92634;78
92687;78
92741;78
92796;78
92851;78
92904;78
92958;78
93011;78
93064;78
93124;78
93177;78
93233;78
93288;78
93344;78
93405;78
93457;78
93513;78
93569;78
93624;78
93677;78
93737;78
93790;78
93844;78
93899;78
93955;78
94011;78
94072;78
94123;78
94179;78
94233;78
94289;78
94377;78
94443;78
94500;78
94553;78
94608;78
94665;78
94719;78
94783;78
94834;78
94886;78
94942;78
94995;78
95056;78
95111;78
95164;78
95220;78
95274;78
95329;78
95383;78
95440;78
95498;78
95553;78
95609;78
95664;78
95720;78
95774;78
