1647;65
2215;65
2600;65
2977;65
3347;65
3684;65
4046;65
4864;65
6384;65
6995;65
7370;65
7747;65
8086;65
8428;65
8755;65
9082;65
9405;65
10833;65
11167;65
11487;65
11846;65
12171;65
12526;65
12864;65
13186;65
13513;65
13835;65
14166;65
14489;65
14833;65
15168;65
15495;65
15827;65
16134;65
16471;65
16800;65
17105;65
17430;65
17743;65
18041;65
18327;65
18616;65
18923;65
19195;65
19468;65
19750;65
20012;65
20281;65
20541;65
20793;65
21048;65
21299;65
21541;65
21793;65
22042;65
22276;65
22506;65
22728;65
22955;65
23166;65
23390;65
23598;65
23808;65
24004;65
24200;65
24397;65
24577;65
24767;65
25042;64
25227;64
25404;64
25741;62
25903;62
26061;62
26226;62
26389;62
26549;62
26704;62
26859;62
27044;62
27191;62
27338;62
27485;62
27642;62
27785;62
27926;62
28073;62
28216;62
28357;62
28495;62
28635;62
28777;62
28920;62
29060;62
29213;62
29559;62
29697;62
29839;62
29982;62
30119;62
30262;62
30401;62
30541;62
30699;62
30841;62
30982;62
31127;62
31266;62
31408;62
31548;62
31688;62
31839;62
31977;62
32117;62
32255;62
32395;62
32533;62
32677;62
32826;62
32975;62
33113;62
33253;62
33392;62
33536;62
33677;62
33825;62
33967;62
34111;62
34249;62
34391;62
34531;62
34706;62
34848;62
34991;62
35142;62
35282;62
35419;62
35559;62
35715;62
35855;62
35995;62
36132;62
36270;62
36406;62
36543;62
36682;62
36827;62
36967;62
37103;62
37255;62
37393;62
37529;62
37672;62
37816;62
37953;62
38091;62
38233;62
38374;62
38518;62
38659;62
38814;62
38950;62
39089;62
39226;62
39366;62
39503;62
39639;62
39789;62
39934;62
40073;62
40213;62
40353;62
40490;62
40629;62
40770;62
40910;62
41046;62
41183;62
41320;62
41458;62
41597;62
41741;62
41881;62
42020;62
42158;62
42295;62
42431;62
42571;62
42707;62
42853;62
42990;62
43125;62
43264;62
43407;62
43546;62
43681;62
43821;62
43960;62
44096;62
44234;62
44373;62
44515;62
44654;62
44815;62
44958;62
45098;62
45233;62
45371;62
45514;62
45654;62
45800;62
45940;62
46079;62
46219;62
46358;62
46501;62
46642;62
46781;62
46920;62
47057;62
47195;62
47336;62
47473;62
47615;62
47771;62
47914;62
48057;62
48196;62
48334;62
48475;62
48612;62
48757;62
48898;62
49035;62
49175;62
49312;62
49455;62
49592;62
49734;62
49870;62
50011;62
50153;62
50295;62
50434;62
50577;62
50718;62
50876;62
51018;62
51160;62
51314;62
51528;62
51725;62
51881;62
52025;62
52172;62
52320;62
52464;62
52610;62
52754;62
52896;62
53037;62
53179;62
53326;62
53470;62
53649;62
53815;62
53961;62
54126;62
54293;62
54438;62
54581;62
54729;62
54872;62
55013;62
55172;62
55333;62
55481;62
55634;62
55774;62
55911;62
56063;62
56208;62
56347;62
56490;62
56631;62
56778;62
56948;62
57090;62
57239;62
57379;62
57516;62
57661;62
57800;62
57949;62
58092;62
58235;62
58373;62
58511;62
58651;62
58794;62
58933;62
59080;62
59223;62
59362;62
59508;62
59654;62
59814;62
59965;62
60128;62
60285;62
60438;62
60595;62
60750;62
60896;62
61079;62
61226;62
61372;62
61553;62
61720;62
61867;62
62015;62
62156;62
62298;62
62450;62
62595;62
62740;62
62920;62
63064;62
63213;62
63399;62
63546;62
63687;62
63832;62
63978;62
64120;62
64278;62
64446;62
64587;62
64734;62
64927;62
65066;62
65207;62
65347;62
65488;62
65633;62
65787;62
65985;62
66185;62
66322;62
66480;62
66615;62
66763;62
66902;62
67044;62
67183;62
67323;62
67464;62
67610;62
67776;62
67932;62
68082;62
68243;62
68406;62
68548;62
68692;62
68840;62
69009;62
69165;62
69309;62
69462;62
69646;62
69790;62
69931;62
70079;62
70226;62
70368;62
70512;62
70656;62
70806;62
70948;62
71092;62
71272;62
71417;62
71564;62
71743;62
71890;62
72030;62
72171;62
72314;62
72453;62
72601;62
72747;62
72885;62
73024;62
73163;62
73304;62
73444;62
73580;62
73722;62
73861;62
74001;62
74142;62
74283;62
74422;62
74561;62
74698;62
74852;62
74991;62
75132;62
75275;62
75411;62
75552;62
75694;62
75839;62
75979;62
76119;62
76259;62
76400;62
76541;62
76679;62
76820;62
76959;62
77105;62
77244;62
77386;62
77525;62
77669;62
77814;62
77953;62
78092;62
78235;62
78372;62
78512;62
78666;62
78809;62
78948;62
79088;62
79228;62
79367;62
79503;62
79660;62
79811;62
79954;62
80097;62
80260;62
80424;62
80565;62
80711;62
80864;62
81009;62
81150;62
81331;62
81475;62
81616;62
81795;62
81964;62
82108;62
82256;62
82395;62
82538;62
82676;62
82826;62
82965;62
83102;62
83262;62
83407;62
83550;62
83692;62
83845;62
83985;62
84135;62
84283;62
84426;62
84573;62
84728;62
84905;62
85051;62
85194;62
85362;62
85525;62
85669;62
85821;62
86007;62
86168;62
86315;62
86468;62
86639;62
86816;62
86981;62
87118;62
87258;62
87418;62
87579;62
87727;62
87883;62
88075;62
88215;62
88366;62
88513;62
88655;62
88796;62
88936;62
89074;62
89214;62
89360;62
89513;62
89653;62
89801;62
89978;62
90117;62
90265;62
90448;62
90591;62
90792;62
91018;62
91159;62
91339;62
91480;62
91620;62
91764;62
91920;62
92123;62
92316;62
92459;62
92600;62
92745;62
92889;62
93033;62
93183;62
93326;62
93471;62
93615;62
93765;62
93906;62
94060;62
94200;62
94338;62
94478;62
94617;62
94757;62
94899;62
95047;62
95185;62
95324;62
95463;62
95626;62
95792;62
95955;62
96103;62
96247;62
96401;62
96560;62
96706;62
96860;62
97009;62
97152;62
97323;62
97507;62
97651;62
97794;62
97934;62
98074;62
98211;62
98348;62
98486;62
98636;62
98788;62
98934;62
99073;62
99213;62
99353;62
99492;62
99635;62
99786;62
99987;62
100170;62
100348;62
100501;62
100641;62
100784;62
100922;62
101060;62
101203;62
101350;62
101508;62
101705;62
101886;62
102054;62
102207;62
102349;62
102501;62
102639;62
102802;62
102999;62
103182;62
103326;62
103519;62
103660;62
103805;62
103950;62
104092;62
104238;62
104379;62
104519;62
104658;62
104821;62
104964;62
105104;62
105249;62
105388;62
105525;62
105664;62
105812;62
105955;62
106094;62
106231;62
106375;62
106514;62
106657;62
106796;62
106938;62
107147;62
107352;62
107506;62
107648;62
107806;62
107961;62
108161;62
108361;62
108570;62
108775;62
108979;62
109180;62
109379;62
109590;62
109759;62
109923;62
110082;62
110261;62
110402;62
110598;62
110761;62
110946;62
111109;62
111266;62
111474;62
111657;62
111818;62
111967;62
112106;62
112254;62
112443;62
112661;62
112839;62
112989;62
113141;62
113287;62
113430;62
113579;62
113732;62
113882;62
114031;62
114173;62
114314;62
114451;62
114593;62
114738;62
114938;62
115144;62
115378;62
115593;62
115799;62
115978;62
116126;62
116282;62
116421;62
116578;62
116769;62
116913;62
117074;62
117217;62
117356;62
117502;62
117664;62
117835;62
118002;62
118159;62
118316;62
118480;62
118681;62
118888;62
119068;62
119238;62
119434;62
119682;62
119878;62
120040;62
120187;62
120333;62
120488;62
120675;62
120817;62
120954;62
121093;62
121231;62
121393;62
121534;62
121672;62
121867;62
122013;62
122153;62
122292;62
122433;62
122574;62
122713;62
122860;62
122998;62
123139;62
123290;62
123432;62
123570;62
123773;62
123964;62
124123;62
124274;62
124418;62
124558;62
124697;62
124865;62
125072;62
125210;62
125352;62
125493;62
125641;62
125814;62
126018;62
126219;62
126368;62
126510;62
126685;62
126856;62
127022;62
127204;62
127422;62
127620;62
127791;62
127961;62
128150;62
128353;62
128512;62
128686;62
128869;62
129005;62
129156;62
129358;62
129505;62
129662;62
129832;62
129976;62
130143;62
130289;62
130431;62
130614;62
130815;62
130993;62
131131;62
131283;62
131426;62
131576;62
131720;62
131867;62
132008;62
132147;62
132287;62
132429;62
132575;62
132713;62
132856;62
132995;62
133133;62
133280;62
133459;62
133606;62
133749;62
133901;62
134056;62
134238;62
134397;62
134547;62
134686;62
134902;62
135076;62
135216;62
135357;62
135499;62
135652;62
135794;62
135936;62
136076;62
136214;62
136355;62
136494;62
136633;62
136776;62
136915;62
137055;62
137197;62
137337;62
137483;62
137627;62
137775;62
137922;62
138063;62
138202;62
138343;62
138484;62
138627;62
138775;62
138917;62
139056;62
139195;62
139335;62
139474;62
139613;62
139765;62
139906;62
140043;62
140188;62
140330;62
140472;62
140610;62
140754;62
140897;62
141035;62
141174;62
141314;62
141451;62
141591;62
141736;62
141876;62
142017;62
142155;62
142294;62
142433;62
142577;62
142719;62
142856;62
142996;62
143135;62
143278;62
143424;62
143562;62
143701;62
143849;62
143986;62
144127;62
144266;62
144407;62
144549;62
144687;62
144833;62
144973;62
145111;62
145251;62
145391;62
145529;62
145666;62
145809;62
145947;62
146087;62
146226;62
146368;62
146508;62
146646;62
146792;62
146930;62
147072;62
147210;62
147347;62
147486;62
147628;62
147770;62
147917;62
148055;62
148199;62
148349;62
148489;62
148631;62
148773;62
148912;62
149053;62
149193;62
149332;62
149477;62
149615;62
149760;62
149905;62
150045;62
150187;62
150326;62
150468;62
150608;62
150755;62
150895;62
151042;62
151180;62
151322;62
151458;62
151600;62
151741;62
151881;62
152021;62
152161;62
152301;62
152441;62
152584;62
152726;62
152874;62
153013;62
153155;62
153297;62
153436;62
153576;62
153723;62
153865;62
154010;62
154147;62
154285;62
154424;62
154561;62
154704;62
154843;62
154982;62
155121;62
155261;62
155402;62
155547;62
155689;62
155844;62
156002;62
156164;62
156367;62
156526;62
156678;62
156833;62
156983;62
157132;62
157273;62
157417;62
157556;62
157697;62
157841;62
157985;62
158125;62
158266;62
158407;62
158546;62
158692;62
158837;62
158976;62
159115;62
159255;62
159399;62
159537;62
159676;62
159821;62
159961;62
160104;62
160257;62
160393;62
160529;62
160667;62
160806;62
160939;62
161083;62
161222;62
161359;62
161496;62
161635;62
161776;62
161913;62
162058;62
162199;62
162340;62
162479;62
162618;62
162756;62
162899;62
163037;62
163185;62
163333;62
163474;62
163612;62
163754;62
163897;62
164034;62
164173;62
164311;62
164456;62
164598;62
164742;62
164886;62
165026;62
165167;62
165309;62
165452;62
165591;62
165731;62
165871;62
166010;62
166149;62
166294;62
166436;62
166578;62
166720;62
166864;62
167005;62
167145;62
167288;62
167426;62
167567;62
167716;62
167876;62
168019;62
168161;62
168304;62
168445;62
168595;62
168753;62
168897;62
169039;62
169180;62
169324;62
169466;62
169608;62
169751;62
169892;62
170032;62
170169;62
170308;62
170449;62
170592;62
170734;62
170898;62
171037;62
171178;62
171346;62
171537;62
171713;62
171858;62
171998;62
172137;62
172274;62
172418;62
172569;62
172719;62
172869;62
173008;62
173153;62
173294;62
173439;62
173575;62
173717;62
173857;62
174007;62
174157;62
174309;62
174481;62
174663;62
174812;62
174951;62
175093;62
175242;62
175387;62
175547;62
175692;62
175833;62
175973;62
176117;62
176310;62
176506;62
176650;62
176798;62
176946;62
177100;62
177241;62
177378;62
177516;62
177662;62
177826;62
178020;62
178173;62
178326;62
178501;62
178698;62
178852;62
178995;62
179137;62
179279;62
179419;62
179570;62
179730;62
179905;62
180062;62
180220;62
180372;62
180523;62
180693;62
180849;62
181038;62
181214;62
181379;62
181524;62
181665;62
181808;62
181944;62
182082;62
182222;62
182365;62
182508;62
182678;62
182893;62
183063;62
183237;62
183397;62
183568;62
183731;62
183888;62
184039;62
184240;62
184395;62
184562;62
184707;62
184860;62
185008;62
185154;62
185357;62
185496;62
185694;62
185892;62
186083;62
186225;62
186386;62
186525;62
186663;62
186811;62
186976;62
187152;62
187396;62
187588;62
187743;62
187911;62
188060;62
188206;62
188363;62
188551;62
188707;62
188851;62
188989;62
189137;62
189343;62
189545;62
189709;62
189874;62
190075;62
190256;62
190416;62
190608;62
190834;62
191030;62
191186;62
191339;62
191477;62
191632;62
191780;62
191925;62
192064;62
192204;62
192341;62
192485;62
192636;62
192788;62
192935;62
193101;62
193246;62
193389;62
193540;62
193681;62
193825;62
193981;62
194135;62
194277;62
194416;62
194557;62
194707;62
194850;62
194990;62
195140;62
195284;62
195422;62
