1287;254
1592;254
1878;254
2164;254
2445;254
2745;254
3018;254
3392;254
3779;254
4050;254
4340;254
4619;254
4903;254
5202;254
5492;254
5774;254
6170;254
6442;254
6707;254
6981;254
7247;254
7523;254
7796;254
8067;254
8347;254
8619;254
8905;254
9173;254
9445;254
9718;254
9986;254
10261;254
10543;254
10812;254
11076;254
11338;254
11605;254
11870;254
12136;254
12421;254
12685;254
12946;254
13208;254
13482;254
13743;254
13996;254
14251;254
14509;254
14762;254
15011;254
15261;254
15507;254
15749;254
15989;254
16228;254
16488;254
16732;254
16961;254
17191;254
17421;254
17644;254
17865;254
18093;254
18305;254
18530;254
18745;254
18950;254
19164;254
19366;254
19576;254
19778;254
19977;254
20264;252
20487;252
20700;252
20934;249
21127;249
21356;243
21541;243
21722;243
21953;240
22129;240
22303;240
22516;240
22690;240
22902;238
23078;238
23247;238
23415;238
23584;238
23749;238
23919;238
24079;238
24242;238
24414;238
24578;238
24738;238
24897;238
25058;238
25221;238
25385;238
25544;238
25776;237
25987;236
26148;236
26307;236
26549;235
26710;235
26871;235
27032;235
27197;235
27358;235
27517;235
27676;235
27833;235
27997;235
28155;235
28312;235
28475;235
28633;235
28801;235
28960;235
29119;235
29278;235
29434;235
29593;235
29827;235
30036;235
30193;235
30357;235
30519;235
30680;235
30840;235
30999;235
31162;235
31320;235
31481;235
31638;235
31795;235
31966;235
32123;235
32279;235
32436;235
32600;235
32756;235
32918;235
33074;235
33231;235
33391;235
33550;235
33707;235
33871;235
34029;235
34188;235
34346;235
34507;235
34667;235
34826;235
34985;235
35148;235
35306;235
35464;235
35624;235
35781;235
35940;235
36099;235
36259;235
36421;235
36595;235
36754;235
36913;235
37071;235
37233;235
37390;235
37548;235
37752;234
37916;234
38076;234
38237;234
38393;234
38556;234
38717;234
38874;234
39032;234
39191;234
39348;234
39507;234
39665;234
39820;234
39975;234
40132;234
40287;234
40445;234
40611;234
40766;234
40924;234
41081;234
41238;234
41393;234
41550;234
41704;234
41860;234
42018;234
42175;234
42330;234
42484;234
42650;234
42805;234
42962;234
43119;234
43273;234
43432;234
43587;234
43744;234
43900;234
44057;234
44216;234
44374;234
44533;234
44697;234
44856;234
45017;234
45173;234
45331;234
45490;234
45650;234
45809;234
45968;234
46127;234
46285;234
46446;234
46609;234
46766;234
46927;234
47084;234
47247;234
47403;234
47560;234
47726;234
47887;234
48040;234
48198;234
48357;234
48520;234
48713;234
48931;234
49135;234
49291;234
49448;234
49608;234
49765;234
49922;234
50083;234
50245;234
50404;234
50564;234
50729;234
50888;234
51046;234
51206;234
51363;234
51522;234
51682;234
51845;234
52005;234
52163;234
52324;234
52483;234
52671;234
52831;234
52986;234
53144;234
53304;234
53463;234
53624;234
53783;234
53943;234
54104;234
54262;234
54463;233
54631;233
54796;233
54958;233
55115;233
55272;233
55431;233
55587;233
55744;233
55899;233
56053;233
56208;233
56368;233
56522;233
56711;233
56866;233
57028;233
57185;233
57339;233
57493;233
57648;233
57802;233
57967;233
58121;233
58277;233
58435;233
58589;233
58754;233
58911;233
59071;233
59228;233
59385;233
59547;233
59707;233
59865;233
60023;233
60179;233
60337;233
60493;233
60654;233
60818;233
60979;233
61136;233
61292;233
61450;233
61604;233
61762;233
61918;233
62073;233
62232;233
62388;233
62553;233
62733;233
62901;233
63063;233
63217;233
63371;233
63530;233
63684;233
63840;233
63996;233
64160;233
64315;233
64469;233
64630;233
64815;233
64972;233
65129;233
65283;233
65438;233
65599;233
65755;233
65911;233
66068;233
66220;233
66380;233
66540;233
66693;233
66855;233
67012;233
67173;233
67331;233
67487;233
67644;233
67808;233
67963;233
68122;233
68279;233
68438;233
68594;233
68759;233
68918;233
69076;233
69232;233
69393;233
69550;233
69711;233
69866;233
70024;233
70183;233
70338;233
70495;233
70651;233
70812;233
70972;233
71127;233
71283;233
71438;233
71593;233
71756;233
71912;233
72070;233
72223;233
72380;233
72536;233
72693;233
72855;233
73011;233
73165;233
73324;233
73481;233
73639;233
73796;233
73953;233
74113;233
74276;233
74433;233
74591;233
74764;233
74950;233
75107;233
75264;233
75419;233
75576;233
75735;233
75891;233
76050;233
76206;233
76380;233
76538;233
76695;233
76859;233
77017;233
77176;233
77334;233
77491;233
77649;233
77815;233
77981;233
78138;233
78296;233
78454;233
78612;233
78770;233
78938;233
79102;233
79259;233
79434;233
79594;233
79753;233
79906;233
80064;233
80223;233
80382;233
80540;233
80700;233
80870;233
81030;233
81189;233
81347;233
81505;233
81664;233
81825;233
81982;233
82146;233
82305;233
82467;233
82626;233
82792;233
82985;233
83141;233
83297;233
83456;233
83612;233
83770;233
83929;233
84091;233
84250;233
84406;233
84562;233
84722;233
84889;233
85047;233
85204;233
85361;233
85523;233
85680;233
85837;233
85994;233
86150;233
86306;233
86465;233
86622;233
86780;233
86942;233
87109;233
87266;233
87425;233
87583;233
87744;233
87902;233
88058;233
88217;233
88379;233
88550;233
88717;233
88880;233
89055;233
89217;233
89375;233
89559;233
89812;233
90076;233
90354;233
90583;233
90786;233
91026;233
91255;233
91437;233
91708;233
91988;233
92264;233
92441;233
92709;233
92990;233
93273;233
93507;233
93727;233
93996;233
94204;233
94482;233
94702;233
94947;233
95209;233
95528;233
95809;233
95985;233
96147;233
96313;233
96484;233
96642;233
96804;233
96963;233
97121;233
97314;233
97520;233
97758;233
97921;233
98084;233
98239;233
98399;233
98586;233
98755;233
98973;233
99175;233
99337;233
99499;233
99657;233
99830;233
99992;233
100152;233
100313;233
100475;233
100637;233
100800;233
100963;233
101126;233
101285;233
101442;233
101602;233
101763;233
101919;233
102077;233
102240;233
102398;233
102560;233
102729;233
102904;233
103064;233
103221;233
103386;233
103547;233
103705;233
103866;233
104025;233
104198;233
104365;233
104521;233
104684;233
104844;233
105002;233
105199;233
105410;233
105571;233
105731;233
105888;233
106047;233
106205;233
106362;233
106520;233
106676;233
106836;233
106992;233
107155;233
107311;233
107469;233
107625;233
107786;233
107961;233
108140;233
108312;233
108495;233
108670;233
108977;233
109301;233
109565;233
109758;233
109959;233
110262;233
110420;233
110580;233
110746;233
110908;233
111094;233
111265;233
111422;233
111578;233
111768;233
111939;233
112098;233
112255;233
112433;233
112590;233
112756;233
112991;233
113258;233
113418;233
113575;233
113739;233
113912;233
114080;233
114241;233
114405;233
114559;233
114716;233
114891;233
115048;233
115206;233
115361;233
115524;233
115685;233
115857;233
116026;233
116186;233
116348;233
116530;233
116736;233
116894;233
117052;233
117212;233
117376;233
117533;233
117694;233
117895;233
118075;233
118231;233
118388;233
118550;233
118730;233
118886;233
119042;233
119205;233
119361;233
119522;233
119685;233
119846;233
120004;233
120160;233
120325;233
120483;233
120644;233
120825;233
120992;233
121150;233
121310;233
121473;233
121632;233
121796;233
121953;233
122116;233
122276;233
122434;233
122595;233
122759;233
122919;233
123077;233
123234;233
123398;233
123555;233
123715;233
123882;233
124045;233
124202;233
124360;233
124522;233
124681;233
124842;233
125000;233
125165;233
125322;233
125481;233
125647;233
125812;233
125972;233
126132;233
126293;233
126452;233
126609;233
126774;233
126937;233
127101;233
127315;233
127476;233
127633;233
127803;233
127962;233
128127;233
128283;233
128443;233
128606;233
128770;233
128926;233
129088;233
129246;233
129406;233
129563;233
129724;233
129893;233
130049;233
130210;233
130365;233
130527;233
130689;233
130849;233
131006;233
131171;233
131326;233
131489;233
131650;233
131811;233
131970;233
132125;233
132286;233
132442;233
132597;233
132780;233
132940;233
133094;233
133297;232
133455;232
133622;232
133781;232
133935;232
134099;232
134257;232
134411;232
134568;232
134734;232
134902;232
135061;232
135223;232
135384;232
135541;232
135695;232
135867;232
136037;232
136199;232
136371;232
136536;232
136699;232
136867;232
137022;232
137182;232
137365;232
137519;232
137681;232
137842;232
138001;232
138161;232
138324;232
138483;232
138647;232
138809;232
138970;232
139126;232
139285;232
139450;232
139614;232
139783;232
139941;232
140105;232
140261;232
140421;232
140578;232
140743;232
140904;232
141066;232
141223;232
141385;232
141548;232
141707;232
141874;232
142036;232
142192;232
142346;232
142516;232
142672;232
142832;232
142988;232
143150;232
143308;232
143463;232
143620;232
143784;232
143943;232
144100;232
144255;232
144416;232
144578;232
144740;232
144902;232
145058;232
145214;232
145373;232
145540;232
145712;232
145886;232
146087;232
146258;232
146420;232
146603;232
146853;232
147052;232
147210;232
147365;232
147525;232
147712;232
147882;232
148052;232
148318;232
148572;232
148732;232
148893;232
149050;232
149211;232
149372;232
149528;232
149722;232
149968;232
150164;232
150323;232
150483;232
150646;232
150807;232
150964;232
151119;232
151279;232
151437;232
151594;232
151761;232
151919;232
152075;232
152231;232
152403;232
152568;232
152729;232
152884;232
153047;232
153210;232
153367;232
153522;232
153683;232
153851;232
154020;232
154183;232
154340;232
154495;232
154654;232
154823;232
154983;232
155140;232
155349;232
155516;232
155706;232
155868;232
156026;232
156186;232
156352;232
156528;232
156712;232
156899;232
157073;232
157250;232
157438;232
157596;232
157830;232
158096;232
158261;232
158418;232
158580;232
158749;232
158910;232
159069;232
159240;232
159415;232
159604;232
159903;232
160080;232
160243;232
160406;232
160569;232
160728;232
160890;232
161053;232
161216;232
161370;232
161531;232
161688;232
161848;232
162004;232
162170;232
162324;232
162492;232
162648;232
162815;232
162971;232
163127;232
163285;232
163450;232
163609;232
163768;232
163929;232
164091;232
164249;232
164408;232
164569;232
164731;232
164889;232
165046;232
165207;232
165362;232
165522;232
165678;232
165844;232
166001;232
166158;232
166315;232
166477;232
166634;232
166794;232
166956;232
167117;232
167280;232
167437;232
167600;232
167761;232
167918;232
168072;232
168235;232
168392;232
168558;232
168726;232
168967;232
169127;232
169285;232
169448;232
169607;232
169771;232
169936;232
170114;232
170272;232
170428;232
170595;232
170754;232
170914;232
171069;232
171230;232
171384;232
171542;232
171704;232
171867;232
172024;232
172180;232
172343;232
172501;232
172658;232
172815;232
172977;232
173134;232
173292;232
173449;232
173610;232
173768;232
173927;232
174083;232
174249;232
174406;232
174564;232
174739;232
174897;232
175056;232
175213;232
175376;232
175533;232
175692;232
175853;232
176016;232
176181;232
176349;232
176506;232
176668;232
176827;232
176989;232
177152;232
177310;232
177465;232
177620;232
177805;232
177961;232
178117;232
178276;232
178440;232
178595;232
178754;232
178910;232
179075;232
179232;232
179391;232
179553;232
179716;232
179877;232
180033;232
180198;232
180354;232
180510;232
180669;232
180853;232
181011;232
181167;232
181331;232
181492;232
181649;232
181807;232
181972;232
182130;232
182285;232
182448;232
182610;232
182771;232
182930;232
183085;232
183251;232
183409;232
183565;232
183726;232
183890;232
184050;232
184205;232
184365;232
184522;232
184680;232
184840;232
185004;232
185161;232
185318;232
185478;232
185638;232
185796;232
185953;232
186109;232
186272;232
186430;232
186588;232
186771;232
186930;232
187103;232
187258;232
187420;232
187578;232
187743;232
187901;232
188071;232
188230;232
188386;232
188564;232
188722;232
188882;232
189037;232
189197;232
189352;232
189507;232
189661;232
189826;232
189982;232
190152;232
190309;232
190473;232
190631;232
190797;232
190958;232
191115;232
191274;232
191430;232
191592;232
191753;232
191912;232
192070;232
192233;232
192390;232
192547;232
192710;232
192873;232
193030;232
193192;232
193356;232
193516;232
193674;232
193835;232
194000;232
194157;232
194315;232
194471;232
194633;232
194796;232
194954;232
195110;232
195270;232
195428;232
195585;232
195753;232
195913;232
196069;232
196229;232
196390;232
196548;232
196707;232
196864;232
197026;232
197183;232
197338;232
197497;232
197659;232
197831;232
197988;232
198150;232
198309;232
198467;232
198626;232
198794;232
198952;232
199109;232
199268;232
199433;232
199590;232
199749;232
199911;232
200074;232
200232;232
200393;232
200557;232
200717;232
200876;232
201032;232
201195;232
201351;232
201505;232
201662;232
201846;232
202005;232
202162;232
202317;232
202494;232
202650;232
202813;232
202980;232
203141;232
203298;232
203453;232
203615;232
203772;232
203931;232
204091;232
204251;232
204407;232
204564;232
204721;232
204886;232
205040;232
205197;232
205364;232
205524;232
205680;232
205840;232
205999;232
206155;232
206316;232
206470;232
206632;232
206790;232
206946;232
207104;232
