210;261
328;261
407;261
476;261
531;261
578;261
624;261
684;261
735;261
820;261
882;261
943;261
981;261
1025;261
1066;261
1110;261
1152;261
1194;261
1249;261
1287;261
1326;261
1362;261
1400;261
1446;261
1493;261
1537;261
1584;261
1641;261
1695;261
1749;261
1800;261
1857;261
1913;261
1963;261
2008;261
2045;261
2081;261
2117;261
2157;261
2198;265
2241;265
2277;265
2313;265
2348;265
2383;265
2423;265
2463;265
2512;265
2552;265
2587;265
2644;265
2680;265
2719;265
2759;265
2799;265
2835;265
2876;265
2913;265
2948;265
2986;265
3020;265
3054;265
3094;265
3141;265
3187;265
3236;265
3282;265
3338;265
3386;265
3434;265
3481;265
3530;265
3576;265
3627;265
3677;265
3728;265
3784;261
3816;261
3846;261
3879;261
3911;261
3948;261
3981;261
4013;261
4050;261
4086;261
4127;261
4163;261
4198;261
4231;261
4264;261
4296;261
4329;261
4364;261
4399;262
4432;262
4466;262
4500;262
4533;262
4567;262
4607;262
4641;262
4673;262
4722;262
4757;262
4798;262
4830;262
4868;262
4904;262
4936;262
4972;262
5014;262
5060;262
5092;262
5132;262
5165;262
5198;262
5235;262
5267;262
5299;262
5334;262
5371;262
5405;262
5437;262
5470;262
5504;262
5537;262
5570;262
5606;262
5638;262
5674;261
5708;261
5740;261
5775;261
5818;261
5865;261
5912;261
5959;261
6012;261
6057;261
6103;261
6151;261
6220;261
6253;261
6288;261
6332;261
6363;261
6397;261
6433;261
6467;261
6505;261
6539;261
6571;261
6604;261
6639;261
6673;261
6709;261
6743;261
6776;261
6808;261
6852;261
6884;261
6917;261
6953;261
6986;261
7018;261
7054;261
7087;261
7123;261
7156;261
7189;261
7221;261
7253;261
7286;261
7319;261
7352;261
7388;261
7420;261
7464;261
7497;261
7532;261
7566;261
7601;261
7635;261
7666;261
7703;261
7736;261
7770;261
7803;261
7837;261
7868;261
7905;264
7937;264
7977;264
8011;264
8049;264
8092;264
8134;264
8167;264
8202;261
8234;261
8267;261
8304;261
8344;261
8377;261
8414;261
8447;261
8479;260
8511;260
8546;260
8580;260
8617;260
8652;260
8686;260
8719;260
8756;260
8789;260
8829;260
8861;260
8900;260
8933;260
8971;257
9002;257
9038;257
9071;257
9106;257
9139;257
9182;257
9215;257
9247;257
9280;257
9318;258
9352;258
9385;258
9419;258
9451;258
9485;258
9519;258
9553;258
9586;258
9616;258
9650;258
9687;258
9727;258
9760;258
9795;258
9828;258
9861;258
9893;258
9925;258
9958;258
9992;258
10028;258
10066;258
10098;258
10134;258
10168;258
10203;258
10237;258
10270;258
10309;258
10343;258
10379;258
10412;258
10447;258
10482;258
10515;258
10547;258
10587;258
10620;258
10664;258
10699;258
10733;258
10774;264
10814;268
10846;269
10880;269
10913;269
10945;269
10978;269
11012;269
11046;269
11079;269
11111;269
11144;268
11179;268
11212;268
11249;268
11280;268
11313;268
11349;268
11385;268
11419;268
11451;267
11487;267
11520;267
11553;267
11586;267
11618;267
11651;267
11683;267
11722;268
11756;268
11789;268
11823;268
11856;266
11894;266
11930;266
11963;266
11997;266
12033;266
12073;266
12105;266
12140;266
12177;266
12211;266
12244;266
12277;266
12311;266
12347;266
12383;266
12414;266
12445;266
12481;266
12517;266
12550;266
12585;266
12617;266
12651;266
12684;266
12721;266
12755;266
12795;266
12829;266
12862;266
12894;266
12931;266
12964;266
12998;266
13030;266
13062;266
13098;266
13131;266
13167;266
13200;266
13232;266
13264;266
13301;266
13339;264
13371;264
13405;264
13443;264
13475;264
13507;261
13544;261
13577;261
13612;261
13645;261
13682;261
13724;261
13757;261
13798;261
13841;261
13878;261
13911;261
13944;261
13981;261
14014;261
14048;261
14083;261
14117;261
14155;261
14192;261
14227;261
14262;261
14295;261
14329;261
14365;261
14397;261
14430;261
14470;261
14505;261
14540;261
14578;261
14610;261
14642;261
14675;261
14710;261
14744;261
14777;261
14809;261
14852;261
14886;261
14920;261
14960;261
14996;261
15030;261
15063;261
15095;261
15127;261
15164;261
15197;261
15232;261
15274;261
15307;261
15346;261
15382;261
15413;261
15452;261
15489;262
15526;262
15570;262
15603;262
15637;262
15670;261
15704;261
15737;261
15774;261
15812;261
15845;261
15880;261
15916;261
15948;261
15981;261
16015;261
16049;261
16086;261
16119;261
16154;261
16186;261
16221;261
16255;261
16287;261
16326;261
16361;261
16395;261
16433;261
16465;261
16498;261
16535;261
16568;261
16608;261
16641;261
16672;261
16708;261
16745;261
16779;261
16815;261
16849;261
16882;261
16915;261
16947;261
16980;261
17016;261
17049;261
17089;261
17121;261
17156;261
17189;261
17222;261
17261;261
17293;261
17327;261
17360;261
17396;261
17429;261
17472;261
17505;261
17539;261
17570;261
17602;261
17636;261
17672;261
17705;261
17740;261
17776;261
17812;261
17845;261
17879;261
17912;261
17950;261
17982;261
18014;261
18050;261
18091;261
18122;261
18155;261
18188;261
18231;261
18280;261
18313;261
18347;261
18378;261
18412;261
18448;261
18482;261
18520;261
18552;261
18583;261
18615;261
18648;261
18682;261
18718;261
18750;261
18781;261
18815;261
18854;261
18887;261
18926;261
18957;261
18988;261
19025;261
19054;261
19087;261
19119;261
19150;261
19183;261
19216;261
19248;260
19281;260
19329;260
19362;260
19394;260
19433;260
19466;260
19499;260
19537;260
19570;260
19609;260
19642;260
19681;260
19712;260
19746;260
19779;260
19812;260
19845;260
19880;260
19913;260
19946;260
19979;260
20011;260
20044;260
20076;260
20112;260
20145;260
20182;260
20231;260
20284;260
20317;260
20350;260
20391;260
20434;260
20465;260
20501;260
20534;260
20566;260
20600;260
20637;260
20675;260
20709;260
20745;260
20777;260
20817;260
20850;260
20883;260
20916;260
20948;260
20982;260
21023;260
21056;260
21092;260
21132;260
21166;260
21200;256
21241;256
21287;256
21319;256
21352;256
21384;256
21416;256
21452;256
21488;256
21521;256
21560;256
21595;256
21626;256
21658;256
21692;256
21726;256
21776;256
21810;256
21844;256
21876;256
21918;256
21962;256
22014;256
22074;256
22108;256
22140;256
22172;256
22204;256
22237;256
22272;256
22305;256
22347;256
22381;256
22414;256
22446;256
22477;256
22511;256
22544;256
22576;256
22611;256
22646;256
22685;256
22720;256
22753;256
22786;256
22818;256
22855;256
22886;256
22921;256
22955;256
22988;256
23021;256
23056;256
23087;256
23122;256
23153;256
23184;256
23217;256
23263;256
23313;256
23349;256
23385;256
23432;256
23464;256
23497;256
23533;256
23580;256
23612;256
23647;256
23679;256
23716;256
23749;256
23782;256
23814;256
23847;256
23880;256
23914;256
23960;256
23992;256
24029;256
24061;256
24092;256
24125;256
24158;256
24191;256
24226;256
24268;256
24319;256
24351;256
24382;256
24414;256
24447;256
24483;256
24517;256
24549;256
24581;256
24620;256
24653;256
24690;256
24724;256
24759;256
24796;256
24844;256
24881;256
24912;256
24948;256
24980;256
25014;256
25064;256
25096;256
25128;256
25163;256
25194;256
25226;257
25263;257
25295;257
25327;257
25363;257
25398;257
25430;257
25463;257
25495;257
25529;257
25562;257
25594;257
25626;257
25664;257
25697;257
25730;257
25762;257
25794;257
25830;257
25862;257
25893;257
25930;257
25965;257
25997;257
26029;257
26066;257
26098;257
26130;257
26161;257
26195;257
26228;257
26268;257
26301;257
26340;257
26374;257
26406;257
26439;257
26482;257
26516;257
26551;259
26583;259
26619;259
26651;259
26684;259
26722;259
26758;259
26789;259
26825;259
26864;259
26895;259
26928;259
26966;259
27000;259
27033;258
27072;258
27110;258
27143;258
27183;258
27214;258
27247;258
27280;258
27312;258
27349;258
27390;258
27422;258
27459;258
27496;258
27528;258
27574;258
27605;258
27636;258
27666;258
27703;258
27737;258
27772;258
27810;258
27843;258
27880;258
27920;258
27952;258
27987;261
28024;261
28057;261
28093;261
28128;261
28162;261
28197;261
28233;261
28270;261
28308;261
28342;261
28375;261
28408;261
28440;261
28475;261
28507;261
28544;261
28581;261
28626;261
28661;263
28696;263
28732;263
28768;263
28800;263
28840;263
28878;263
28909;263
28948;263
28982;263
29024;263
29058;263
29097;263
29127;263
29165;263
29203;263
29239;263
29270;263
29303;263
29337;263
29368;263
29407;263
29446;263
29481;263
29518;263
29558;263
29591;263
29628;263
29664;263
29695;263
29728;263
29766;263
29805;263
29841;263
29875;263
29910;266
29949;266
29985;266
30020;266
30055;267
30087;267
30126;267
30157;267
30190;267
30223;267
30254;267
30292;267
30327;267
30361;267
30396;267
30426;267
30461;267
30493;267
30525;267
30557;267
30588;267
30620;267
30653;267
30693;267
30726;267
30760;267
30794;267
30826;267
30862;267
30895;267
30927;267
30979;267
31013;267
31050;267
31083;267
31118;267
31150;267
31185;267
31217;267
31255;267
31287;267
31318;267
31350;267
31386;267
31419;267
31457;267
31490;267
31526;267
31559;267
31598;267
31630;267
31663;267
31696;267
31734;267
31770;267
31804;267
31839;267
31875;267
31907;267
31942;267
31975;267
32007;267
32039;267
32078;267
32111;267
32142;267
32175;267
32209;267
32241;267
32280;267
32333;267
32371;267
32404;267
32439;265
32493;265
32536;265
32576;262
32608;262
32639;262
32683;262
32716;262
32750;262
32781;262
32814;262
32847;262
32882;262
32913;262
32948;262
32987;267
33018;267
33050;267
33082;267
33118;267
33160;267
33192;267
33223;267
33259;267
33292;267
33325;267
33356;267
33388;267
33420;267
33457;267
33489;267
33530;267
33563;267
33594;267
33626;267
33659;267
33695;267
33727;267
33760;267
33796;268
33829;268
33865;268
33900;268
33938;268
33976;265
34007;265
34044;265
34076;265
34108;265
34144;265
34185;265
34218;265
34251;265
34290;265
34347;265
34391;265
34423;265
34456;265
34498;265
34527;265
34560;265
34592;265
34624;265
34660;265
34693;265
34726;265
34759;265
34796;265
34835;265
34872;266
34906;266
34937;266
34974;266
35010;266
35044;266
35077;266
35113;266
35150;266
35184;266
35215;266
35247;266
35280;266
35312;266
35349;266
35381;266
35413;266
35445;266
35478;266
35510;266
35542;266
35580;266
35616;266
35653;266
35686;266
35725;266
35755;266
35798;266
35835;266
35866;266
35899;266
35935;267
35968;267
36008;267
36040;267
36076;267
36107;267
36148;267
36181;267
36213;267
36252;267
36285;267
36321;267
36355;267
36386;267
36422;267
36455;267
36487;267
36522;267
36558;267
36591;267
36623;267
36664;267
36695;267
36731;267
36763;267
36796;267
36831;267
36868;267
36904;267
36939;267
36971;267
37003;267
37036;267
37072;267
37105;268
37138;268
37169;267
37205;267
37238;267
37281;267
37315;267
37348;267
37386;267
37417;267
37448;267
37483;267
37517;267
37550;267
37583;267
37621;267
37657;267
37693;267
37725;267
37759;267
37792;267
37823;267
37855;266
37891;266
37926;266
37957;266
37989;266
38024;266
38060;266
38107;266
38140;266
38172;266
38203;266
38244;266
38275;266
38307;266
38342;266
38382;266
38415;266
38446;266
38477;266
38505;266
38541;266
38573;266
38606;266
38641;266
38674;266
38710;266
38744;266
38781;266
38811;266
38851;260
38878;260
38913;260
38946;260
38978;260
39009;260
39049;260
39083;260
39115;260
39148;260
39180;260
39220;260
39257;260
39287;260
39329;260
39360;260
39393;260
39425;260
39466;260
39500;260
39532;260
39564;260
39596;260
39628;260
39660;260
39695;260
39725;260
39763;260
39796;260
39829;260
39863;260
39894;260
39926;260
39960;260
39994;260
40034;260
40066;260
40102;260
40134;260
40170;260
40204;260
40238;260
40274;260
40305;260
40340;260
40375;260
40409;260
40441;260
40480;260
40511;260
40541;260
40573;260
40605;260
40638;260
40672;260
40709;260
40741;260
40774;260
40817;260
40851;260
40883;260
40919;260
40952;260
40984;260
41018;260
41050;260
41085;260
41124;260
41156;260
41188;260
41223;260
41255;260
41288;260
41323;260
41354;260
41392;260
41423;260
41455;260
41487;260
41528;260
41559;260
41589;260
41620;260
41655;260
41688;260
41727;260
41758;260
41797;260
41829;260
41861;260
41895;260
41927;260
41959;260
41991;260
42024;260
42056;260
42087;260
42120;260
42153;260
42190;260
42235;260
42273;260
42308;260
42340;260
42374;260
42418;260
42450;260
42486;260
42519;260
42553;260
42589;260
42622;260
42661;260
42693;260
42728;260
42766;260
42798;260
42832;260
42865;260
42896;260
42929;260
42969;260
43004;260
43035;260
43070;260
43105;260
43140;260
43177;260
43215;260
43252;260
43289;260
43323;260
43359;260
43389;260
43429;260
43461;260
43492;260
43525;260
43561;260
43597;260
43628;260
43661;260
43702;260
43734;260
43769;260
43802;260
43833;260
43868;260
43901;260
43935;260
43968;260
44008;260
44042;260
44077;260
44114;260
44149;260
44194;260
44230;260
44261;260
44294;260
44327;260
44361;260
44403;260
44435;260
44472;260
44504;260
44542;260
44577;260
44612;260
44643;260
44674;260
44713;260
44750;260
44785;260
44819;260
44852;260
44883;260
44917;260
44956;260
44998;260
45031;260
45068;260
45104;260
45139;260
45169;260
45213;260
45244;260
45281;260
45313;260
45345;260
45378;260
45410;260
45445;260
45479;260
45510;260
45553;260
45584;260
45621;260
45655;260
45691;260
45725;260
45758;260
45791;260
45823;260
45856;260
45889;260
45924;260
45960;261
46007;261
46043;261
46081;261
46114;261
46145;261
46177;261
46216;261
46263;261
46313;261
46341;261
46388;261
46433;261
46467;261
46498;261
46529;261
46565;261
46596;261
46629;261
46661;261
46695;261
46729;261
46762;261
46798;261
46834;261
46869;261
46900;261
46932;261
46964;261
47002;261
47036;261
47066;261
47098;261
47130;261
47162;261
47195;261
47230;261
47273;261
47304;261
47339;261
47371;261
47403;261
47435;261
47467;261
47504;261
47544;261
47591;261
47621;261
47655;261
47686;261
47720;261
47753;261
47787;261
47826;261
47859;261
47888;261
47920;261
47958;261
47990;261
48020;261
48052;261
48092;261
48129;261
48163;261
48194;261
48226;261
48254;261
48296;261
48328;261
48365;261
48422;261
48460;261
48493;261
48528;261
48564;261
48596;261
48627;261
48659;261
48694;261
48733;261
48765;261
48801;261
48832;261
48868;261
48899;261
48931;261
48969;261
49009;261
49040;261
49084;261
49115;261
49150;261
49185;261
49231;261
49277;261
49309;261
49341;261
49376;261
49408;261
49441;261
49473;261
49512;261
49554;261
49588;261
49620;261
49661;261
49694;261
49728;261
49760;261
49792;261
49826;261
49858;261
49891;261
49926;261
49958;261
49993;261
50025;261
50058;261
50096;261
50127;261
50159;261
50191;261
50223;261
50259;261
50289;261
50321;261
50356;261
50389;261
50423;261
50455;261
50484;261
50516;261
50549;261
50597;261
50628;260
50658;260
50694;260
50727;260
50764;260
50828;260
50903;260
50965;260
51048;260
51081;260
51113;260
51152;260
51187;260
51218;260
51250;260
51283;260
51315;260
51347;260
51378;260
51413;260
51449;260
51485;260
51518;260
51553;260
51585;260
51617;260
51651;260
51685;260
51720;260
51768;260
51835;260
51885;260
51926;260
51964;260
51998;260
52055;260
52121;260
52152;260
52184;260
52221;260
52254;260
52286;260
52317;260
52350;260
52383;260
52427;260
52461;260
52493;260
52537;260
52567;260
52604;260
52637;260
52669;260
52708;260
52755;260
52789;260
52825;260
52857;260
52889;260
52922;260
52963;260
52994;260
53027;260
53058;260
53090;260
53122;260
53158;260
53189;260
53222;260
53264;260
53301;260
53330;260
53367;260
53400;260
53437;260
53473;260
53509;260
53540;260
53575;260
53606;260
53638;260
53669;260
53708;260
53741;260
53774;260
53821;260
53855;260
53889;260
53922;260
53954;260
53995;260
54027;260
54059;260
54092;260
54125;260
54156;260
54191;260
54222;260
54254;260
54287;260
54320;260
54351;260
54383;260
54417;260
54450;260
54483;260
54519;260
54551;260
54588;260
54621;260
54660;260
54693;260
54725;260
54758;260
54794;260
54826;260
54860;260
54896;256
54935;256
54968;256
55018;256
55055;256
55096;256
55131;256
55161;256
55196;256
55230;256
55262;256
55297;256
55343;256
55375;256
55412;256
55444;256
55482;256
55519;256
55552;256
55585;256
55620;256
55656;256
55692;256
55736;256
55772;256
55807;256
55839;256
55872;256
55907;256
55943;256
55975;256
56006;256
56038;256
56079;256
56111;256
56150;256
56185;256
56216;256
56248;256
56281;256
56316;256
56347;256
56382;256
56418;256
56451;256
56484;256
56515;256
56549;256
56581;256
56613;256
56653;256
56685;256
56718;256
56750;256
56783;256
56815;256
56850;256
56886;256
56917;256
56953;256
56995;256
57026;256
57063;256
57096;256
57130;256
57163;256
57194;256
57227;256
57261;256
57293;256
57331;256
57367;256
57399;256
57432;256
57470;256
57506;256
57540;256
57574;256
57610;256
57646;256
57676;256
57710;256
57745;256
57786;256
57819;256
57852;256
57884;256
57918;256
57952;256
57985;256
58027;256
58060;256
58093;256
58125;256
58164;256
58205;256
58238;256
58272;256
58304;256
58338;256
58369;256
58403;256
58437;256
58472;256
58505;256
58536;256
58574;256
58609;256
58642;256
58681;256
58718;256
58749;256
58780;256
58812;256
58847;256
58883;256
58914;256
58952;256
58983;256
59020;256
59057;256
59090;256
59121;256
59154;256
59185;256
59218;256
59262;256
