1345;250
1659;250
1968;250
2267;250
2561;250
2880;250
3174;250
3484;250
4235;250
4905;250
5269;250
5655;250
6014;250
6324;250
6613;250
6921;250
8044;250
8765;250
9051;250
9330;250
9609;250
9900;250
10183;250
10496;250
10783;250
11066;250
11355;250
11643;250
11974;250
12339;250
12686;250
12995;250
13377;250
13662;250
13936;250
14216;250
14491;250
14776;250
15060;250
15331;250
15607;250
15878;250
16149;250
16422;250
16695;250
16974;250
17241;250
17551;250
17863;250
18127;250
18387;250
18645;250
18908;250
19159;250
19412;250
19664;250
19905;250
20156;250
20398;250
20640;250
20877;250
21115;250
21347;250
21569;250
21797;250
22014;250
22233;250
22454;250
22671;250
22961;247
23174;247
23386;247
23605;247
23805;247
24002;247
24220;247
24467;245
24717;239
24922;239
25115;239
25308;239
25568;237
25754;237
25947;237
26169;237
26349;237
26526;237
26757;236
27022;235
27223;235
27400;235
27580;235
27752;235
27977;235
28158;235
28332;235
28513;235
28683;235
29037;235
29210;235
29386;235
29567;235
29739;235
29938;235
30114;235
30311;235
30583;235
30812;235
30988;235
31568;235
31737;235
31908;235
32078;235
32247;235
32418;235
32617;235
32790;235
32965;235
33136;235
33309;235
33488;235
33689;235
33859;235
34027;235
34247;233
34418;233
34588;233
34786;233
34962;233
35134;233
35306;233
35477;233
35671;233
35840;233
36008;233
36177;233
36352;233
36527;233
36700;233
36868;233
37046;233
37217;233
37385;233
37554;233
37724;233
37891;233
38069;233
38246;233
38551;233
38720;233
38893;233
39068;233
39237;233
39407;233
39582;233
39751;233
39925;233
40100;233
40272;233
40443;233
40613;233
40792;233
40964;233
41156;233
41330;233
41501;233
41673;233
41841;233
42009;233
42179;233
42348;233
42519;233
42691;233
42859;233
43057;233
43229;233
43400;233
43567;233
43737;233
43906;233
44083;233
44256;233
44425;233
44597;233
44769;233
44937;233
45134;233
45307;233
45480;233
45651;233
45822;233
45992;233
46162;233
46332;233
46501;233
46671;233
46841;233
47013;233
47189;233
47363;233
47531;233
47697;233
47868;233
48036;233
48204;233
48373;233
48544;233
48715;233
48886;233
49063;233
49233;233
49403;233
49576;233
49746;233
49916;233
50091;233
50264;233
50435;233
50604;233
50773;233
50942;233
51140;233
51313;233
51484;233
51655;233
51828;233
51996;233
52167;233
52343;233
52513;233
52680;233
52849;233
53020;233
53197;233
53372;233
53544;233
53713;233
53884;233
54054;233
54225;233
54397;233
54568;233
54734;233
54918;233
55101;233
55284;233
55453;233
55622;233
55792;233
55961;233
56129;233
56304;233
56490;233
56660;233
56832;233
57003;233
57204;233
57374;233
57544;233
57714;233
57885;233
58061;233
58235;233
58406;233
58577;233
58748;233
58919;233
59092;233
59270;233
59442;233
59615;233
59784;233
59955;233
60131;233
60304;233
60473;233
60646;233
60818;233
60993;233
61169;233
61341;233
61512;233
61684;233
61854;233
62027;233
62199;233
62373;233
62546;233
62719;233
62891;233
63062;233
63241;233
63412;233
63584;233
63758;233
63930;233
64105;233
64285;233
64459;233
64632;233
64803;233
64974;233
65146;233
65330;233
65501;233
65675;233
65846;233
66015;233
66203;233
66374;233
66545;233
66755;232
66927;232
67104;232
67306;232
67478;232
67649;232
67819;232
67991;232
68161;232
68332;232
68506;232
68681;232
68852;232
69023;232
69198;232
69371;232
69542;232
69715;232
69885;232
70061;232
70236;232
70411;232
70591;232
70799;232
71014;232
71242;232
71450;232
71643;232
71838;232
72030;232
72227;232
72417;232
72614;232
72810;232
73009;232
73211;232
73419;232
73616;232
73816;232
74015;232
74220;232
74419;232
74618;232
74838;232
75054;232
75272;232
75502;232
75721;232
75917;232
76114;232
76322;232
76542;232
76740;232
76941;232
77134;232
77364;232
77665;232
77948;232
78147;232
78348;232
78544;232
78738;232
78930;232
79129;232
79332;232
79541;232
79743;232
79936;232
80144;232
80346;232
80540;232
80736;232
80937;232
81138;232
81341;232
81539;232
81738;232
81930;232
82134;232
82336;232
82533;232
82726;232
82919;232
83109;232
83301;232
83514;232
83706;232
83903;232
84115;232
84312;232
84508;232
84702;232
84903;232
85109;232
85306;232
85510;232
85720;232
85925;232
86126;232
86325;232
86515;232
86716;232
86915;232
87117;232
87319;232
87546;232
87739;232
87942;232
88152;232
88358;232
88562;232
88768;232
88966;232
89168;232
89369;232
89581;232
89783;232
89983;232
90186;232
90388;232
90590;232
90794;232
90999;232
91200;232
91398;232
91595;232
91856;231
92063;231
92265;231
92469;231
92670;231
92871;231
93071;231
93272;231
93510;231
93698;231
93891;231
94084;231
94281;231
94475;231
94671;231
94875;231
95076;231
95276;231
95484;231
95687;231
95887;231
96086;231
96285;231
96490;231
96691;231
96894;231
97092;231
97294;231
97502;231
97699;231
97894;231
98100;231
98317;231
98566;231
98759;231
98949;231
99150;231
99355;231
99562;231
99754;231
99945;231
100143;231
100336;231
100530;231
100729;231
100928;231
101130;231
101329;231
101534;231
101738;231
101940;231
102139;231
102337;231
102528;231
102727;231
102923;231
103122;231
103320;231
103527;231
103745;231
103956;231
104173;231
104377;231
104604;231
104877;231
105072;231
105278;231
105473;231
105686;231
105888;231
106085;231
106285;231
106481;231
106678;231
106878;231
107124;231
107341;231
107538;231
107743;231
107950;231
108151;231
108348;231
108541;231
108740;231
108932;231
109130;231
109328;231
109526;231
109727;231
109919;231
110126;231
110324;231
110524;231
110724;231
110921;231
111118;231
111317;231
111560;229
111768;229
111963;229
112157;229
112351;229
112544;229
112735;229
112936;229
113136;229
113331;229
113539;229
113761;229
113961;229
114163;229
114357;229
114552;229
114747;229
114947;229
115145;229
115351;229
115547;229
115777;229
115969;229
116174;229
116380;229
116588;229
116785;229
116975;229
117177;229
117368;229
117566;229
117789;229
117990;229
118194;229
118398;229
118587;229
118777;229
118968;229
119159;229
119349;229
119545;229
119742;229
119940;229
120142;229
120338;229
120537;229
120735;229
120942;229
121142;229
121332;229
121537;229
121744;229
121951;229
122163;229
122364;229
122587;229
122784;229
122983;229
123188;229
123382;229
123578;229
123769;229
124006;229
124287;229
124487;229
124678;229
124873;229
125079;229
125273;229
125487;229
125676;229
125893;229
126086;229
126276;229
126464;229
126652;229
126841;229
127035;229
127229;229
127424;229
127614;229
127815;229
128015;229
128208;229
128404;229
128611;229
128811;229
129006;229
129207;229
129400;229
129593;229
129798;229
129998;229
130199;229
130397;229
130586;229
130777;229
130977;229
131172;229
131365;229
131557;229
131751;229
131956;229
132152;229
132346;229
132535;229
132727;229
132924;229
133119;229
133329;229
133540;229
133729;229
133932;229
134132;229
134323;229
134518;229
134707;229
134925;229
135151;229
135347;229
135548;229
135736;229
135932;229
136121;229
136324;229
136513;229
136713;229
136925;229
137130;229
137319;229
137603;229
137873;229
138083;229
138282;229
138475;229
138662;229
138867;229
139056;229
139261;229
139473;229
139697;229
139902;229
140129;229
140325;229
140518;229
140715;229
140914;229
141121;229
141328;229
141522;229
141710;229
141947;229
142173;229
142369;229
142571;229
142777;229
142967;229
143159;229
143366;229
143563;229
143768;229
143987;229
144181;229
144371;229
144571;229
144769;229
144976;229
145180;229
145372;229
145567;229
145778;229
145983;229
146181;229
146395;229
146586;229
146769;229
147025;229
147272;229
147526;229
147796;229
148041;229
148300;229
148535;229
148747;229
148955;229
149159;229
149368;229
149576;229
149778;229
149971;229
150169;229
150372;229
150566;229
150764;229
150959;229
151152;229
151355;229
151558;229
151761;229
151982;229
152179;229
152371;229
152572;229
152769;229
152965;229
153166;229
153364;229
153560;229
153755;229
153944;229
154140;229
154337;229
154536;229
154732;229
154921;229
155111;229
155307;229
155506;229
155702;229
155899;229
156110;229
156309;229
156505;229
156710;229
156904;229
157106;229
157306;229
157503;229
157699;229
157905;229
158109;229
158348;229
158590;229
158786;229
158995;229
159188;229
159383;229
159587;229
159798;229
159992;229
160210;229
160419;229
160616;229
160804;229
161004;229
161214;229
161494;229
161711;229
161915;229
162116;229
162321;229
162526;229
162730;229
162969;229
163179;229
163388;229
163589;229
163794;229
163982;229
164205;229
164418;229
164619;229
164813;229
165022;229
165220;229
165424;229
165624;229
165813;229
166014;229
166215;229
166461;229
166710;229
166946;229
167161;229
167366;229
167573;229
167767;229
167958;229
168153;229
168350;229
168555;229
168746;229
168960;229
169168;229
169375;229
169574;229
169780;229
169980;229
170221;229
170445;229
170649;229
170876;229
171076;229
171287;229
171488;229
171700;229
171895;229
172103;229
172310;229
172509;229
172714;229
172913;229
173109;229
173308;229
173506;229
173733;229
173950;229
174162;229
174367;229
174590;229
174806;229
175013;229
175234;229
175458;229
175664;229
175876;229
176083;229
176310;229
176505;229
176729;229
176934;229
177134;229
177333;229
177542;229
177738;229
177943;229
178149;229
178354;229
178552;229
178758;229
178953;229
179147;229
179343;229
179543;229
179737;229
179929;229
180135;229
180334;229
180523;229
180715;229
180912;229
181108;229
181306;229
181503;229
181689;229
181882;229
182082;229
182286;229
182497;229
182693;229
182893;229
183088;229
183290;229
183486;229
183681;229
183880;229
184075;229
184270;229
184485;229
184680;229
184871;229
185070;229
185262;229
185458;229
185658;229
185852;229
186051;229
186250;229
186458;229
186646;229
186845;229
187036;229
187231;229
187432;229
187623;229
187817;229
188013;229
188210;229
188455;229
188694;229
188893;229
189109;229
189299;229
189499;229
189754;229
189972;229
190174;229
190376;229
190586;229
190790;229
190995;229
191197;229
191387;229
191574;229
191770;229
191961;229
192167;229
192362;229
192559;229
192750;229
192943;229
193143;229
193359;229
193552;229
193767;229
193967;229
194160;229
194352;229
194558;229
194753;229
194942;229
195140;229
195334;229
195532;229
195736;229
195933;229
196127;229
196335;229
196537;229
196729;229
196923;229
197110;229
197300;229
197545;229
197787;229
197995;229
198190;229
198387;229
198597;229
198799;229
198990;229
199189;229
199382;229
199568;229
199759;229
199956;229
200151;229
200341;229
200565;229
200752;229
200947;229
201143;229
201347;229
201542;229
201739;229
201935;229
202131;229
202334;229
202532;229
202730;229
202936;229
203162;229
203397;229
203602;229
203804;229
203999;229
204189;229
204380;229
204573;229
204762;229
204955;229
205154;229
205354;229
205551;229
205745;229
205953;229
206147;229
206345;229
206553;229
206750;229
206948;229
207153;229
207346;229
207543;229
207741;229
207937;229
208137;229
208342;229
208538;229
208734;229
208940;229
209140;229
209336;229
209538;229
209725;229
209918;229
210120;229
210313;229
210504;229
210710;229
210905;229
211093;229
211289;229
211480;229
211675;229
211867;229
212059;229
212267;229
212463;229
212664;229
212858;229
213071;229
213273;229
213483;229
213693;229
213895;229
214106;229
214328;229
214521;229
214731;229
214930;229
215127;229
215338;229
215528;229
215722;229
215924;229
216117;229
216306;229
216498;229
216716;229
216906;229
217097;229
217290;229
217475;229
217671;229
217864;229
218056;229
218263;229
218568;229
218771;229
218969;229
219162;229
219351;229
219562;229
219756;229
219997;229
220265;229
220474;229
220765;229
220959;229
221156;229
221362;229
221559;229
221760;229
222020;229
222283;229
222481;229
222691;229
223011;229
223320;229
223518;229
223722;229
224008;229
224289;229
224693;229
225001;229
225234;229
225515;229
225743;229
225945;229
226152;229
226357;229
226554;229
226922;229
227301;229
227534;229
227747;229
228025;229
228234;229
228426;229
228642;229
228969;229
229278;229
229579;229
229807;229
230115;229
230468;229
230691;229
231055;229
231394;229
231613;229
231852;229
232151;229
232368;229
232572;229
232771;229
232976;229
233186;229
233391;229
233697;229
234088;229
234437;229
234650;229
234897;229
235307;229
235733;229
236123;229
236505;229
236799;229
237036;229
237378;229
237753;229
238143;229
238499;229
238845;229
239088;229
239308;229
239663;229
240043;229
240409;229
240683;229
241050;229
241296;229
241531;229
241776;229
241974;229
242167;229
242367;229
242565;229
242762;229
242959;229
243183;229
243381;229
243579;229
243777;229
243975;229
244175;229
244365;229
244572;229
244769;229
244969;229
245175;229
245373;229
245576;229
245773;229
245970;229
246167;229
246367;229
246566;229
246770;229
246968;229
247172;229
247373;229
247577;229
247770;229
247968;229
248166;229
248363;229
248561;229
248759;229
248957;229
249162;229
249362;229
249564;229
249758;229
249955;229
250155;229
250353;229
250551;229
250749;229
250944;229
251148;229
251337;229
251535;229
251734;229
251930;229
