110;261
252;261
325;261
412;261
530;261
593;261
644;261
685;261
739;261
788;261
835;261
888;261
939;261
1004;261
1059;261
1116;261
1157;261
1195;261
1232;261
1275;261
1316;261
1350;261
1408;261
1449;261
1486;261
1533;261
1575;261
1618;261
1665;261
1709;261
1758;261
1819;261
1878;261
1929;261
1981;261
2037;261
2086;261
2124;261
2171;261
2210;261
2268;261
2308;261
2346;261
2384;261
2424;261
2465;261
2506;261
2545;261
2584;261
2626;261
2669;261
2701;261
2734;261
2767;261
2804;261
2839;261
2872;261
2905;261
2939;261
2978;261
3015;261
3049;261
3083;261
3121;261
3157;261
3198;261
3253;261
3301;261
3348;261
3394;261
3443;261
3491;261
3539;261
3593;261
3628;261
3663;261
3699;261
3731;261
3771;261
3807;261
3840;261
3876;261
3911;261
3950;261
3987;261
4021;261
4057;261
4090;261
4127;261
4163;264
4204;264
4240;264
4275;264
4322;264
4373;264
4430;264
4529;264
4591;264
4630;264
4665;264
4702;264
4740;264
4774;264
4809;264
4851;264
4882;264
4916;265
4950;265
4986;265
5020;265
5056;265
5095;265
5129;265
5161;265
5198;265
5240;265
5276;265
5313;265
5351;265
5389;265
5436;265
5485;265
5532;265
5581;265
5628;265
5679;265
5729;265
5777;265
5823;265
5875;265
5923;265
5972;265
6016;265
6070;265
6101;265
6136;265
6170;265
6204;265
6240;265
6277;265
6310;265
6346;265
6377;265
6411;265
6446;265
6486;265
6519;265
6553;265
6586;265
6622;265
6656;265
6690;265
6723;265
6755;265
6787;265
6822;265
6857;265
6891;265
6924;265
6957;265
6998;265
7033;265
7066;265
7100;265
7135;265
7174;265
7207;265
7241;265
7279;265
7317;265
7366;265
7400;265
7438;265
7471;265
7505;265
7542;265
7577;265
7610;265
7642;265
7675;265
7708;265
7746;265
7786;265
7821;265
7860;265
7893;265
7925;265
7966;265
8004;265
8049;265
8100;265
8182;265
8267;265
8319;265
8353;265
8389;265
8426;265
8462;265
8494;265
8528;265
8561;265
8600;265
8635;265
8668;265
8706;265
8739;265
8773;265
8818;265
8853;265
8887;265
8922;265
8957;265
8990;265
9023;265
9056;265
9089;265
9123;265
9155;265
9191;265
9225;265
9262;265
9297;265
9331;265
9368;265
9410;265
9446;270
9481;270
9518;270
9549;270
9583;270
9618;270
9657;270
9691;270
9726;270
9761;269
9793;269
9826;269
9861;269
9894;269
9927;269
9961;269
9994;269
10028;269
10079;269
10120;269
10153;269
10189;269
10223;269
10267;269
10300;269
10339;269
10370;269
10403;269
10437;269
10473;269
10507;269
10542;269
10572;269
10611;264
10644;264
10681;264
10716;264
10750;263
10784;263
10817;262
10873;262
10918;262
10958;262
10994;262
11029;262
11062;262
11100;262
11133;262
11168;262
11201;262
11234;262
11268;262
11304;262
11335;262
11369;262
11404;262
11437;262
11471;262
11505;262
11539;262
11571;262
11623;262
11657;262
11690;262
11723;262
11757;262
11795;262
11828;262
11859;262
11893;262
11930;262
11967;264
12002;264
12034;264
12068;264
12101;264
12134;264
12168;264
12201;264
12240;264
12274;264
12310;264
12345;264
12378;264
12411;264
12448;264
12491;264
12524;264
12559;264
12606;264
12638;264
12674;264
12709;264
12745;264
12778;264
12814;264
12857;264
12913;264
12948;264
12994;264
13027;264
13061;264
13094;264
13136;261
13172;261
13204;261
13238;261
13271;261
13304;261
13337;261
13383;261
13415;261
13447;261
13482;261
13519;261
13552;261
13588;261
13620;261
13653;261
13685;261
13721;261
13758;261
13790;261
13827;261
13861;261
13894;261
13926;261
13963;261
13996;261
14033;261
14067;261
14101;261
14133;261
14165;261
14205;261
14243;261
14283;264
14319;264
14353;264
14390;264
14422;264
14454;264
14490;264
14526;264
14561;264
14594;264
14627;264
14660;264
14698;264
14731;264
14764;264
14802;264
14834;264
14875;264
14933;264
14971;264
15008;264
15043;261
15081;261
15117;261
15149;261
15185;261
15221;261
15258;261
15292;261
15328;261
15364;261
15398;261
15431;261
15464;261
15498;261
15530;261
15563;261
15601;261
15633;261
15670;261
15705;261
15740;261
15773;261
15813;261
15849;261
15884;261
15915;261
15950;263
15984;263
16020;263
16055;263
16093;263
16128;263
16160;263
16195;263
16230;263
16267;263
16301;263
16334;263
16367;263
16403;263
16438;263
16473;263
16511;263
16550;263
16585;263
16622;263
16659;263
16695;263
16730;263
16764;263
16794;263
16832;263
16865;263
16930;263
16969;263
17003;263
17038;263
17074;263
17110;263
17148;263
17181;263
17212;263
17248;263
17280;263
17313;263
17345;263
17380;263
17414;263
17446;263
17482;263
17514;263
17549;263
17583;263
17615;263
17651;263
17685;263
17718;263
17755;263
17791;263
17822;263
17856;263
17892;263
17927;263
17963;263
17996;263
18030;263
18063;263
18096;263
18129;263
18165;263
18206;263
18238;263
18272;263
18306;263
18348;263
18380;263
18416;263
18449;263
18483;263
18518;263
18554;263
18588;263
18624;263
18663;263
18696;263
18731;263
18762;263
18793;263
18832;263
18867;263
18908;263
18960;263
18992;263
19024;263
19057;263
19088;263
19120;263
19153;263
19189;263
19222;263
19259;263
19296;263
19341;263
19372;263
19404;263
19441;263
19474;263
19509;263
19543;263
19573;263
19607;263
19642;263
19680;263
19713;263
19745;263
19780;263
19824;263
19856;263
19888;263
19925;263
19962;263
19994;263
20035;263
20068;263
20103;263
20135;263
20168;263
20201;263
20238;263
20278;263
20315;263
20351;263
20381;263
20412;263
20447;263
20485;263
20520;263
20552;263
20583;263
20615;263
20650;263
20683;263
20716;263
20750;263
20781;263
20816;263
20849;263
20883;264
20922;264
20975;264
21011;264
21050;264
21090;264
21121;264
21158;264
21192;264
21225;264
21257;264
21292;264
21326;264
21361;264
21394;264
21427;264
21465;264
21498;264
21532;264
21568;264
21600;264
21633;264
21670;264
21703;264
21740;264
21780;264
21812;264
21846;264
21879;264
21912;264
21944;264
21979;264
22012;264
22044;264
22077;264
22110;264
22142;264
22174;264
22205;264
22237;264
22271;264
22304;264
22338;264
22371;264
22407;264
22441;264
22480;264
22523;264
22562;264
22598;264
22634;264
22666;264
22704;264
22737;264
22770;264
22806;264
22839;264
22872;264
22904;264
22938;264
22972;264
23005;264
23035;264
23067;264
23099;264
23134;264
23173;264
23206;264
23238;264
23275;265
23311;265
23343;265
23376;265
23408;265
23441;265
23473;265
23508;265
23544;265
23578;265
23610;265
23646;265
23680;265
23714;265
23747;265
23789;265
23828;265
23869;265
23905;265
23953;265
24001;265
24042;265
24078;265
24113;265
24153;265
24201;265
24243;265
24308;265
24341;265
24386;265
24422;265
24454;265
24486;265
24522;265
24554;265
24586;265
24617;265
24650;265
24682;265
24719;265
24753;265
24786;265
24820;265
24854;265
24886;265
24920;264
24957;264
24992;264
25024;264
25059;264
25098;264
25130;264
25162;264
25195;264
25227;264
25262;264
25295;264
25328;264
25363;264
25401;264
25436;264
25467;264
25507;264
25547;264
25580;264
25613;264
25653;264
25688;264
25729;264
25764;264
25796;264
25825;264
25857;264
25895;264
25930;264
25966;264
25999;264
26034;267
26068;267
26101;267
26134;267
26168;267
26207;267
26242;267
26276;267
26314;267
26353;267
26389;267
26422;267
26457;267
26491;267
26527;267
26563;267
26595;267
26628;267
26669;267
26703;267
26737;267
26771;267
26806;267
26839;267
26874;267
26909;267
26950;267
27008;267
27040;267
27082;267
27118;267
27150;267
27189;267
27220;267
27254;268
27293;268
27330;268
27363;268
27396;268
27438;268
27471;268
27505;268
27538;268
27574;268
27608;268
27641;268
27677;268
27711;268
27748;265
27779;265
27814;265
27846;265
27878;265
27915;263
27954;263
27987;263
28022;263
28055;263
28092;263
28127;260
28161;260
28193;260
28228;260
28263;260
28296;260
28329;260
28371;260
28406;260
28438;260
28475;260
28508;260
28545;260
28577;260
28610;260
28646;260
28680;260
28716;260
28751;260
28784;260
28818;260
28852;260
28888;260
28919;260
28956;260
28999;260
29033;260
29075;260
29108;260
29139;260
29172;260
29207;260
29242;260
29275;260
29316;260
29363;260
29400;260
29437;260
29470;260
29503;260
29537;260
29574;260
29610;260
29648;260
29684;260
29723;260
29757;260
29790;260
29824;260
29858;260
29893;260
29932;260
29966;260
30019;260
30053;260
30086;260
30123;257
30157;257
30189;257
30225;257
30258;257
30290;257
30328;257
30361;257
30394;257
30426;257
30459;257
30492;257
30525;257
30560;257
30592;257
30623;257
30656;257
30688;257
30720;257
30753;259
30785;259
30819;259
30852;259
30884;259
30916;259
30949;257
30990;257
31022;257
31053;257
31084;257
31121;257
31154;257
31187;257
31222;257
31257;257
31289;257
31325;257
31358;257
31391;257
31424;257
31462;257
31495;257
31542;257
31579;257
31609;257
31642;257
31677;257
31710;257
31742;257
31776;257
31808;257
31840;257
31873;257
31906;257
31939;257
31977;257
32013;257
32050;257
32084;257
32121;257
32154;257
32190;257
32222;257
32258;257
32293;257
32327;257
32359;257
32391;256
32424;256
32455;256
32489;256
32525;256
32557;256
32594;256
32629;256
32663;256
32696;256
32732;256
32764;256
32801;256
32836;256
32868;256
32900;256
32934;256
32966;256
33003;256
33039;256
33071;256
33104;256
33138;256
33170;256
33207;256
33241;256
33274;256
33309;256
33341;256
33374;256
33407;256
33443;256
33476;256
33508;256
33543;256
33578;256
33614;256
33653;256
33684;256
33718;256
33751;256
33784;256
33821;256
33853;256
33886;256
33918;256
33950;256
33984;256
34020;256
34055;256
34087;256
34123;256
34156;256
34190;256
34238;256
34271;256
34307;256
34339;256
34370;256
34402;256
34437;256
34472;256
34508;256
34541;256
34572;256
34610;256
34643;257
34684;259
34716;259
34749;259
34782;259
34816;259
34849;259
34881;259
34915;259
34953;259
34987;259
35022;259
35060;259
35092;259
35130;259
35161;259
35193;259
35228;259
35261;259
35294;259
35336;259
35368;259
35400;259
35436;259
35466;258
35503;258
35535;258
35569;258
35601;258
35636;258
35668;258
35709;258
35742;258
35776;258
35811;258
35842;258
35878;258
35915;258
35948;258
35983;258
36016;258
36054;259
36095;259
36126;259
36162;259
36199;259
36234;256
36267;256
36300;256
36336;256
36370;256
36402;256
36436;256
36474;256
36513;256
36549;256
36581;256
36615;256
36651;256
36684;256
36718;256
36755;256
36790;256
36824;256
36859;258
36897;258
36929;258
36963;258
37010;258
37048;258
37085;258
37121;258
37165;258
37204;258
37243;258
37280;258
37321;258
37359;258
37398;258
37442;258
37482;258
37520;258
37554;258
37589;258
37632;258
37689;258
37727;258
37766;258
37804;258
37842;258
37884;258
37920;258
37956;260
37995;260
38032;260
38075;260
38113;260
38149;260
38188;260
38225;258
38264;258
38304;258
38341;258
38378;258
38414;258
38458;258
38496;258
38532;258
38568;258
38604;258
38643;258
38680;258
38714;258
38751;258
38790;258
38827;258
38866;258
38906;258
38947;258
38984;258
39021;258
39062;258
39103;258
39142;258
39180;258
39241;258
39276;258
39310;258
39347;260
39386;260
39434;260
39469;260
39508;260
39546;260
39585;261
39623;261
39658;261
39695;261
39732;261
39766;261
39804;261
39844;261
39879;261
39920;261
39957;261
39993;261
40027;261
40066;261
40104;261
40141;261
40178;261
40216;261
40257;261
40293;261
40328;261
40361;261
40394;261
40427;261
40463;261
40495;261
40538;261
40570;261
40601;261
40637;261
40671;261
40705;261
40737;261
40777;261
40820;261
40855;261
40889;261
40921;261
40953;261
40984;261
41021;261
41057;261
41097;261
41133;261
41175;261
41207;261
41243;261
41276;262
41309;262
41344;262
41379;262
41414;262
41448;262
41483;262
41521;262
41559;262
41596;262
41628;262
41664;262
41707;262
41741;262
41776;263
41812;263
41845;263
41877;263
41913;263
41956;263
41995;263
42031;263
42067;263
42101;263
42140;263
42172;263
42215;263
42250;263
42284;263
42336;263
42370;263
42406;263
42446;263
42484;263
42523;263
42559;263
42597;263
42637;261
42681;258
42722;258
42768;258
42812;258
42846;258
42881;258
42919;258
42958;258
42994;258
43029;258
43081;258
43126;258
43161;258
43202;258
43237;258
43275;258
43313;258
43355;258
43385;258
43420;258
43453;258
43485;258
43519;258
43554;258
43586;258
43619;258
43652;258
43685;258
43717;258
43751;258
43785;258
43821;258
43871;258
43903;258
43936;258
43968;258
44004;258
44035;258
44069;258
44106;258
44140;258
44173;258
44205;258
44245;258
44284;258
44314;258
44346;258
44379;258
44412;258
44445;258
44480;258
44522;258
44559;258
44593;258
44627;258
44662;258
44702;258
44734;258
44765;258
44797;258
44833;258
44867;258
44900;258
44938;258
44969;258
45002;258
45037;258
45073;258
45111;258
45146;258
45181;258
45213;258
45246;258
45278;258
45311;258
45343;258
45388;258
45430;258
45465;258
45504;258
45534;258
45571;262
45608;262
45641;262
45677;262
45710;262
45743;262
45776;262
45810;262
45846;262
45886;262
45920;262
45950;262
45984;262
46016;262
46049;262
46082;262
46114;262
46151;262
46186;262
46224;262
46258;262
46291;262
46327;262
46361;262
46391;262
46424;262
46457;262
46493;262
46528;262
46562;262
46594;262
46627;262
46666;262
46704;262
46744;262
46777;262
46813;262
46846;262
46886;262
46918;262
46954;262
46988;262
47026;262
47059;262
47094;262
47127;262
47160;262
47201;262
47237;262
47270;262
47301;262
47334;262
47366;262
47400;262
47442;262
47475;262
47533;262
47570;262
47604;262
47636;262
47668;262
47708;262
47742;262
47777;262
47808;262
47841;262
47873;262
47905;262
47942;262
47976;262
48014;262
48056;262
48090;262
48122;262
48157;262
48195;262
48228;262
48262;262
48297;262
48337;262
48375;262
48409;262
48443;262
48477;262
48509;262
48542;262
48573;262
48605;262
48638;262
48669;262
48703;262
48735;262
48770;262
48804;262
48836;262
48874;262
48909;262
48941;262
48974;261
49007;261
49039;261
49071;261
49106;261
49139;261
49173;261
49211;261
49245;261
49286;261
49320;261
49351;261
49385;261
49418;261
49452;261
49488;261
49521;261
49554;261
49596;261
49632;261
49671;261
49710;261
49743;261
49776;261
49813;261
49847;261
49878;261
49911;261
49946;261
49978;261
50016;261
50047;261
50079;261
50115;261
50151;261
50184;261
50215;261
50254;261
50285;261
50320;261
50358;261
50391;261
50427;261
50460;261
50492;261
50525;261
50559;261
50593;261
50632;261
50665;261
50696;261
50729;261
50763;261
50801;261
50833;260
50866;260
50900;260
50938;260
50970;260
51004;260
51042;260
51075;260
51108;260
51139;260
51173;260
51211;260
51245;260
51279;260
51314;260
51350;260
51385;261
51417;261
51453;261
51489;261
51522;261
51556;261
51588;261
51621;261
51663;261
51699;261
51734;261
51766;261
51798;261
51834;261
51869;261
51909;261
51946;261
51980;261
52012;261
52047;261
52080;261
52113;261
52146;261
52182;261
52214;261
52246;261
52280;261
52315;261
52347;261
52379;261
52412;261
52444;261
52476;261
52509;261
52543;261
52582;261
52623;261
52664;261
52698;261
52732;261
52768;261
52802;261
52834;261
52866;261
52902;261
52937;261
52970;261
53002;261
53036;261
53070;261
53106;261
53141;261
53177;261
53210;261
53244;261
53277;261
53319;261
53353;261
53389;261
53425;261
53462;262
53500;262
53532;262
53570;262
53607;262
53640;262
53675;262
53707;262
53740;262
53773;262
53808;262
53842;262
53880;262
53914;262
53955;262
53989;262
54022;262
54055;262
54091;262
54123;262
54156;262
54188;262
54224;262
54256;262
54294;262
54327;262
54358;262
54392;262
54430;262
54463;262
54496;262
54528;262
54561;262
54598;262
54631;262
54664;262
54699;262
54732;262
54768;262
54799;262
54833;262
54870;262
54903;262
54939;262
54970;262
55001;262
55034;262
55069;262
55103;262
55140;262
55182;262
55221;262
55254;262
55285;262
55320;262
55354;262
55386;262
55419;262
55451;262
55484;262
55517;262
55549;262
55586;262
55617;261
55647;261
55680;261
55713;261
55748;261
55786;261
55817;261
55849;261
55883;261
55917;261
55950;261
55983;261
56014;261
56047;261
56080;261
56113;261
56147;261
56179;261
56217;261
56250;261
56284;261
56316;261
56350;261
56391;261
56431;261
56463;261
56502;261
56535;261
56568;261
56601;261
56637;261
56671;261
56704;261
56736;261
56770;261
56804;261
56837;261
56869;261
56903;261
56935;261
56967;261
56998;261
57030;261
57062;261
57099;261
57149;261
57186;261
57220;261
57253;261
57287;261
57320;261
57352;261
57385;261
57424;261
57456;261
57487;261
57519;261
57554;261
57586;261
57618;261
57651;261
57685;261
57718;261
57750;261
57783;261
57816;261
57851;261
57883;261
57919;261
57961;261
57992;261
58026;261
58059;261
58097;261
58132;261
58177;261
58213;261
58250;261
58284;261
58319;261
58353;261
58388;261
58423;261
58457;261
58498;261
58540;261
58585;261
58621;261
58666;261
58705;261
58741;261
58779;260
58819;260
58856;260
58894;260
58931;260
58970;260
59006;260
59046;260
59106;260
59170;260
59228;260
59285;260
59354;260
59409;260
59471;260
59532;260
59603;260
59666;260
59729;260
59789;260
59850;260
59911;260
59976;260
60039;260
60095;260
60156;260
60229;260
60288;256
60351;256
60429;256
60508;256
60568;256
60625;256
60685;256
60742;256
60797;256
60857;256
60914;256
60971;256
61027;256
61084;256
61142;256
61205;256
