247;85
338;85
425;85
516;85
589;85
672;85
754;85
849;85
947;85
1015;85
1084;85
1162;83
1231;83
1317;83
1385;83
1472;83
1540;83
1609;83
1684;83
1795;83
1889;83
1977;83
2069;83
2165;83
2235;83
2306;83
2373;83
2441;83
2508;83
2574;83
2643;80
2710;80
2807;80
2873;80
2955;80
3034;80
3091;80
3152;80
3212;80
3288;80
3346;78
3405;78
3464;78
3526;78
3605;78
3684;78
3770;78
3854;78
3940;78
4020;78
4100;78
4178;78
4267;78
4323;78
4382;78
4440;78
4500;78
4559;78
4614;78
4674;78
4733;78
4807;78
4869;78
4930;78
4988;78
5045;78
5101;78
5158;78
5215;78
5274;78
5331;78
5391;78
5460;78
5515;78
5570;78
5629;78
5687;78
5745;78
5805;78
5863;78
5925;78
5982;78
6040;78
6098;78
6157;78
6215;78
6272;78
6333;78
6391;78
6448;78
6504;78
6561;78
6627;78
6702;78
6785;78
6864;78
6947;78
7035;78
7090;78
7150;78
7208;78
7271;78
7329;78
7387;78
7445;78
7503;78
7559;78
7619;78
7677;78
7735;78
7795;78
7855;78
7923;78
7982;78
8041;78
8098;78
8161;78
8218;78
8280;78
8338;78
8394;78
8453;78
8515;78
8569;78
8626;78
8683;78
8740;78
8798;78
8855;78
8913;78
8972;78
9030;78
9088;78
9150;78
9211;78
9269;78
9326;78
9385;78
9444;78
9501;78
9558;78
9614;78
9672;78
9730;78
9793;78
9851;78
9910;78
9981;78
10042;78
10098;78
10158;79
10218;79
10276;79
10332;79
10393;79
10451;79
10510;79
10569;79
10638;79
10703;79
10764;79
10824;79
10881;79
10946;79
11006;79
11061;78
11119;78
11177;78
11237;78
11328;78
11386;78
11444;78
11500;78
11558;78
11613;78
11671;78
11729;78
11789;78
11847;78
11907;78
11998;78
12066;78
12151;78
12209;78
12267;78
12325;78
12383;78
12439;78
12500;78
12557;78
12612;78
12670;78
12729;78
12786;78
12842;78
12902;78
12963;78
13020;78
13086;78
13141;78
13198;78
13256;78
13312;78
13368;78
13426;78
13489;78
13549;78
13605;78
13662;78
13721;78
13781;78
13841;78
13907;78
13968;78
14029;78
14087;78
14147;78
14204;78
14265;78
14322;78
14381;78
14439;78
14497;78
14561;78
14621;78
14735;83
14811;83
14877;83
14974;83
15036;83
15093;83
15150;83
15209;83
15273;83
15339;83
15396;83
15456;83
15517;78
15578;78
15634;78
15691;78
15750;78
15811;78
15869;78
15928;78
15984;78
16041;78
16106;78
16164;78
16226;78
16282;78
16342;78
16403;78
16462;78
16520;78
16579;78
16637;78
16696;78
16755;78
16816;78
16875;78
16933;78
16991;78
17053;78
17111;78
17168;78
17227;78
17292;78
17353;78
17410;78
17469;78
17524;78
17579;78
17634;78
17690;78
17747;78
17805;78
17864;78
17925;78
17986;78
18045;78
18103;78
18162;78
18220;78
18277;78
18335;78
18391;78
18449;78
18505;78
18562;78
18620;78
18677;78
18736;78
18795;78
18850;78
18911;78
18971;78
19029;78
19088;78
19145;78
19203;78
19263;78
19319;78
19377;78
19435;78
19491;78
19549;78
19606;78
19662;78
19718;78
19774;78
19834;78
19892;78
19954;78
20011;78
20071;78
20133;78
20192;78
20255;78
20314;78
20371;78
20428;78
20489;78
20546;78
20603;78
20665;78
20725;78
20782;78
20841;78
20897;78
20956;78
21014;78
21079;78
21132;78
21188;78
21246;78
21302;78
21360;78
21420;78
21478;78
21538;78
21598;78
21661;78
21720;78
21778;78
21843;78
21900;78
21960;78
22020;78
22078;78
22139;78
22204;78
22258;78
22313;78
22373;79
22430;79
22487;79
22545;79
22603;79
22660;79
22718;79
22775;79
22836;79
22901;79
22961;79
23018;79
23075;79
23133;79
23193;79
23258;79
23311;79
23366;79
23424;79
23482;79
23540;79
23598;79
23654;79
23712;79
23769;79
23832;79
23892;79
23954;79
24015;79
24074;79
24131;79
24189;79
24249;79
24306;79
24364;79
24424;79
24481;79
24540;79
24598;79
24657;79
24715;79
24773;79
24830;79
24887;79
24948;79
25007;79
25064;79
25121;79
25180;79
25239;79
25295;79
25350;79
25405;79
25461;79
25519;79
25574;79
25630;79
25690;79
25748;79
25806;79
25867;79
25929;79
25989;79
26047;79
26104;79
26167;79
26222;79
26282;79
26337;79
26393;79
26452;79
26508;79
26566;79
26625;79
26684;79
26742;79
26803;79
26865;79
26923;78
26982;78
27042;78
27096;78
27151;78
27208;78
27265;78
27322;78
27378;78
27434;78
27497;78
27555;78
27613;78
27671;78
27727;78
27788;78
27851;78
27911;78
27966;78
28022;78
28079;78
28138;78
28196;78
28253;78
28311;78
28369;78
28426;78
28482;78
28539;78
28597;78
28657;78
28714;78
28769;78
28829;78
28890;78
28947;78
29005;78
29062;78
29119;78
29177;78
29234;78
29293;78
29353;78
29412;78
29468;78
29525;78
29584;78
29643;78
29701;78
29757;78
29815;78
29874;78
29934;78
29991;78
30048;78
30116;78
30177;78
30231;78
30288;78
30346;78
30405;78
30463;78
30521;78
30582;78
30639;78
30698;78
30755;78
30817;78
30874;78
30930;78
30984;78
31041;78
31096;78
31152;78
31209;78
31265;78
31324;78
31383;78
31449;78
31503;78
31559;78
31614;78
31672;78
31732;79
31794;79
31853;79
31920;79
31979;79
32036;79
32102;79
32156;79
32212;79
32267;79
32324;79
32383;79
32439;79
32496;79
32551;79
32607;79
32666;79
32726;79
32782;79
32840;79
32898;79
32957;79
33014;79
33073;79
33131;78
33189;78
33245;78
33304;78
33362;78
33418;78
33476;78
33534;78
33592;78
33647;78
33706;78
33764;78
33830;78
33894;78
33957;78
34013;78
34071;78
34129;78
34186;78
34243;78
34299;78
34362;78
34419;78
34475;78
34531;78
34590;78
34649;78
34705;78
34778;78
34855;78
34916;78
34973;78
35030;78
35086;78
35147;78
35208;78
35266;78
35324;78
35387;78
35443;78
35502;78
35560;78
35617;78
35676;78
35733;78
35793;78
35854;78
35939;78
35995;78
36058;78
36119;78
36175;78
36234;78
36291;78
36352;78
36411;78
36485;78
36563;78
36621;78
36679;78
36736;78
36797;78
36856;78
36916;78
36978;78
37043;78
37108;78
37166;78
37230;78
37286;78
37345;78
37401;78
37461;78
37518;78
37575;78
37635;78
37691;78
37747;78
37806;78
37863;78
37930;78
37987;78
38046;78
38109;78
38163;78
38219;78
38278;78
38335;78
38393;78
38449;78
38508;78
38566;78
38623;78
38690;78
38750;78
38810;78
38870;78
38930;78
38991;78
39051;78
39106;78
39165;78
39223;78
39284;78
39342;78
39405;78
39464;78
39522;78
39578;78
39635;78
39693;78
39752;78
39807;78
39868;78
39954;78
40013;78
40090;78
40148;78
40214;78
40271;78
40329;78
40388;78
40446;78
40506;78
40564;78
40627;78
40689;78
40747;78
40808;78
40863;78
40924;78
40982;78
41040;78
41103;78
41159;78
41215;78
41273;78
41334;78
41400;78
41455;78
41510;78
41567;78
41627;78
41685;78
41742;78
41799;78
41857;78
41920;78
41983;78
42043;78
42103;78
42180;78
42235;78
42292;78
42350;78
42409;78
42467;78
42527;78
42584;78
42642;78
42702;78
42761;78
42819;78
42877;78
42938;78
42994;78
43054;78
43139;78
43196;78
43253;78
43308;78
43366;78
43425;78
43484;78
43543;78
43601;78
43657;78
43716;78
43771;78
43828;78
43885;78
43946;78
44004;78
44062;78
44123;78
44195;78
44251;78
44307;78
44362;78
44420;78
44481;78
44538;78
44593;78
44652;78
44709;78
44767;78
44825;78
44886;78
44945;78
45006;78
45061;78
45118;78
45175;78
45230;78
45300;78
45355;78
45412;78
45468;78
45524;78
45580;78
45637;78
45695;78
45750;78
45807;78
45869;78
45929;78
45992;78
46048;78
46106;78
46163;78
46224;78
46279;78
46336;78
46410;78
46467;78
46522;78
46581;78
46637;78
46694;78
46750;78
46808;78
46864;78
46923;78
46981;78
47038;78
47096;78
47153;78
47214;78
47269;78
47326;78
47383;78
47440;78
47497;78
47563;78
47646;78
47728;78
47820;78
47880;78
47936;78
47997;78
48054;78
48111;78
48167;78
48224;78
48280;78
48337;78
48395;78
48455;78
48512;78
48574;78
48634;78
48690;78
48746;78
48801;78
48859;78
48918;78
48978;78
49034;78
49090;78
49167;78
49224;78
49298;78
49355;78
49412;78
49479;78
49536;78
49592;78
49652;78
49710;78
49768;78
49825;78
49884;78
49942;78
50005;78
50062;78
50118;78
50175;78
50233;78
50292;78
50349;78
50406;78
50501;78
50560;78
50626;78
50708;78
50789;78
50855;78
50910;78
50968;78
51029;78
51086;78
51143;78
51200;78
51258;78
51315;78
51373;78
51430;78
51487;78
51547;78
51604;78
51660;78
51720;78
51787;78
51845;78
51910;78
51968;78
52029;78
52093;78
52153;78
52211;78
52276;78
52349;78
52408;78
52464;78
52521;78
52578;78
52634;78
52691;78
52749;78
52808;78
52867;78
52932;78
52988;78
53046;78
53105;78
53161;78
53218;78
53276;78
53333;78
53393;78
53454;78
53510;78
53569;78
53625;78
53682;78
53742;78
53796;78
53856;78
53931;78
53991;78
54052;78
54109;78
54165;78
54222;78
54285;78
54342;78
54399;78
54474;78
54537;78
54593;78
54650;78
54711;78
54768;78
54826;78
54884;78
54944;78
55001;78
55057;78
55118;78
55173;78
55228;78
55285;78
55344;78
55404;78
55476;78
55533;78
55588;78
55644;78
55700;78
55758;78
55815;78
55870;78
55928;78
55985;78
56046;78
56107;80
56169;80
56230;80
56289;80
56345;80
56406;80
56460;80
56517;80
56575;80
56636;80
56694;80
56750;80
56807;80
56865;80
56922;80
57003;80
57061;80
57119;80
57175;80
57232;80
57288;80
57345;80
57403;80
57462;80
57521;80
57578;80
57641;80
57695;80
57755;80
57812;80
57873;80
57929;80
57986;80
58050;80
58107;80
58164;80
58229;80
58284;80
58342;80
58397;80
58453;80
58526;80
58583;80
58642;80
58700;80
58758;80
58822;80
58878;80
58936;78
58995;78
59055;78
59114;78
59179;78
59236;78
59293;78
59353;78
59410;78
59467;78
59528;78
59585;78
59640;78
59696;78
59757;78
59817;78
59874;78
59937;78
59992;78
60064;78
60120;78
60181;78
60241;78
60299;78
60355;78
60412;78
60469;78
60527;78
60587;78
60647;78
60705;78
60760;78
60818;78
60881;78
60939;78
61003;78
61063;78
61121;78
61179;78
61239;78
61299;78
61356;78
61412;78
61470;78
61532;78
61594;78
61650;78
61709;78
61767;78
61823;78
61884;78
61945;78
62003;78
62074;78
62129;78
62185;78
62244;78
62300;78
62357;78
62416;78
62474;78
62531;78
62587;78
62643;78
62703;78
62759;78
62817;78
62872;78
62932;78
62995;78
63049;78
63109;78
63166;78
63226;78
63283;78
63343;78
63399;78
63458;78
63517;78
63576;78
63631;78
63689;78
63747;78
63804;78
63861;78
63924;78
63980;78
64039;78
64102;78
64160;78
64220;78
64278;78
64340;78
64401;78
64457;78
64515;78
64573;78
64633;78
64692;78
64747;78
64811;78
64866;78
64922;78
64979;78
65036;78
65100;78
65160;78
65220;78
65278;78
65336;78
65394;78
65454;78
65514;78
65570;78
65626;78
65687;78
65745;78
65802;78
65862;78
65926;78
65985;78
66055;78
66128;78
66188;78
66248;78
66305;78
66361;78
66418;78
66485;78
66539;78
66593;78
66657;78
66717;78
66775;78
66832;78
66889;78
66947;78
67007;78
67066;78
67126;79
67184;79
67254;79
67308;79
67363;79
67422;79
67477;79
67538;79
67598;79
67654;78
67714;78
67772;78
67828;78
67887;78
67944;78
68010;78
68068;78
68125;78
68181;78
68238;78
68296;78
68356;78
68412;78
68469;78
68525;78
68581;78
68640;78
68708;78
68762;78
68820;78
68876;78
68933;78
68994;78
69052;78
69108;78
69165;78
69227;78
69287;78
69353;78
69407;78
69463;78
69519;78
69576;78
69636;78
69692;78
69754;78
69813;78
69869;78
69928;78
69990;78
70045;78
70103;78
70160;78
70216;78
70276;78
70334;78
70390;78
70448;78
70506;78
70563;78
70625;78
70683;78
70739;78
70798;78
70855;78
70916;78
70974;78
71032;78
71088;78
71145;78
71205;78
71263;78
71323;78
71381;78
71441;78
71501;78
71563;78
71623;78
71679;78
71749;78
71804;78
71860;78
71921;78
72008;78
72092;78
72178;78
72234;78
72293;78
72364;78
72420;78
72476;78
72542;78
72599;78
72660;78
72720;78
72780;78
72839;78
72902;78
72956;78
73014;78
73073;78
73135;78
73192;78
73252;78
73310;78
73387;78
73442;78
73500;78
73557;78
73613;78
73670;78
73727;78
73783;78
73842;78
73901;78
73963;78
74025;78
74084;78
74164;78
74221;78
74278;78
74337;78
74395;78
74453;78
74509;78
74565;78
74644;78
74749;78
74861;78
74940;78
75015;78
75076;78
75135;78
75197;78
75254;78
75310;78
75369;78
75427;78
75483;78
75542;78
75597;78
75653;78
75723;78
75775;78
75830;78
75888;78
75955;78
76013;78
76070;78
76156;78
76220;78
76278;78
76336;78
76392;78
76449;78
76506;78
76562;78
76618;78
76673;78
76731;78
76792;78
76848;78
76907;78
76964;78
77026;78
77084;78
77141;78
77202;78
77261;78
77321;78
77377;78
77434;78
77490;78
77545;78
77600;78
77657;78
77730;78
77784;78
77839;78
77896;78
77955;78
78015;78
78070;78
78137;78
78213;78
78271;78
78329;78
78386;78
78445;78
78502;78
78558;78
78614;78
78671;78
78728;78
78786;78
78845;79
78902;79
78962;79
79017;79
79075;79
79130;79
79191;79
79248;79
79307;79
79365;79
79422;79
79479;79
79536;79
79593;79
79650;79
79706;79
79762;79
79818;79
79884;79
79944;79
80003;79
80066;79
80121;79
80179;79
80235;79
80291;79
80347;79
80402;79
80459;79
80515;79
80571;79
80629;79
80686;79
80744;79
80801;79
80858;79
80917;79
80975;79
81032;79
81092;79
81148;79
81205;79
81262;79
81321;79
81380;79
81436;79
81511;79
81568;79
81624;79
81681;79
81736;79
81792;79
81849;79
81905;79
81962;79
82018;79
82087;79
82141;79
82202;79
82258;79
82316;79
82374;79
82430;79
82486;79
82542;79
82601;79
82657;79
82713;79
82771;79
82826;79
82883;79
82941;79
83000;79
83079;79
83133;79
83190;79
83248;79
83308;79
83367;79
83425;79
83486;79
83545;79
83604;79
83663;79
83721;79
83780;79
83839;79
83898;79
83957;79
84017;79
84072;79
84128;79
84187;79
84247;79
84308;79
84365;79
84423;79
84479;79
84536;79
84609;79
84664;79
84721;79
84778;79
84837;79
84898;79
84956;79
85012;79
85071;79
85129;79
85187;79
85252;79
85309;79
85365;79
85423;79
85480;79
85537;79
85595;79
85650;79
85712;79
85765;79
85822;79
85880;78
85943;78
86001;78
86058;78
86130;78
86215;78
86275;78
86333;78
86390;78
86446;78
86503;78
86564;78
86621;78
86679;78
86737;78
86797;78
86855;78
86912;78
86972;78
87029;78
87097;78
87154;78
87210;78
87269;78
87334;78
87388;78
87444;78
87500;78
87559;78
87617;78
87676;78
87733;78
87791;78
87848;78
87907;78
87968;78
88025;78
88084;78
88141;78
88200;78
88261;78
88323;78
88385;78
88442;78
88499;78
88555;78
88611;78
88669;78
88726;78
88786;78
88839;78
88895;78
88952;78
89011;78
89072;78
89128;78
89187;78
89253;78
89312;78
89370;78
89428;78
89484;78
89542;78
89598;78
89656;78
89711;78
89768;78
89829;78
89887;78
89946;78
90004;78
90068;78
90129;78
90193;78
90270;78
90333;78
90388;78
90444;78
90501;78
90558;78
90620;78
90682;78
90743;78
90799;78
90858;78
90915;78
90976;78
91034;78
91092;78
91153;78
91221;78
91289;78
91346;78
91402;78
91458;78
91518;78
91575;78
91634;78
91692;78
91749;78
91808;78
91883;78
91938;78
91996;78
92052;78
92110;78
92166;78
92239;78
92311;78
92368;78
92422;78
92480;78
92547;78
92601;78
92654;78
92711;78
92765;78
92819;78
92882;78
92938;78
93000;78
93060;78
93116;78
93174;78
93234;78
93291;78
93354;78
93419;78
93473;78
93533;78
93589;78
93648;78
93703;78
93758;78
93817;78
93876;78
93933;78
93990;78
94046;78
94102;78
94161;78
94226;78
94305;78
94366;78
94420;78
94476;78
94532;78
94590;78
94648;78
94703;78
94762;78
94818;78
94874;78
94931;78
94988;78
95044;78
95099;78
95155;78
95218;78
95275;78
95332;78
95387;78
95442;78
95497;78
95552;78
95607;78
95662;78
95717;78
95776;78
95831;78
95891;78
95947;78
96003;78
96058;78
96119;78
96180;78
96239;78
96296;78
96351;78
96407;78
96468;78
96524;78
96581;78
96637;78
96692;78
96749;78
96808;78
96868;78
96932;78
96986;78
97044;78
97103;78
97160;78
97217;78
97276;78
97331;78
97390;78
97446;78
97503;78
97561;78
97619;78
97678;78
97742;78
97796;78
97852;78
97913;78
97978;78
98034;78
98093;78
98148;78
98206;78
98267;78
98325;78
98394;78
98453;78
98513;78
98575;78
98629;78
98684;78
98742;78
98799;78
98857;78
98916;78
98975;78
99032;78
99094;78
99150;78
99205;78
99267;78
99322;78
99380;78
99437;78
99497;78
99553;78
99612;78
99670;78
