128;3305
267;3265
341;3194
398;3093
468;2834
516;2789
564;2719
628;2719
664;2719
705;2664
748;2645
786;2629
827;2629
864;2629
902;2629
957;2624
1002;2497
1039;2304
1080;2304
1125;2037
1167;1973
1207;1932
1254;1787
1290;1705
1330;1705
1375;1641
1417;1601
1453;1577
1499;1497
1538;1478
1575;1314
1617;1314
1655;1314
1697;1314
1733;1314
1776;1277
1838;1277
1876;1277
1912;1277
1947;1277
1986;1204
2021;1204
2059;1158
2097;1158
2134;1158
2168;1158
2202;1158
2243;1158
2277;1061
2312;1061
2356;1027
2396;988
2434;988
2474;857
2509;857
2548;848
2583;848
2617;848
2654;848
2696;848
2735;848
2770;848
2811;848
2851;848
2886;848
2924;848
2959;848
2999;848
3040;789
3091;789
3148;789
3200;789
3255;789
3307;736
3373;736
3430;736
3480;736
3529;652
3579;652
3625;652
3656;652
3693;628
3729;628
3760;628
3790;628
3821;628
3853;628
3884;628
3915;628
3947;628
3981;628
4018;624
4052;624
4081;624
4115;624
4148;624
4185;623
4218;596
4252;596
4286;524
4317;524
4349;524
4380;524
4411;442
4443;442
4475;442
4506;408
4540;408
4581;408
4612;408
4644;408
4676;408
4708;387
4740;387
4772;387
4803;387
4833;387
4864;387
4906;387
4951;387
4982;386
5016;386
5052;372
5083;372
5114;372
5145;372
5188;360
5220;360
5254;360
5288;360
5319;360
5356;360
5387;360
5417;360
5449;360
5484;360
5515;360
5554;349
5603;349
5647;348
5692;348
5736;348
5784;348
5834;348
5884;348
5938;348
5972;348
6002;285
6033;285
6065;285
6096;286
6128;286
6159;286
6194;286
6225;286
6256;286
6286;286
6322;286
6352;286
6385;286
6415;286
6464;286
6500;286
6534;288
6575;288
6606;288
6644;288
6680;271
6715;271
6750;271
6782;271
6817;271
6848;271
6885;271
6916;271
6947;271
6977;271
7009;271
7041;271
7075;270
7106;270
7140;270
7172;270
7203;270
7233;270
7268;270
7299;269
7330;269
7361;269
7395;269
7428;269
7462;269
7493;269
7523;269
7553;269
7584;269
7614;269
7645;269
7676;269
7707;269
7739;269
7769;269
7801;269
7835;269
7866;269
7902;269
7934;269
7966;269
8016;269
8055;269
8087;267
8117;267
8148;267
8180;267
8211;267
8243;267
8277;267
8308;267
8347;267
8381;267
8411;267
8443;267
8483;267
8513;267
8546;267
8577;267
8610;267
8644;267
8675;267
8712;267
8742;267
8772;267
8804;267
8834;267
8873;267
8903;267
8934;267
8972;267
9005;267
9041;267
9078;267
9115;267
9147;267
9182;267
9216;267
9249;267
9294;267
9326;267
9357;267
9394;267
9432;267
9466;267
9498;267
9538;267
9582;267
9655;267
9690;267
9720;267
9748;267
9779;267
9813;267
9843;267
9877;267
9908;267
9938;267
9977;267
10010;267
10041;267
10071;267
10105;267
10137;267
10184;267
10230;267
10274;267
10320;267
10373;267
10417;267
10476;267
10527;267
10563;267
10596;267
10626;267
10661;267
10692;267
10729;267
10760;267
10791;267
10822;267
10853;267
10884;267
10915;267
10951;267
10986;267
11019;267
11050;267
11093;267
11130;267
11163;267
11194;267
11225;267
11255;267
11285;267
11317;267
11350;267
11381;267
11411;267
11443;267
11475;267
11504;267
11537;267
11568;267
11599;267
11631;267
11662;267
11697;267
11741;267
11775;267
11808;267
11841;267
11871;267
11912;267
11943;267
11973;267
12004;269
12043;269
12076;269
12107;269
12138;269
12169;269
12204;269
12235;269
12274;269
12304;269
12334;268
12374;268
12406;268
12437;268
12467;268
12499;268
12529;268
12559;268
12589;268
12629;268
12673;268
12705;268
12738;268
12771;268
12802;268
12840;268
12877;268
12908;268
12943;268
12977;268
13010;268
13045;268
13077;268
13108;268
13141;268
13174;268
13207;262
13243;262
13287;262
13330;262
13362;262
13393;262
13423;262
13467;262
13496;262
13526;262
13557;262
13594;262
13623;262
13653;262
13687;262
13718;262
13748;262
13781;262
13811;262
13842;262
13879;262
13909;263
13939;263
13972;263
14009;263
14042;263
14076;263
14106;263
14138;263
14185;263
14220;263
14254;260
14295;260
14332;260
14363;260
14395;260
14429;260
14460;260
14494;260
14524;260
14555;260
14589;260
14621;260
14665;260
14697;260
14733;260
14763;260
14797;261
14828;261
14857;260
14891;260
14923;260
14956;260
14986;260
15016;260
15050;260
15083;260
15119;260
15150;260
15181;260
15212;260
15252;260
15283;260
15314;260
15345;260
15376;260
15409;260
15442;260
15473;260
15507;260
15537;260
15571;260
15601;260
15635;260
15665;260
15709;260
15753;260
15793;260
15823;260
15856;260
15886;260
15916;260
15947;260
15978;260
16007;260
16041;260
16077;260
16113;260
16144;260
16173;260
16203;260
16234;260
16267;260
16298;260
16333;260
16363;260
16397;260
16427;260
16458;260
16492;260
16524;260
16559;260
16595;260
16632;260
16663;260
16695;260
16732;260
16762;260
16801;260
16830;260
16861;260
16894;260
16927;260
16958;260
16988;260
17018;260
17049;260
17079;260
17109;260
17140;260
17170;260
17206;260
17238;260
17288;260
17319;260
17348;260
17380;260
17411;260
17442;260
17476;260
17507;260
17538;260
17572;260
17602;260
17636;260
17667;260
17698;260
17730;260
17764;260
17798;260
17829;260
17863;260
17894;260
17924;260
17955;260
17987;259
18018;259
18048;259
18082;259
18112;259
18142;259
18172;259
18201;259
18234;259
18267;259
18297;259
18331;259
18364;259
18400;259
18431;259
18472;259
18503;259
18534;259
18571;259
18602;259
18634;259
18671;259
18702;259
18740;259
18770;259
18804;259
18836;259
18869;259
18899;259
18930;259
18964;259
19001;259
19040;259
19073;259
19103;259
19133;259
19163;259
19194;259
19227;259
19258;259
19288;259
19321;259
19357;259
19391;259
19422;259
19456;259
19490;259
19520;259
19554;259
19584;259
19619;259
19655;259
19687;259
19717;259
19747;259
19782;259
19813;259
19843;259
19879;259
19906;259
19933;259
19963;259
19996;259
20039;259
20078;259
20111;259
20144;259
20179;259
20213;259
20242;259
20273;259
20304;259
20336;259
20372;259
20400;259
20432;259
20463;259
20497;259
20530;259
20567;259
20620;259
20649;259
20683;259
20716;259
20750;259
20787;259
20820;259
20850;259
20883;259
20910;259
20951;259
21004;259
21063;259
21116;259
21147;259
21178;259
21209;259
21244;259
21278;260
21310;260
21341;260
21381;260
21412;260
21445;260
21478;260
21509;260
21541;259
21570;259
21601;259
21633;259
21668;259
21699;258
21732;259
21765;259
21794;259
21830;259
21863;259
21894;259
21925;259
21954;259
21991;259
22021;259
22052;259
22083;259
22114;259
22146;259
22177;259
22212;259
22243;259
22276;259
22311;259
22346;259
22377;259
22407;259
22438;259
22468;259
22499;259
22535;259
22564;259
22597;259
22625;259
22654;259
22685;259
22722;259
22763;259
22800;259
22839;259
22880;259
22914;259
22949;259
22988;259
23022;259
23067;259
23107;259
23155;259
23197;259
23239;259
23283;259
23327;259
23368;259
23410;259
23453;259
23488;259
23532;259
23573;259
23604;259
23637;259
23667;259
23699;258
23733;258
23772;258
23802;258
23850;258
23883;258
23925;258
23982;258
24020;258
24084;258
24128;258
24160;258
24194;258
24225;258
24254;258
24287;258
24320;258
24353;258
24384;258
24415;258
24448;258
24481;258
24511;258
24544;258
24578;258
24612;258
24644;259
24674;259
24705;259
24738;259
24767;259
24797;259
24827;259
24857;259
24889;259
24922;259
24958;259
24989;259
25020;259
25051;259
25082;259
25113;259
25143;259
25184;259
25215;259
25250;259
25283;259
25313;259
25344;259
25374;259
25404;259
25437;259
25467;259
25498;259
25528;259
25560;259
25591;259
25622;259
25653;259
25684;259
25714;259
25744;259
25776;259
25807;259
25846;259
25879;259
25910;259
25940;259
25970;259
26000;259
26030;259
26061;259
26092;259
26122;259
26152;259
26192;259
26226;259
26256;259
26286;259
26321;259
26357;259
26391;259
26426;259
26459;259
26491;259
26523;259
26553;259
26590;259
26619;259
26658;259
26690;259
26721;259
26750;259
26780;259
26810;259
26843;259
26872;259
26902;259
26935;259
26969;259
27003;259
27036;259
27067;259
27097;259
27133;259
27165;259
27198;259
27228;257
27257;257
27293;257
27323;257
27357;257
27396;257
27428;257
27458;257
27489;257
27533;257
27566;257
27595;257
27632;257
27663;257
27695;257
27727;257
27757;257
27791;257
27827;257
27857;257
27887;257
27917;257
27950;257
27980;257
28015;257
28051;257
28085;257
28114;257
28144;257
28175;257
28204;257
28237;257
28268;257
28302;257
28332;257
28363;257
28394;257
28423;257
28453;257
28484;257
28519;257
28553;257
28583;257
28613;257
28643;257
28673;257
28705;257
28736;257
28766;257
28796;257
28828;257
28861;257
28895;257
28928;257
28960;257
28994;257
29025;257
29059;257
29096;257
29127;257
29160;257
29195;257
29224;257
29254;257
29283;257
29314;257
29346;257
29385;257
29419;257
29452;257
29483;257
29513;257
29546;257
29590;257
29625;257
29655;257
29687;257
29717;257
29748;257
29780;257
29810;257
29843;257
29880;257
29910;257
29945;257
29978;257
30016;257
30056;257
30104;257
30145;257
30186;257
30228;257
30270;257
30310;257
30361;257
30409;257
30455;257
30497;257
30540;257
30586;257
30617;257
30650;257
30685;257
30718;257
30751;257
30786;257
30819;257
30850;257
30886;257
30916;257
30947;257
30994;257
31037;257
31082;257
31121;257
31165;257
31210;257
31265;257
31315;257
31359;257
31404;257
31445;257
31489;257
31530;257
31569;257
31608;257
31645;257
31684;257
31723;257
31770;257
31821;257
31857;257
31898;257
31944;257
31990;257
32032;257
32068;257
32098;256
32134;256
32164;256
32194;256
32230;256
32261;256
32291;256
32321;256
32352;256
32383;256
32414;256
32445;256
32478;256
32513;256
32543;256
32589;256
32621;256
32686;256
32743;256
32806;256
32878;257
32951;257
33016;257
33091;257
33165;257
33234;257
33283;257
33325;257
33382;257
33432;257
33487;257
33545;257
33608;257
33661;257
33716;257
33783;257
33839;257
33891;257
33943;257
34001;257
34047;257
34105;257
34168;257
34228;257
34291;257
34355;257
34415;257
34470;257
34513;257
34551;257
34618;257
34698;257
34762;257
34814;257
34881;257
34941;257
35005;257
35053;257
35104;257
35167;257
35226;257
35287;257
35348;257
35392;257
35452;257
35503;257
35545;257
35601;257
35656;257
35751;257
35822;258
35879;258
35947;258
36004;258
36044;258
36083;258
36118;258
36159;258
36193;258
36226;258
36257;258
36286;258
36318;258
36351;258
36381;258
36410;258
36440;258
36471;258
36501;258
36534;258
36565;258
36597;258
36634;258
36664;258
36694;258
36724;258
36757;258
36788;258
36818;258
36851;258
36881;258
36916;258
36950;258
36982;258
37014;258
37044;258
37074;258
37106;258
37143;258
37176;258
37208;258
37240;258
37271;258
37306;258
37338;258
37375;258
37406;258
37436;258
37466;258
37496;258
37527;258
37560;258
37590;258
37620;258
37651;258
37682;258
37717;258
37748;258
37784;258
37818;258
37852;258
37885;258
37916;258
37947;258
37978;258
38012;258
38043;258
38091;258
38119;258
38153;258
38185;258
38216;258
38246;258
38279;258
38309;258
38339;258
38369;258
38399;258
38430;258
38460;258
38490;258
38521;258
38550;258
38582;258
38615;258
38644;258
38677;258
38705;258
38740;258
38773;258
38808;258
38842;258
38879;258
38916;258
38951;258
38988;258
39024;258
39054;258
39085;258
39115;258
39153;258
39186;258
39216;258
39245;258
39278;258
39311;258
39345;258
39375;258
39405;258
39440;258
39471;258
39504;258
39536;258
39567;258
39598;258
39629;258
39663;258
39698;258
39731;258
39761;258
39795;258
39825;258
39866;258
39896;258
39927;258
39957;258
39987;258
40018;258
40048;258
40083;258
40116;258
40146;258
40175;258
40208;258
40239;258
40270;258
40300;258
40330;258
40365;258
40397;258
40428;258
40461;258
40495;258
40526;258
40560;258
40593;258
40623;258
40653;258
40688;258
40724;258
40756;258
40793;258
40825;258
40857;258
40887;258
40920;258
40952;258
40982;258
41012;258
41044;258
41075;258
41105;258
41135;258
41167;258
41200;258
41231;258
41260;258
41294;258
41324;258
41355;258
41386;258
41420;258
41462;258
41492;258
41521;258
41557;258
41588;258
41621;258
41651;258
41681;258
41712;258
41751;258
41784;258
41816;258
41846;258
41874;258
41913;258
41944;258
41975;258
42008;258
42042;258
42069;258
42103;258
42133;258
42164;258
42196;258
42229;258
42262;258
42292;258
42328;258
42368;258
42406;258
42446;258
42481;258
42514;258
42544;258
42574;257
42605;257
42636;257
42666;257
42716;257
42752;257
42786;257
42816;257
42847;257
42879;257
42909;257
42943;257
42980;257
43013;257
43044;257
43076;257
43109;257
43138;257
43169;257
43199;257
43230;257
43260;257
43291;257
43324;257
43359;257
43388;257
43425;257
43457;257
43490;257
43522;257
43552;257
43583;257
43614;257
43655;257
43689;257
43720;257
43753;257
43782;257
43813;257
43843;257
43872;257
43902;257
43932;257
43962;257
43993;257
44025;257
44056;257
44087;257
44120;257
44156;257
44186;257
44216;257
44253;257
44293;257
44323;257
44353;257
44386;257
44429;257
44458;257
44493;257
44523;257
44552;257
44583;257
44616;257
44648;257
44680;257
44710;257
44741;257
44771;257
44806;257
44833;257
44864;257
44898;257
44940;257
44976;257
45016;257
45045;257
45075;257
45111;257
45142;257
45174;257
45205;257
45235;257
45265;257
45298;257
45327;257
45357;257
45390;257
45420;257
45450;257
45481;257
45518;257
45560;257
45591;257
45626;257
45656;257
45687;257
45718;257
45747;257
45784;257
45814;257
45848;257
45880;257
45910;257
45943;257
45976;257
46007;257
46038;257
46074;257
46104;257
46138;257
46169;257
46200;257
46234;257
46265;257
46296;257
46329;257
46364;257
46399;257
46432;257
46462;257
46495;257
46528;257
46562;257
46593;257
46637;257
46666;257
46698;257
46727;257
46757;257
46788;257
46817;257
46847;257
46882;257
46911;257
46944;257
46976;257
47010;257
47042;257
