229;235
321;235
411;235
520;235
656;235
733;235
831;235
900;235
982;235
1046;235
1114;234
1212;234
1307;235
1440;235
1526;235
1630;235
1713;235
1778;235
1843;235
1909;235
1982;235
2048;235
2111;235
2172;235
2244;235
2302;235
2392;235
2454;235
2521;235
2579;235
2649;235
2718;235
2777;235
2856;235
2954;235
3037;235
3135;235
3233;235
3315;235
3393;235
3469;235
3525;235
3601;235
3662;235
3720;235
3780;235
3837;235
3900;235
3972;235
4032;235
4093;235
4152;235
4233;235
4291;235
4357;235
4456;235
4511;235
4571;235
4633;235
4700;235
4759;235
4819;235
4887;235
4954;235
5025;233
5083;233
5141;233
5201;233
5260;233
5321;233
5382;233
5451;233
5522;233
5601;233
5689;233
5786;233
5868;233
5934;233
5996;233
6054;233
6115;233
6174;233
6240;233
6307;233
6367;233
6425;233
6485;233
6545;233
6614;233
6673;233
6738;233
6804;233
6876;233
6939;233
7000;233
7057;233
7129;233
7210;233
7266;233
7327;233
7385;233
7451;233
7510;233
7570;233
7628;233
7686;233
7752;233
7823;233
7881;233
7951;233
8018;233
8075;233
8151;233
8218;233
8276;233
8333;233
8399;233
8461;233
8518;233
8577;233
8637;233
8697;233
8754;233
8811;233
8865;233
8923;233
8998;233
9069;233
9136;233
9196;233
9255;233
9314;233
9373;233
9449;233
9508;233
9580;233
9647;233
9707;233
9766;233
9822;233
9887;233
9964;233
10023;233
10081;233
10141;233
10213;233
10271;233
10330;233
10391;233
10458;233
10515;233
10584;233
10643;234
10701;234
10760;234
10824;234
10882;234
10939;234
11009;234
11075;234
11132;234
11208;234
11265;234
11335;234
11438;234
11501;234
11576;234
11643;234
11701;234
11759;234
11816;234
11875;234
11942;234
12030;234
12087;234
12147;234
12213;234
12270;234
12326;234
12387;234
12443;234
12517;234
12589;234
12646;234
12703;234
12778;234
12836;234
12895;234
12954;234
13014;234
13096;234
13154;234
13225;234
13290;234
13368;234
13443;234
13514;234
13570;234
13633;234
13688;234
13744;234
13822;234
13899;234
13967;234
14028;234
14091;234
14150;234
14207;234
14283;234
14354;234
14415;234
14475;234
14532;234
14614;234
14678;234
14738;234
14818;234
14878;234
14943;234
15004;234
15083;239
15142;239
15199;239
15274;239
15354;239
15442;239
15500;239
15558;239
15620;239
15678;239
15735;239
15793;239
15850;239
15907;239
15973;239
16041;239
16106;239
16180;239
16265;239
16322;239
16378;239
16435;239
16495;239
16553;239
16613;239
16672;239
16729;239
16797;239
16864;239
16921;239
16987;239
17044;239
17117;239
17174;239
17231;239
17290;239
17353;239
17441;239
17526;239
17585;239
17644;237
17717;237
17775;237
17833;237
17890;237
17949;237
18011;237
18081;237
18141;237
18209;237
18266;236
18333;236
18390;236
18447;236
18505;236
18587;236
18646;236
18711;235
18769;235
18829;235
18910;235
18969;235
19027;235
19090;235
19149;235
19243;235
19302;235
19359;235
19446;235
19504;235
19564;235
19632;235
19690;235
19750;235
19822;235
19883;235
19944;235
20003;235
20062;235
20122;235
20178;235
20249;235
20306;235
20370;235
20429;235
20487;235
20547;235
20622;235
20682;235
20749;235
20819;235
20878;235
20937;235
21002;235
21054;235
21125;235
21184;235
21242;235
21313;235
21371;235
21432;235
21489;235
21547;235
21610;235
21669;235
21734;235
21818;235
21876;235
21943;235
22004;235
22092;235
22207;235
22290;235
22351;235
22409;235
22475;235
22532;235
22593;235
22652;235
22707;235
22765;235
22827;235
22899;235
22957;235
23015;235
23083;235
23141;235
23204;235
23264;235
23324;235
23395;235
23472;235
23545;235
23602;235
23660;235
23718;235
23777;235
23837;235
23895;235
23952;235
24019;235
24076;235
24149;235
24207;235
24263;235
24323;235
24381;235
24440;235
24510;235
24572;235
24632;235
24691;235
24748;235
24808;235
24865;235
24925;235
24988;235
25048;235
25106;235
25188;235
25245;235
25303;235
25373;235
25461;235
25517;235
25572;235
25631;235
25688;235
25745;235
25811;235
25878;235
25940;235
26008;235
26065;235
26126;235
26181;235
26245;235
26314;235
26376;235
26433;235
26491;235
26557;235
26616;235
26681;235
26736;235
26801;235
26871;235
26932;235
27007;235
27064;235
27134;235
27192;235
27250;235
27327;235
27382;235
27440;235
27499;235
27565;235
27643;235
27708;235
27773;235
27834;235
27908;235
28016;235
28096;235
28176;235
28274;235
28331;235
28388;235
28455;235
28523;235
28578;235
28642;235
28717;235
28777;235
28833;235
28891;235
28950;235
29013;235
29067;235
29123;235
29182;235
29240;235
29305;235
29366;235
29438;235
29501;235
29556;235
29614;235
29670;237
29735;237
29794;237
29851;237
29911;237
29995;237
30065;237
30132;237
30188;237
30244;237
30301;237
30370;237
30427;237
30482;237
30538;237
30625;237
30682;237
30738;237
30796;237
30851;237
30906;237
30963;237
31019;237
31081;237
31161;238
31220;238
31294;238
31350;238
31416;238
31487;238
31553;238
31607;238
31671;238
31736;238
31799;238
31855;238
31912;238
31971;238
32048;238
32105;238
32163;238
32220;238
32278;238
32335;238
32400;238
32465;238
32524;238
32589;238
32667;238
32723;238
32788;238
32845;238
32901;238
32969;240
33033;240
33099;240
33157;240
33214;240
33270;240
33329;240
33387;240
33446;240
33508;240
33566;240
33625;240
33681;240
33747;240
33805;240
33863;240
33920;240
33979;240
34039;240
34104;240
34157;240
34220;240
34275;240
34334;240
34399;240
34456;240
34513;240
34585;240
34641;240
34697;240
34753;240
34824;240
34881;240
34945;240
35002;240
35065;240
35126;240
35181;240
35237;240
35295;239
35352;239
35422;239
35511;239
35568;239
35638;239
35694;239
35768;239
35824;239
35890;239
35973;239
36030;240
36088;240
36148;240
36213;240
36270;240
36327;240
36392;240
36457;240
36515;240
36581;240
36640;240
36709;240
36767;240
36823;240
36906;240
36970;240
37034;240
37109;240
37189;240
37248;240
37305;240
37380;240
37441;240
37504;240
37579;240
37656;240
37721;240
37782;240
37838;240
37921;240
37987;240
38043;240
38099;240
38156;240
38222;240
38288;240
38345;240
38414;240
38473;240
38531;240
38588;240
38645;240
38704;240
38783;240
38845;240
38908;240
38996;240
39079;240
39166;240
39223;240
39281;240
39338;240
39395;240
39452;240
39544;240
39616;240
39682;240
39748;241
39805;241
39863;241
39923;241
39982;241
40039;241
40097;241
40159;241
40221;241
40292;241
40349;241
40418;241
40488;241
40544;241
40619;241
40680;241
40746;241
40834;241
40895;241
40962;241
41022;241
41078;241
41135;241
41191;241
41247;241
41304;241
41362;241
41436;241
41508;241
41591;241
41678;242
41742;242
41800;242
41876;242
41941;242
42018;242
42085;242
42143;242
42215;240
42275;240
42334;240
42392;240
42452;240
42509;240
42570;240
42636;240
42698;240
42755;240
42814;240
42888;240
42951;240
43024;240
43089;239
43146;239
43216;239
43282;239
43341;239
43399;239
43466;239
43563;239
43622;239
43688;239
43747;239
43817;239
43884;239
43944;239
44002;239
44059;239
44129;239
44184;239
44244;239
44318;239
44383;239
44468;239
44543;239
44600;239
44658;239
44717;239
44774;239
44831;239
44897;239
44956;239
45026;239
45082;239
45139;240
45198;240
45277;240
45346;240
45417;240
45473;240
45554;240
45620;240
45679;240
45736;240
45792;240
45849;240
45919;240
45979;240
46037;240
46104;240
46172;240
46232;240
46292;240
46359;240
46421;240
46476;240
46534;240
46600;240
46656;240
46715;240
46775;240
46837;240
46895;240
46970;240
47030;240
47087;240
47153;240
47214;240
47272;240
47328;240
47396;240
47451;240
47509;240
47593;240
47652;240
47711;240
47768;240
47824;240
47881;240
47940;240
48003;240
48062;240
48128;240
48187;240
48246;240
48327;240
48382;240
48455;240
48513;240
48574;240
48632;240
48716;240
48775;240
48833;240
48889;240
48948;240
49005;240
49063;240
49122;240
49182;240
49241;240
49297;240
49353;240
49413;240
49472;240
49528;240
49587;240
49644;240
49710;240
49773;240
49833;240
49910;240
49978;240
50036;240
50103;240
50168;240
50233;240
50299;240
50375;240
50441;240
50507;240
50563;240
50632;240
50696;240
50753;240
50812;240
50878;240
50937;240
50999;240
51057;240
51127;240
51183;240
51239;240
51304;240
51369;240
51452;240
51508;240
51584;240
51651;240
51713;240
51776;240
51833;240
51898;240
51956;240
52012;240
52069;240
52128;240
52192;240
52248;240
52313;240
52380;240
52438;240
52494;240
52561;240
52617;240
52678;240
52734;240
52804;240
52870;239
52927;239
52989;239
53055;239
53113;239
53170;239
53236;239
53294;239
53353;239
53415;239
53484;239
53549;239
53622;239
53695;239
53750;239
53824;239
53882;239
53941;239
54013;239
54069;239
54136;239
54194;239
54251;239
54307;239
54372;239
54432;239
54492;239
54554;239
54624;239
54679;239
54754;239
54819;239
54876;239
54942;239
55002;239
55061;239
55119;239
55192;239
55250;239
55307;239
55373;239
55432;239
55488;239
55548;239
55613;239
55682;239
55739;239
55804;239
55861;239
55919;239
55976;239
56044;239
56102;239
56159;239
56223;239
56277;239
56332;239
56401;239
56457;239
56513;239
56572;239
56629;239
56694;239
56750;239
56808;239
56877;239
56943;239
57011;239
57068;239
57123;239
57182;239
57247;239
57305;239
57370;239
57427;239
57483;239
57550;239
57618;239
57674;239
57736;239
57790;239
57847;239
57916;239
57974;239
58032;239
58099;239
58158;239
58220;239
58276;239
58335;238
58394;238
58464;238
58519;238
58575;238
58635;238
58693;238
58758;238
58822;238
58881;238
58941;238
59021;238
59098;238
59202;238
59299;238
59423;238
59522;238
59646;238
59750;238
59870;237
59985;237
60086;237
60184;237
60314;237
60408;237
60523;237
60652;237
60756;237
60856;237
60973;237
61077;237
61216;237
61314;237
61431;237
61590;237
61652;237
61715;237
61779;237
61842;237
61905;237
61969;237
62041;237
62103;237
62169;237
62232;237
62324;237
62401;237
62462;237
62532;237
62617;237
62684;237
62750;237
62807;237
62877;237
62942;237
63006;237
63066;237
63123;237
63179;237
63236;237
63301;237
63355;237
63409;237
63467;237
63533;237
63596;237
63668;237
63726;237
63792;237
63849;237
63909;237
63968;237
64028;238
64104;238
64173;238
64230;238
64295;238
64386;238
64459;238
64529;238
64600;238
64663;238
64725;238
64794;238
64861;238
64937;237
64999;237
65068;237
65127;237
65194;237
65263;237
65330;237
65394;237
65454;237
65529;237
65591;237
65650;237
65709;237
65772;237
65847;237
65907;237
65988;237
66053;237
66111;237
66177;237
66234;237
66294;237
66360;237
66416;237
66475;237
66532;237
66605;237
66672;237
66744;237
66811;237
66868;237
66926;237
66999;237
67055;237
67112;237
67173;237
67231;237
67287;237
67343;237
67400;237
67458;237
67516;237
67574;237
67641;237
67718;237
67779;237
67843;237
67938;237
68031;237
68094;237
68169;236
68224;236
68283;236
68340;236
68415;236
68484;236
68543;236
68602;236
68660;236
68718;236
68776;236
68833;236
68889;236
68945;236
69026;236
69084;236
69169;236
69227;236
69323;236
69377;236
69433;236
69498;236
69555;236
69634;236
69704;236
69770;236
69832;236
69889;236
69947;236
70004;236
70062;236
70131;236
70198;236
70259;236
70323;236
70382;236
70440;236
70501;236
70561;236
70626;236
70682;236
70738;236
70815;236
70871;236
70929;236
70988;236
71054;236
71111;236
71169;236
71227;236
71292;236
71353;236
71419;236
71477;236
71536;236
71592;236
71649;236
71717;236
71773;236
71831;236
71896;236
71953;236
72025;236
72084;236
72140;236
72196;236
72253;236
72320;236
72377;236
72435;236
72494;236
72552;236
72616;236
72672;236
72728;236
72784;236
72842;236
72925;236
72984;236
73041;236
73116;236
73174;236
73230;236
73286;236
73345;236
73419;236
73477;236
73536;236
73593;236
73651;236
73743;236
73817;236
73874;236
73941;236
74001;236
74071;236
74147;236
74222;236
74279;236
74337;236
74426;236
74495;236
74560;236
74625;238
74681;238
74738;238
74797;238
74856;238
74913;238
74973;238
75032;238
75099;238
75182;239
75281;238
75376;238
75479;238
75584;238
75713;238
75827;238
75963;238
76052;238
76121;238
76187;238
76251;238
76311;238
76373;238
76435;238
76499;238
76575;238
76637;238
76709;238
76776;238
76846;238
76908;238
76971;238
77047;238
77110;238
77181;238
77243;238
77304;238
77412;237
77478;237
77551;237
77622;237
77694;237
77779;237
77850;237
77912;237
77993;237
78057;237
78120;237
78177;237
78237;237
78293;237
78350;237
78423;237
78488;237
78544;237
78607;237
78664;237
78734;237
78788;237
78845;237
78903;237
78977;237
79050;237
79107;237
79165;237
79234;237
79290;237
79346;237
79411;237
79467;237
79523;237
79579;237
79644;237
79708;237
79792;237
79849;237
79903;237
79960;237
80023;237
80078;237
80138;237
80195;237
80251;237
80325;237
80401;237
80467;237
80526;237
80608;237
80667;237
80732;237
80792;237
80862;237
80923;237
80988;237
81045;237
81103;237
81163;237
81232;237
81288;238
81349;238
81405;238
81462;238
81534;238
81595;238
81653;238
81715;238
81795;238
81869;238
81935;238
81991;238
82066;238
82167;238
82274;238
82334;238
82392;238
82458;240
82529;240
82594;240
82679;240
82732;240
82795;240
82851;240
82927;240
82983;240
83042;240
83109;240
83166;240
83233;240
83291;240
83370;240
83427;238
83484;238
83540;238
83601;238
83674;238
83734;238
83793;238
83857;238
83914;238
83990;238
84045;238
84103;238
84160;238
84216;238
84275;238
84333;238
84391;238
84458;238
84516;238
84578;238
84636;238
84697;238
84755;238
84811;238
84869;238
84925;237
84995;237
85051;237
85228;237
85277;237
85332;237
85397;236
85455;236
85520;236
85575;236
85634;236
85690;236
85750;236
85817;236
85876;236
85932;236
86004;236
86062;236
86119;236
86176;236
86231;236
86290;236
86360;236
86431;236
86490;236
86564;236
86638;236
86694;236
86766;236
86842;236
86898;236
86954;236
87015;236
87073;236
87147;236
87207;236
87272;236
87330;236
87386;236
87442;236
87501;236
87556;236
87617;236
87682;236
87738;236
87797;236
87857;236
87924;236
88034;236
88110;236
88177;236
88273;236
88349;236
88405;236
88461;236
88519;236
88576;236
88654;236
88708;236
88771;236
88830;236
88886;236
88952;236
89011;236
89067;236
89126;236
89197;236
89262;236
89319;236
89381;236
89446;236
89501;236
89558;236
89618;236
89682;236
89737;236
89798;236
89872;236
89943;236
90008;236
90077;236
90143;236
90200;236
90258;236
90317;236
90376;236
90433;236
90490;236
90549;236
90618;236
90675;236
90740;236
90796;236
90852;236
90911;236
90969;236
91026;236
91088;236
91155;236
91218;236
91276;236
91346;236
91419;236
91490;236
91545;236
91600;236
91670;236
91739;236
91805;236
91870;236
91929;236
91994;236
92067;236
92124;236
92182;236
92240;236
92314;236
92371;236
92444;236
92499;236
92556;236
92612;236
92668;236
92724;236
92790;236
92849;236
92930;236
92988;236
93046;236
93111;236
93170;236
93225;236
93275;236
93331;236
93387;236
93444;236
93509;236
93579;236
93664;236
93719;236
93776;236
93837;236
93893;236
93963;236
94018;236
94073;236
94133;236
94194;236
94259;236
94320;236
94381;236
94467;236
94533;236
94616;236
94686;236
94745;236
94817;236
94874;236
94932;236
94990;236
95046;236
95103;236
95165;236
95234;236
95289;236
95347;236
95416;237
95472;237
95541;237
95596;237
95652;237
95717;237
95774;237
95835;237
95894;237
95953;237
96034;237
96106;237
96165;237
96222;237
96280;237
96341;237
96399;237
96455;237
96523;237
96589;237
96645;237
96714;237
96773;237
96829;237
96899;237
96958;237
97016;237
97092;237
97148;237
97212;237
97280;237
97345;237
97422;237
97478;237
97545;237
97604;237
97660;237
97718;237
97779;237
97854;237
97923;237
97988;237
98041;237
98096;237
98152;237
98209;237
98265;237
98322;237
98384;237
98442;237
98498;237
98557;237
98612;237
98670;237
98727;237
98801;237
98857;237
98915;237
98987;237
99058;237
99121;237
99177;237
99241;237
99301;237
99370;237
99427;237
99483;237
99549;237
99611;237
99667;237
99737;237
99801;237
99874;237
99959;237
100015;237
100073;237
100144;237
100207;237
100266;237
100322;237
100388;237
100445;237
100507;237
100569;237
100637;237
100695;237
100774;237
100849;237
100908;237
100969;237
101026;237
101085;237
101154;237
101219;237
101288;237
101342;237
101405;237
101462;237
101527;237
101592;237
101658;237
101714;237
101772;237
101831;237
101889;237
101972;237
102032;237
102087;237
102156;237
102214;237
102271;237
102336;237
102395;237
102452;237
102509;236
102561;236
102625;236
102679;236
102737;236
102802;236
102860;236
102926;236
102983;236
103041;236
103098;236
103157;236
103223;236
103287;236
103345;236
103402;236
103466;236
103522;236
103587;236
103648;236
103706;236
103763;236
103830;236
103882;236
103938;236
104001;236
104066;236
104124;236
104180;236
104239;236
104295;236
104356;236
104424;236
104488;236
104544;236
104609;236
104666;236
104735;236
104793;236
104851;236
104924;236
104995;236
105060;236
105118;236
105188;236
105248;236
105318;236
105383;236
105439;236
105502;236
105558;236
105620;236
105686;236
105742;236
105801;236
105861;236
105932;236
105994;236
106050;236
106106;236
106164;236
106225;236
106289;236
106347;236
106413;236
106478;236
106533;236
106588;235
106654;235
106717;235
106789;235
106847;235
106909;235
106965;235
107047;235
107104;235
107162;234
107217;234
107287;234
107349;234
107411;234
107466;234
107531;234
107587;234
107651;234
107716;234
107774;234
107830;234
107916;234
