1603;70
1982;70
2368;70
2745;70
3147;70
3548;70
3973;70
4308;70
5315;70
6317;70
6718;70
7052;70
7394;70
7758;70
8101;70
8448;70
8791;70
9125;70
9514;70
9878;70
10236;70
10597;70
10943;70
11280;70
11616;70
11949;70
12289;70
12623;70
12954;70
13292;70
13627;70
13962;70
14290;70
14614;70
14945;70
15255;70
15571;70
15889;70
16214;70
16609;70
16922;70
17225;70
17521;70
17835;70
18125;70
18413;70
18701;70
18984;70
19264;70
19532;70
19815;70
20070;70
20324;70
20568;70
20821;70
21057;70
21296;70
21529;70
21759;70
21985;70
22201;70
22433;70
22647;70
22866;70
23072;70
23369;69
23651;67
23857;67
24136;66
24488;63
24681;63
24914;63
25123;63
25385;62
25552;62
25753;62
25910;62
26154;60
26318;60
26474;60
26630;60
26798;60
26952;60
27098;60
27247;60
27392;60
27537;60
27681;60
27839;60
27981;60
28119;60
28263;60
28405;60
28549;60
28694;60
28837;60
28979;60
29121;60
29265;60
29406;60
29559;60
29705;60
29849;60
30011;60
30150;60
30299;60
30443;60
30588;60
30731;60
30881;60
31022;60
31159;60
31308;60
31449;60
31610;60
31758;60
31897;60
32040;60
32179;60
32323;60
32468;60
32613;60
32761;60
32901;60
33044;60
33186;60
33335;60
33477;60
33618;60
33765;60
33903;60
34052;60
34271;60
34417;60
34560;60
34721;60
34865;60
35008;60
35147;60
35291;60
35431;60
35574;60
35717;60
35863;60
36002;60
36152;60
36302;60
36446;60
36587;60
36726;60
36871;60
37014;60
37152;60
37297;60
37440;60
37592;60
37750;60
37892;60
38031;60
38173;60
38318;60
38459;60
38605;60
38758;60
38898;60
39038;60
39178;60
39329;60
39470;60
39608;60
39757;60
39901;60
40047;60
40189;60
40335;60
40480;60
40628;60
40865;60
41007;60
41146;60
41293;60
41436;60
41574;60
41718;60
41858;60
42000;60
42140;60
42293;60
42448;60
42590;60
42729;60
42870;60
43012;60
43152;60
43302;60
43444;60
43584;60
43724;60
43876;60
44016;60
44155;60
44302;60
44442;60
44584;60
44724;60
44872;60
45011;60
45148;60
45295;60
45441;60
45582;60
45728;60
45874;60
46019;60
46158;60
46303;60
46444;60
46590;60
46732;60
46881;60
47027;60
47164;60
47311;60
47456;60
47598;60
47742;60
47892;60
48035;60
48176;60
48323;60
48469;60
48613;60
48763;60
48907;60
49047;60
49188;60
49333;60
49478;60
49624;60
49771;60
49913;60
50061;60
50212;60
50364;60
50506;60
50649;60
50798;60
50944;60
51084;60
51227;60
51370;60
51521;60
51664;60
51812;60
51957;60
52097;60
52239;60
52385;60
52533;60
52698;60
52842;60
52986;60
53138;60
53286;60
53429;60
53578;60
53719;60
53864;60
54011;60
54152;60
54299;60
54441;60
54585;60
54736;60
54886;60
55028;60
55169;60
55318;60
55461;60
55621;60
55769;60
55915;60
56059;60
56209;60
56359;60
56505;60
56648;60
56801;60
56947;60
57094;60
57307;60
57494;60
57639;60
57795;60
57939;60
58085;60
58228;60
58372;60
58516;60
58660;60
58809;60
58957;60
59095;60
59242;60
59389;60
59536;60
59676;60
59831;60
59978;60
60116;60
60262;60
60410;60
60557;60
60705;60
60858;60
61003;60
61147;60
61294;60
61435;60
61586;60
61728;60
61873;60
62019;60
62160;60
62310;60
62454;60
62596;60
62740;60
62886;60
63029;60
63172;60
63318;60
63470;60
63609;60
63752;60
63903;60
64045;60
64187;60
64336;60
64476;60
64619;60
64761;60
64906;60
65051;60
65190;60
65341;60
65492;60
65630;60
65774;60
65916;60
66056;60
66198;60
66343;60
66486;60
66629;60
66773;60
66923;60
67063;60
67204;60
67352;60
67492;60
67635;60
67778;60
67926;60
68067;60
68206;60
68355;60
68504;60
68645;60
68795;60
68934;60
69077;60
69221;60
69367;60
69506;60
69655;60
69801;60
69943;60
70085;60
70226;60
70374;60
70517;60
70663;60
70810;60
70953;60
71091;60
71233;60
71378;60
71524;60
71666;60
71817;60
71962;60
72102;60
72243;60
72387;60
72532;60
72675;60
72825;60
72967;60
73110;60
73251;60
73395;60
73537;60
73681;60
73823;60
73964;60
74102;60
74245;60
74392;60
74540;60
74695;60
74840;60
74985;60
75133;60
75282;60
75424;60
75567;60
75711;60
75859;60
76007;60
76162;60
76308;60
76451;60
76609;60
76755;60
76903;60
77045;60
77185;60
77334;60
77475;60
77622;60
77775;60
77921;60
78068;60
78212;60
78357;60
78498;60
78648;60
78790;60
78938;60
79083;60
79236;60
79380;60
79524;60
79684;60
79828;60
79968;60
80108;60
80256;60
80398;60
80544;60
80686;60
80839;60
80985;60
81124;60
81268;60
81412;60
81555;60
81691;60
81844;60
81991;60
82128;60
82274;60
82419;60
82566;60
82709;60
82857;60
83004;60
83146;60
83296;60
83443;60
83587;60
83731;60
83891;60
84036;60
84177;60
84324;60
84473;60
84614;60
84827;60
85064;60
85208;60
85353;60
85498;60
85640;60
85784;60
85933;60
86081;60
86227;60
86372;60
86518;60
86657;60
86801;60
86960;60
87100;60
87246;60
87387;60
87529;60
87671;60
87816;60
87959;60
88104;60
88245;60
88391;60
88535;60
88683;60
88833;60
88975;60
89112;60
89254;60
89397;60
89537;60
89683;60
89828;60
89975;60
90116;60
90263;60
90411;60
90557;60
90704;60
90854;60
91000;60
91138;60
91278;60
91425;60
91578;60
91731;60
91877;60
92019;60
92157;60
92302;60
92450;60
92594;60
92739;60
92885;60
93035;60
93178;60
93328;60
93477;60
93617;60
93767;60
93913;60
94066;60
94208;60
94353;60
94504;60
94652;60
94796;60
94945;60
95092;60
95238;60
95385;60
95528;60
95671;60
95811;60
95961;60
96117;60
96256;60
96401;60
96541;60
96683;60
96824;60
96971;60
97112;60
97253;60
97395;60
97535;60
97684;60
97832;60
97977;60
98116;60
98258;60
98401;60
98543;60
98685;60
98835;60
98979;60
99119;60
99264;60
99410;60
99556;60
99694;60
99839;60
99988;60
100130;60
100271;60
100424;60
100570;60
100779;60
100951;60
101098;60
101242;60
101386;60
101530;60
101679;60
101825;60
101974;60
102115;60
102261;60
102407;60
102553;60
102690;60
102835;60
102983;60
103124;60
103268;60
103414;60
103563;60
103727;60
103876;60
104020;60
104163;60
104307;60
104451;60
104594;60
104737;60
104880;60
105022;60
105163;60
105301;60
105451;60
105591;60
105734;60
105881;60
106023;60
106161;60
106305;60
106449;60
106601;60
106748;60
106894;60
107047;60
107191;60
107339;60
107484;60
107641;60
107785;60
107933;60
108077;60
108219;60
108368;60
108514;60
108657;60
108799;60
108947;60
109091;60
109234;60
109380;60
109523;60
109665;60
109810;60
109955;60
110098;60
110244;60
110387;60
110536;60
110679;60
110823;60
110972;60
111109;60
111256;60
111402;60
111548;60
111687;60
111831;60
111975;60
112115;60
112266;60
112468;60
112644;60
112787;60
112931;60
113082;60
113221;60
113366;60
113510;60
113652;60
113796;60
113943;60
114084;60
114227;60
114371;60
114515;60
114669;60
114816;60
114963;60
115101;60
115243;60
115389;60
115530;60
115672;60
115819;60
115968;60
116110;60
116257;60
116401;60
116545;60
116690;60
116834;60
116988;60
117131;60
117276;60
117422;60
117568;60
117711;60
117865;60
118010;60
118152;60
118294;60
118441;60
118592;60
118736;60
118882;60
119026;60
119174;60
119329;60
119474;60
119619;60
119763;60
119908;60
120050;60
120190;60
120334;60
120481;60
120628;60
120785;60
120930;60
121072;60
121216;60
121362;60
121503;60
121650;60
121793;60
121935;60
122134;60
122334;60
122484;60
122628;60
122780;60
122927;60
123067;60
123208;60
123353;60
123506;60
123648;60
123796;60
123955;60
124097;60
124241;60
124384;60
124528;60
124674;60
124819;60
124966;60
125107;60
125256;60
125402;60
125544;60
125684;60
125830;60
125980;60
126122;60
126268;60
126413;60
126564;60
126705;60
126857;60
127022;60
127168;60
127306;60
127451;60
127605;60
127745;60
127888;60
128032;60
128170;60
128312;60
128470;60
128613;60
128758;60
128900;60
129041;60
129180;60
129321;60
129468;60
129611;60
129754;60
129899;60
130043;60
130183;60
130322;60
130470;60
130616;60
130758;60
130905;60
131047;60
131185;60
131329;60
131481;60
131635;60
131781;60
131931;60
132071;60
132214;60
132354;60
132500;60
132641;60
132784;60
132929;60
133076;60
133226;60
133368;60
133513;60
133686;60
133828;60
133978;60
134120;60
134262;60
134409;60
134558;60
134706;60
134851;60
134998;60
135143;60
135285;60
135431;60
135573;60
135736;60
135943;60
136087;60
136231;60
136379;60
136524;60
136670;60
136813;60
136955;60
137096;60
137236;60
137375;60
137522;60
137665;60
137812;60
137957;60
138098;60
138240;60
138383;60
138524;60
138665;60
138809;60
138952;60
139093;60
139240;60
139389;60
139533;60
139675;60
139812;60
139951;60
140090;60
140228;60
140365;60
140519;60
140659;60
140803;60
140947;60
141087;60
141228;60
141369;60
141517;60
141656;60
141823;60
141984;60
142141;60
142302;60
142470;60
142639;60
142794;60
142934;60
143093;60
143255;60
143401;60
143540;60
143693;60
143834;60
143980;60
144118;60
144258;60
144403;60
144542;60
144737;60
144922;60
145102;60
145236;60
145385;60
145531;60
145679;60
145822;60
145964;60
146103;60
146242;60
146376;60
146521;60
146663;60
146801;60
146949;60
147088;60
147231;60
147370;60
147515;60
147658;60
147798;60
147944;60
148083;60
148221;60
148360;60
148508;60
148658;60
148801;60
148950;60
149092;60
149239;60
149442;60
149648;60
149826;60
150029;60
150225;60
150491;60
150721;60
150978;60
151180;60
151399;60
151596;60
151820;60
152040;60
152307;60
152545;60
152703;60
152872;60
153128;60
153350;60
153591;60
153848;60
154050;60
154265;60
154409;60
154550;60
154712;60
154850;60
154990;60
155133;60
155273;60
155414;60
155560;60
155700;60
155908;60
156109;60
156306;60
156467;60
156642;60
156782;60
156940;60
157086;60
157229;60
157376;60
157517;60
157659;60
157802;60
157941;60
158083;60
158224;60
158367;60
158508;60
158648;60
158792;60
158938;60
159088;60
159237;60
159401;60
159567;60
159722;60
159863;60
160004;60
160148;60
160291;60
160454;60
160600;60
160827;60
160978;60
161118;60
161267;60
161409;60
161555;60
161722;60
161875;60
162018;60
162179;60
162330;60
162478;60
162621;60
162763;60
162904;60
163047;60
163193;60
163337;60
163477;60
163647;60
163817;60
163977;60
164122;60
164267;60
164419;60
164596;60
164738;60
164894;60
165038;60
165180;60
165346;60
165506;60
165653;60
165795;60
165946;60
166091;60
166233;60
166379;60
166533;60
166715;60
166861;60
167009;60
167147;60
167290;60
167429;60
167589;60
167736;60
167873;60
168012;60
168151;60
168300;60
168443;60
168587;60
168725;60
168869;60
169041;60
169248;60
169403;60
169556;60
169724;60
169874;60
170020;60
170189;60
170339;60
170499;60
170648;60
170793;60
170935;60
171078;60
171216;60
171354;60
171533;60
171678;60
171825;60
171970;60
172112;60
172261;60
172398;60
172544;60
172698;60
172842;60
172987;60
173184;60
173339;60
173492;60
173632;60
173777;60
173914;60
174072;60
174227;60
174372;60
174517;60
174701;60
174907;60
175106;60
175284;60
175425;60
175564;60
175713;60
175853;60
175993;60
176132;60
176283;60
176424;60
176565;60
176706;60
176843;60
176984;60
177125;60
177269;60
177424;60
177584;60
177723;60
177881;60
178022;60
178171;60
178318;60
178458;60
178615;60
178756;60
178896;60
179034;60
179184;60
179341;60
179478;60
179624;60
179762;60
179902;60
180039;60
180180;60
180326;60
180465;60
180610;60
180750;60
180892;60
181034;60
181181;60
181337;60
181478;60
181630;60
181772;60
181910;60
182052;60
182189;60
182327;60
182476;60
182623;60
182795;60
182941;60
183087;60
183268;60
183435;60
183669;60
183897;60
184125;60
184335;60
184488;60
184633;60
184771;60
184912;60
185048;60
185188;60
185325;60
185467;60
185610;60
185749;60
185887;60
186025;60
186167;60
186306;60
186449;60
186596;60
186735;60
186876;60
187020;60
187159;60
187298;60
187438;60
187588;60
187739;60
187877;60
188016;60
188153;60
188292;60
188433;60
188577;60
188718;60
188858;60
189001;60
189144;60
189286;60
189423;60
189559;60
189697;60
189837;60
189978;60
190120;60
190259;60
190398;60
190543;60
190690;60
190834;60
190973;60
191112;60
191250;60
191388;60
191531;60
191691;60
191827;60
191968;60
192107;60
192243;60
192391;60
192534;60
192672;60
