1252;278
1452;278
1676;278
1860;278
2052;278
2256;278
2475;278
2655;278
2853;278
3026;278
3194;278
3366;278
3590;278
3829;278
4223;278
4498;278
4673;278
4850;278
5020;278
5193;278
5371;278
5540;278
5709;278
5887;278
6055;278
6222;278
6417;278
6644;278
6824;278
6989;278
7152;278
7316;278
7480;278
7644;278
7809;278
7973;278
8138;278
8305;278
8463;278
8625;278
8790;278
8956;278
9112;278
9267;278
9425;278
9579;278
9735;278
9889;278
10049;278
10203;278
10353;278
10500;278
10643;278
10795;278
10937;278
11079;278
11217;278
11361;278
11503;278
11639;278
11776;278
11908;278
12041;278
12169;278
12296;278
12427;278
12559;278
12684;278
12815;278
12941;278
13059;278
13180;278
13304;278
13418;278
13531;278
13642;278
13803;273
13937;272
14041;272
14172;266
14275;266
14403;263
14502;263
14643;262
14740;262
14848;262
14942;262
15078;260
15196;259
15287;259
15403;258
15492;258
15585;258
15673;258
15760;258
15849;258
15938;258
16025;258
16111;258
16199;258
16295;258
16381;258
16469;258
16581;257
16667;257
16753;257
16856;257
16946;257
17036;257
17123;257
17208;257
17294;257
17384;257
17477;257
17567;257
17654;257
17742;257
17828;257
17915;257
18004;257
18091;257
18178;257
18265;257
18351;257
18439;257
18526;257
18614;257
18701;257
18789;257
18881;257
18972;257
19060;257
19148;257
19234;257
19321;257
19407;257
19493;257
19588;257
19676;257
19762;257
19849;257
19936;257
20022;257
20110;257
20197;257
20283;257
20370;257
20459;257
20550;257
20636;257
20723;257
20810;257
20904;257
20990;257
21078;257
21163;257
21249;257
21334;257
21423;257
21514;257
21602;257
21688;257
21777;257
21865;257
21950;257
22041;257
22130;257
22216;257
22303;257
22390;257
22480;257
22568;257
22656;257
22743;257
22831;257
22923;257
23010;257
23097;257
23184;257
23270;257
23356;257
23444;257
23536;257
23627;257
23716;257
23803;257
23889;257
23975;257
24064;257
24149;257
24236;257
24324;257
24410;257
24496;257
24585;257
24672;257
24760;257
24849;257
24939;257
25028;257
25118;257
25204;257
25289;257
25376;257
25462;257
25550;257
25637;257
25724;257
25811;257
25897;257
25983;257
26070;257
26158;257
26246;257
26332;257
26420;257
26509;257
26608;257
26695;257
26783;257
26872;257
26964;257
27051;257
27138;257
27227;257
27312;257
27399;257
27487;257
27580;257
27669;257
27756;257
27844;257
27931;257
28017;257
28108;257
28195;257
28283;257
28371;257
28458;257
28548;257
28636;257
28724;257
28810;257
28902;257
28991;257
29079;257
29165;257
29252;257
29340;257
29428;257
29517;257
29605;257
29699;257
29785;257
29872;257
29961;257
30048;257
30135;257
30222;257
30308;257
30396;257
30485;257
30574;257
30660;257
30749;257
30838;257
30930;257
31016;257
31104;257
31195;257
31284;257
31371;257
31459;257
31548;257
31635;257
31728;257
31827;257
31915;257
32009;257
32101;257
32188;257
32277;257
32363;257
32451;257
32539;257
32629;257
32722;257
32810;257
32905;257
33012;257
33098;257
33185;257
33271;257
33358;257
33444;257
33533;257
33620;257
33707;257
33793;257
33880;257
33967;257
34053;257
34141;257
34231;257
34318;257
34406;257
34495;257
34583;257
34670;257
34758;257
34846;257
34936;257
35026;257
35116;257
35202;257
35290;257
35378;257
35468;257
35556;257
35643;257
35734;257
35836;257
35923;257
36012;257
36100;257
36187;257
36278;257
36365;257
36453;257
36542;257
36630;257
36717;257
36803;257
36890;257
36983;257
37070;257
37156;257
37244;257
37336;257
37423;257
37512;257
37601;257
37688;257
37776;257
37864;257
37948;257
38037;257
38123;257
38210;257
38298;257
38385;257
38473;257
38569;257
38655;257
38742;257
38832;257
38919;257
39012;257
39099;257
39186;257
39272;257
39358;257
39448;257
39537;257
39624;257
39711;257
39799;257
39886;257
39973;257
40061;257
40148;257
40235;257
40323;257
40415;257
40502;257
40599;257
40686;257
40774;257
40860;257
40955;257
41063;257
41149;257
41237;257
41325;257
41412;257
41498;257
41585;257
41673;257
41760;257
41849;257
41939;257
42030;257
42118;257
42205;257
42292;257
42380;257
42469;257
42557;257
42644;257
42733;257
42820;257
42908;257
42997;257
43086;257
43173;257
43262;257
43350;257
43440;257
43528;257
43616;257
43703;257
43791;257
43878;257
43965;257
44051;257
44139;257
44226;257
44320;257
44407;257
44495;257
44584;257
44672;257
44760;257
44847;257
44936;257
45031;257
45119;257
45206;257
45293;257
45380;257
45470;257
45557;257
45644;257
45731;257
45819;257
45905;257
45993;257
46082;257
46169;257
46256;257
46342;257
46431;257
46525;257
46612;257
46700;257
46788;257
46874;257
46961;257
47076;257
47163;257
47251;257
47339;257
47427;257
47516;257
47606;257
47692;257
47782;257
47868;257
47956;257
48048;257
48133;257
48223;257
48310;257
48397;257
48485;257
48573;257
48665;257
48753;257
48840;257
48929;257
49023;257
49130;257
49217;257
49304;257
49390;257
49477;257
49571;257
49657;257
49744;257
49858;257
49946;257
50032;257
50120;257
50206;257
50293;257
50380;257
50467;257
50556;257
50643;257
50729;257
50817;257
50903;257
50991;257
51086;257
51176;257
51264;257
51350;257
51438;257
51529;257
51615;257
51702;257
51790;257
51880;257
51966;257
52054;257
52141;257
52228;257
52317;257
52404;257
52493;257
52586;257
52690;257
52777;257
52865;257
52952;257
53038;257
53130;257
53217;257
53303;257
53390;257
53479;257
53568;257
53656;257
53743;257
53831;257
53919;257
54006;257
54095;257
54196;257
54285;257
54371;257
54458;257
54547;257
54634;257
54721;257
54808;257
54895;257
54982;257
55073;257
55163;257
55249;257
55337;257
55424;257
55513;257
55601;257
55688;257
55780;257
55866;257
55953;257
56041;257
56129;257
56216;257
56304;257
56392;257
56479;257
56570;257
56659;257
56744;257
56831;257
56918;257
57005;257
57096;257
57184;257
57275;257
57362;257
57451;257
57542;257
57631;257
57717;257
57805;257
57892;257
57978;257
58067;257
58154;257
58241;257
58328;257
58415;257
58503;257
58594;257
58682;257
58772;257
58858;257
58946;257
59033;257
59127;257
59213;257
59300;257
59388;257
59476;257
59564;257
59654;257
59739;257
59827;257
59915;257
60001;257
60088;257
60176;257
60275;257
60372;257
60462;257
60564;257
60710;257
60859;257
60976;257
61062;257
61153;257
61241;257
61328;257
61415;257
61502;257
61589;257
61676;257
61765;257
61857;257
61946;257
62034;257
62121;257
62207;257
62295;257
62384;257
62470;257
62561;257
62647;257
62734;257
62821;257
62909;257
62994;257
63082;257
63196;257
63283;257
63371;257
63461;257
63551;257
63639;257
63727;257
63813;257
63901;257
63988;257
64076;257
64164;257
64253;257
64340;257
64426;257
64515;257
64604;257
64691;257
64779;257
64867;257
64971;257
65057;257
65161;257
65261;257
65346;257
65434;257
65522;257
65610;257
65699;257
65786;257
65874;257
65962;257
66051;257
66138;257
66226;257
66313;257
66400;257
66492;257
66581;257
66671;257
66761;257
66852;257
66941;257
67029;257
67116;257
67209;257
67297;257
67385;257
67473;257
67564;257
67652;257
67740;257
67827;257
67915;257
68007;257
68095;257
68183;257
68269;257
68357;257
68445;257
68541;257
68629;257
68717;257
68806;257
68893;257
68981;257
69070;257
69165;257
69274;257
69361;257
69450;257
69544;257
69632;257
69719;257
69807;257
69896;257
69984;257
70073;257
70160;257
70249;257
70337;257
70425;257
70514;257
70603;257
70690;257
70777;257
70865;257
70955;257
71053;257
71147;257
71262;257
71349;257
71437;257
71526;257
71621;257
71709;257
71796;257
71883;257
71971;257
72059;257
72146;257
72234;257
72322;257
72408;257
72496;257
72593;257
72687;257
72773;257
72860;257
72947;257
73036;257
73123;257
73212;257
73303;257
73391;257
73478;257
73566;257
73654;257
73745;257
73834;257
73920;257
74007;257
74096;257
74186;257
74274;257
74360;257
74449;257
74539;257
74626;257
74714;257
74800;257
74888;257
74973;257
75060;257
75146;257
75237;257
75326;257
75413;257
75508;257
75597;257
75688;257
75774;257
75860;257
75947;257
76034;257
76120;257
76208;257
76297;257
76383;257
76470;257
76561;257
76647;257
76735;257
76822;257
76909;257
76995;257
77082;257
77169;257
77264;257
77353;257
77440;257
77529;257
77617;257
77705;257
77793;257
77879;257
77968;257
78055;257
78142;257
78228;257
78316;257
78404;257
78492;257
78580;257
78668;257
78758;257
78846;257
78933;257
79020;257
79110;257
79196;257
79313;257
79401;257
79488;257
79580;257
79667;257
79755;257
79841;257
79929;257
80015;257
80107;257
80192;257
80297;257
80383;257
80470;257
80560;257
80646;257
80732;257
80819;257
80907;257
80993;257
81105;257
81239;257
81341;257
81428;257
81519;257
81650;257
81777;257
81890;257
81981;257
82071;257
82194;257
82329;257
82425;257
82516;257
82608;257
82694;257
82780;257
82866;257
82952;257
83038;257
83125;257
83211;257
83301;257
83395;257
83485;257
83573;257
83659;257
83746;257
83835;257
83922;257
84007;257
84095;257
84188;257
84317;257
84467;257
84583;257
84675;257
84760;257
84849;257
84938;257
85025;257
85117;257
85202;257
85289;257
85383;257
85479;257
85606;257
85760;257
85874;257
85968;257
86082;257
86168;257
86254;257
86343;257
86432;257
86522;257
86622;257
86721;257
86812;257
86903;257
86998;257
87089;257
87175;257
87261;257
87355;257
87441;257
87535;257
87635;257
87739;257
87834;257
87925;257
88013;257
88101;257
88189;257
88276;257
88364;257
88451;257
88540;257
88636;257
88735;257
88839;257
88926;257
89027;257
89114;257
89231;257
89338;257
89459;257
89551;257
89667;257
89794;257
89882;257
89968;257
90056;257
90142;257
90229;257
90322;257
90410;257
90498;257
90585;257
90672;257
90759;257
90846;257
90934;257
91035;257
91129;257
91216;257
91303;257
91395;257
91482;257
91572;257
91659;257
91745;257
91832;257
91918;257
92005;257
92091;257
92176;257
92261;257
92348;257
92434;257
92521;257
92623;257
92710;257
92803;257
92895;257
92991;257
93084;257
93172;257
93264;257
93352;257
93447;257
93542;257
93630;257
93740;257
93867;257
93955;257
94043;257
94135;257
94229;257
94317;257
94411;257
94504;257
94593;257
94679;257
94771;257
94858;257
94948;257
95041;257
95130;257
95217;257
95304;257
95415;257
95509;257
95598;257
95694;257
95780;257
95868;257
95957;257
96046;257
96140;257
96230;257
96316;257
96406;257
96496;257
96590;257
96703;257
96802;257
96889;257
96986;257
97073;257
97174;257
97270;257
97357;257
97449;257
97540;257
97627;257
97716;257
97803;257
97890;257
97978;257
98064;257
98171;257
98265;257
98361;257
98451;257
98558;257
98655;257
98745;257
98834;257
98922;257
99013;257
99101;257
99188;257
99284;257
99375;257
99484;257
99575;257
99674;257
99763;257
99860;257
99961;257
100054;257
100146;257
100258;257
100354;257
100449;257
100540;257
100632;257
100723;257
100813;257
100902;257
100990;257
101087;257
101189;257
101277;257
101371;257
101465;257
101555;257
101646;257
101734;257
101837;257
101926;257
102014;257
102103;257
102244;257
102336;257
102436;257
102536;257
102635;257
102786;257
102873;257
102961;257
103049;257
103137;257
103225;257
103313;257
103406;257
103501;257
103590;257
103678;257
103767;257
103854;257
103949;257
104052;257
104144;257
104248;257
104335;257
104424;257
104516;257
104607;257
104694;257
104781;257
104871;257
104961;257
105051;257
105139;257
105226;257
105312;257
105401;257
105523;257
105612;257
105703;257
105793;257
105880;257
105969;257
106058;257
106145;257
106240;257
106355;257
106450;257
106544;257
106633;257
106724;257
106823;257
106912;257
107008;257
107100;257
107194;257
107281;257
107367;257
107480;257
107585;257
107680;257
107769;257
107856;257
107966;257
108061;257
108148;257
108235;257
108323;257
108422;257
108511;257
108607;257
108698;257
108786;257
108878;257
108965;257
109055;257
109182;257
109312;257
109432;257
109563;257
109649;257
109742;257
109837;257
109924;257
110012;257
110100;257
110189;257
110279;257
110368;257
110457;257
110548;257
110635;257
110721;257
110828;257
110950;257
111074;257
111174;257
111269;257
111368;257
111456;257
111550;257
111644;257
111730;257
111816;257
111905;257
111991;257
112081;257
112166;257
112254;257
112342;257
112428;257
112524;257
112616;257
112702;257
112793;257
112880;257
112965;257
113053;257
113139;257
113225;257
113312;257
113398;257
113489;257
113582;257
113670;257
113757;257
113844;257
113931;257
114018;257
114107;257
114196;257
114282;257
114370;257
114457;257
114549;257
114639;257
114728;257
114814;257
114901;257
114988;257
115076;257
115162;257
115252;257
115338;257
115426;257
115522;257
115613;257
115702;257
115789;257
