210;85
328;85
441;85
540;85
613;85
686;85
771;85
866;85
966;85
1035;85
1113;85
1181;83
1252;83
1336;83
1402;83
1477;83
1547;83
1616;83
1689;83
1778;83
1909;83
1999;83
2106;83
2229;83
2308;83
2393;83
2472;83
2539;83
2608;83
2678;83
2749;83
2820;83
2915;83
2994;83
3051;83
3111;83
3171;83
3231;83
3293;83
3353;83
3433;83
3493;83
3557;83
3623;83
3705;83
3787;83
3872;83
3962;83
4044;83
4128;83
4209;83
4289;83
4375;83
4466;83
4532;83
4591;83
4653;83
4716;83
4777;83
4839;83
4907;83
4967;83
5031;83
5090;83
5153;83
5215;83
5282;83
5345;83
5405;83
5465;83
5529;83
5593;83
5668;83
5728;83
5787;83
5846;83
5907;83
5966;83
6024;83
6084;83
6144;83
6203;83
6262;83
6322;83
6390;83
6470;83
6530;83
6590;83
6653;83
6714;83
6776;83
6836;83
6899;83
6978;83
7068;83
7149;83
7230;83
7310;83
7383;83
7441;83
7504;83
7564;83
7622;83
7681;83
7741;83
7801;83
7864;83
7923;83
7984;83
8044;83
8103;83
8163;83
8224;83
8288;83
8350;83
8413;83
8476;83
8538;83
8599;83
8659;83
8719;83
8786;83
8885;83
8998;83
9058;83
9119;83
9179;83
9238;83
9299;83
9357;83
9421;84
9480;84
9545;84
9606;84
9668;84
9729;84
9794;84
9856;84
9917;84
9978;84
10040;84
10099;84
10162;84
10220;84
10281;84
10341;84
10406;84
10488;84
10569;84
10673;84
10773;84
10886;84
10967;84
11044;84
11106;84
11164;84
11226;84
11289;84
11350;84
11414;84
11478;84
11542;84
11602;84
11663;84
11723;84
11784;84
11846;84
11907;84
11968;84
12028;84
12087;84
12149;84
12213;84
12273;84
12334;84
12392;84
12479;84
12541;84
12600;84
12659;84
12721;84
12784;84
12846;84
12907;84
12968;84
13026;84
13086;84
13145;84
13206;84
13265;84
13325;84
13386;84
13446;84
13505;84
13565;84
13624;84
13684;84
13744;84
13804;84
13871;84
13929;84
13988;84
14048;84
14108;84
14168;84
14234;84
14293;84
14349;84
14425;84
14488;84
14547;84
14611;84
14671;84
14731;84
14793;84
14854;84
14914;84
14972;84
15031;84
15095;84
15155;84
15214;84
15275;84
15345;84
15404;84
15463;84
15525;84
15585;84
15650;84
15717;84
15778;84
15840;84
15904;84
15969;84
16029;84
16090;84
16149;84
16209;84
16270;84
16332;84
16393;84
16463;84
16540;84
16600;84
16660;84
16729;84
16797;84
16854;84
16913;84
16974;84
17035;84
17094;84
17152;84
17211;84
17277;84
17336;84
17398;84
17459;84
17520;84
17582;84
17646;84
17708;84
17770;84
17830;84
17890;84
17951;84
18010;84
18072;84
18135;84
18193;84
18251;84
18312;84
18371;84
18433;84
18526;84
18586;83
18644;83
18704;83
18765;83
18828;83
18896;83
18959;83
19023;83
19084;83
19143;83
19201;83
19262;83
19323;83
19382;83
19450;83
19509;83
19576;83
19633;83
19696;83
19758;83
19820;83
19881;83
19941;83
20008;83
20067;83
20131;83
20191;83
20251;83
20311;83
20380;83
20442;83
20506;83
20582;83
20646;83
20708;83
20768;83
20829;83
20890;83
20949;83
21019;83
21079;83
21139;83
21200;83
21261;83
21322;83
21381;83
21447;83
21511;83
21570;83
21630;83
21690;83
21749;83
21811;83
21871;83
21929;83
21988;83
22055;83
22127;83
22186;83
22244;83
22305;83
22363;83
22422;83
22481;83
22547;83
22607;83
22673;83
22734;83
22798;83
22858;83
22922;83
22984;83
23041;83
23103;83
23166;83
23227;83
23285;83
23349;83
23410;83
23469;83
23529;83
23593;83
23664;83
23725;83
23786;83
23846;83
23906;83
23968;83
24040;83
24102;83
24162;83
24224;83
24284;83
24343;83
24405;83
24466;83
24528;83
24591;83
24652;83
24712;83
24777;83
24840;83
24901;83
24962;83
25036;83
25099;83
25174;83
25238;83
25301;83
25363;83
25426;84
25487;84
25547;84
25612;84
25672;84
25733;84
25799;84
25863;84
25923;84
25983;84
26046;84
26103;84
26161;84
26221;84
26279;84
26337;84
26397;84
26455;84
26516;84
26578;84
26638;84
26700;84
26760;83
26820;83
26879;83
26943;83
27002;83
27060;83
27118;83
27176;83
27234;83
27295;83
27353;83
27413;83
27473;83
27532;83
27590;83
27650;83
27709;83
27785;83
27842;83
27905;83
27964;83
28022;83
28085;83
28149;83
28210;83
28271;83
28331;83
28390;83
28450;83
28511;83
28574;83
28637;83
28694;83
28760;83
28818;83
28877;83
28936;83
28994;83
29053;83
29119;83
29185;81
29244;78
29302;78
29362;78
29428;78
29490;78
29549;78
29610;78
29670;78
29741;78
29814;78
29875;78
29935;78
29994;78
30053;78
30115;78
30187;78
30242;78
30299;78
30358;78
30418;78
30477;78
30553;78
30624;78
30682;78
30747;78
30806;78
30866;78
30936;78
30996;78
31053;78
31111;78
31170;78
31229;78
31305;78
31370;78
31428;78
31488;78
31546;78
31606;78
31666;78
31723;78
31783;78
31846;78
31905;78
31962;78
32020;78
32080;78
32139;78
32197;78
32256;78
32315;78
32372;78
32432;78
32493;78
32554;78
32617;78
32676;78
32739;78
32798;78
32875;78
32939;78
32995;78
33052;78
33109;78
33169;78
33229;78
33288;78
33346;78
33405;78
33466;78
33538;78
33594;78
33652;78
33710;78
33771;78
33831;78
33891;78
33950;78
34008;78
34066;78
34123;78
34181;78
34238;78
34298;78
34366;78
34436;78
34494;78
34565;78
34642;78
34704;78
34768;78
34830;78
34888;78
34946;78
35004;78
35062;78
35129;78
35194;78
35250;78
35307;78
35366;78
35428;78
35487;78
35552;78
35613;78
35672;78
35740;78
35802;78
35868;78
35930;78
35988;78
36048;78
36108;78
36170;78
36229;78
36287;78
36351;78
36409;78
36473;78
36535;78
36603;78
36681;78
36755;78
36823;78
36888;79
36951;79
37015;79
37077;79
37136;79
37196;79
37255;79
37315;79
37376;79
37438;79
37510;79
37577;79
37632;79
37693;79
37752;79
37811;79
37870;79
37930;79
37988;79
38048;79
38109;79
38179;84
38239;84
38310;84
38375;84
38434;84
38495;84
38555;84
38619;84
38678;84
38740;84
38800;84
38862;84
38923;84
38986;84
39047;84
39108;84
39166;84
39228;84
39288;84
39346;84
39412;84
39478;84
39538;84
39596;84
39654;84
39715;84
39782;84
39841;84
39900;84
39960;84
40020;84
40087;84
40142;84
40199;84
40258;84
40317;84
40375;84
40437;84
40498;84
40558;84
40620;84
40679;84
40737;84
40807;84
40871;84
40928;84
40989;84
41049;84
41111;84
41173;84
41230;84
41289;84
41348;84
41406;84
41464;84
41527;84
41586;84
41643;84
41703;84
41761;84
41820;84
41880;84
41939;84
42000;84
42062;84
42120;84
42180;84
42245;84
42302;84
42360;84
42420;84
42483;84
42541;84
42600;84
42661;84
42724;84
42783;84
42845;84
42910;84
42969;84
43029;84
43090;84
43148;84
43207;84
43265;84
43323;84
43382;84
43440;84
43508;84
43567;84
43625;84
43687;84
43747;84
43806;84
43865;84
43924;84
43983;84
44042;84
44105;84
44164;84
44221;84
44278;84
44337;84
44396;84
44455;84
44514;84
44576;84
44637;84
44700;84
44759;84
44819;84
44879;84
44938;84
44996;84
45054;84
45115;84
45174;84
45237;84
45297;84
45356;84
45417;84
45479;84
45538;84
45603;84
45661;84
45733;84
45790;84
45849;84
45910;84
45970;84
46033;84
46097;84
46157;84
46218;84
46277;84
46337;84
46398;84
46455;84
46512;84
46570;84
46629;84
46697;84
46756;84
46816;84
46875;84
46933;83
46991;83
47050;83
47110;83
47173;83
47229;83
47290;81
47348;81
47410;81
47468;81
47528;81
47591;81
47649;81
47709;81
47768;81
47828;81
47893;81
47951;81
48008;81
48070;81
48128;81
48200;81
48267;81
48327;81
48391;78
48450;78
48514;78
48582;78
48639;78
48703;78
48764;78
48824;78
48889;78
48948;78
49008;78
49067;78
49131;78
49190;78
49250;78
49317;78
49378;78
49437;78
49498;78
49559;78
49619;78
49677;78
49758;78
49818;78
49877;78
49945;78
50001;78
50060;78
50118;78
50182;78
50241;78
50299;78
50357;78
50416;78
50476;78
50543;78
50601;78
50683;78
50749;78
50809;78
50868;78
50925;78
50981;78
51039;78
51097;78
51163;78
51221;78
51283;78
51343;78
51408;78
51467;78
51534;78
51593;78
51651;78
51723;78
51782;78
51839;78
51897;78
51957;78
52016;78
52074;78
52133;78
52192;78
52256;78
52315;78
52372;78
52429;78
52487;78
52549;80
52608;80
52672;80
52733;80
52795;80
52862;80
52924;80
52983;80
53045;80
53107;80
53166;80
53225;80
53289;80
53348;80
53409;80
53470;80
53528;80
53589;80
53648;80
53711;80
53771;80
53848;80
53918;80
53977;80
54036;80
54094;80
54153;80
54235;80
54292;80
54369;80
54426;80
54488;80
54546;80
54607;80
54694;80
54769;80
54833;80
54902;80
54969;80
55034;80
55095;80
55159;80
55218;80
55281;80
55337;80
55400;80
55458;80
55519;80
55578;80
55640;80
55699;80
55764;80
55825;80
55886;80
55947;80
56007;80
56067;80
56124;80
56183;80
56247;80
56314;80
56380;80
56438;80
56498;80
56556;80
56615;80
56679;80
56765;80
56826;80
56885;80
56943;80
57003;80
57062;80
57124;80
57185;80
57243;80
57301;80
57360;80
57429;80
57492;80
57550;80
57612;80
57669;80
57728;80
57802;80
57858;80
57925;80
57985;80
58044;80
58102;80
58163;80
58222;80
58279;80
58341;80
58400;80
58467;80
58524;80
58582;80
58640;80
58700;80
58768;80
58827;80
58885;80
58950;80
59010;80
59067;80
59132;80
59189;80
59249;80
59308;80
59376;80
59435;80
59496;80
59557;80
59618;80
59676;80
59739;80
59797;80
59856;80
59918;80
59979;80
60039;80
60097;80
60156;80
60214;80
60279;80
60336;80
60394;80
60451;80
60515;80
60575;80
60636;80
60697;80
60763;80
60827;80
60883;80
60941;80
61000;80
61060;80
61119;80
61177;80
61236;80
61294;80
61356;80
61415;80
61473;80
61533;80
61596;80
61656;80
61722;80
61783;80
61850;80
61908;80
61968;80
62031;80
62091;80
62151;78
62213;78
62273;78
62345;78
62405;78
62463;78
62522;78
62582;78
62640;78
62699;78
62786;78
62845;78
62904;78
62968;78
63032;78
63091;78
63150;78
63209;78
63272;78
63331;78
63392;78
63453;78
63514;78
63580;78
63646;78
63703;78
63764;78
63823;78
63887;78
63945;78
64004;78
64063;78
64123;78
64182;78
64241;78
64302;78
64360;78
64433;78
64492;78
64549;78
64607;78
64667;78
64728;78
64793;78
64851;78
64913;78
64973;78
65032;78
65096;78
65159;78
65222;78
65295;78
65351;78
65413;78
65471;78
65529;78
65592;78
65649;78
65709;78
65769;78
65828;78
65888;78
65950;78
66009;78
66076;78
66145;78
66203;78
66264;78
66325;78
66384;78
66449;78
66510;78
66571;78
66646;78
66706;78
66769;78
66832;78
66890;78
66948;78
67018;78
67102;78
67194;78
67253;78
67311;78
67369;78
67432;78
67490;78
67550;78
67609;78
67669;78
67728;78
67789;78
67849;78
67908;78
67972;78
68032;78
68091;78
68170;78
68244;78
68301;78
68358;78
68416;78
68478;78
68539;78
68597;78
68656;78
68714;78
68791;78
68904;78
69009;78
69069;78
69129;78
69195;78
69260;78
69323;78
69404;78
69487;78
69569;78
69641;78
69715;78
69775;78
69835;78
69894;78
69953;78
70014;78
70073;78
70131;78
70189;78
70247;78
70305;78
70362;78
70421;78
70480;78
70538;78
70604;78
70664;78
70728;79
70812;79
70868;79
70925;79
70980;79
71069;79
71172;79
71257;79
71347;79
71424;79
71483;79
71541;79
71599;79
71662;79
71721;79
71782;79
71840;79
71900;79
71959;79
72017;79
72075;79
72135;79
72205;79
72285;79
72365;79
72453;79
72510;79
72571;79
72628;78
72688;78
72748;78
72813;78
72872;78
72931;78
72989;78
73048;78
73106;78
73168;79
73228;79
73287;79
73347;79
73407;79
73470;79
73531;79
73590;79
73650;79
73713;79
73776;79
73834;79
73906;79
73963;79
74022;79
74080;79
74140;79
74199;79
74258;79
74318;79
74377;79
74435;79
74497;79
74558;79
74618;79
74678;79
74736;79
74799;79
74861;79
74918;79
74978;79
75038;79
75096;79
75155;79
75214;79
75273;79
75332;79
75413;79
75486;79
75544;79
75603;79
75667;79
75727;79
75788;79
75851;79
75909;79
75969;79
76028;79
76088;79
76148;79
76209;79
76270;79
76329;79
76387;79
76445;79
76505;79
76566;79
76626;79
76684;79
76744;79
76805;79
76868;79
76943;78
76999;78
77055;78
77114;78
77171;78
77229;78
77286;78
77349;78
77409;78
77467;78
77526;78
77586;78
77648;78
77709;78
77765;78
77825;78
77886;78
77945;78
78004;78
78062;78
78123;78
78180;78
78239;78
78298;78
78364;78
78420;78
78486;78
78544;78
78603;78
78663;78
78723;78
78785;78
78848;78
78909;78
78971;78
79030;78
79088;78
79150;80
79212;80
79271;80
79335;80
79396;80
79458;80
79517;80
79577;80
79637;80
79698;80
79757;80
79818;80
79877;80
79939;80
79999;80
80059;80
80118;80
80185;80
80244;80
80309;80
80372;80
80434;80
80492;80
80551;80
80609;80
80669;80
80727;80
80789;80
80849;80
80908;80
80973;80
81033;80
81091;80
81147;78
81206;78
81264;78
81325;78
81383;78
81442;78
81503;78
81561;78
81619;78
81682;79
81742;79
81804;79
81862;79
81921;78
81982;78
82039;78
82097;78
82159;78
82216;78
82273;78
82330;78
82387;78
82445;78
82508;78
82566;78
82628;78
82689;78
82750;78
82811;78
82875;78
82935;78
82994;78
83051;78
83109;78
83168;78
83228;78
83298;78
83355;78
83411;78
83470;78
83530;78
83589;78
83647;78
83705;78
83769;78
83828;78
83887;78
83944;78
84004;78
84063;78
84121;78
84179;78
84243;78
84302;78
84370;78
84439;78
84499;78
84562;78
84621;78
84681;78
84742;78
84801;78
84864;78
84927;78
84988;78
85051;78
85113;78
85171;78
85231;78
85290;78
85353;78
85412;78
85479;78
85536;78
85593;78
85652;78
85713;78
85772;78
85833;78
85892;78
85951;78
86009;78
86068;78
86130;78
86188;78
86247;78
86306;78
86365;78
86426;78
86488;78
86547;78
86608;78
86667;78
86728;78
86788;78
86850;78
86910;78
86969;78
87027;78
87086;78
87145;78
87205;78
87262;78
87323;78
87382;78
87442;78
87501;78
87559;78
87617;78
87676;78
87736;78
87802;78
87864;78
87924;78
87988;79
88048;79
88124;79
88182;79
88240;79
88298;79
88363;79
88420;79
88485;79
88546;79
88612;79
88670;79
88731;79
88791;79
88853;79
88916;79
88975;79
89035;79
89095;79
89155;79
89221;79
89278;79
89336;79
89395;79
89454;79
89514;79
89572;79
89633;79
89694;79
89754;79
89814;79
89873;79
89931;79
89992;79
90068;79
90125;79
90181;79
90239;79
90297;79
90356;79
90415;79
90473;79
90532;79
90590;79
90649;79
90707;79
90769;79
90831;79
90924;79
90982;79
91041;79
91102;79
91163;79
91221;79
91280;79
91339;79
91398;79
91456;79
91514;79
91572;79
91639;79
91698;79
91758;79
91816;79
91875;79
91934;79
91992;79
92053;79
92112;79
92169;79
92228;79
92286;79
92346;79
92409;79
92465;79
92523;79
92580;79
92637;79
92698;79
92757;79
92817;79
92884;79
92964;79
93025;79
93089;79
93147;79
93205;79
93262;79
93323;79
93384;79
93442;79
93503;79
93561;79
93620;78
93680;78
93747;78
93804;78
93868;78
93928;78
93990;78
94048;78
94107;78
94166;78
94228;78
94290;78
94350;78
94415;78
94477;78
94535;78
94596;78
94653;78
94718;78
94791;78
94851;78
94922;78
94997;78
95056;78
95113;78
95172;78
95231;78
95290;78
95348;78
95409;78
95467;78
95526;78
95591;78
95647;78
95706;78
95774;78
95842;78
95904;78
95962;78
96023;78
96082;78
96141;78
96199;78
96260;78
96319;78
96378;78
96439;78
96499;78
96561;78
96621;78
96686;78
96743;78
96802;78
96861;78
96934;78
97008;78
97066;78
97123;78
97181;78
97244;78
97303;78
97365;78
97423;78
97487;78
97546;78
97604;78
97662;78
97728;78
97786;78
97845;78
97905;78
97965;78
98027;78
98085;78
98145;78
98204;78
98267;78
98327;78
98384;78
98444;78
98503;78
98560;78
98618;78
98680;78
98741;78
98803;78
98869;78
98934;78
99011;78
99073;78
99134;78
99191;78
99250;78
99312;78
99371;78
99437;78
99494;78
99552;78
99611;78
99670;78
99728;78
99789;78
99848;78
99907;78
99968;78
100025;78
100085;78
100143;78
100203;78
100269;78
100328;78
100390;78
100454;78
100510;78
100573;78
100635;78
100694;78
100756;78
100814;78
100874;78
100943;78
101003;78
101063;78
101123;78
101182;78
101242;78
101300;78
101363;78
101424;78
101482;78
101541;78
101604;78
101662;78
101725;78
101792;78
101850;78
101911;78
101969;78
102030;78
102090;78
102148;78
102206;78
102264;78
102327;78
102384;78
102441;78
102501;78
102562;78
102621;78
102678;78
102736;78
102803;78
102858;78
102916;78
102979;78
103042;78
103103;78
103163;78
103222;78
103286;78
103345;78
103417;78
103478;78
103537;78
103595;78
