214;4206
322;4062
423;3939
472;3783
567;3625
618;3625
676;3461
742;3316
781;3316
817;3250
865;3191
912;3191
956;3191
1002;3010
1085;3010
1165;2897
1222;2897
1291;2746
1367;2732
1427;2688
1479;2688
1551;2499
1589;2419
1628;2419
1673;2355
1713;2355
1764;2316
1809;2256
1849;2256
1895;2125
1937;2125
1976;2125
2015;2124
2059;2001
2103;1925
2143;1898
2226;1876
2264;1874
2302;1873
2340;1873
2382;1873
2420;1873
2455;1873
2490;1873
2529;1873
2580;1774
2631;1680
2680;1680
2732;1680
2778;1601
2841;1601
2911;1537
2964;1512
3023;1512
3076;1512
3126;1375
3184;1322
3266;1306
3335;1269
3410;1219
3463;1219
3495;1219
3537;1219
3571;1219
3614;1219
3658;1219
3740;1219
3813;1219
3889;1219
3979;1219
4044;1219
4091;1149
4136;1149
4180;1149
4230;1057
4283;1057
4330;1057
4377;1057
4426;986
4468;986
4504;932
4539;934
4570;934
4605;934
4640;934
4672;934
4704;934
4734;934
4767;934
4800;934
4834;904
4867;904
4900;904
4933;904
4968;817
5000;817
5031;818
5063;818
5106;818
5172;818
5204;818
5241;818
5282;818
5327;811
5375;759
5410;759
5443;759
5487;759
5530;759
5583;759
5615;759
5652;759
5684;759
5719;759
5752;759
5783;682
5817;632
5853;632
5885;632
5918;632
5966;632
6001;632
6033;632
6067;632
6100;632
6140;630
6172;630
6207;630
6244;630
6282;630
6320;630
6357;630
6390;630
6423;630
6460;630
6501;630
6567;630
6637;630
6720;630
6828;553
6907;553
7001;553
7096;553
7178;553
7249;552
7312;551
7351;551
7385;551
7426;551
7459;551
7495;553
7526;553
7557;472
7588;472
7632;472
7663;472
7694;472
7725;472
7757;472
7789;472
7829;472
7861;472
7892;472
7926;472
7966;472
7997;472
8029;472
8063;472
8097;472
8130;452
8166;452
8198;452
8243;452
8274;452
8305;452
8340;452
8374;452
8407;452
8438;452
8470;452
8504;452
8546;452
8578;452
8612;452
8643;452
8673;452
8705;452
8742;452
8776;452
8811;451
8846;451
8878;451
8908;451
8939;451
8971;450
9001;450
9037;450
9079;450
9110;450
9143;450
9203;450
9269;450
9336;450
9397;450
9444;450
9480;450
9514;450
9555;450
9594;445
9627;445
9666;389
9701;389
9743;389
9776;389
9807;389
9842;389
9895;389
9953;266
9989;266
10023;266
10055;266
10087;266
10121;266
10152;266
10201;265
10232;265
10262;265
10293;266
10325;266
10367;266
10400;266
10434;266
10466;266
10501;266
10533;266
10567;266
10605;266
10658;266
10690;266
10726;266
10758;266
10797;266
10836;266
10868;266
10904;266
10945;266
10979;266
11011;266
11042;266
11077;266
11117;265
11156;266
11188;266
11224;266
11274;266
11309;266
11348;266
11378;266
11412;266
11442;266
11475;266
11506;266
11538;266
11573;266
11608;266
11643;266
11673;266
11706;266
11739;266
11772;266
11805;266
11840;266
11874;266
11905;266
11947;266
11980;266
12011;266
12042;266
12074;266
12109;266
12157;266
12191;266
12239;266
12277;266
12316;266
12347;266
12378;266
12411;266
12457;266
12488;266
12519;266
12552;266
12583;266
12616;266
12649;266
12688;266
12722;266
12766;266
12799;266
12834;266
12867;266
12901;266
12946;266
12979;266
13020;266
13088;266
13154;266
13226;266
13266;266
13298;266
13332;266
13371;266
13403;266
13435;266
13487;266
13546;266
13603;266
13659;266
13720;266
13785;266
13849;267
13900;266
13935;266
13979;266
14018;266
14060;266
14090;266
14123;266
14154;266
14186;266
14218;266
14271;266
14344;266
14411;266
14486;266
14552;266
14613;266
14673;266
14742;266
14801;266
14861;266
14936;266
15006;266
15052;266
15083;266
15119;266
15155;266
15194;266
15233;266
15273;267
15306;267
15340;267
15372;267
15407;267
15443;267
15482;267
15515;267
15573;267
15624;267
15718;267
15800;267
15875;267
15921;267
15967;267
16031;267
16082;266
16129;266
16198;266
16248;266
16290;266
16321;266
16351;266
16386;266
16424;265
16455;265
16491;265
16523;265
16561;268
16602;268
16643;268
16702;268
16791;268
16864;268
16927;268
16970;268
17015;268
17067;268
17131;268
17188;268
17236;268
17298;268
17353;268
17412;268
17463;268
17516;268
17571;268
17612;268
17647;270
17682;270
17714;270
17744;270
17779;270
17817;270
17855;270
17906;270
17964;270
18015;270
18062;270
18109;270
18158;270
18218;270
18265;270
18312;270
18361;270
18406;270
18453;269
18500;269
18547;269
18590;269
18646;269
18689;269
18746;269
18788;269
18835;269
18879;269
18929;269
18975;269
19041;269
19097;269
19144;269
19195;269
19244;269
19294;269
19346;269
19394;269
19450;269
19496;269
19533;269
19566;269
19606;269
19643;269
19680;269
19711;269
19741;269
19774;269
19805;269
19837;269
19872;261
19915;261
19954;261
19989;261
20026;261
20056;261
20102;261
20136;261
20170;261
20202;261
20241;261
20275;261
20308;261
20339;261
20377;261
20409;261
20447;261
20484;261
20516;261
20549;261
20588;261
20620;261
20662;261
20697;261
20728;261
20758;261
20790;261
20827;261
20858;261
20892;261
20926;261
20957;261
20989;261
21025;261
21057;261
21100;261
21144;261
21192;261
21237;261
21285;261
21333;261
21379;261
21426;261
21477;261
21535;261
21574;261
21610;261
21666;261
21715;261
21765;261
21814;261
21867;261
21916;261
21969;261
22017;261
22067;261
22100;261
22133;261
22163;261
22193;261
22223;261
22256;261
22286;261
22317;261
22349;261
22381;261
22413;261
22444;261
22476;261
22511;261
22541;261
22574;261
22608;261
22638;261
22673;261
22704;261
22739;261
22769;261
22801;261
22848;261
22894;261
22938;261
22982;261
23026;261
23069;261
23120;261
23160;261
23191;261
23224;261
23258;261
23296;261
23327;261
23368;261
23401;261
23435;261
23469;261
23501;261
23540;261
23573;261
23606;261
23639;261
23669;261
23711;261
23741;261
23775;261
23806;261
23844;261
23879;261
23911;258
23952;258
24012;258
24062;258
24113;258
24147;258
24193;258
24232;258
24265;258
24299;258
24336;262
24366;262
24400;262
24438;262
24475;262
24509;262
24539;262
24573;262
24605;262
24637;262
24667;262
24702;262
24737;262
24770;262
24809;262
24839;262
24877;262
24910;262
24944;262
24974;262
25007;262
25038;262
25073;262
25103;263
25135;263
25167;263
25200;263
25230;263
25262;263
25295;263
25330;263
25368;263
25403;263
25436;263
25467;263
25499;263
25533;263
25565;263
25595;263
25633;263
25668;263
25702;263
25732;263
25762;263
25800;263
25830;263
25863;263
25895;263
25927;263
25960;263
25991;263
26025;263
26058;263
26088;263
26121;263
26167;263
26205;263
26285;263
26343;263
26391;263
26434;263
26464;263
26495;263
26529;263
26568;263
26598;263
26630;263
26662;263
26692;263
26725;263
26763;263
26805;263
26846;263
26881;262
26911;262
26945;262
26979;262
27012;262
27044;262
27075;262
27105;262
27135;262
27174;262
27206;262
27239;262
27280;262
27310;262
27341;262
27373;262
27414;262
27450;262
27483;262
27517;262
27547;262
27577;262
27607;262
27637;261
27670;261
27704;261
27736;261
27767;261
27800;261
27840;261
27874;261
27904;261
27937;261
27965;261
27999;261
28037;261
28070;261
28102;261
28136;261
28168;261
28210;261
28244;261
28276;261
28312;261
28343;261
28374;261
28408;261
28442;261
28479;261
28513;261
28552;261
28582;261
28614;261
28642;261
28676;261
28710;261
28741;261
28774;261
28807;261
28844;261
28881;261
28914;261
28947;261
28984;261
29031;261
29090;261
29145;261
29201;261
29247;261
29295;261
29336;261
29391;261
29453;261
29501;261
29566;261
29613;261
29666;261
29718;265
29768;265
29829;265
29879;265
29923;265
29973;265
30024;265
30069;265
30128;265
30169;265
30213;265
30261;265
30309;265
30352;265
30402;265
30452;265
30509;265
30552;265
30602;265
30646;265
30692;265
30731;265
30763;265
30795;265
30830;265
30862;265
30893;265
30927;265
30967;265
31003;264
31044;264
31076;264
31115;264
31154;264
31189;264
31220;264
31256;264
31287;264
31326;264
31356;264
31390;264
31424;264
31458;264
31490;264
31524;264
31558;264
31594;264
31635;264
31680;264
31715;264
31749;264
31801;264
31845;264
31905;264
31955;264
32004;264
32052;264
32085;264
32138;264
32175;264
32205;264
32239;264
32273;264
32306;264
32343;264
32378;264
32417;264
32457;264
32495;264
32548;264
32591;264
32642;264
32692;264
32740;264
32783;264
32822;264
32856;264
32886;264
32920;264
32952;264
32984;264
33018;264
33056;264
33088;264
33123;264
33156;264
33189;264
33225;264
33261;264
33292;264
33327;264
33357;264
33387;263
33433;263
33474;263
33514;263
33553;263
33597;263
33647;263
33697;263
33753;263
33802;263
33841;263
33884;263
33926;263
33965;263
34023;263
34105;263
34141;263
34182;263
34225;263
34268;263
34307;263
34347;263
34409;263
34466;263
34537;263
34595;263
34650;263
34689;263
34754;263
34804;263
34848;263
34906;263
34949;263
34988;263
35027;263
35068;263
35109;263
35147;263
35190;263
35228;263
35270;263
35308;263
35346;263
35385;263
35441;263
35485;263
35542;263
35585;263
35654;263
35699;263
35759;263
35807;263
35849;263
35899;263
35940;262
35980;262
36031;259
36083;259
36135;259
36180;259
36234;259
36282;259
36331;259
36387;259
36434;259
36481;259
36537;259
36587;259
36631;259
36693;259
36747;259
36800;259
36849;259
36898;259
36960;259
37028;259
37112;259
37204;259
37306;259
37396;259
37467;259
37554;259
37622;259
37691;259
37760;259
37831;259
37898;259
37974;259
38070;259
38143;259
38231;259
38336;259
38426;259
38515;259
38597;259
38663;259
38722;259
38781;259
38847;259
38902;259
38986;259
39059;259
39124;259
39186;259
39271;259
39379;259
39463;259
39534;259
39616;259
39702;259
39781;259
39861;259
39939;259
40001;259
40066;259
40126;259
40192;259
40267;259
40317;259
40384;259
40442;259
40505;259
40573;259
40640;259
40694;259
40742;260
40791;260
40857;260
40923;260
41000;260
41069;260
41114;260
41169;260
41258;260
41309;260
41355;260
41410;260
41471;260
41507;260
41541;260
41572;260
41602;260
41642;260
41671;260
41704;260
41742;260
41772;260
41806;260
41839;260
41874;260
41904;260
41942;260
41975;260
42007;260
42040;260
42074;260
42108;260
42142;260
42173;260
42214;260
42248;260
42283;260
42315;260
42346;260
42379;260
42410;260
42440;260
42478;260
42512;260
42546;260
42575;260
42608;260
42638;260
42671;260
42704;260
42734;260
42765;260
42797;260
42837;260
42867;260
42898;260
42934;260
42985;260
43046;260
43114;260
43158;260
43192;260
43224;260
43258;260
43291;260
43321;260
43351;260
43381;260
43433;260
43469;260
43512;260
43549;260
43579;260
43610;260
43644;260
43694;260
43739;260
43777;260
43809;260
43854;260
43889;260
43922;260
43965;260
43996;260
44039;260
44070;260
44104;260
44137;260
44168;260
44209;260
44242;260
44276;260
44313;260
44347;260
44390;260
44425;260
44458;260
44492;260
44534;260
44568;260
44603;260
44640;260
44674;260
44717;260
44756;260
44815;260
44885;260
44947;260
45016;260
45069;260
45136;260
45184;260
45215;260
45245;260
45277;260
45311;260
45345;260
45381;260
45412;260
45457;260
45499;260
45533;260
45561;260
45594;260
45626;260
45656;260
45687;260
45721;260
45754;260
45793;260
45825;260
45857;260
45890;260
45925;260
45959;260
45987;260
46017;260
46047;260
46081;260
46115;260
46145;260
46180;260
46222;260
46262;260
46292;260
46325;260
46360;260
46390;260
46427;260
46458;260
46496;260
46542;260
46581;260
46618;260
46649;260
46683;260
46717;260
46747;260
46777;260
46815;260
46848;260
46882;260
46922;260
46952;260
46986;260
47026;260
47083;260
47162;260
47205;260
47249;260
47304;260
47364;260
47422;260
47486;260
47556;260
47641;260
47707;260
47789;260
47847;260
47912;260
47983;260
48054;260
48107;260
48173;260
48253;260
48324;260
48396;260
48458;260
48516;260
48585;260
48637;260
48689;260
48738;260
48789;260
48849;260
48920;260
48972;260
49023;260
49077;260
49138;260
49207;260
49288;260
49353;260
49395;260
49443;261
49487;261
49530;261
49581;261
49655;261
49736;261
49812;261
49875;261
49940;261
50025;261
50094;261
50172;261
50232;261
50321;261
50400;261
50471;261
50527;261
50588;261
50638;261
50699;261
50752;261
50817;261
50881;261
50942;261
51008;261
51090;261
51179;261
51297;261
51366;261
51426;261
51506;261
51555;261
51598;261
51638;261
51668;261
51701;261
51731;261
51764;261
51796;261
51827;261
51857;261
51889;261
51928;261
51961;261
51993;261
52024;261
52056;261
52088;261
52119;261
52152;261
52183;261
52216;261
52270;261
52322;261
52378;261
52421;261
52469;261
52517;261
52566;261
52611;261
52654;261
52705;261
52755;261
52805;261
52847;261
52880;261
52919;261
52951;261
52989;261
53019;261
53053;261
53085;261
53116;261
53147;261
53181;261
53218;261
53253;261
53294;261
53327;261
53357;261
53385;261
53417;261
53449;261
53480;261
53516;261
53567;261
53631;261
53673;261
53720;261
53766;261
53813;261
53855;261
53904;261
53953;261
54001;261
54050;261
54092;261
54131;261
54170;261
54204;261
54246;261
54281;261
54322;261
54357;261
54390;261
54426;261
54457;261
54488;261
54527;261
54561;261
54592;261
54622;261
54656;261
54689;261
54720;261
54754;261
54790;261
54848;261
54899;261
54946;261
54996;261
55047;261
55107;261
55160;261
55225;261
55273;261
55318;261
55365;261
55400;261
55443;261
55474;261
55504;261
55537;261
55571;261
55609;261
55641;261
55679;261
55711;261
55741;261
55771;261
55802;261
55836;261
55872;261
55912;261
55946;261
55981;261
56020;261
56050;260
56080;260
56110;260
56142;260
56180;260
56210;260
56242;260
56277;260
56308;260
56347;260
56377;260
56410;260
56443;260
56477;260
56515;260
56549;260
56583;259
56614;259
56653;259
56686;259
56725;259
56756;259
56809;259
56858;259
56903;259
56948;259
56997;259
57042;259
57087;259
57139;259
57193;259
57243;259
57287;259
57351;259
57388;259
57421;259
57453;259
57487;259
57520;259
57551;259
57587;259
57618;259
57652;259
57685;259
57721;259
57755;259
57787;259
57827;259
57858;259
57888;259
57919;259
57951;259
