219;2352
361;2338
461;2293
557;2074
641;1966
710;1876
786;1692
899;1484
973;1413
1066;1273
1137;1273
1218;1126
1286;1126
1355;1029
1441;965
1515;965
1583;955
1652;879
1718;819
1795;819
1860;819
1924;749
2000;749
2086;749
2163;672
2232;672
2296;672
2375;502
2444;461
2520;390
2587;390
2671;390
2738;389
2830;389
2893;382
2959;382
3023;381
3087;381
3154;381
3211;381
3269;381
3328;381
3385;381
3444;381
3614;381
3813;381
3980;381
4132;381
4274;381
4420;381
4533;313
4607;313
4681;313
4753;313
4811;313
4872;313
4932;313
4990;313
5062;253
5119;253
5175;253
5235;238
5295;238
5355;238
5413;238
5475;238
5534;238
5595;238
5657;238
5714;238
5794;238
5853;238
5915;205
5979;205
6037;205
6092;205
6149;205
6206;205
6261;205
6324;205
6382;205
6442;205
6499;205
6556;205
6613;205
6671;205
6729;205
6787;202
6848;201
6906;201
6964;201
7020;201
7077;201
7140;201
7212;201
7303;201
7382;201
7454;201
7530;201
7593;201
7654;201
7714;201
7770;201
7827;201
7886;201
7943;201
7999;201
8056;201
8117;201
8173;201
8230;201
8292;201
8349;201
8418;178
8474;178
8533;178
8592;178
8647;178
8705;178
8766;178
8842;179
8907;179
8965;179
9026;179
9083;179
9141;179
9199;179
9259;125
9316;125
9376;125
9436;126
9493;126
9558;126
9615;126
9672;126
9729;126
9786;126
9845;126
9901;126
9960;126
10015;126
10072;126
10129;126
10187;126
10243;126
10301;126
10363;126
10436;126
10502;126
10557;126
10613;126
10676;125
10737;126
10795;126
10854;126
10911;126
10973;126
11032;126
11092;126
11148;126
11204;126
11262;126
11318;126
11375;126
11433;126
11493;126
11551;126
11610;126
11666;126
11722;126
11778;126
11839;126
11897;126
11987;126
12041;126
12096;126
12153;126
12208;126
12270;126
12331;126
12387;126
12446;126
12501;126
12557;126
12614;126
12670;126
12729;126
12786;126
12844;126
12906;126
12964;126
13021;126
13077;126
13137;126
13197;128
13259;122
13322;122
13379;122
13436;122
13512;122
13568;122
13633;125
13688;125
13748;125
13812;125
13872;125
13932;127
13989;127
14045;127
14103;127
14161;127
14221;128
14282;125
14342;125
14399;125
14455;125
14513;125
14569;125
14626;125
14684;125
14740;125
14796;125
14853;125
14912;125
14969;125
15042;84
15098;84
15154;84
15213;84
15270;84
15337;84
15392;84
15450;84
15506;84
15564;84
15624;80
15682;80
15741;80
15799;80
15857;80
15916;80
15978;80
16035;80
16091;80
16147;80
16203;80
16264;80
16325;80
16381;80
16439;80
16495;80
16567;78
16628;78
16684;78
16741;78
16798;78
16859;78
16918;78
16977;78
17041;78
17099;78
17155;78
17214;78
17272;78
17337;78
17397;78
17453;78
17515;78
17572;78
17627;78
17685;78
17740;78
17800;78
17856;78
17920;78
17976;78
18032;78
18090;78
18148;78
18206;78
18264;78
18324;78
18380;78
18437;78
18494;78
18556;78
18618;78
18676;78
18742;78
18799;78
18857;78
18914;78
18971;78
19031;78
19087;78
19144;78
19205;79
19260;79
19317;79
19373;79
19430;79
19488;79
19544;79
19603;79
19664;79
19722;79
19778;79
19833;79
19891;79
19947;79
20003;79
20059;79
20115;79
20171;79
20234;79
20289;79
20347;79
20405;79
20462;79
20520;79
20581;79
20640;79
20698;79
20755;79
20815;79
20871;79
20930;79
20990;79
21046;79
21106;79
21163;79
21224;79
21279;79
21340;79
21396;79
21453;79
21512;79
21569;79
21624;79
21681;79
21738;79
21794;79
21852;79
21911;79
21967;79
22027;79
22086;79
22141;78
22197;78
22261;78
22318;78
22375;78
22431;78
22487;78
22544;78
22602;78
22658;78
22722;78
22781;78
22838;78
22902;78
22957;78
23017;78
23075;78
23130;78
23187;78
23243;78
23301;78
23357;78
23415;78
23474;78
23530;78
23588;78
23649;78
23708;78
23765;78
23821;78
23877;78
23945;78
23998;78
24058;78
24115;78
24176;78
24235;78
24293;78
24352;78
24407;78
24467;78
24523;78
24579;78
24636;78
24699;78
24765;78
24821;78
24883;78
24940;78
24997;78
25051;78
25108;78
25163;78
25225;78
25281;78
25337;78
25391;78
25446;78
25501;78
25557;78
25615;78
25671;78
25732;78
25790;78
25845;78
25899;78
25954;78
26010;78
26064;78
26120;78
26179;78
26233;78
26290;78
26348;78
26404;78
26460;78
26522;78
26577;78
26636;78
26691;78
26746;78
26802;78
26857;78
26912;78
26971;78
27029;78
27087;78
27143;78
27200;78
27257;78
27323;78
27380;78
27437;78
27492;78
27553;78
27610;78
27667;78
27725;78
27785;78
27839;78
27896;78
27952;78
28008;78
28069;78
28124;78
28178;78
28232;78
28286;78
28342;78
28399;78
28459;78
28514;78
28569;78
28626;78
28681;78
28746;78
28799;78
28861;78
28924;78
28981;78
29035;78
29090;78
29145;78
29202;78
29258;78
29313;78
29371;78
29450;78
29526;78
29610;78
29692;78
29750;78
29810;78
29866;78
29940;78
30020;78
30093;78
30169;78
30244;78
30324;78
30408;79
30486;79
30559;79
30619;79
30675;79
30730;79
30788;79
30843;79
30900;79
30958;79
31018;79
31074;79
31131;79
31187;79
31242;79
31298;79
31359;79
31414;79
31469;79
31524;79
31583;79
31638;79
31693;79
31747;79
31803;79
31859;79
31916;79
31976;79
32031;79
32088;79
32146;79
32205;79
32262;79
32320;79
32377;79
32433;79
32488;79
32543;79
32598;79
32666;79
32720;79
32775;79
32830;79
32885;79
32941;78
32996;78
33051;78
33106;78
33163;78
33225;78
33279;78
33338;78
33395;78
33454;78
33510;78
33568;78
33627;78
33686;78
33742;78
33814;78
33902;78
33982;78
34061;78
34121;78
34182;78
34238;78
34293;78
34350;78
34407;78
34478;78
34569;78
34657;78
34744;78
34831;78
34924;78
35019;78
35108;78
35197;78
35290;78
35355;78
35415;78
35472;78
35528;78
35584;78
35639;78
35697;78
35756;78
35818;78
35883;78
35962;78
36077;78
36177;78
36290;78
36405;78
36541;78
36638;78
36715;78
36838;78
36941;78
37042;78
37130;78
37225;78
37334;78
37439;78
37563;78
37674;78
37759;78
37857;78
37974;78
38076;78
38161;78
38227;78
38294;78
38360;78
38421;78
38481;78
38538;78
38599;78
38658;78
38725;78
38781;78
38841;78
38908;78
38975;78
39030;78
39086;78
39144;78
39243;78
39311;78
39395;78
39470;78
39623;78
39751;78
39871;78
39980;78
40097;78
40200;78
40307;78
40429;78
40534;78
40635;78
40720;78
40812;78
40907;78
40990;78
41076;78
41196;78
41281;78
41427;78
41517;78
41577;78
41638;78
41693;78
41750;78
41807;78
41862;78
41921;78
41975;78
42031;78
42090;78
42146;78
42201;78
42256;78
42313;78
42372;78
42436;78
42501;78
42558;78
42615;78
42727;78
42800;78
42856;78
42910;78
42966;78
43025;78
43081;78
43141;78
43196;78
43252;78
43309;78
43366;78
43423;78
43491;78
43544;78
43600;78
43659;78
43716;78
43771;78
43826;78
43882;78
43941;78
43995;78
44051;78
44105;78
44166;78
44222;78
44277;78
44348;78
44406;78
44462;78
44517;78
44573;78
44628;78
44683;78
44738;78
44793;78
44847;78
44903;78
44958;78
45014;78
45070;78
45127;78
45181;78
45238;78
45298;78
45354;78
45409;78
45465;78
45520;78
45575;78
45660;78
45752;78
45834;78
45905;78
45961;78
46017;78
46072;78
46132;78
46191;78
46248;78
46305;78
46361;78
46418;78
46474;78
46528;78
46587;78
46642;78
46696;78
46754;78
46815;78
46879;78
46984;78
47101;78
47232;78
47376;78
47490;78
47597;78
47710;78
47843;78
47977;78
48097;78
48196;78
48287;78
48368;78
48497;78
48620;78
48738;78
48834;78
48936;78
49024;78
49145;78
49246;78
49371;78
49444;78
49501;78
49559;78
49621;78
49679;78
49735;78
49790;78
49847;78
49902;78
49958;78
50028;78
50112;78
50189;78
50267;78
50345;78
50431;78
50511;78
50612;78
50688;78
50750;78
50810;78
50865;78
50921;78
50977;78
51039;78
51095;78
51155;78
51210;78
51267;78
51325;78
51383;78
51437;78
51492;78
51549;78
51603;78
51658;78
51716;78
51777;78
51831;78
51885;78
51942;78
51998;78
52053;78
52127;78
52183;78
52237;78
52296;78
52360;78
52413;78
52467;78
52530;78
52585;78
52641;78
52696;78
52750;78
52805;78
52861;78
52931;78
52987;78
53048;78
53104;78
53163;78
53218;78
53274;78
53330;78
53388;78
53444;78
53507;78
53567;78
53642;78
53700;78
53758;78
53813;78
53872;78
53966;78
54024;78
54080;78
54137;78
54194;78
54250;78
54307;78
54362;78
54417;78
54473;78
54536;78
54597;78
54656;78
54712;78
54776;78
54830;78
54885;78
54941;78
55000;78
55056;78
55111;78
55175;78
55241;78
55296;78
55354;78
55411;78
55467;78
55525;78
55593;78
55650;78
55711;78
55768;78
55824;78
55880;78
55938;78
55994;78
56048;78
56103;78
56157;78
56215;78
56271;78
56332;78
56388;78
56445;78
56505;78
56561;78
56616;78
56673;78
56730;78
56786;78
56842;78
56896;78
56956;78
57015;78
57071;78
57126;78
57189;78
57244;78
57304;78
57360;78
57421;78
57476;78
57530;78
57589;79
57645;79
57700;79
57755;79
57809;79
57864;79
57919;79
57975;79
58031;79
58086;79
58143;79
58207;79
58279;79
58336;79
58391;79
58450;79
58507;79
58570;79
58626;79
58682;79
58736;79
58796;79
58851;79
58910;79
58966;79
59023;79
59080;79
59137;79
59193;79
59251;79
59313;79
59404;79
59459;79
59515;79
59569;79
59623;79
59679;79
59734;79
59790;79
59846;79
59900;79
59956;79
60014;79
60070;79
60127;79
60184;79
60242;79
60298;79
60358;79
60420;79
60496;79
61030;79
61086;79
61141;79
61198;79
61253;78
61311;78
61368;78
61422;78
61485;78
61540;78
61595;78
61651;78
61706;78
61762;78
61818;78
61875;78
61931;78
61986;78
62041;78
62097;78
62168;78
62669;78
63251;78
63308;78
63363;78
63422;78
63476;78
63531;78
63585;78
63642;78
63697;78
63753;78
63811;78
63867;78
63924;78
63982;78
64040;78
64097;78
64153;78
64212;78
64269;78
64327;78
64384;78
64443;78
64509;78
64563;78
64621;78
64679;78
64734;78
64790;78
64844;78
64902;78
64960;78
65013;78
65068;78
65124;78
65181;78
65245;78
65301;78
65356;78
65413;78
65469;78
65527;78
65584;78
65642;78
65698;78
65754;78
65829;78
65911;78
65998;78
66072;78
66127;78
66182;78
66236;78
66292;78
66348;78
66403;78
66457;78
66511;78
66565;78
66620;78
66674;78
66730;78
66785;78
66841;78
66900;78
66957;78
67013;78
67069;78
67125;78
67183;78
67243;78
67302;78
67359;78
67417;78
67487;78
67546;78
67600;78
67656;78
67710;78
67764;78
67819;78
67873;78
67929;78
67987;78
68044;78
68100;78
68156;78
68213;78
68273;78
68332;78
68388;78
68445;78
68502;78
68562;78
68618;78
68674;78
68731;78
68789;78
68844;78
68900;78
68964;78
69022;78
69080;78
69135;78
69191;78
69246;78
69302;78
69358;78
69414;78
69468;78
69524;78
69580;78
69636;78
69694;78
69749;78
69807;78
69863;78
69919;78
69984;78
70040;78
70100;78
70157;78
70214;78
70271;78
70328;78
70388;78
70452;78
70508;78
70567;78
70621;78
70684;78
70739;78
70799;78
70855;78
70913;78
70967;78
71022;78
71079;78
71136;78
71194;78
71252;78
71310;78
71367;78
71424;78
71481;78
71538;78
71595;78
71652;78
71707;78
71765;78
71823;78
71879;78
71937;78
71991;78
72052;78
72122;78
72179;78
72234;78
72288;78
72343;78
72397;78
72451;78
72507;78
72565;78
72623;78
72681;78
72742;78
72798;78
72853;78
72908;78
72964;78
73021;78
73076;78
73136;78
73193;78
73251;78
73306;78
73384;78
73438;78
73492;78
73546;78
73601;78
73659;78
73714;78
73768;78
73824;78
73880;78
73936;78
73992;78
74055;78
74119;78
74177;78
74234;78
74291;78
74349;78
74406;78
74461;78
74517;78
74574;78
74630;78
74687;78
74746;78
74802;78
74864;78
74923;78
74977;78
75032;78
75088;78
75144;78
75200;78
75258;78
75321;78
75377;78
75432;78
75489;78
75546;78
75604;78
75660;78
75715;78
75773;78
75828;78
75883;78
75939;78
75998;78
76055;78
76114;78
76173;78
76231;78
76287;78
76345;78
76400;78
76456;78
76511;78
76567;78
76623;78
76695;78
76754;78
76808;78
76864;78
76922;78
76978;78
77034;78
77091;78
77148;78
77204;78
77265;78
77321;78
77381;78
77437;78
77492;78
77549;78
77608;78
77664;78
77727;78
77783;78
77839;78
77895;78
77950;78
78006;78
78061;78
78117;78
78175;78
78232;78
78292;78
78349;78
78404;78
78469;78
78524;78
78581;78
78638;78
78694;78
78749;78
78809;78
78865;78
78920;78
78979;78
79046;78
79101;78
79156;78
79212;78
79268;78
79323;78
79378;78
79436;78
79490;78
79544;78
79599;78
79656;78
79713;78
79773;78
79829;78
79885;78
79940;78
79997;78
80057;78
80113;78
80170;78
80228;78
80294;78
80348;78
80406;78
80461;78
80517;78
80573;78
80628;78
80681;78
80738;78
80793;78
80852;78
80907;78
80962;78
81018;78
81074;78
81132;78
81188;78
81244;78
81305;78
81363;78
81421;78
81477;78
81538;78
81598;78
81652;78
81709;78
81764;78
81818;78
81872;78
81927;78
81981;78
82035;78
82092;78
82146;78
82202;78
82266;78
82324;78
82380;78
82437;78
82499;78
82555;78
82613;78
82673;78
82730;78
82789;78
82850;78
82906;78
82962;78
83017;78
83072;78
83126;78
83181;78
83237;78
83294;78
83351;78
83408;78
83469;78
83531;78
83586;78
83642;78
83707;78
83767;78
83823;78
83880;78
83935;78
83990;78
84046;78
84102;78
84160;78
84215;78
84277;78
84332;78
84399;78
84455;78
