216;83
337;83
412;83
516;83
582;83
697;83
801;83
920;83
1023;83
1095;83
1171;83
1239;83
1308;83
1389;83
1457;83
1528;83
1598;83
1669;83
1743;83
1838;83
1932;83
2021;83
2136;83
2232;83
2315;83
2389;83
2460;83
2533;83
2604;83
2677;83
2755;83
2827;83
3002;83
3074;83
3148;83
3250;83
3309;83
3374;83
3435;83
3498;83
3558;83
3620;83
3680;83
3755;83
3836;83
3917;83
4001;83
4085;83
4171;83
4251;83
4332;83
4414;83
4499;83
4565;83
4625;83
4684;83
4744;83
4803;83
4863;83
4922;83
4982;83
5042;83
5101;83
5161;83
5224;83
5291;83
5353;83
5415;83
5474;83
5536;83
5598;83
5659;83
5730;83
5789;83
5849;83
5908;83
5967;83
6034;83
6096;83
6161;83
6221;83
6281;83
6341;83
6400;83
6460;83
6520;83
6578;83
6642;81
6700;81
6759;81
6816;81
6874;81
6938;81
7013;81
7093;81
7175;81
7255;78
7339;78
7396;78
7457;78
7518;78
7580;78
7648;78
7708;78
7769;78
7829;78
7889;78
7950;78
8009;78
8074;78
8139;78
8198;78
8256;78
8315;78
8377;78
8434;78
8493;78
8555;78
8617;78
8686;78
8746;78
8805;78
8866;78
8930;78
8988;78
9049;78
9110;78
9177;78
9236;78
9296;78
9363;78
9422;78
9482;78
9543;78
9607;78
9667;78
9727;78
9786;78
9847;78
9904;78
9963;78
10025;78
10084;78
10153;78
10215;78
10275;78
10336;78
10395;78
10455;78
10513;78
10575;78
10637;78
10699;78
10759;78
10821;78
10879;78
10938;78
11000;78
11061;78
11119;78
11180;78
11242;78
11302;78
11363;78
11422;78
11482;78
11543;78
11602;78
11662;78
11724;78
11787;78
11846;78
11905;78
11969;78
12031;78
12090;78
12153;78
12212;78
12271;78
12328;78
12393;78
12456;78
12516;78
12576;78
12636;78
12694;78
12756;78
12813;78
12872;78
12928;78
12987;78
13046;78
13107;78
13167;78
13230;78
13290;78
13350;78
13410;78
13479;78
13538;78
13597;78
13662;78
13722;78
13782;78
13843;78
13908;78
13967;78
14027;78
14087;78
14149;78
14213;78
14272;78
14331;78
14393;78
14451;78
14515;78
14586;78
14648;78
14707;78
14766;78
14826;78
14888;78
14948;78
15006;78
15070;78
15128;78
15186;78
15247;78
15306;78
15364;78
15424;78
15484;78
15542;78
15603;78
15664;78
15725;78
15785;78
15845;78
15904;78
15967;78
16025;78
16087;78
16146;78
16210;78
16273;78
16335;78
16392;78
16452;78
16517;78
16575;78
16638;78
16699;78
16758;78
16821;78
16880;78
16940;78
16999;78
17060;78
17119;78
17180;78
17240;78
17298;78
17358;78
17415;78
17474;78
17533;78
17593;78
17654;78
17716;78
17775;78
17837;78
17905;78
17962;78
18021;78
18080;78
18142;78
18203;78
18270;78
18329;78
18388;78
18449;78
18509;78
18570;78
18639;78
18701;78
18760;78
18819;78
18877;78
18938;78
18998;78
19057;78
19118;78
19180;78
19244;78
19301;78
19365;78
19425;78
19485;78
19544;78
19607;78
19666;78
19724;78
19784;78
19843;78
19901;78
19967;78
20032;78
20092;78
20152;78
20213;78
20272;78
20332;78
20389;78
20449;78
20510;78
20569;78
20629;78
20688;78
20750;78
20810;78
20878;83
20939;83
20998;83
21058;83
21121;83
21182;83
21243;83
21310;83
21367;83
21426;83
21483;83
21546;83
21606;83
21665;83
21726;83
21784;83
21843;83
21902;83
21960;83
22018;83
22079;83
22137;83
22199;83
22260;83
22320;83
22378;83
22441;83
22500;83
22560;83
22622;83
22681;83
22739;83
22797;83
22859;83
22915;83
22975;83
23034;83
23093;83
23151;83
23212;83
23271;83
23331;83
23391;83
23451;83
23510;83
23575;83
23634;83
23695;83
23757;83
23815;83
23879;83
23942;83
24002;83
24061;83
24120;83
24179;83
24240;83
24300;83
24359;83
24417;83
24477;83
24535;83
24599;83
24662;83
24720;83
24778;83
24841;83
24898;83
24962;83
25017;83
25077;83
25140;83
25199;83
25257;83
25314;83
25374;83
25433;83
25493;83
25556;78
25617;78
25676;78
25735;78
25793;78
25850;78
25909;78
25969;78
26024;78
26081;78
26142;78
26204;78
26264;78
26322;78
26384;78
26446;78
26504;78
26564;78
26629;78
26688;78
26747;78
26805;78
26870;78
26923;78
26981;78
27044;78
27105;78
27163;78
27225;78
27283;78
27343;78
27402;78
27460;78
27520;78
27581;78
27643;78
27701;78
27770;78
27827;78
27888;78
27946;78
28008;78
28074;78
28136;78
28197;78
28263;78
28322;78
28383;78
28443;78
28507;78
28579;78
28639;78
28699;78
28757;78
28818;78
28876;78
28935;78
28994;78
29057;78
29116;78
29178;78
29239;78
29300;78
29370;78
29434;78
29500;78
29560;78
29620;78
29679;78
29737;78
29797;78
29855;78
29914;78
29974;78
30031;78
30093;78
30155;78
30215;78
30283;78
30339;78
30399;78
30460;78
30519;78
30579;78
30638;78
30698;78
30758;78
30819;78
30880;78
30940;78
31002;78
31067;78
31125;78
31182;78
31239;78
31301;78
31361;78
31419;78
31478;78
31540;78
31598;78
31662;78
31721;78
31783;78
31839;78
31896;78
31954;78
32012;78
32073;78
32133;78
32191;78
32252;78
32312;78
32372;78
32436;78
32491;78
32549;78
32610;78
32668;78
32726;78
32784;78
32844;78
32910;78
32969;78
33027;78
33094;78
33154;78
33214;78
33272;78
33331;78
33390;78
33449;78
33511;78
33571;78
33636;78
33705;78
33760;78
33819;78
33879;78
33940;78
34003;78
34065;78
34123;78
34184;78
34248;78
34319;78
34376;78
34435;78
34495;78
34560;78
34620;78
34681;78
34741;78
34800;78
34859;78
34925;78
34983;78
35042;78
35101;78
35161;78
35217;78
35277;78
35343;78
35401;78
35464;78
35521;78
35581;78
35641;78
35698;78
35760;78
35826;78
35886;78
35944;78
36007;78
36064;78
36129;78
36187;78
36254;78
36317;78
36379;78
36438;78
36501;78
36558;78
36622;78
36683;78
36742;78
36801;78
36861;78
36919;78
36984;78
37041;78
37098;78
37158;78
37219;78
37278;78
37339;78
37402;78
37499;78
37582;78
37646;78
37705;78
37768;78
37826;78
37886;78
37957;78
38014;78
38075;78
38134;78
38194;78
38265;78
38341;78
38403;78
38458;78
38517;78
38577;78
38638;78
38698;78
38758;78
38822;78
38881;78
38942;78
39002;78
39061;78
39122;78
39192;78
39250;78
39313;78
39373;78
39431;78
39488;78
39547;78
39607;78
39674;78
39730;78
39792;78
39851;78
39911;78
39969;78
40030;80
40088;80
40145;80
40204;80
40272;80
40348;80
40408;80
40470;80
40532;80
40591;80
40652;80
40712;80
40770;80
40833;80
40891;80
40957;80
41013;80
41075;80
41135;80
41193;80
41253;80
41311;80
41373;80
41431;80
41490;80
41550;80
41613;80
41673;80
41731;80
41790;80
41857;80
41914;80
41972;80
42034;80
42096;80
42155;80
42215;80
42275;80
42356;78
42416;78
42474;78
42532;78
42592;78
42651;78
42710;78
42771;78
42836;78
42899;78
42958;78
43019;78
43078;78
43136;78
43193;78
43256;78
43315;78
43373;78
43433;78
43494;78
43553;78
43614;78
43672;78
43733;78
43792;78
43865;78
43929;78
43986;78
44052;78
44114;78
44176;78
44238;78
44303;78
44367;78
44430;78
44490;78
44552;78
44610;78
44668;78
44726;78
44785;78
44851;78
44910;78
44969;78
45026;78
45084;78
45142;78
45204;78
45262;78
45322;78
45388;78
45448;78
45507;78
45567;78
45626;78
45687;78
45752;78
45809;78
45870;78
45929;78
45988;78
46046;78
46103;78
46161;78
46219;78
46277;78
46340;78
46398;78
46459;78
46517;78
46586;78
46643;78
46701;78
46761;78
46820;78
46878;78
46941;78
47001;78
47060;78
47118;78
47177;78
47239;78
47299;78
47360;78
47422;78
47476;78
47533;78
47593;78
47654;78
47714;78
47773;78
47835;78
47893;78
47953;78
48012;78
48072;78
48136;78
48199;78
48257;78
48324;78
48386;78
48447;78
48507;78
48568;78
48628;78
48691;78
48751;78
48811;78
48869;78
48936;78
48990;78
49047;78
49107;78
49170;78
49230;78
49288;78
49346;78
49408;78
49465;78
49524;78
49593;78
49665;78
49719;78
49780;78
49839;78
49900;78
49959;78
50023;78
50081;78
50142;78
50199;78
50259;78
50318;78
50385;78
50441;78
50497;78
50556;78
50624;78
50684;78
50744;78
50812;78
50872;78
50929;78
50988;78
51048;78
51105;78
51162;78
51219;78
51277;78
51335;78
51400;78
51463;78
51524;78
51584;78
51648;78
51710;78
51773;78
51830;78
51890;78
51947;78
52005;78
52063;78
52120;78
52182;78
52245;78
52301;78
52363;78
52421;78
52483;78
52542;78
52603;78
52665;78
52723;78
52780;78
52850;78
52910;78
52969;78
53033;78
53114;78
53172;78
53231;78
53295;78
53354;78
53419;78
53477;78
53535;78
53597;78
53657;78
53714;78
53774;78
53834;78
53899;78
53953;78
54016;78
54078;78
54138;78
54195;78
54254;78
54312;78
54375;78
54437;78
54495;78
54559;78
54624;78
54684;78
54743;78
54819;78
54876;78
54936;78
54993;78
55052;78
55112;78
55170;78
55229;78
55287;78
55354;78
55409;78
55469;78
55526;78
55592;78
55652;78
55712;78
55770;78
55832;78
55902;78
55957;78
56014;78
56078;78
56157;78
56215;78
56275;78
56334;78
56396;78
56454;78
56511;78
56573;78
56642;78
56699;78
56758;78
56816;78
56876;78
56935;78
56993;78
57052;78
57109;78
57172;78
57230;78
57289;78
57346;78
57411;78
57468;78
57527;78
57587;78
57647;78
57710;78
57768;78
57827;78
57885;78
57945;78
58004;78
58064;78
58122;78
58182;78
58239;78
58300;78
58368;78
58444;78
58504;78
58572;78
58635;78
58694;78
58753;78
58814;78
58873;78
58930;78
58987;78
59046;78
59104;78
59166;78
59223;78
59280;78
59338;78
59398;78
59456;78
59514;78
59573;78
59632;78
59693;78
59752;78
59810;78
59867;78
59924;78
59982;78
60041;78
60101;78
60159;78
60219;78
60280;78
60339;78
60426;78
60485;78
60545;78
60607;78
60679;78
60766;78
60861;78
60920;78
60981;78
61041;78
61104;78
61164;78
61224;78
61283;78
61339;78
61399;78
61458;78
61515;78
61580;78
61641;78
61708;78
61775;78
61834;78
61894;78
61956;78
62013;78
62070;78
62130;78
62189;78
62247;78
62326;78
62396;78
62474;78
62533;78
62594;78
62655;78
62718;78
62779;78
62836;78
62905;78
63011;78
63091;78
63155;78
63255;78
63312;78
63370;78
63427;78
63486;78
63549;78
63609;78
63671;78
63729;78
63795;78
63855;78
63915;78
63972;78
64032;78
64088;78
64146;78
64208;78
64265;78
64327;78
64394;78
64454;78
64511;78
64578;78
64638;78
64695;78
64754;78
64811;78
64871;78
64931;78
64995;78
65051;78
65108;78
65164;78
65224;78
65281;78
65338;78
65405;78
65467;78
65525;78
65593;78
65651;78
65711;78
65768;78
65827;78
65886;78
65944;78
66005;78
66065;78
66123;78
66180;78
66247;78
66304;78
66361;78
66420;78
66480;78
66541;78
66603;78
66664;78
66721;78
66780;78
66839;78
66902;78
66960;78
67024;78
67084;78
67148;78
67204;78
67261;78
67319;78
67377;78
67435;78
67495;78
67551;78
67613;78
67676;78
67749;78
67803;78
67860;78
67917;78
67974;78
68031;78
68092;79
68149;79
68211;79
68268;79
68325;79
68385;79
68451;79
68522;79
68585;79
68645;79
68704;79
68764;79
68823;79
68882;79
68941;79
68999;79
69059;79
69118;79
69177;79
69234;79
69306;79
69363;79
69422;79
69482;79
69540;79
69599;79
69659;79
69719;79
69778;79
69838;79
69897;79
69956;78
70016;78
70077;78
70151;78
70231;78
70304;78
70361;78
70423;78
70486;78
70549;78
70608;78
70667;78
70726;78
70786;78
70845;78
70905;78
70964;78
71023;78
71081;78
71139;78
71209;78
71266;78
71323;78
71381;78
71440;78
71500;78
71559;78
71620;78
71680;78
71742;78
71801;78
71858;78
71916;78
71974;78
72033;78
72092;78
72157;78
72237;78
72322;78
72394;78
72454;78
72513;78
72572;78
72634;78
72700;78
72759;78
72818;78
72876;78
72936;78
72997;78
73060;78
73118;78
73175;78
73233;78
73291;78
73351;78
73411;78
73483;78
73539;78
73596;78
73662;78
73724;78
73784;78
73842;78
73905;78
73962;78
74021;78
74082;78
74141;78
74199;78
74258;78
74315;78
74376;78
74433;78
74492;78
74552;78
74628;78
74711;78
74792;78
74876;78
74949;78
75009;78
75068;78
75129;78
75189;78
75248;78
75306;78
75364;78
75426;78
75485;78
75547;78
75607;78
75668;78
75726;78
75784;78
75845;78
75903;78
75963;78
76023;78
76081;78
76141;78
76202;78
76271;78
76328;78
76386;78
76446;78
76534;78
76598;78
76659;78
76721;78
76784;78
76846;78
76904;78
76966;78
77026;78
77088;78
77146;78
77203;78
77261;78
77320;78
77379;78
77436;78
77494;78
77564;78
77624;78
77686;78
77743;78
77804;78
77868;78
77928;78
77989;78
78049;78
78106;78
78165;78
78224;78
78283;78
78342;78
78399;78
78457;78
78548;78
78606;78
78666;78
78725;78
78795;78
78852;78
78910;78
78967;78
79033;78
79092;78
79156;78
79216;78
79282;78
79340;78
79399;78
79459;78
79516;78
79580;78
79640;78
79705;78
79769;78
79827;78
79886;78
79959;78
80014;78
80076;78
80133;78
80192;78
80250;78
80309;78
80367;78
80428;78
80487;78
80576;78
80635;78
80696;78
80754;78
80817;78
80879;78
80939;78
80997;78
81054;78
81116;78
81174;78
81232;78
81293;78
81353;78
81414;78
81473;78
81536;78
81602;78
81670;78
81731;78
81790;78
81850;78
81912;78
81977;78
82035;78
82092;78
82164;78
82222;78
82279;78
82336;78
82394;78
82452;78
82519;78
82597;78
82656;78
82717;78
82775;78
82836;78
82896;78
82955;78
83012;78
83070;78
83130;78
83194;78
83252;78
83318;78
83379;78
83437;78
83496;78
83554;78
83614;78
83676;78
83737;78
83801;78
83860;78
83921;78
83981;78
84045;78
84105;78
84175;78
84231;78
84289;78
84345;78
84406;78
84465;78
84525;78
84591;78
84650;78
84708;78
84768;78
84829;78
84889;78
84954;78
85015;78
85079;78
85134;78
85191;78
85250;78
85312;78
85373;78
85432;78
85491;78
85549;78
85610;78
85669;78
85729;78
85788;78
85846;78
85907;78
85978;78
86033;78
86093;78
86151;78
86212;78
86269;78
86328;78
86388;78
86448;78
86506;78
86570;78
86634;78
86695;78
86755;78
86820;78
86881;78
86945;78
87005;78
87069;78
87127;78
87189;78
87249;78
87310;78
87369;78
87431;78
87491;78
87553;78
87624;78
87679;78
87743;78
87802;78
87861;78
87920;78
87980;78
88043;78
88102;78
88163;78
88220;78
88278;78
88355;78
88409;78
88465;78
88524;78
88588;78
88650;78
88708;78
88769;78
88829;78
88889;78
88947;78
89005;78
89064;78
89123;78
89182;78
89240;78
89307;78
89364;78
89422;78
89484;78
89541;78
89604;78
89664;78
89722;78
89780;78
89841;78
89903;78
89959;78
90019;78
90078;78
90140;78
90197;78
90254;78
90312;78
90380;78
90435;78
90493;78
90559;78
90622;78
90680;78
90739;78
90798;78
90856;78
90916;78
90978;78
91037;78
91095;78
91154;78
91210;78
91269;78
91327;78
91390;78
91451;78
91509;78
91569;78
91629;78
91696;78
91754;78
91814;78
91872;78
91930;78
91992;78
92054;78
92113;78
92173;78
92233;78
92293;78
92351;78
92408;78
92468;78
92526;78
92587;78
92647;78
92704;78
92763;78
92825;78
92884;78
92951;78
93008;78
93070;78
93130;78
93194;78
93252;78
93314;78
93378;78
93435;78
93496;78
93557;78
93617;78
93675;78
93734;78
93793;78
93849;78
93907;78
93964;78
94022;78
94079;78
94146;78
94203;78
94261;78
94321;78
94380;78
94443;78
94503;78
94564;78
94625;78
94684;78
94744;78
94801;78
94860;78
94919;78
94977;78
95035;78
95092;78
95149;78
95210;78
95282;78
95337;78
95395;78
95456;78
95514;78
95573;78
95632;78
95690;78
95749;78
95809;78
95867;78
95924;78
95984;78
96043;78
96100;78
96160;78
96218;78
96277;78
96339;78
96394;78
96456;78
96516;78
96576;78
96638;78
96698;78
96756;78
96815;78
96874;78
96931;78
96988;78
97047;78
97105;78
97164;78
97223;78
97281;78
97349;78
97409;78
97468;78
97527;78
97588;78
97647;78
97709;78
97767;78
97830;78
97888;78
97948;78
98008;78
98067;78
98126;78
98184;78
98242;78
98317;78
98371;78
98428;78
98492;78
98551;78
98616;78
98678;78
98735;78
98796;78
98854;78
98911;78
98970;78
99028;78
99087;78
99145;78
99203;78
99271;78
99328;78
99387;78
99444;78
99503;78
99560;78
99619;78
99680;78
99741;78
99801;78
99859;78
99919;78
99982;78
100038;78
100099;78
100166;78
100226;78
100284;78
100343;78
100401;78
100459;78
100517;78
100577;78
100643;78
100705;78
100765;78
100823;78
100883;78
100942;78
101009;78
101068;78
101125;78
101184;78
101243;78
101301;78
101357;78
101417;78
101476;78
101533;78
101593;78
101653;78
101713;78
101775;78
101840;78
101898;78
101960;78
102018;78
102082;78
102156;78
102216;78
102274;78
102332;78
