1727;301
2244;301
2823;301
3208;301
3400;301
3593;301
3872;301
4291;301
4591;301
4795;301
4975;301
5157;301
5442;301
6197;301
6813;301
7040;301
7284;301
7506;301
7703;301
7894;301
8086;301
8266;301
8448;301
8626;301
8806;301
8988;301
9203;301
9446;301
9640;301
9818;301
10023;301
10311;301
10569;301
10793;301
11007;301
11181;301
11372;301
11649;301
11922;301
12186;301
12398;301
12645;301
12934;301
13270;301
13636;301
13959;301
14274;301
14605;301
14857;301
15081;301
15291;301
15500;301
15704;301
15898;301
16092;301
16284;301
16498;301
16687;301
16887;301
17150;301
17451;301
17756;301
18095;301
18444;301
18780;301
19061;301
19272;301
19651;296
19901;296
20226;296
20503;296
20757;296
21046;294
21385;269
21727;269
22011;269
22283;269
22563;269
22802;269
23013;269
23254;262
23432;262
23550;262
23667;262
23804;261
23914;261
24024;261
24160;260
24265;260
24369;260
24474;260
24581;260
24682;260
24789;260
24900;260
25026;260
25171;260
25304;260
25449;260
25645;260
25800;260
25904;260
26030;260
26133;260
26234;260
26347;260
26452;260
26557;260
26655;260
26769;260
26874;260
27016;260
27218;260
27409;260
27623;260
27832;260
28029;260
28224;260
28425;260
28654;260
28907;260
29163;260
29422;260
29609;260
29774;260
30023;260
30241;260
30433;260
30632;260
30829;260
31134;260
31412;260
31610;260
31717;260
31826;260
31936;260
32117;260
32433;260
32684;260
32848;260
33020;260
33249;260
33485;260
33611;260
33717;260
33919;260
34211;260
34398;260
34504;260
34604;260
34739;260
34898;260
35116;260
35315;260
35430;260
35541;260
35737;260
35979;260
36192;260
36318;260
36534;260
36781;260
36948;260
37053;260
37170;260
37363;260
37630;260
37819;260
37956;260
38056;260
38169;260
38343;260
38564;260
38845;260
38972;260
39083;260
39187;260
39287;260
39389;260
39522;260
39668;260
39779;260
39883;260
39988;260
40091;260
40193;260
40296;260
40399;260
40514;260
40618;260
40722;260
40828;260
40933;260
41038;260
41142;260
41244;260
41349;260
41457;260
41564;260
41668;260
41771;260
41875;260
41985;260
42093;260
42205;260
42313;260
42418;260
42522;260
42630;260
42733;260
42835;260
42937;260
43041;260
43140;260
43240;260
43341;260
43443;260
43548;260
43657;260
43759;260
43863;260
43970;260
44074;260
44178;260
44282;260
44385;260
44488;260
44595;260
44699;260
44803;260
44905;260
45010;260
45122;260
45225;260
45327;260
45432;260
45540;260
45692;260
45834;260
45952;260
46063;260
46162;260
46267;260
46366;260
46469;260
46571;260
46682;260
46787;260
46889;260
46991;260
47091;260
47193;260
47292;260
47395;260
47506;260
47608;260
47716;260
47816;260
47919;260
48049;260
48154;260
48260;260
48366;260
48477;260
48580;260
48680;260
48787;260
48890;260
48992;260
49092;260
49196;260
49299;260
49401;260
49509;260
49609;260
49729;260
49836;260
49938;260
50063;260
50167;260
50271;260
50373;260
50485;260
50586;260
50687;260
50789;260
50890;260
50992;260
51095;260
51195;260
51303;260
51405;260
51511;260
51611;260
51720;260
51823;260
51922;260
52030;260
52130;260
52234;260
52338;260
52446;260
52546;260
52652;260
52761;260
52870;260
52976;260
53084;260
53184;260
53288;260
53392;260
53498;260
53601;260
53703;260
53803;260
53909;260
54011;260
54114;260
54214;260
54319;260
54428;260
54533;260
54633;260
54734;260
54838;260
54940;260
55041;260
55143;260
55249;260
55355;260
55461;260
55566;260
55669;260
55772;260
55897;260
56015;260
56134;260
56240;260
56344;260
56448;260
56554;260
56658;260
56767;260
56870;260
56974;260
57078;260
57185;260
57294;260
57402;260
57514;260
57618;260
57720;260
57821;260
57923;260
58025;260
58129;260
58235;260
58337;260
58442;260
58544;260
58647;260
58748;260
58852;260
58972;260
59095;260
59250;260
59375;260
59479;260
59612;260
59758;260
59886;260
59989;260
60117;260
60217;260
60317;260
60419;260
60539;260
60646;260
60763;260
60906;260
61040;260
61141;260
61244;260
61345;260
61451;260
61567;260
61683;260
61799;260
61911;260
62039;260
62162;260
62268;260
62381;260
62495;260
62602;260
62708;260
62808;260
62911;260
63014;260
63116;260
63219;260
63320;260
63425;260
63566;260
63684;260
63792;260
63907;260
64010;260
64118;260
64228;260
64335;260
64440;260
64555;260
64670;260
64784;260
64890;260
64991;260
65097;260
65220;260
65326;260
65440;260
65549;260
65650;260
65751;260
65866;260
66021;260
66172;260
66280;260
66378;260
66481;260
66581;260
66699;260
66809;260
66911;260
67011;260
67110;260
67218;260
67359;260
67521;260
67677;260
67834;260
68007;260
68159;260
68288;260
68404;260
68541;260
68725;260
68854;260
69015;260
69134;260
69259;260
69387;260
69538;260
69657;260
69787;260
69941;260
70112;260
70302;260
70447;260
70612;260
70778;260
70899;260
71014;260
71140;260
71256;260
71386;260
71503;260
71621;260
71741;260
71865;260
71985;260
72103;260
72217;260
72348;260
72474;260
72590;260
72722;260
72871;260
73010;260
73129;260
73249;260
73364;260
73488;260
73614;260
73739;260
73856;260
73973;260
74090;260
74214;260
74334;260
74454;260
74569;260
74685;260
74823;260
74952;260
75071;260
75198;260
75316;260
75445;260
75561;260
75679;260
75799;260
75915;260
76048;260
76162;260
76279;260
76400;260
76513;260
76644;260
76751;260
76865;260
76986;260
77102;260
77230;260
77354;260
77474;260
77592;260
77706;260
77835;260
77963;260
78089;260
78213;260
78366;260
78483;260
78602;260
78724;260
78836;260
78964;260
79095;260
79212;260
79329;260
79441;260
79570;260
79683;260
79799;260
79915;260
80032;260
80153;260
80276;260
80396;260
80522;260
80662;260
80781;260
80897;260
81012;260
81143;260
81264;260
81398;260
81517;260
81635;260
81748;260
81864;260
81989;260
82105;260
82225;260
82379;260
82505;260
82622;260
82743;260
82856;260
82969;260
83081;260
83217;260
83348;260
83466;260
83580;260
83693;260
83828;260
83941;260
84074;260
84217;260
84351;260
84482;260
84602;260
84711;260
84844;260
84974;260
85105;260
85235;260
85378;260
85506;260
85657;260
85827;260
85987;260
86105;260
86227;260
86352;260
86484;260
86608;260
86735;260
86872;260
87008;260
87143;260
87278;260
87385;260
87517;260
87638;260
87753;260
87873;260
87987;260
88104;260
88216;260
88327;260
88474;260
88590;260
88700;260
88816;260
88931;260
89058;260
89184;260
89304;260
89422;260
89540;260
89657;260
89777;260
89894;260
90014;260
90128;260
90242;260
90380;260
90508;260
90626;260
90737;260
90859;260
90974;260
91089;260
91203;260
91320;260
91447;260
91628;260
91842;260
92122;260
92331;260
92541;260
92822;259
93043;259
93241;259
93463;259
93700;259
94087;259
94386;259
94731;259
94955;259
95177;259
95417;259
95643;259
95880;259
96130;259
96373;259
96574;259
96747;259
96912;259
97051;259
97170;259
97280;259
97392;259
97507;259
97623;259
97737;259
97848;259
97961;259
98075;259
98189;259
98360;259
98654;259
98947;259
99227;259
99496;259
99760;259
99993;259
100193;259
100391;259
100620;259
100870;259
101154;259
101498;259
101658;259
101870;259
102140;259
102472;259
102828;259
103162;259
103345;259
103481;259
103628;259
103782;259
103944;259
104204;259
104432;259
104561;259
104678;259
104796;259
104915;259
105027;259
105144;259
105255;259
105368;259
105483;259
105598;259
105723;259
105842;259
105955;259
106064;259
106177;259
106289;259
106405;259
106514;259
106630;259
106746;259
106868;259
106988;259
107110;259
107224;259
107337;259
107449;259
107562;259
107676;259
107791;259
107904;259
108012;259
108125;259
108241;259
108354;259
108474;259
108588;259
108701;259
108818;259
108943;259
109057;259
109165;259
109280;259
109397;259
109517;259
109641;259
109765;259
109892;259
110013;259
110128;259
110243;259
110360;259
110478;259
110623;259
110792;259
110952;259
111095;259
111211;259
111322;259
111440;259
111555;259
111674;259
111807;259
111952;259
112085;259
112219;259
112365;259
112492;259
112610;259
112732;259
112847;259
112972;259
113086;259
113201;259
113310;259
113452;259
113576;259
113707;259
113837;259
113972;259
114088;259
114201;259
114336;259
114463;259
114585;259
114707;259
114830;259
114952;259
115083;259
115220;259
115348;259
115464;259
115595;259
115718;259
115852;259
115964;259
116070;259
116185;259
116299;259
116416;259
116528;259
116645;259
116760;259
116874;259
116994;259
117106;259
117221;259
117369;259
117496;259
117639;259
117766;259
117916;259
118045;259
118165;259
118295;259
118423;259
118568;259
118694;259
118827;259
118949;259
119080;259
119218;259
119345;259
119472;259
119595;259
119715;259
119830;259
119943;259
120057;259
120163;259
120277;259
120390;259
120507;259
120626;259
120781;259
120908;259
121053;259
121175;259
121305;259
121435;259
121644;259
121924;259
122224;259
122564;259
122887;259
123095;259
123361;259
123571;259
123794;259
124033;259
124283;259
124603;259
124884;259
125111;259
125377;259
125552;259
125750;259
125951;259
126162;259
126362;259
126606;259
126869;259
127132;259
127369;259
127589;259
127807;259
128083;259
128315;259
128543;259
128729;259
128902;259
129075;259
129265;259
129413;259
129607;259
129777;259
130001;259
130271;259
130580;259
130825;259
131096;259
131324;259
131545;259
131810;259
132095;259
132442;259
132653;259
132792;259
132905;259
133077;259
133324;259
133540;259
133666;259
133807;259
134031;259
134318;259
134470;259
134599;259
134719;259
134871;259
135088;259
135325;259
135693;259
135986;259
136226;259
136443;259
136662;259
136941;259
137262;259
137556;259
137858;259
138140;259
138443;259
138730;259
138936;259
139091;259
139259;259
139511;259
139853;259
140095;259
140384;259
140571;259
140707;259
140834;259
140953;259
141079;259
141276;259
141546;259
141774;259
141998;259
142217;259
142645;259
142913;259
143108;259
143313;259
143601;259
143787;259
143929;259
144050;259
144181;259
144404;259
144764;259
145062;259
145266;259
145451;259
145644;259
145858;259
146056;259
146291;259
146532;259
146904;259
147204;259
147399;259
147644;259
147837;259
147969;259
148084;259
148204;259
148320;259
148452;259
148582;259
148704;259
148821;259
148942;259
149062;259
149183;259
149301;259
149420;259
149540;259
149676;259
149791;259
149909;259
150043;259
150218;259
150595;259
150794;259
151006;259
151219;259
151549;259
151793;259
151946;259
152083;259
152284;259
152504;259
152676;259
152823;259
152949;259
153081;259
153198;259
153315;259
153435;259
153562;259
153684;259
153810;259
153939;259
154132;259
154349;259
154564;259
154787;259
155022;259
155276;259
155551;259
155753;259
155893;259
156007;259
156164;259
156361;259
156501;259
156631;259
156774;259
156906;259
157029;259
157139;259
157261;259
157510;259
157845;259
158117;259
158398;259
158754;259
158965;259
159134;259
159391;259
159633;259
159814;259
160004;259
160207;259
160416;259
160640;259
160862;259
161141;259
161344;259
161484;259
161598;259
161736;259
161882;259
162065;259
162271;259
162433;259
162563;259
162687;259
162856;259
163194;259
163539;259
163891;259
164222;259
164573;259
164865;259
165085;259
165292;259
165514;259
165678;259
165858;259
166059;259
166300;259
166491;259
166701;259
166953;259
167270;259
167504;259
167825;259
168202;259
168451;259
168648;259
168905;259
169205;259
169402;259
169530;259
169647;259
169783;259
170023;259
170234;259
170478;259
170702;259
171093;259
171299;259
171529;259
171699;259
171828;259
171942;259
172112;259
172426;259
172851;259
173076;259
173305;259
173554;259
173806;259
173988;259
174156;259
174276;259
174390;259
174510;259
174628;259
174743;259
174853;259
174966;259
175081;259
175256;259
175602;259
175832;259
176048;259
176279;259
176465;259
176591;259
176711;259
176846;259
176962;259
177076;259
177193;259
177310;259
177433;259
177570;259
177729;259
178001;259
178169;259
178352;259
178563;259
178901;259
179179;259
179331;259
179455;259
179568;259
179685;259
179797;259
179910;259
180029;259
180143;259
180280;259
180396;259
180514;259
180650;259
180785;259
180909;259
181028;259
181143;259
181261;259
181388;259
181531;259
181666;259
181783;259
181917;259
182034;259
182156;259
182320;259
182603;259
182820;259
183043;259
183295;259
183724;259
183915;259
184040;259
184156;259
184313;259
184431;259
184540;259
184681;259
184803;259
184988;259
185188;259
185496;259
185744;259
185877;259
186004;259
186125;259
186281;259
186406;259
186534;259
186651;259
186770;259
186897;259
187055;259
187296;259
187616;259
187831;259
188030;259
188286;259
188574;259
188818;259
189038;259
189278;259
189606;259
189809;259
189943;259
190191;259
190553;259
190785;259
191087;259
191361;259
191563;259
191776;259
191978;259
192245;259
192614;259
192949;259
193172;259
193379;259
193604;259
193759;259
193897;259
194028;259
194145;259
194267;259
194522;259
194836;259
195125;259
195339;259
195536;259
195774;259
195969;259
196120;259
196277;259
196476;259
196659;259
