173;1683
283;1579
482;1577
600;1484
792;1481
866;1427
941;1328
1028;997
1097;997
1174;997
1251;960
1315;960
1379;960
1473;888
1551;888
1627;888
1702;887
1786;793
1853;708
1920;708
1990;708
2054;708
2121;651
2211;651
2282;569
2348;569
2415;567
2484;567
2548;567
2616;510
2696;441
2761;441
2826;441
2909;441
2989;441
3053;441
3125;434
3180;434
3235;433
3289;433
3349;433
3406;433
3462;433
3519;433
3604;433
3686;392
3765;392
3857;392
3934;392
4016;392
4098;392
4177;392
4255;392
4330;385
4396;302
4453;302
4529;252
4586;252
4643;252
4699;252
4758;252
4814;252
4872;218
4927;218
4985;218
5040;213
5097;213
5154;213
5210;213
5269;213
5324;213
5380;213
5449;213
5503;213
5557;213
5612;213
5668;213
5726;213
5781;213
5837;213
5893;213
5947;213
6002;213
6077;213
6140;213
6196;213
6252;213
6311;213
6368;213
6425;213
6488;154
6545;154
6612;154
6682;154
6757;154
6841;154
6930;154
7020;154
7078;154
7133;154
7192;154
7252;154
7307;154
7364;154
7423;154
7478;154
7549;83
7622;83
7678;83
7734;83
7789;83
7845;83
7900;83
7955;83
8013;83
8069;83
8127;83
8182;83
8240;83
8295;83
8352;83
8407;83
8471;83
8525;83
8579;83
8637;83
8691;83
8745;83
8799;83
8859;83
8912;83
8967;83
9022;83
9077;83
9155;83
9211;83
9266;83
9321;83
9376;83
9431;83
9487;83
9543;83
9604;83
9663;83
9721;83
9779;83
9833;83
9901;83
9953;83
10008;83
10064;83
10127;83
10183;83
10247;83
10303;83
10359;83
10414;83
10471;83
10527;83
10584;83
10641;83
10716;83
10772;83
10828;83
10883;83
10941;83
10998;83
11054;83
11119;83
11177;83
11236;83
11293;83
11353;83
11416;83
11471;83
11531;83
11585;83
11640;83
11701;83
11755;83
11810;83
11864;83
11918;83
11973;83
12028;83
12085;83
12140;83
12195;83
12255;83
12313;83
12370;83
12427;83
12483;83
12538;83
12594;83
12650;83
12704;83
12770;83
12826;84
12879;84
12932;84
12987;84
13041;84
13096;84
13152;84
13211;84
13265;84
13321;84
13374;84
13428;83
13487;83
13541;83
13596;83
13652;83
13706;83
13763;83
13823;83
13879;83
13937;83
14016;83
14111;83
14199;83
14255;83
14313;83
14372;78
14426;78
14484;78
14573;78
14674;78
14763;78
14847;78
14929;78
15018;78
15106;78
15206;78
15296;78
15381;78
15465;78
15551;78
15635;78
15715;78
15801;78
15867;78
15926;78
15984;78
16061;83
16157;83
16255;83
16325;83
16379;83
16432;83
16487;83
16542;83
16641;83
16700;83
16755;83
16810;83
16867;83
16921;83
16979;78
17034;78
17112;78
17200;78
17301;78
17391;78
17477;78
17564;78
17651;78
17744;78
17863;78
17990;78
18080;78
18136;78
18213;78
18304;78
18378;78
18489;78
18604;78
18706;78
18759;78
18814;78
18911;78
19031;78
19150;78
19240;78
19322;78
19410;78
19531;78
19621;78
19717;78
19807;78
19870;78
19927;78
19981;78
20034;78
20095;78
20149;78
20203;78
20260;78
20317;78
20371;78
20425;78
20478;78
20535;78
20589;78
20647;78
20704;78
20759;78
20815;78
20879;78
20935;78
20990;78
21049;78
21104;78
21156;78
21212;78
21267;78
21320;78
21388;78
21444;78
21512;78
21565;78
21618;78
21674;78
21728;78
21783;78
21837;78
21893;78
21948;78
22003;78
22061;78
22123;78
22176;78
22228;78
22282;78
22338;78
22389;78
22441;78
22497;78
22551;78
22603;78
22657;78
22714;78
22768;78
22823;78
22879;78
22936;78
23002;78
23064;78
23120;78
23179;78
23233;78
23297;78
23352;78
23405;78
23459;78
23511;78
23565;78
23621;78
23681;78
23737;78
23790;78
23844;78
23905;78
23960;78
24013;78
24071;78
24128;78
24190;78
24243;78
24297;78
24350;78
24404;78
24461;78
24516;78
24591;78
24648;78
24702;78
24755;78
24809;78
24865;78
24920;78
24978;78
25035;78
25101;78
25159;78
25211;78
25271;78
25324;78
25376;78
25429;78
25496;78
25553;78
25606;78
25665;78
25720;78
25774;78
25827;78
25881;78
25934;78
25994;78
26047;78
26111;78
26165;78
26219;78
26280;78
26332;78
26384;78
26436;78
26487;78
26539;78
26592;78
26645;78
26699;78
26754;78
26808;78
26866;78
26927;78
26980;78
27037;78
27095;78
27147;78
27202;78
27256;78
27308;78
27362;78
27413;78
27470;78
27524;78
27577;78
27634;78
27688;78
27746;78
27799;78
27855;78
27909;78
27961;78
28013;78
28072;78
28125;78
28177;78
28236;78
28289;78
28345;78
28400;78
28456;78
28520;78
28571;78
28627;78
28686;78
28739;78
28793;78
28849;78
28902;78
28954;78
29006;78
29060;78
29120;78
29178;78
29233;78
29302;78
29356;78
29410;78
29463;78
29515;78
29570;78
29623;78
29675;78
29729;78
29782;78
29842;78
29901;78
29954;78
30022;78
30078;78
30131;78
30184;78
30239;78
30298;78
30353;78
30405;78
30463;78
30519;78
30572;78
30626;78
30692;78
30746;78
30799;78
30859;78
30912;78
30968;78
31025;78
31090;78
31144;78
31198;78
31251;78
31307;78
31369;78
31423;78
31479;78
31536;78
31589;78
31651;78
31708;78
31764;78
31821;78
31873;78
31929;78
31990;78
32043;78
32097;78
32151;78
32204;78
32264;78
32318;78
32370;78
32423;78
32476;78
32529;78
32587;78
32641;78
32695;78
32749;78
32801;78
32858;78
32912;78
32965;78
33021;78
33073;78
33132;78
33198;78
33255;78
33312;78
33365;78
33422;78
33482;78
33536;78
33591;78
33645;78
33706;78
33761;78
33814;78
33866;78
33920;78
33973;78
34028;78
34090;78
34145;78
34202;78
34262;78
34315;78
34371;78
34422;78
34474;78
34530;80
34582;80
34636;80
34698;80
34756;80
34812;80
34864;80
34915;80
34969;80
35020;80
35073;80
35128;80
35192;80
35290;80
35381;80
35434;80
35487;80
35545;80
35599;80
35660;80
35713;80
35765;78
35817;78
35880;78
35932;78
35985;78
36037;78
36095;78
36148;78
36202;78
36254;78
36307;78
36359;78
36413;78
36470;78
36524;78
36578;78
36635;78
36689;78
36741;78
36798;78
36874;78
36934;78
36987;78
37040;78
37103;78
37154;78
37209;78
37262;78
37315;78
37372;78
37425;78
37479;78
37532;78
37584;78
37640;78
37699;78
37751;78
37804;78
37855;78
37908;78
37964;78
38022;78
38079;78
38136;78
38190;78
38243;78
38300;78
38356;78
38420;78
38473;78
38527;78
38579;78
38632;78
38690;78
38743;78
38797;78
38850;78
38907;78
38960;78
39016;78
39067;78
39125;78
39178;78
39231;78
39288;78
39342;78
39395;78
39448;78
39508;78
39565;78
39621;78
39674;78
39728;78
39782;78
39836;78
39896;78
39950;78
40004;78
40060;78
40115;78
40169;78
40222;78
40276;78
40330;78
40384;78
40445;78
40497;78
40551;78
40605;78
40661;78
40714;78
40767;78
40826;78
40880;78
40933;78
40990;78
41042;78
41099;78
41151;78
41204;78
41262;78
41317;78
41370;78
41424;78
41490;78
41543;78
41598;78
41652;78
41708;78
41760;78
41813;78
41870;78
41925;78
41990;78
42043;78
42099;78
42152;78
42206;78
42260;78
42313;78
42369;78
42424;78
42483;78
42537;78
42598;78
42649;78
42704;78
42756;78
42808;78
42862;78
42916;78
42970;78
43024;78
43085;78
43142;78
43195;78
43250;78
43313;78
43362;78
43415;78
43468;78
43524;78
43576;78
43629;78
43688;78
43743;78
43797;78
43850;78
43904;78
43957;78
44013;78
44067;78
44122;78
44176;78
44239;78
44303;78
44357;78
44410;78
44463;78
44518;78
44571;78
44625;78
44680;78
44736;78
44790;78
44844;78
44906;78
44960;78
45017;78
45075;78
45139;78
45201;78
45254;78
45309;78
45365;78
45419;78
45482;78
45535;78
45588;78
45640;78
45693;78
45746;78
45804;78
45857;78
45920;78
45974;78
46029;78
46097;78
46151;78
46220;78
46299;78
46354;78
46406;78
46458;78
46517;78
46570;78
46622;78
46686;78
46745;78
46797;78
46850;78
46902;78
46955;78
47010;78
47067;78
47123;78
47178;78
47231;78
47293;78
47370;78
47421;78
47473;78
47527;78
47582;78
47638;78
47691;78
47744;78
47796;78
47847;78
47912;78
47969;78
48022;78
48076;78
48132;78
48188;78
48242;78
48296;78
48351;78
48405;78
48470;78
48548;78
48624;78
48699;78
48769;78
48822;78
48876;78
48928;78
48979;78
49038;78
49098;78
49153;78
49204;78
49257;78
49310;78
49364;78
49418;78
49472;78
49534;78
49589;78
49642;78
49703;78
49757;78
49812;78
49869;78
49922;78
49976;78
50052;78
50105;78
50159;78
50210;78
50305;78
50360;78
50412;78
50467;78
50523;78
50574;78
50628;78
50686;78
50739;78
50795;78
50848;78
50905;78
50963;78
51018;78
51073;78
51129;78
51199;78
51259;78
51312;78
51365;78
51423;78
51508;78
51574;78
51627;78
51679;78
51738;78
51789;78
51842;78
51894;78
51950;78
52003;78
52065;78
52125;78
52181;78
52236;78
52291;78
52348;78
52403;78
52461;78
52515;78
52571;78
52626;78
52687;78
52740;78
52793;78
52847;78
52907;78
52960;78
53012;78
53068;78
53122;78
53174;78
53227;78
53287;78
53338;78
53390;78
53442;78
53494;78
53548;78
53603;78
53657;78
53715;78
53773;78
53830;78
53893;78
53946;78
54002;78
54055;78
54110;78
54172;78
54222;78
54274;78
54327;78
54380;78
54432;78
54492;78
54544;78
54599;78
54653;78
54705;78
54762;78
54815;78
54868;78
54921;78
54974;78
55027;78
55099;78
55153;78
55208;78
55267;78
55328;78
55394;78
55444;78
55499;78
55550;78
55603;78
55656;78
55719;78
55772;78
55824;78
55875;78
55927;78
55981;78
56034;78
56090;78
56147;78
56202;78
56263;78
56317;78
56373;78
56428;78
56482;78
56536;78
56595;78
56650;78
56704;78
56757;78
56811;78
56867;78
56920;78
56971;78
57023;78
57075;78
57130;78
57183;78
57236;78
57291;78
57348;78
57402;78
57460;78
57517;78
57570;78
57628;78
57684;78
57739;78
57790;78
57843;78
57896;78
57948;78
58000;78
58055;78
58113;78
58166;78
58218;78
58271;78
58327;78
58382;78
58436;78
58489;78
58543;78
58595;78
58652;78
58720;78
58773;78
58825;78
58879;78
58931;78
58982;78
59033;78
59085;78
59139;78
59191;78
59245;78
59307;78
59364;78
59418;78
59473;78
59528;78
59581;78
59637;78
59696;78
59747;78
59799;78
59856;78
59911;78
59965;78
60019;78
60075;78
60128;78
60180;78
60231;78
60285;78
60355;78
60445;78
60532;78
60585;78
60638;78
60699;78
60755;78
60808;78
60858;78
60909;78
60963;78
61016;78
61072;78
61126;78
61179;78
61230;78
61283;78
61337;78
61394;78
61452;78
61507;78
61560;78
61619;78
61675;78
61726;78
61780;78
61831;78
61886;78
61939;78
61990;78
62041;78
62093;78
62145;78
62197;78
62252;78
62312;78
62367;78
62420;78
62488;78
62542;78
62593;78
62646;78
62699;78
62750;78
62805;78
62863;78
62921;78
62977;78
63032;78
63091;78
63148;78
63202;78
63260;78
63318;78
63369;78
63422;78
63482;78
63535;78
63590;78
63642;78
63697;78
63751;78
63802;78
63854;78
63907;78
63965;78
64018;78
64081;78
64140;78
64192;78
64247;78
64300;78
64352;78
64405;78
64460;78
64513;78
64566;78
64617;78
64676;78
64731;78
64786;78
64848;78
64900;78
64952;78
65006;78
65058;78
65111;78
65166;78
65217;78
65273;78
65328;78
65380;78
65435;78
65490;78
65543;78
65599;78
65654;78
65710;78
65764;78
65818;78
65876;78
65928;78
65983;78
66035;78
66088;78
66141;78
66193;78
66251;78
66306;78
66358;78
66417;78
66474;78
66528;78
66582;78
66635;78
66687;78
66739;78
66792;78
66850;78
66909;78
66961;78
67013;78
67067;78
67120;78
67175;78
67226;78
67279;78
67330;78
67382;78
67434;78
67502;78
67562;78
67613;78
67671;78
67724;78
67776;78
67828;78
67880;78
67933;78
67985;78
68037;78
68091;78
68145;78
68197;78
68250;78
68313;78
68365;78
68425;78
68480;78
68533;78
68586;78
68639;78
68697;78
68750;78
68805;78
68864;78
68918;78
68969;78
69022;78
69085;78
69141;78
69194;78
69252;78
69304;78
69358;78
69410;78
69466;78
69519;78
69573;78
69633;78
69686;78
69739;78
69796;78
69851;78
69904;78
69958;78
70012;78
70072;78
70126;78
70178;78
70230;78
70286;78
70338;78
70391;78
70445;78
70497;78
70562;78
70626;78
70685;78
70744;78
70799;78
70853;78
70906;78
70958;78
71013;78
71065;78
71119;78
71174;78
71233;78
71291;78
71348;78
71401;78
71455;78
71508;78
71567;78
71620;78
71685;78
71736;78
71792;78
71845;78
71904;78
71957;78
72008;78
72060;78
72122;78
72176;78
72228;78
72281;78
72333;78
72385;78
72438;78
72502;78
72553;78
72609;78
72662;78
72714;78
72768;78
72822;78
72881;78
72933;78
72985;78
73037;78
73099;78
73151;78
73202;78
73255;78
73307;78
73362;78
73414;78
73468;78
73520;78
73576;78
73635;78
73705;78
73758;78
73811;78
73867;78
73927;78
73979;78
74032;78
74088;78
74144;78
74196;78
74247;78
74305;78
74358;78
74410;78
74464;78
74517;78
74584;78
74635;78
74687;78
74747;78
74799;78
74862;78
74918;78
74971;78
75023;78
75075;78
75129;78
75185;78
75240;78
75297;78
75352;78
75413;78
75468;78
75522;78
75575;78
75626;78
75680;78
75732;78
75784;78
75836;78
75890;78
75943;78
75996;78
76051;78
76113;78
76173;78
76228;78
76280;78
76335;78
76386;78
76438;78
76490;78
76543;78
76595;78
76646;78
76707;78
76765;78
76820;78
76877;78
76936;78
76988;78
77042;78
77097;78
77149;78
77205;78
77260;78
77315;78
77368;78
77428;78
77482;78
77537;78
