1185;80
1450;80
1714;80
1998;80
2264;80
2514;80
2790;80
3086;80
3326;80
3567;80
3838;80
4086;80
4319;80
4575;80
4916;80
5252;80
5589;80
5889;80
6130;80
6378;80
6628;80
6886;80
7212;80
7523;80
7778;80
8026;80
8268;80
8521;80
8804;80
9099;80
9434;80
9689;80
9935;80
10171;80
10419;80
10672;80
10911;80
11148;80
11367;80
11598;80
11834;80
12051;80
12267;80
12476;80
12685;80
12898;80
13101;80
13294;80
13499;80
13699;80
13891;80
14086;80
14274;80
14448;80
14633;80
14836;80
15001;80
15162;80
15326;80
15487;80
15720;79
15880;79
16099;75
16245;75
16388;75
16534;75
16684;75
16847;75
16983;75
17124;75
17259;75
17405;75
17530;75
17652;75
17874;73
18042;70
18155;70
18290;70
18401;70
18524;70
18635;70
18774;70
18891;70
18999;70
19097;70
19202;70
19304;70
19407;70
19507;70
19621;70
19734;70
19839;70
19942;70
20064;70
20166;70
20262;70
20365;70
20470;70
20615;70
20734;70
20845;70
20945;70
21041;70
21148;70
21265;70
21388;70
21504;70
21602;70
21698;70
21800;70
21897;70
21997;70
22092;70
22186;70
22285;70
22384;70
22491;70
22596;70
22699;70
22808;70
22908;70
23024;70
23122;70
23221;70
23317;70
23425;70
23529;70
23638;70
23761;70
23863;70
23964;70
24068;70
24168;70
24276;70
24383;70
24487;70
24593;70
24697;70
24808;70
24908;70
25010;70
25106;70
25205;70
25298;70
25401;70
25508;70
25605;70
25714;70
25821;70
25917;70
26025;70
26122;70
26221;70
26319;70
26416;70
26522;70
26629;70
26738;70
26846;70
26946;70
27050;70
27145;70
27245;70
27348;70
27449;70
27546;70
27650;70
27763;70
27871;70
27974;70
28072;70
28176;70
28272;70
28381;70
28492;70
28594;70
28706;70
28806;70
28908;70
29011;70
29111;70
29208;70
29315;70
29410;70
29516;70
29620;70
29736;70
29838;70
29935;70
30037;70
30149;70
30259;70
30364;70
30463;70
30571;70
30665;70
30776;70
30884;70
30988;70
31096;70
31193;70
31296;70
31400;70
31506;70
31606;70
31720;70
31817;70
31917;70
32026;70
32127;70
32230;70
32326;70
32425;70
32528;70
32626;70
32739;70
32846;70
32958;70
33058;70
33163;70
33268;70
33369;70
33468;70
33573;70
33672;70
33781;70
33886;70
33987;70
34085;70
34188;70
34284;70
34396;70
34495;70
34594;70
34707;70
34803;70
34902;70
35010;70
35113;70
35213;70
35311;70
35413;70
35514;70
35620;70
35732;70
35828;70
35931;70
36027;70
36125;70
36236;70
36338;70
36434;70
36540;70
36637;70
36748;70
36854;70
36960;70
37059;70
37160;70
37257;70
37363;70
37467;70
37569;70
37666;70
37777;70
37876;70
37976;70
38087;70
38186;70
38289;70
38385;70
38491;70
38590;70
38698;70
38798;70
38907;70
39012;70
39114;70
39223;70
39322;70
39423;70
39525;70
39621;70
39732;70
39839;70
39934;70
40041;70
40202;70
40346;70
40494;70
40625;70
40734;70
40835;70
40942;70
41049;70
41143;70
41240;70
41340;70
41439;70
41545;70
41644;70
41758;70
41861;70
41960;70
42055;70
42155;70
42254;70
42358;70
42454;70
42559;70
42654;70
42769;70
42878;70
42981;70
43084;70
43181;70
43281;70
43381;70
43507;70
43613;70
43719;70
43824;70
43935;70
44041;70
44148;70
44248;70
44348;70
44444;70
44551;70
44657;70
44772;70
44883;70
44991;70
45087;70
45190;70
45291;70
45394;70
45503;70
45608;70
45723;70
45826;70
45928;70
46024;70
46129;70
46229;70
46336;70
46442;70
46569;70
46673;70
46782;70
46879;70
46982;70
47099;70
47202;70
47298;70
47406;70
47519;70
47623;70
47744;70
47847;70
47942;70
48042;70
48140;70
48244;70
48346;70
48449;70
48580;70
48678;70
48803;70
48904;70
49007;70
49112;70
49213;70
49317;70
49425;70
49532;70
49638;70
49756;70
49858;70
49961;70
50068;70
50181;70
50283;70
50381;70
50488;70
50597;70
50716;70
50821;70
50918;70
51027;70
51127;70
51231;70
51340;70
51444;70
51549;70
51648;70
51759;70
51860;70
51959;70
52060;70
52160;70
52259;70
52364;70
52477;70
52576;70
52680;70
52793;70
52892;70
53000;70
53103;70
53212;70
53311;70
53415;70
53524;70
53637;70
53754;70
53861;70
53959;70
54064;70
54160;70
54268;70
54368;70
54474;70
54576;70
54683;70
54800;70
54903;70
55005;70
55109;70
55207;70
55304;70
55412;70
55520;70
55624;70
55737;70
55834;70
55939;70
56049;70
56146;70
56256;70
56359;70
56463;70
56561;70
56669;70
56780;70
56879;70
56983;70
57088;70
57196;70
57306;70
57410;70
57519;70
57624;70
57734;70
57844;70
57950;70
58050;70
58149;70
58250;70
58353;70
58457;70
58562;70
58665;70
58772;70
58870;70
58977;70
59091;70
59188;70
59288;70
59389;70
59494;70
59598;70
59711;70
59810;70
59910;70
60009;70
60108;70
60212;70
60315;70
60416;70
60516;70
60613;70
60724;70
60828;70
60934;70
61038;70
61138;70
61239;70
61338;70
61445;70
61546;70
61651;70
61765;70
61866;70
61970;70
62076;70
62179;70
62275;70
62377;70
62483;70
62586;70
62701;70
62801;70
62906;70
63017;70
63164;70
63282;70
63381;70
63490;70
63589;70
63696;70
63802;70
63908;70
64017;70
64117;70
64219;70
64317;70
64427;70
64534;70
64633;70
64738;70
64838;70
64944;70
65047;70
65158;70
65262;70
65359;70
65453;70
65582;70
65744;70
65851;70
65955;70
66054;70
66159;70
66266;70
66371;70
66478;70
66574;70
66679;70
66797;70
66899;70
66996;70
67116;70
67232;70
67335;70
67443;70
67544;70
67645;70
67758;70
67864;70
67961;70
68072;70
68173;70
68272;70
68370;70
68474;70
68584;70
68704;70
68802;70
68898;70
69000;70
69096;70
69218;70
69317;70
69412;70
69511;70
69613;70
69714;70
69818;70
69917;70
70015;70
70111;70
70223;70
70322;70
70428;70
70524;70
70622;70
70731;70
70829;70
70929;70
71041;70
71139;70
71245;70
71340;70
71443;70
71547;70
71647;70
71763;70
71860;70
71963;70
72062;70
72162;70
72265;70
72364;70
72460;70
72560;70
72660;70
72774;70
72876;70
72976;70
73072;70
73174;70
73281;70
73385;70
73489;70
73589;70
73699;70
73798;70
73893;70
73997;70
74102;70
74204;70
74303;70
74407;70
74511;70
74617;70
74732;70
74843;70
74941;70
75041;70
75139;70
75253;70
75352;70
75459;70
75560;70
75662;70
75772;70
75880;70
75983;70
76083;70
76189;70
76288;70
76399;70
76508;70
76608;70
76723;70
76827;70
76924;70
77029;70
77130;70
77242;70
77363;70
77461;70
77564;70
77667;70
77780;70
77893;70
77990;70
78091;70
78186;70
78287;70
78384;70
78484;70
78589;70
78705;70
78813;70
78913;70
79013;70
79116;70
79217;70
79324;70
79436;70
79546;70
79647;70
79762;70
79858;70
79956;70
80052;70
80148;70
80251;70
80348;70
80451;70
80549;70
80658;70
80768;70
80869;70
80976;70
81074;70
81175;70
81307;70
81409;70
81512;70
81608;70
81720;70
81825;70
81920;70
82017;70
82114;70
82212;70
82312;70
82415;70
82520;70
82618;70
82735;70
82832;70
82932;70
83036;70
83138;70
83236;70
83359;70
83464;70
83564;70
83672;70
83781;70
83877;70
83979;70
84102;70
84215;70
84319;70
84418;70
84526;70
84624;70
84737;70
84848;70
84944;70
85044;70
85148;70
85249;70
85357;70
85467;70
85580;70
85691;70
85799;70
85908;70
86013;70
86116;70
86215;70
86321;70
86420;70
86531;70
86636;70
86745;70
86849;70
86949;70
87050;70
87180;70
87293;70
87430;70
87539;70
87640;70
87742;70
87845;70
87945;70
88040;70
88145;70
88243;70
88347;70
88448;70
88556;70
88657;70
88774;70
88878;70
88977;70
89088;70
89188;70
89288;70
89392;70
89494;70
89594;70
89714;70
89814;70
89912;70
90015;70
90115;70
90229;70
90334;70
90431;70
90541;70
90641;70
90756;70
90870;70
90970;70
91074;70
91172;70
91280;70
91380;70
91494;70
91595;70
91705;70
91813;70
91916;70
92020;70
92123;70
92219;70
92324;70
92423;70
92532;70
92638;70
92750;70
92853;70
92952;70
93056;70
93157;70
93268;70
93377;70
93486;70
93589;70
93701;70
93803;70
93908;70
94005;70
94109;70
94209;70
94313;70
94416;70
94523;70
94631;70
94734;70
94834;70
94937;70
95045;70
95145;70
95247;70
95345;70
95448;70
95550;70
95660;70
95769;70
95869;70
95969;70
96068;70
96164;70
96271;70
96368;70
96472;70
96572;70
96677;70
96792;70
96892;70
96996;70
97095;70
97200;70
97306;70
97416;70
97524;70
97619;70
97729;70
97828;70
97932;70
98036;70
98134;70
98229;70
98330;70
98429;70
98534;70
98637;70
98754;70
98860;70
98960;70
99060;70
99155;70
99256;70
99355;70
99457;70
99567;70
99669;70
99774;70
99878;70
99974;70
100116;70
100249;70
100405;70
100543;70
100644;70
100748;70
100852;70
100948;70
101056;70
101154;70
101255;70
101352;70
101455;70
101559;70
101672;70
101790;70
101892;70
101996;70
102094;70
102201;70
102301;70
102401;70
102506;70
102606;70
102725;70
102826;70
102925;70
103024;70
103128;70
103224;70
103327;70
103440;70
103556;70
103661;70
103773;70
103874;70
103979;70
104088;70
104191;70
104294;70
104397;70
104505;70
104610;70
104731;70
104832;70
104929;70
105029;70
105129;70
105233;70
105332;70
105431;70
105538;70
105644;70
105749;70
105857;70
105952;70
106054;70
106149;70
106251;70
106347;70
106451;70
106554;70
106655;70
106762;70
106864;70
106960;70
107065;70
107164;70
107267;70
107372;70
107469;70
107578;70
107692;70
107800;70
107896;70
108000;70
108097;70
108205;70
108309;70
108413;70
108515;70
108618;70
108740;70
108853;70
108953;70
109055;70
109155;70
109258;70
109355;70
109471;70
109597;70
109708;70
109807;70
109910;70
110012;70
110116;70
110213;70
110320;70
110415;70
110521;70
110621;70
110730;70
110826;70
110927;70
111022;70
111123;70
111226;70
111328;70
111423;70
111526;70
111635;70
111750;70
111862;70
111962;70
112065;70
112164;70
112268;70
112363;70
112474;70
112573;70
112679;70
112791;70
112890;70
112994;70
113091;70
113198;70
113293;70
113401;70
113503;70
113612;70
113726;70
113821;70
113918;70
114018;70
114116;70
114225;70
114321;70
114423;70
114524;70
114625;70
114731;70
114838;70
114944;70
115043;70
115149;70
115248;70
115350;70
115449;70
115552;70
115657;70
115766;70
115864;70
115967;70
116070;70
116175;70
116272;70
116377;70
116480;70
116581;70
116698;70
116797;70
116902;70
116999;70
117104;70
117207;70
117308;70
117409;70
117515;70
117617;70
117735;70
117842;70
117948;70
118045;70
118144;70
118245;70
118341;70
118446;70
118545;70
118647;70
118749;70
118847;70
118943;70
119049;70
119145;70
119249;70
119348;70
119452;70
119558;70
119683;70
119790;70
119885;70
119986;70
120084;70
120187;70
120290;70
120391;70
120496;70
120601;70
120712;70
120813;70
120910;70
121007;70
121110;70
121213;70
121315;70
121422;70
121533;70
121640;70
121765;70
121865;70
121962;70
122068;70
122166;70
122269;70
122363;70
122469;70
122571;70
122688;70
122787;70
122885;70
122981;70
123083;70
123182;70
123285;70
123381;70
123486;70
123581;70
123712;70
123820;70
123924;70
124021;70
124132;70
124233;70
124335;70
124435;70
124538;70
124636;70
124748;70
124843;70
124944;70
125046;70
125149;70
125247;70
125352;70
125450;70
125570;70
125734;70
125857;70
125963;70
126069;70
126169;70
126278;70
126376;70
126483;70
126586;70
126693;70
126799;70
126896;70
127000;70
127097;70
127199;70
127301;70
127417;70
127525;70
127622;70
127751;70
127861;70
127965;70
128067;70
128167;70
128265;70
128361;70
128468;70
128571;70
128699;70
128804;70
128905;70
129004;70
129108;70
129215;70
129318;70
129415;70
129523;70
129628;70
129745;70
129850;70
129950;70
130055;70
130153;70
130253;70
130367;70
130475;70
130578;70
130688;70
130793;70
130895;70
130996;70
131098;70
131194;70
131299;70
131394;70
131498;70
131598;70
131713;70
131818;70
131923;70
132022;70
132121;70
132228;70
132327;70
132426;70
132527;70
132624;70
132740;70
132846;70
132944;70
133044;70
133140;70
133238;70
133338;70
133450;70
133553;70
133654;70
133765;70
133868;70
133969;70
134076;70
134179;70
134279;70
134382;70
134482;70
134589;70
134708;70
134808;70
134909;70
135011;70
135114;70
135210;70
135309;70
135409;70
135512;70
