272;2256
439;2241
581;1858
723;1758
869;1674
1002;1480
1200;1338
1322;1338
1436;1338
1553;1310
1886;1205
2310;1205
2418;1140
2547;1046
2676;1046
2792;1046
2911;1046
3060;1046
3167;1046
3284;944
3385;944
3491;891
3603;890
3734;805
3898;737
4037;737
4196;737
4364;737
4463;737
4572;700
4675;700
4790;638
4894;638
4998;638
5105;638
5212;638
5332;638
5500;638
5642;638
5774;638
5885;582
5987;582
6088;582
6195;582
6300;582
6406;582
6512;582
6614;582
6745;556
6850;556
6983;556
7139;556
7239;556
7363;556
7474;556
7583;535
7694;535
7804;535
7922;535
8026;535
8135;535
8259;465
8362;465
8477;465
8602;465
8708;465
8827;465
8934;461
9037;461
9142;461
9247;461
9350;461
9457;391
9564;391
9694;286
9799;286
9904;286
10009;286
10120;286
10222;286
10327;286
10473;286
10578;286
10727;286
10846;286
10960;286
11073;286
11194;287
11299;287
11407;287
11513;287
11622;282
11725;282
11826;282
11948;281
12059;220
12164;220
12272;220
12376;220
12505;221
12617;221
12721;221
12832;132
12943;132
13059;132
13168;132
13295;132
13399;132
13529;88
13638;88
13742;88
13844;88
13950;88
14067;70
14179;70
14285;70
14392;70
14501;70
14622;70
14760;70
14871;70
14983;70
15104;69
15222;69
15331;69
15435;69
15544;69
15650;68
15807;68
15919;68
16041;68
16153;68
16259;68
16359;68
16464;68
16576;68
16680;68
16793;68
16905;68
17033;68
17140;68
17268;68
17395;68
17502;68
17606;68
17711;68
17815;68
17920;68
18027;68
18141;68
18243;68
18373;68
18477;68
18582;68
18710;68
18810;68
18935;68
19040;68
19141;68
19254;68
19359;68
19461;68
19567;68
19682;68
19784;68
19902;68
20006;68
20110;68
20216;68
20318;68
20423;68
20526;63
20630;63
20736;63
20839;63
20951;63
21072;63
21172;63
21278;63
21382;63
21483;63
21590;63
21693;63
21803;63
21914;63
22022;63
22133;63
22249;63
22352;63
22457;63
22563;63
22676;63
22779;63
22887;63
22990;63
23098;63
23209;63
23335;63
23436;64
23536;64
23637;64
23746;64
23852;64
23958;64
24072;64
24214;64
24334;63
24434;63
24542;63
24659;63
24775;63
24880;63
24983;63
25102;63
25207;63
25319;63
25434;63
25551;63
25651;63
25758;63
25876;63
25978;63
26088;63
26213;63
26373;63
26502;63
26623;63
26731;63
26840;63
26943;63
27048;63
27151;63
27258;63
27362;63
27467;63
27568;63
27669;63
27780;63
27912;64
28043;64
28142;64
28244;64
28344;64
28447;64
28564;64
28671;64
28799;64
28911;64
29015;63
29122;63
29226;63
29334;63
29437;63
29541;63
29647;63
29763;63
29866;63
29974;63
30091;63
30212;63
30328;63
30435;63
30536;63
30641;63
30743;63
30855;63
30965;63
31070;63
31173;63
31284;63
31385;63
31507;63
31651;63
31804;63
31917;63
32018;63
32123;63
32242;63
32378;63
32505;63
32628;63
32742;63
32846;63
32980;64
33086;64
33190;64
33310;64
33419;64
33555;64
33673;64
33783;64
33898;64
33999;64
34107;64
34211;64
34319;64
34428;64
34562;64
34681;64
34796;64
34907;64
35012;64
35117;64
35227;64
35339;64
35449;64
35557;64
35661;64
35764;64
35870;64
35992;64
36098;63
36201;63
36312;63
36422;63
36529;63
36642;63
36746;63
36898;63
37050;63
37154;63
37285;63
37402;63
37528;63
37631;63
37740;63
37845;63
37951;63
38057;63
38172;63
38285;63
38391;63
38515;63
38619;63
38766;63
38884;63
39002;63
39105;63
39212;63
39327;63
39434;63
39568;63
39674;63
39786;63
39887;63
39992;63
40092;63
40197;63
40313;63
40416;63
40568;63
40743;63
40849;63
40952;63
41053;63
41170;63
41287;63
41389;63
41498;63
41628;63
41741;63
41847;63
41965;63
42074;63
42176;63
42289;63
42394;63
42501;63
42606;63
42731;63
42837;63
42964;63
43069;63
43179;63
43336;63
43441;63
43552;63
43660;63
43767;63
43888;63
43985;63
44111;64
44236;64
44361;64
44464;64
44569;64
44686;64
44805;64
44910;64
45010;64
45114;64
45223;64
45324;64
45424;64
45550;64
45679;64
45778;64
45901;64
46004;64
46103;64
46212;64
46330;64
46431;64
46539;64
46639;64
46742;64
46841;64
46951;64
47052;64
47154;64
47270;64
47368;64
47507;64
47615;64
47714;64
47819;64
47920;64
48045;64
48144;64
48251;64
48374;64
48479;64
48582;64
48700;64
48809;64
48912;64
49050;64
49153;64
49270;64
49372;64
49474;64
49576;64
49682;64
49826;64
49925;64
50025;64
50135;64
50238;64
50361;64
50470;64
50595;64
50693;64
50795;64
50899;64
51000;64
51106;64
51239;64
51354;64
51458;64
51556;64
51656;64
51769;64
51883;64
52022;64
52140;64
52251;64
52357;64
52461;64
52567;64
52666;64
52769;64
52877;64
52985;63
53090;63
53203;63
53306;63
53414;63
53530;63
53638;63
53747;63
53851;63
53956;63
54068;63
54172;63
54282;63
54384;63
54488;63
54593;63
54698;63
54809;63
54916;63
55024;63
55127;63
55230;63
55336;63
55442;63
55548;63
55664;62
55766;62
55865;62
55971;62
56090;62
56209;62
56315;62
56426;62
56531;62
56638;62
56745;62
56854;62
56960;62
57087;62
57193;62
57293;62
57394;62
57497;62
57602;62
57704;62
57808;62
57923;62
58035;62
58147;62
58263;62
58363;62
58490;62
58596;62
58703;62
58825;62
58941;62
59042;62
59144;62
59247;62
59351;62
59482;62
59613;62
59719;62
59825;62
59939;62
60053;62
60155;62
60283;62
60387;62
60490;62
60600;62
60705;62
60862;62
60961;62
61067;62
61190;62
61298;62
61399;62
61503;62
61604;62
61712;62
61837;62
61962;62
62064;62
62170;62
62286;62
62391;62
62509;63
62631;63
62731;63
62833;63
62948;63
63053;63
63211;63
63356;63
63455;63
63562;63
63668;63
63776;63
63876;63
63984;63
64101;63
64221;64
64324;64
64425;64
64529;64
64652;64
64754;64
64861;64
64967;64
65071;64
65179;64
65283;64
65388;64
65492;64
65609;67
65729;67
65833;67
65965;67
66108;67
66207;67
66314;67
66421;67
66520;67
66630;67
66746;67
66870;67
66980;67
67098;67
67227;67
67333;67
67435;67
67642;66
67755;66
67885;66
67998;66
68116;66
68229;66
68352;66
68460;66
68561;66
68666;66
68774;66
68879;66
68978;66
69088;65
69208;65
69324;65
69427;65
69534;65
69643;65
69745;65
69853;65
69965;65
70067;65
70177;65
70315;65
70416;65
70519;65
70633;65
70737;65
70836;65
70934;65
71033;65
71136;65
71254;65
71357;65
71460;65
71564;65
71665;65
71764;65
71872;65
71973;65
72102;65
72205;65
72308;65
72410;65
72557;65
72681;65
72784;65
72889;65
73001;65
73111;65
73211;65
73325;65
73452;65
73562;65
73665;65
73772;65
73870;65
73970;65
74072;65
74178;65
74288;65
74390;65
74491;65
74600;65
74735;65
74846;65
74952;65
75130;65
75247;65
75355;65
75457;65
75564;65
75670;65
75776;65
75894;66
75995;66
76101;66
76206;66
76311;66
76420;66
76537;66
76654;66
76752;66
76852;66
76951;66
77058;66
77165;66
77271;66
77381;66
77492;66
77601;66
77704;66
77805;66
77911;66
78030;66
78146;66
78260;66
78359;66
78460;66
78561;66
78662;66
78767;66
78899;66
79003;66
79108;66
79210;66
79316;66
79431;66
79549;66
79656;66
79757;66
79865;66
79969;66
80072;66
80199;66
80301;66
80413;66
80554;66
80655;66
80765;66
80870;66
80983;64
81101;64
81207;64
81307;64
81408;64
81511;64
81613;64
81714;64
81817;64
81940;64
82053;64
82154;63
82258;63
82378;63
82485;63
82609;63
82710;63
82809;63
82918;63
83023;63
83127;63
83239;63
83328;63
83435;63
83535;63
83641;63
83767;63
83868;63
83970;63
84068;63
84172;63
84279;63
84381;63
84484;63
84594;63
84696;63
84798;63
84899;63
85003;63
85116;63
85220;63
85324;63
85427;63
85528;63
85651;63
85754;63
85858;63
85959;63
86069;63
86170;63
86288;63
86387;63
86487;63
86609;63
86712;63
86814;63
86924;63
87040;63
87142;63
87249;63
87356;63
87468;63
87577;63
87681;63
87782;63
87885;63
87984;63
88088;63
88198;63
88302;63
88406;63
88510;63
88656;63
88761;63
88863;63
88965;63
89066;63
89171;63
89276;63
89377;63
89533;63
89635;63
89767;63
89868;63
89968;63
90069;63
90176;63
90291;63
90409;63
90516;63
90633;63
90734;63
90835;63
90935;63
91040;63
91144;63
91248;63
91362;63
91465;63
91568;63
91668;63
91792;63
91914;63
92016;63
92126;63
92228;63
92347;63
92447;63
92554;63
92654;63
92761;63
92861;63
92961;63
93066;63
93170;63
93278;63
93422;63
93542;63
93642;63
93743;63
93841;63
93940;63
94055;63
94156;63
94258;63
94376;63
94480;63
94582;63
94690;63
94787;63
94890;63
94998;63
95097;63
95232;64
95343;64
95450;64
95552;63
95660;63
95778;63
95877;63
95976;63
96079;63
96186;63
96292;63
96410;63
96514;63
96616;63
96739;62
96849;62
96956;62
97057;62
97158;62
97283;62
97385;62
97491;62
97609;62
97716;62
97827;62
97928;62
98029;62
98153;62
98258;62
98368;62
98476;62
98600;62
98700;62
98804;62
98904;62
99033;62
99131;62
99234;62
99337;62
99437;62
99566;62
99675;62
99774;62
99883;62
100005;62
100127;62
100233;62
100342;62
100446;62
100653;62
100819;62
100918;62
101036;62
101139;62
101250;62
101352;62
101479;62
101580;62
101746;62
101920;62
102049;62
102164;62
102340;62
102583;62
102723;62
102852;62
103005;62
103120;62
103226;62
103343;62
103443;62
103549;62
103678;62
103858;62
103994;62
104140;62
104321;62
104477;62
104580;62
104737;62
104838;62
104953;62
105081;62
105195;62
105341;62
105469;62
105602;62
105713;62
105816;62
106002;62
106130;62
106239;62
106338;62
106439;62
106539;62
106650;62
106757;62
106884;62
106992;62
107119;62
107253;62
107348;62
107453;62
107556;62
107669;62
107819;62
107934;62
108083;62
108191;62
108309;62
108458;62
108566;62
108754;62
108896;62
109016;62
109119;62
109222;62
109329;62
109443;62
109545;62
109727;62
109900;62
110102;62
110268;62
110463;62
110588;62
110693;62
110797;62
110901;62
111009;62
111118;62
111234;62
111339;62
111448;62
111548;62
111663;62
111842;62
111959;62
112071;62
112170;62
112272;62
112373;62
112475;62
112582;62
112682;62
112782;62
112888;62
113004;62
113105;62
113216;62
113323;62
113451;62
113548;62
113651;62
113750;62
113856;62
113959;62
114081;62
114231;62
114377;62
114490;62
114603;62
114718;62
114839;62
114980;62
115091;62
115197;62
115314;62
115417;62
115522;62
115632;62
115738;62
115849;62
115960;62
116064;62
116171;62
116279;62
116402;62
116514;62
116639;62
116750;62
116863;62
116979;62
117101;62
117218;62
117330;62
117431;62
117537;62
117642;62
117747;62
117850;62
117952;62
118059;62
118157;62
118263;62
118369;62
118475;62
118593;62
118695;62
118800;62
118911;62
119016;62
119122;62
119233;62
119334;62
119449;62
119555;62
119654;62
119758;62
119861;62
119971;62
120075;62
120180;62
120287;62
120389;62
120508;62
120617;62
120720;62
120822;62
120951;62
121061;62
121235;62
121343;62
121444;62
121570;62
121674;62
121783;62
121886;62
121990;62
122105;62
122207;62
122310;62
122411;62
122513;62
122634;62
122746;62
122864;62
122969;62
123072;62
123181;62
123281;62
123380;62
123483;62
123598;62
123701;62
123806;62
123907;62
124015;62
124118;62
124233;62
124357;62
124458;62
124558;62
124660;62
124759;62
124870;62
124987;62
125092;62
125209;62
125337;62
125438;62
125546;62
125661;62
125773;62
125888;62
126005;62
126105;62
126211;62
126322;62
126424;62
126548;62
126657;62
126760;62
126859;62
126967;62
127071;62
127177;62
127295;62
127399;62
127502;62
127616;62
127739;62
127841;62
127943;62
128045;62
128155;62
128274;62
128399;62
128519;62
128630;62
128735;62
128841;62
128943;62
129046;62
129157;62
129283;62
129388;62
129504;62
129616;62
129716;62
129828;62
129941;62
130050;62
130155;62
130260;61
130389;61
130519;61
130624;61
130725;61
130827;61
130941;61
131043;61
131145;61
131265;61
131388;61
131490;61
131598;61
131702;61
131820;61
131928;61
132039;61
132156;61
132255;61
132362;61
132466;61
132566;61
132691;61
132792;61
132902;61
133011;61
133113;61
133243;61
133372;61
133505;61
133607;61
133717;61
133813;61
133920;61
134021;61
134120;61
134220;61
134340;61
134445;61
134546;61
134652;61
134754;61
134853;61
134964;61
135067;61
135172;61
135277;61
135399;61
135496;61
135611;61
135726;61
135826;61
135980;61
136089;61
136190;61
136298;61
136409;61
136528;61
136656;61
136760;61
136859;61
136968;61
137075;61
137185;61
137291;61
137397;61
137500;61
137614;61
137721;61
137824;61
137924;61
138060;61
138168;61
138292;61
138418;61
138524;61
138626;61
138741;61
138889;61
139033;61
139151;61
139272;61
139436;61
139561;61
139677;61
139790;61
139900;61
140019;61
140121;61
140247;61
140386;61
140491;61
140598;61
140700;61
140801;61
140908;61
141008;61
141117;61
141276;61
141377;61
141480;61
141624;61
141731;61
141846;61
141948;61
142052;61
142175;61
142278;61
142388;61
142497;61
142606;61
142708;61
142814;61
142918;61
143029;61
143132;61
143247;61
143346;61
143447;61
143552;61
143651;61
143755;61
143856;61
143973;61
144107;61
144223;61
144324;61
144439;61
144574;61
144688;61
144796;61
144900;61
145010;61
145113;61
145230;61
145336;61
145460;61
145583;61
145734;61
145833;61
145932;61
146035;61
146137;61
146239;61
146349;61
146451;61
146569;61
146662;61
146764;61
146867;61
146966;61
147073;61
147177;61
147302;61
147406;61
147513;61
147622;61
147725;61
147839;61
147945;61
148076;61
148238;61
148339;61
148464;61
148568;61
148677;61
148787;61
148890;61
149020;61
149121;61
149226;61
149333;61
149457;61
149583;61
149686;61
149792;61
149891;61
149990;61
