313;2038
486;1823
606;1810
729;1769
911;1491
1040;1398
1211;1234
1363;1207
1501;1033
1622;1033
1766;1025
1956;1025
2107;976
2222;976
2349;976
2463;976
2584;976
2729;840
2838;840
2944;805
3046;805
3151;805
3256;805
3409;805
3546;712
3693;712
3839;685
3994;685
4100;685
4214;645
4319;645
4432;532
4543;532
4645;532
4751;532
4852;532
4960;532
5065;532
5184;532
5288;532
5405;532
5512;532
5612;532
5720;532
5841;476
5961;378
6071;377
6175;377
6280;377
6409;314
6544;314
6725;314
6861;314
6959;314
7060;314
7160;314
7261;314
7371;314
7494;303
7621;303
7724;303
7826;303
7960;303
8065;303
8166;303
8285;303
8412;301
8536;301
8633;301
8751;301
8871;301
8985;301
9183;261
9334;261
9438;261
9558;260
9667;260
9769;260
9874;212
9971;212
10068;212
10180;212
10283;212
10403;212
10507;212
10624;212
10742;212
10847;212
10951;212
11052;212
11156;212
11269;212
11367;212
11469;212
11582;212
11696;212
11799;212
11899;212
12008;212
12109;212
12211;212
12313;212
12414;212
12525;212
12643;212
12742;212
12843;157
12950;157
13047;157
13172;157
13291;157
13408;157
13524;157
13635;157
13788;157
13898;157
14016;157
14125;157
14269;157
14396;157
14506;157
14623;157
14733;157
14849;157
14960;157
15138;157
15367;157
15576;157
15864;157
16098;157
16401;157
16669;157
16923;157
17209;157
17444;157
17667;157
17911;157
18144;157
18278;157
18391;156
18496;156
18644;156
18745;156
18855;156
18964;156
19062;156
19159;156
19261;156
19367;156
19468;156
19576;156
19685;156
19791;156
19896;156
20002;156
20121;157
20230;157
20337;157
20433;157
20541;157
20646;157
20749;157
20855;157
20963;157
21066;157
21169;157
21286;157
21392;157
21498;157
21613;157
21720;157
21827;157
21923;157
22053;157
22154;157
22256;157
22367;157
22486;157
22604;160
22714;160
22832;160
22935;160
23040;160
23155;160
23260;160
23363;160
23480;160
23589;160
23696;160
23806;160
23906;160
24025;160
24126;160
24223;160
24340;160
24440;160
24540;160
24640;160
24754;160
24859;160
24963;160
25066;160
25173;160
25275;160
25375;160
25494;160
25597;160
25697;160
25800;160
25925;160
26042;160
26158;160
26266;160
26379;159
26499;156
26600;156
26700;156
26802;156
26906;156
27009;156
27119;156
27235;156
27343;156
27470;156
27571;156
27670;156
27778;156
27891;156
27999;156
28105;156
28222;156
28327;156
28428;156
28527;156
28628;156
28730;156
28840;156
28976;156
29080;156
29188;156
29289;156
29393;156
29499;156
29600;156
29700;156
29800;156
29901;156
30011;156
30143;156
30244;156
30356;63
30470;63
30583;63
30685;63
30795;63
30908;63
31007;63
31118;63
31214;63
31313;63
31418;63
31519;63
31631;63
31730;63
31831;63
31930;63
32039;63
32173;63
32278;63
32386;63
32506;63
32603;63
32708;62
32827;63
32929;63
33031;63
33152;63
33256;63
33353;63
33453;63
33553;63
33661;63
33770;63
33879;63
33988;63
34122;61
34219;61
34333;61
34433;61
34546;61
34650;61
34775;61
34899;61
35004;61
35111;61
35219;61
35333;61
35464;61
35565;61
35662;61
35773;61
35874;61
36031;61
36140;61
36243;61
36349;61
36459;61
36569;61
36673;61
36773;61
36897;61
36995;61
37119;61
37222;61
37347;61
37465;61
37583;61
37703;61
37804;61
37902;61
38008;61
38114;61
38219;61
38335;61
38441;61
38550;61
38660;61
38766;61
38896;61
39000;61
39119;61
39228;61
39334;61
39440;61
39543;61
39649;61
39804;61
39996;61
40146;61
40245;61
40402;61
40551;61
40655;61
40774;61
40931;61
41090;61
41255;61
41423;61
41590;61
41773;61
41905;61
42158;61
42351;61
42576;63
42779;63
42970;63
43088;63
43217;63
43418;63
43622;63
43830;63
44008;63
44179;63
44377;63
44535;63
44665;63
44826;63
45021;63
45179;63
45360;63
45520;63
45650;63
45792;63
45975;63
46073;63
46187;63
46314;63
46477;63
46585;63
46688;63
46790;63
46977;63
47089;63
47237;63
47366;63
47482;63
47607;63
47706;63
47823;66
47923;66
48020;66
48126;66
48230;66
48333;66
48435;66
48544;66
48646;66
48750;66
48851;66
48956;66
49073;66
49171;65
49268;65
49372;65
49468;65
49591;65
49690;65
49800;65
49900;65
50005;65
50104;65
50207;65
50311;65
50428;65
50536;65
50635;65
50734;65
50833;65
50936;65
51039;65
51147;65
51248;65
51359;65
51461;65
51570;65
51676;65
51783;65
51878;65
51975;65
52083;65
52198;65
52316;65
52416;65
52515;65
52625;65
52725;65
52845;65
52939;65
53035;65
53145;65
53240;65
53346;65
53444;65
53545;65
53655;66
53797;66
53907;67
54012;67
54121;67
54220;67
54317;67
54415;67
54516;67
54632;66
54739;66
54849;66
54954;66
55056;66
55183;66
55280;66
55381;66
55485;66
55584;66
55686;66
55789;66
55888;66
55994;66
56096;66
56205;66
56310;66
56415;66
56510;66
56614;66
56722;66
56831;66
56930;66
57029;66
57147;66
57250;66
57363;66
57459;66
57558;66
57654;66
57756;66
57857;66
57959;66
58062;66
58170;66
58276;66
58380;66
58480;66
58580;66
58682;66
58806;66
58954;66
59059;66
59167;66
59264;66
59359;66
59458;66
59557;66
59694;66
59813;66
59915;66
60019;66
60115;66
60218;66
60331;66
60427;66
60528;66
60628;66
60731;66
60845;66
60949;66
61045;66
61141;66
61257;66
61362;66
61459;66
61585;66
61683;66
61780;66
61875;66
61972;66
62071;66
62171;66
62280;66
62381;66
62479;66
62599;66
62712;66
62836;66
62951;66
63064;66
63166;66
63262;66
63362;66
63461;66
63567;66
63673;65
63780;65
63890;65
64003;65
64108;65
64206;65
64309;65
64422;65
64528;65
64630;65
64734;65
64845;65
64947;65
65150;65
65249;65
65362;65
65465;65
65564;65
65675;65
65773;65
65893;65
65999;65
66117;65
66253;65
66349;65
66445;65
66541;65
66639;65
66773;65
66896;65
67004;65
67103;65
67208;65
67313;65
67436;65
67568;65
67666;65
67763;65
67859;65
67954;65
68061;65
68168;66
68269;66
68372;66
68483;65
68585;65
68693;65
68818;65
68918;65
69116;65
69249;65
69348;65
69462;65
69565;65
69670;65
69796;65
69939;65
70048;65
70152;65
70257;65
70377;65
70492;65
70605;65
70702;65
70806;65
70911;65
71015;65
71121;65
71238;65
71343;65
71446;65
71550;65
71651;65
71756;65
71904;65
72034;65
72149;65
72249;65
72348;65
72457;65
72556;65
72656;65
72755;65
72866;65
72994;65
73096;65
73206;65
73316;65
73412;65
73511;65
73629;65
73733;65
73841;65
73943;65
74059;66
74201;65
74313;65
74428;65
74527;65
74646;65
74756;65
74851;65
74964;65
75063;65
75178;65
75285;65
75402;65
75522;65
75624;65
75726;65
75844;65
75983;65
76088;65
76210;65
76312;65
76408;65
76504;65
76600;65
76725;65
76829;65
76946;65
77045;65
77150;65
77254;65
77370;65
77473;65
77573;65
77684;65
77787;65
77882;65
77981;65
78080;65
78183;65
78310;65
78426;65
78530;65
78655;65
78758;65
78875;63
78983;63
79091;63
79187;63
79289;63
79388;63
79500;63
79607;63
79714;63
79833;63
79933;63
80038;63
80139;63
80257;63
80388;61
80490;61
80595;61
80698;61
80795;61
80894;61
81001;61
81123;61
81229;61
81354;61
81461;61
81578;61
81679;61
81789;61
81884;61
81983;61
82083;61
82192;61
82297;61
82394;61
82493;61
82611;61
82716;61
82819;61
82958;61
83061;61
83166;61
83265;61
83364;61
83462;61
83565;61
83698;61
83816;61
83930;61
84033;61
84145;61
84251;61
84371;61
84489;61
84585;61
84702;61
84803;61
84917;61
85029;61
85139;61
85262;61
85367;61
85465;61
85564;61
85660;61
85756;61
85887;61
86012;61
86117;61
86218;61
86323;61
86432;61
86528;61
86627;61
86730;61
86835;61
86951;61
87052;61
87159;61
87279;61
87393;61
87494;61
87628;61
87723;61
87822;61
87923;61
88047;61
88150;61
88266;61
88398;61
88506;61
88610;61
88713;61
88813;61
88930;61
89040;61
89160;61
89263;61
89365;61
89472;61
89580;61
89676;61
89773;61
89871;61
89968;61
90130;61
90258;61
90363;61
90471;61
90574;61
90688;61
90803;61
90923;61
91018;61
91117;61
91234;61
91341;61
91465;61
91565;61
91697;61
91809;61
91909;61
92019;61
92124;61
92238;61
92338;61
92436;61
92552;61
92652;61
92759;61
92887;61
92982;61
93079;61
93204;61
93305;61
93419;61
93532;61
93635;61
93767;61
93871;61
93967;61
94094;61
94198;61
94297;61
94421;61
94528;61
94638;61
94733;61
94837;61
94932;61
95028;61
95190;61
95290;61
95391;61
95517;61
95616;61
95711;61
95815;61
95918;61
96025;61
96126;61
96242;61
96350;61
96445;61
96558;61
96656;61
96759;61
96863;61
96965;61
97087;61
97209;61
97358;61
97456;61
97561;61
97720;61
97826;61
97945;61
98048;61
98155;61
98256;61
98360;61
98455;61
98554;61
98656;61
98808;61
98908;61
99011;61
99164;61
99273;61
99384;61
99503;61
99602;61
99697;61
99805;61
99906;61
100009;61
100116;61
100242;61
100353;61
100455;61
100555;61
100653;61
100751;61
100854;61
100955;61
101058;61
101163;61
101269;61
101400;61
101495;61
101617;61
101737;61
101858;61
101958;61
102073;61
102189;61
102293;61
102403;61
102517;62
102621;62
102789;62
102897;62
102995;62
103090;62
103192;62
103308;62
103415;62
103520;62
103627;62
103731;62
103839;62
103953;62
104076;62
104178;62
104291;62
104414;62
104525;62
104632;62
104731;62
104835;62
104934;62
105048;62
105151;62
105254;62
105363;62
105474;62
105592;62
105687;62
105783;62
105887;62
106003;62
106121;62
106235;62
106353;62
106463;62
106563;62
106681;62
106781;62
106879;62
106994;62
107146;62
107246;62
107350;62
107449;62
107560;62
107662;62
107763;62
107866;62
107986;62
108103;62
108205;62
108313;62
108430;62
108527;62
108625;62
108729;62
108825;62
108923;62
109051;62
109157;62
109260;62
109360;62
109467;62
109574;62
109673;62
109776;62
109899;62
109995;62
110090;62
110186;62
110281;62
110404;62
110507;62
110626;62
110734;62
110833;62
110948;62
111055;62
111157;62
111269;62
111373;62
111483;62
111609;62
111713;62
111813;62
111919;62
112018;62
112138;62
112239;62
112354;62
112458;62
112588;62
112707;62
112807;62
112903;62
113015;62
113119;62
113238;62
113392;62
113497;62
113611;62
113743;62
113851;62
113954;62
114059;62
114154;62
114252;62
114348;62
114460;62
114560;62
114676;62
114793;62
114895;62
115006;62
115109;62
115228;62
115324;62
115434;62
115545;62
115641;62
115740;62
115864;62
115964;62
116078;62
116187;62
116290;62
116407;62
116502;62
116598;62
116705;62
116810;62
116910;62
117011;62
117113;62
117216;62
117323;62
117425;62
117535;62
117701;62
117806;62
117910;62
118009;62
118132;62
118240;62
118344;62
118449;62
118552;62
118657;62
118757;62
118869;62
118973;62
119077;62
119180;62
119281;62
119381;62
119487;62
119598;62
119701;62
119818;62
119958;62
120054;62
120152;62
120257;62
120366;62
120470;62
120597;62
120693;62
120796;62
120907;62
121003;62
121105;62
121220;62
121348;62
121447;62
121560;62
121665;62
121763;62
121859;62
121970;62
122084;62
122183;62
122301;62
122439;62
122554;62
122652;62
122757;62
122856;62
122954;62
123056;62
123173;62
123275;62
123382;62
123496;62
123594;62
123693;62
123814;62
123926;62
124024;62
124125;62
124225;62
124327;62
124437;62
124540;62
124642;62
124747;62
124847;62
124945;62
125049;62
125146;62
125245;62
125355;62
125458;62
125582;62
125692;62
125799;62
125909;62
126008;62
126106;62
126217;62
126316;62
126471;62
126587;62
126690;62
126838;62
126938;62
127041;62
127139;62
127242;62
127343;62
127443;62
127548;62
127650;62
127774;62
127883;62
127984;62
128100;62
128195;62
128298;62
128397;62
128509;62
128612;62
128714;62
128817;62
128928;62
129086;62
129235;62
129333;62
129431;62
129540;62
129680;62
129780;62
129882;62
129987;62
130089;62
130197;62
130309;62
130429;62
130536;62
130654;62
130783;62
130890;62
131006;62
131109;62
131211;62
131311;62
131425;62
131526;62
131621;62
131724;62
131825;62
131921;62
132042;62
132140;62
132243;62
132346;62
132447;62
132633;62
132728;62
132824;62
132935;62
133030;62
133137;62
133240;62
133346;62
133445;62
133551;62
133666;62
133777;62
133886;62
133985;62
134080;62
134184;62
134285;62
134388;62
134491;62
134593;62
134708;62
134812;62
134929;62
135047;62
135145;62
135245;62
135364;62
135462;62
135571;62
135672;62
135772;62
135877;62
135980;62
136086;62
136213;62
136360;62
136457;62
136552;62
136651;62
136752;62
136857;62
136969;62
137072;62
137172;62
137290;62
137394;62
137497;62
137599;62
137718;62
137819;62
137919;62
138015;62
138129;62
138239;62
138337;62
138485;62
138585;62
138703;62
138808;62
138909;62
139010;62
139135;62
139230;62
139326;62
139425;62
139520;62
139618;62
139722;62
139840;62
139952;62
140057;62
140159;62
140258;62
140361;62
140465;62
140587;62
140699;62
140808;62
140908;62
141012;62
141117;62
141227;62
141331;62
141435;62
141537;62
141644;62
141743;62
141853;62
141971;62
142065;62
142177;62
142289;62
142399;62
142506;62
142607;62
142710;62
142816;62
142924;62
143025;62
143146;62
143249;62
143366;62
143484;62
143583;62
143680;62
143779;62
143877;62
143976;62
144098;62
144207;62
144312;62
144420;62
144524;62
144639;62
144758;62
144857;62
144968;62
145080;62
145178;62
145277;62
145385;62
145482;62
145582;62
145684;62
145790;62
145892;62
146001;62
146110;62
146204;62
146310;62
146411;62
146506;62
146608;62
146706;62
146818;62
146922;62
147032;62
147140;62
147254;62
147376;62
147475;62
147595;62
147699;62
147814;62
147914;62
148012;62
148110;62
148212;62
148315;62
148423;62
148525;62
148623;62
148726;62
148826;62
148941;62
149050;62
149164;62
149272;62
149372;62
