149;261
248;262
302;262
375;262
444;261
497;261
541;261
586;261
646;261
689;261
725;261
771;261
822;261
879;261
931;261
1008;261
1051;261
1087;261
1122;261
1157;261
1195;261
1234;261
1286;261
1326;261
1380;261
1441;261
1491;261
1529;261
1569;261
1610;261
1656;261
1727;261
1787;261
1837;261
1886;261
1939;261
1996;261
2032;261
2067;261
2104;261
2142;261
2179;261
2216;261
2252;261
2300;261
2343;261
2379;261
2415;261
2450;261
2490;261
2530;261
2576;261
2617;261
2653;261
2690;261
2726;261
2770;261
2814;261
2854;261
2894;261
2933;261
2966;261
2999;261
3035;261
3066;261
3114;261
3159;261
3209;261
3262;261
3309;261
3359;264
3410;264
3459;264
3513;264
3551;264
3587;264
3618;264
3647;264
3679;264
3712;264
3744;264
3776;264
3809;264
3843;264
3878;264
3912;264
3946;264
3985;264
4017;264
4054;264
4089;264
4123;264
4158;265
4191;265
4227;265
4261;265
4304;265
4341;265
4372;265
4404;265
4439;265
4474;265
4512;265
4546;265
4585;265
4617;265
4652;265
4684;265
4717;265
4749;265
4784;265
4824;265
4855;265
4891;265
4923;265
4956;265
4988;265
5023;265
5060;265
5092;265
5134;264
5180;264
5232;264
5285;264
5332;264
5380;264
5429;264
5476;264
5522;264
5567;264
5614;264
5664;264
5710;264
5758;264
5789;265
5819;265
5852;265
5887;265
5922;265
5958;265
5989;265
6021;264
6053;264
6086;264
6121;264
6153;264
6188;264
6225;264
6257;264
6292;264
6325;264
6363;264
6400;264
6434;264
6468;264
6503;264
6536;264
6574;265
6608;265
6638;265
6670;265
6704;265
6742;265
6774;265
6808;265
6840;265
6882;265
6920;265
6952;265
6988;261
7025;261
7055;262
7096;262
7131;262
7163;262
7202;259
7237;259
7272;259
7304;259
7336;259
7368;259
7404;259
7437;259
7470;258
7505;258
7539;258
7571;258
7605;258
7637;258
7673;258
7705;258
7744;258
7775;258
7807;258
7842;258
7877;258
7908;258
7939;258
7970;258
8005;258
8040;258
8073;258
8105;258
8139;258
8171;258
8208;258
8247;258
8285;258
8318;258
8355;258
8389;258
8421;258
8453;258
8489;258
8522;258
8554;258
8585;259
8618;259
8653;258
8689;258
8721;258
8763;258
8795;258
8826;258
8858;258
8890;258
8923;258
8955;258
8986;258
9018;258
9051;258
9086;258
9117;258
9151;258
9184;258
9217;258
9251;258
9284;258
9315;258
9351;261
9384;261
9427;261
9462;261
9497;261
9539;261
9570;261
9606;261
9637;260
9669;260
9705;260
9738;260
9770;260
9801;260
9834;260
9868;260
9903;260
9944;261
9976;261
10012;261
10043;261
10079;261
10112;261
10145;261
10183;261
10215;261
10258;261
10295;261
10326;261
10375;261
10407;261
10438;261
10470;261
10503;261
10536;261
10570;261
10607;261
10641;261
10673;261
10708;261
10738;261
10776;261
10815;261
10850;261
10883;261
10916;261
10950;261
10981;261
11014;261
11047;261
11085;261
11119;261
11154;261
11191;261
11230;261
11263;261
11299;261
11332;261
11366;261
11400;261
11432;261
11475;261
11506;261
11541;261
11574;261
11607;261
11640;261
11672;261
11706;261
11741;261
11775;261
11807;261
11842;261
11876;261
11911;261
11943;261
11976;261
12010;261
12048;261
12080;261
12113;261
12155;261
12190;261
12222;261
12265;261
12303;261
12335;261
12369;261
12402;261
12437;261
12470;261
12503;261
12535;261
12567;261
12599;261
12638;261
12670;261
12702;261
12734;261
12771;261
12804;261
12835;261
12867;261
12900;261
12934;261
12972;258
13010;258
13042;258
13074;258
13106;258
13141;258
13173;258
13206;258
13239;258
13271;258
13303;258
13334;258
13368;258
13403;258
13435;258
13467;258
13503;258
13535;258
13569;258
13603;258
13636;258
13673;258
13705;258
13735;258
13769;258
13801;257
13834;257
13869;257
13904;257
13937;257
13969;257
14002;257
14033;257
14065;257
14097;257
14129;257
14161;257
14196;257
14229;257
14272;257
14308;257
14339;257
14372;257
14406;257
14441;257
14473;257
14505;257
14541;257
14580;257
14616;257
14651;257
14687;257
14720;257
14752;257
14787;257
14831;257
14868;257
14906;257
14939;257
14979;257
15012;257
15042;257
15075;257
15110;257
15149;257
15188;257
15222;257
15255;257
15287;257
15322;257
15358;257
15393;257
15425;257
15456;257
15493;257
15531;257
15565;257
15597;257
15630;257
15663;257
15695;257
15734;257
15767;257
15799;257
15837;257
15869;257
15904;257
15935;257
15967;257
15998;257
16037;257
16069;257
16103;257
16140;257
16172;257
16205;257
16237;257
16268;257
16303;257
16341;257
16375;257
16407;257
16441;257
16472;257
16504;257
16537;257
16570;257
16605;257
16637;257
16672;257
16703;257
16738;257
16770;257
16803;257
16838;257
16872;257
16906;257
16937;257
16969;257
17001;257
17031;257
17061;257
17096;257
17137;257
17168;257
17207;257
17239;257
17276;257
17308;257
17339;257
17370;257
17404;257
17436;257
17467;257
17500;257
17532;257
17564;257
17598;257
17632;257
17663;257
17696;257
17727;257
17760;257
17797;257
17829;257
17861;257
17893;257
17929;257
17966;257
18001;257
18032;257
18064;257
18096;257
18126;257
18161;257
18191;257
18225;257
18262;257
18297;257
18329;257
18361;257
18396;257
18429;257
18459;257
18491;257
18524;257
18556;257
18591;257
18622;257
18654;257
18689;257
18721;257
18752;257
18782;257
18814;257
18849;257
18881;257
18915;257
18947;257
18981;258
19018;258
19048;258
19080;258
19110;258
19142;258
19173;258
19205;258
19236;258
19267;258
19298;258
19331;258
19368;258
19400;258
19432;258
19466;258
19498;258
19530;258
19563;258
19594;258
19626;258
19658;258
19689;258
19723;258
19753;258
19789;258
19822;258
19853;258
19891;258
19923;258
19960;258
19991;258
20025;258
20057;259
20093;262
20128;262
20160;262
20195;262
20227;262
20259;262
20290;262
20324;262
20356;262
20388;262
20422;262
20459;262
20505;262
20541;262
20578;262
20609;262
20641;262
20674;262
20705;262
20745;262
20775;262
20808;262
20840;262
20872;262
20914;262
20946;267
20976;267
21010;267
21044;267
21076;267
21112;267
21147;267
21180;267
21213;267
21251;267
21283;267
21320;267
21352;267
21390;267
21441;267
21475;267
21509;267
21545;267
21578;267
21609;267
21641;267
21677;267
21707;267
21738;267
21769;267
21804;267
21839;267
21870;267
21902;267
21933;267
21965;267
21999;262
22033;262
22065;262
22102;262
22134;262
22168;262
22202;262
22237;265
22267;265
22298;265
22330;265
22362;265
22393;265
22426;265
22461;265
22494;264
22529;264
22561;264
22599;264
22634;264
22666;264
22702;264
22734;264
22767;264
22807;264
22843;264
22877;264
22910;264
22941;264
22974;264
23011;264
23046;264
23077;264
23110;264
23142;264
23177;264
23214;264
23248;264
23280;264
23312;264
23349;264
23378;264
23409;264
23443;264
23476;264
23514;261
23547;261
23585;261
23621;261
23652;261
23685;261
23718;261
23753;261
23785;261
23817;261
23849;261
23881;261
23915;261
23947;261
23990;261
24022;261
24058;261
24093;261
24126;261
24162;261
24197;261
24227;261
24258;261
24297;261
24332;261
24366;261
24399;261
24436;262
24468;262
24500;262
24533;262
24571;262
24605;262
24636;262
24669;262
24700;262
24733;262
24765;262
24796;264
24827;264
24860;264
24891;264
24923;264
24955;264
24987;264
25020;264
25052;264
25084;264
25120;264
25149;264
25190;264
25226;264
25266;262
25303;262
25336;262
25367;262
25397;262
25435;262
25467;262
25520;262
25553;262
25586;262
25621;262
25653;262
25691;262
25727;262
25757;262
25790;262
25831;262
25863;262
25894;262
25924;262
25956;262
25988;262
26020;262
26052;262
26086;262
26118;262
26151;262
26183;262
26215;262
26245;262
26276;262
26307;262
26338;262
26370;262
26403;262
26437;262
26471;262
26504;262
26541;262
26576;262
26610;262
26642;262
26682;262
26713;262
26747;262
26778;262
26810;262
26842;262
26874;262
26906;262
26936;262
26975;262
27010;262
27048;262
27084;262
27116;262
27156;262
27190;262
27220;262
27251;262
27283;262
27318;262
27351;262
27383;262
27416;262
27448;262
27487;262
27520;262
27552;262
27585;262
27627;262
27659;262
27696;262
27732;262
27766;262
27797;262
27835;262
27869;262
27902;262
27934;262
27970;262
28002;262
28033;262
28075;262
28106;262
28136;262
28168;262
28198;262
28230;262
28261;262
28292;262
28323;262
28358;262
28389;262
28427;262
28470;262
28506;262
28543;262
28591;262
28624;262
28657;262
28692;262
28723;262
28755;262
28788;262
28820;262
28851;262
28886;262
28918;262
28951;262
28986;262
29016;261
29050;261
29083;261
29115;261
29152;261
29185;261
29216;261
29248;261
29280;261
29320;261
29354;261
29393;261
29424;261
29459;261
29498;261
29531;261
29562;261
29595;261
29627;261
29661;261
29693;261
29730;261
29762;261
29793;261
29824;261
29862;261
29896;261
29937;261
29968;260
30003;260
30044;260
30085;260
30136;260
30170;260
30202;260
30234;260
30264;260
30297;260
30327;260
30358;260
30393;260
30424;260
30462;260
30497;260
30531;260
30565;260
30600;260
30631;260
30664;260
30696;260
30726;260
30757;260
30788;260
30821;260
30851;260
30882;260
30913;260
30946;260
30985;260
31016;260
31048;260
31080;260
31111;260
31143;260
31176;260
31213;260
31243;260
31277;260
31310;260
31342;260
31375;260
31406;260
31439;260
31473;260
31506;260
31541;260
31578;260
31608;260
31642;260
31679;260
31712;260
31744;260
31775;260
31811;260
31843;260
31877;260
31909;260
31945;260
31975;260
32008;260
32043;260
32075;260
32105;260
32141;260
32175;260
32211;260
32244;260
32279;260
32315;260
32345;260
32377;260
32410;260
32445;260
32479;260
32513;260
32544;260
32581;260
32620;260
32657;260
32689;260
32720;260
32751;260
32784;260
32816;260
32852;260
32885;260
32916;260
32954;260
32993;260
33023;261
33057;261
33088;261
33119;261
33152;261
33186;261
33219;261
33253;261
33291;261
33321;261
33357;261
33389;261
33422;261
33456;261
33490;261
33522;261
33562;261
33601;261
33638;261
33669;261
33700;261
33731;261
33765;261
33800;261
33832;261
33865;261
33895;261
33927;261
33962;261
33994;261
34030;261
34061;261
34092;261
34126;261
34161;261
34193;261
34225;261
34259;262
34290;262
34333;262
34365;262
34398;262
34429;262
34460;262
34494;262
34529;262
34565;262
34602;261
34633;261
34665;261
34698;261
34731;261
34763;261
34806;261
34836;261
34865;261
34896;261
34928;261
34962;261
34997;261
35031;261
35063;261
35095;261
35133;261
35166;261
35196;261
35235;261
35266;261
35297;261
35335;261
35370;261
35401;261
35441;261
35473;261
35505;261
35541;261
35576;261
35608;261
35637;261
35669;261
35701;261
35736;261
35767;261
35797;261
35828;261
35860;261
35890;261
35925;261
35957;261
35991;261
36023;261
36056;261
36087;261
36118;261
36149;261
36183;261
36214;261
36247;261
36280;261
36312;261
36344;261
36378;261
36413;261
36448;261
36492;261
36537;261
36570;261
36602;261
36633;261
36664;261
36694;261
36726;261
36760;261
36793;261
36827;261
36857;261
36889;261
36925;261
36960;261
36995;261
37029;261
37062;261
37091;261
37122;261
37155;261
37187;261
37219;261
37251;261
37283;261
37314;261
37345;261
37375;261
37408;261
37440;261
37475;261
37505;261
37538;261
37581;261
37614;261
37646;261
37677;261
37707;261
37742;261
37778;261
37811;261
37846;261
37883;261
37913;261
37944;261
37977;261
38011;261
38043;261
38078;261
38108;261
38139;261
38171;261
38206;261
38243;261
38275;261
38306;261
38339;261
38370;261
38400;261
38431;261
38464;261
38504;261
38540;261
38574;261
38603;261
38635;261
38667;261
38699;261
38730;261
38760;260
38792;260
38824;260
38855;260
38893;260
38926;260
38958;260
38993;260
39025;260
39056;260
39090;260
39121;260
39153;260
39184;261
39215;261
39250;261
39281;261
39316;261
39353;261
39384;261
39428;261
39465;261
39494;261
39531;261
39564;261
39596;261
39628;261
39659;261
39697;261
39729;261
39760;261
39791;261
39823;261
39856;261
39890;261
39924;261
39955;261
39986;261
40019;261
40051;261
40086;261
40121;261
40152;261
40186;261
40224;261
40259;261
40291;261
40324;261
40356;261
40390;261
40422;261
40455;261
40490;261
40531;261
40564;261
40594;261
40627;261
40664;261
40696;261
40727;261
40758;261
40789;261
40825;261
40858;261
40891;261
40923;261
40954;261
40986;261
41022;261
41053;261
41088;261
41118;261
41149;261
41182;261
41213;261
41244;261
41276;261
41307;261
41340;261
41374;261
41403;261
41440;261
41472;261
41506;261
41544;261
41575;261
41607;261
41638;261
41671;261
41705;261
41733;261
41763;261
41795;261
41828;261
41860;261
41894;261
41926;261
41962;262
41994;262
42031;262
42063;262
42093;262
42125;262
42158;262
42191;262
42224;262
42261;262
42292;262
42330;262
42362;262
42394;262
42425;262
42454;262
42488;262
42522;262
42555;262
42587;262
42621;262
42654;262
42691;262
42722;262
42753;262
42784;262
42813;262
42851;262
42886;262
42921;262
42957;262
42990;262
43020;262
43053;262
43085;262
43116;262
43147;262
43179;262
43211;262
43249;262
43280;262
43315;262
43352;262
43383;262
43414;262
43453;262
43485;262
43520;262
43554;262
43589;262
43621;262
43657;262
43695;262
43727;262
43756;262
43787;262
43823;262
43855;262
43886;262
43922;262
43957;262
43988;262
44020;262
44052;262
44083;262
44114;262
44144;262
44181;262
44212;262
44242;262
44273;262
44305;262
44338;262
44371;262
44403;262
44434;262
44466;262
44504;262
44540;262
44572;262
44608;262
44648;262
44681;262
44714;262
44748;262
44781;262
44817;262
44848;262
44882;262
44917;262
44950;262
44984;262
45015;262
45047;262
45083;262
45125;262
45156;262
45191;262
45223;262
45254;262
45290;262
45322;262
45355;262
45389;262
45430;262
45471;262
45502;262
45541;262
45575;262
45606;262
45643;262
45675;262
45706;262
45740;262
45769;262
45801;262
45831;262
45864;262
45895;262
45933;262
45969;262
46003;262
46036;262
46070;262
46100;262
46138;262
46177;262
46208;262
46239;262
46278;262
46309;262
46342;262
46380;262
46412;262
46443;262
46475;262
46512;262
46570;262
46606;262
46637;262
46676;262
46709;262
46741;262
46784;262
46817;262
46854;262
46887;262
46919;262
46957;262
47003;262
47039;262
47071;262
47103;262
47130;262
47177;262
47209;261
47246;261
47277;261
47309;261
47341;261
47372;261
47410;261
47442;261
47477;261
47509;261
47546;261
47581;261
47614;261
47654;261
47686;261
47718;261
47749;261
47779;261
47817;261
47851;261
47882;261
47918;261
47948;261
47986;261
48025;261
48059;261
48096;261
48133;261
48172;261
48202;260
48232;260
48265;260
48300;260
48331;260
48362;260
48393;260
48424;260
48458;260
48497;260
48531;260
48566;260
48598;260
48630;260
48672;260
48706;260
48742;260
48773;260
48808;260
48845;260
48876;260
48908;260
48942;260
48978;260
49014;260
49044;260
49077;260
49111;260
49142;260
49177;260
49207;261
49239;261
49271;261
49304;261
49339;261
49376;261
49407;261
49442;261
49473;261
49505;261
49536;261
49580;261
49637;261
49690;261
49725;261
49784;261
49823;261
49856;261
49888;261
49920;261
49951;261
49986;261
50021;261
50055;261
50090;261
50139;261
50199;261
50259;261
50317;261
50377;261
50421;261
50461;261
50497;261
50536;261
50572;261
50611;261
50651;261
50682;261
50715;261
50747;261
50778;261
50809;261
50842;261
50880;261
50911;261
50947;261
50979;261
51013;261
51045;261
51078;261
51112;261
51146;261
51179;261
51210;261
51242;261
51273;261
51304;261
51336;261
51368;261
51399;261
51440;261
51479;261
51511;261
51542;261
51583;261
51616;261
51648;261
51680;261
51710;261
51743;261
51774;261
51809;261
51842;261
51873;261
51905;261
51937;261
51969;261
52004;261
52038;262
52069;262
52101;262
52136;262
52168;262
52198;261
52234;261
52271;261
52306;261
52338;261
52375;261
52406;261
52436;261
52468;261
52502;261
52534;261
52581;261
52632;261
52669;261
52700;261
52730;261
52761;261
52792;261
52826;261
52861;261
52898;261
52930;261
52961;261
52994;261
53023;261
53057;261
53088;261
53123;261
53158;261
53190;261
53220;261
53252;261
53286;261
53319;261
53355;261
53387;261
53417;261
53452;261
53483;261
53515;261
53546;261
53577;261
53610;261
53643;261
53677;261
53707;261
53738;261
53771;261
53803;261
53835;261
53865;261
53899;261
53931;261
53963;261
53994;261
54024;261
54059;261
54092;261
54124;261
54155;261
54185;261
54219;261
54252;261
54286;261
54328;261
54358;261
54387;261
54418;261
54450;261
54481;261
54513;261
54547;261
54596;261
54647;261
54682;261
54714;261
54745;261
54777;261
54811;261
54841;261
54875;261
54915;261
54946;261
54985;261
55016;261
55046;261
55078;261
55114;261
55146;261
55184;261
55216;261
55247;261
55278;261
55310;261
55342;261
55374;261
55407;261
55443;261
55478;261
55515;261
55548;261
55580;261
55614;261
55646;261
55677;261
55708;261
55742;261
55772;261
55806;261
55837;261
55872;261
55904;261
55941;261
55973;261
56006;261
56038;261
56071;261
56101;261
56136;261
56192;261
56222;261
56253;261
56283;261
56315;261
56349;261
56380;261
56410;261
56442;261
56473;261
56504;261
56537;261
56567;261
56604;261
56639;261
56671;261
56702;261
56743;261
56774;261
56805;261
56835;261
56869;261
56901;261
56934;261
56966;261
56997;261
57029;261
57060;261
57099;261
57136;261
57168;261
57199;261
57231;261
57266;261
57297;261
57327;261
57358;261
