151;261
246;261
296;261
361;261
436;261
512;261
560;261
605;261
675;261
720;261
761;261
799;261
846;261
897;261
954;261
1021;261
1080;261
1133;261
1185;261
1231;261
1272;261
1311;261
1369;261
1408;261
1448;261
1487;261
1527;261
1568;261
1607;261
1649;261
1706;261
1773;261
1824;261
1878;261
1932;261
1983;261
2033;261
2069;261
2104;261
2141;261
2179;261
2217;261
2256;261
2295;261
2331;261
2367;261
2405;261
2442;261
2479;261
2513;261
2549;261
2592;261
2631;261
2665;261
2701;261
2747;261
2790;261
2828;261
2866;261
2901;261
2934;261
2972;261
3005;261
3038;261
3070;261
3110;261
3180;261
3226;261
3283;261
3340;261
3394;261
3445;261
3493;261
3539;261
3576;261
3614;261
3647;261
3685;261
3717;261
3755;261
3789;261
3825;261
3857;261
3893;261
3928;261
3961;261
3997;261
4032;261
4063;261
4094;261
4130;261
4163;261
4195;261
4227;261
4265;261
4301;261
4348;261
4378;261
4410;261
4446;261
4481;261
4517;257
4553;257
4584;257
4619;257
4651;257
4685;257
4717;257
4751;257
4788;257
4839;257
4872;257
4907;257
4939;257
4972;257
5007;257
5043;257
5076;257
5106;257
5141;257
5182;257
5240;257
5294;257
5339;257
5385;257
5433;257
5480;257
5538;257
5589;257
5634;259
5680;259
5735;259
5784;259
5831;259
5865;259
5899;259
5931;259
5965;259
6002;259
6035;259
6068;259
6103;259
6135;259
6166;259
6198;259
6230;259
6262;259
6293;258
6325;258
6372;258
6410;258
6443;258
6477;258
6508;258
6540;258
6572;258
6610;258
6643;258
6676;258
6709;258
6740;258
6774;259
6807;259
6845;259
6877;259
6916;259
6952;259
6991;259
7025;259
7064;259
7101;259
7136;259
7169;259
7204;259
7233;259
7264;259
7297;258
7329;258
7363;258
7395;258
7428;258
7459;258
7492;258
7524;258
7556;258
7592;258
7623;258
7655;258
7693;258
7729;258
7761;258
7794;258
7827;258
7861;258
7905;258
7945;258
7981;258
8016;258
8049;258
8081;258
8112;258
8147;258
8179;258
8212;258
8247;258
8285;258
8315;258
8357;258
8388;258
8419;258
8451;258
8482;258
8513;258
8546;258
8581;259
8617;259
8651;259
8686;259
8717;259
8749;259
8782;259
8814;259
8849;259
8880;259
8916;259
8948;259
8980;259
9011;259
9043;259
9075;259
9113;259
9150;259
9186;259
9218;259
9253;259
9284;259
9317;259
9350;259
9385;259
9417;259
9467;259
9502;259
9537;259
9569;259
9600;259
9638;259
9670;259
9702;259
9732;259
9766;259
9799;259
9834;259
9866;259
9898;259
9934;259
9971;259
10005;259
10038;259
10071;259
10104;259
10135;259
10168;259
10203;259
10235;259
10265;259
10298;259
10331;259
10368;259
10403;259
10438;263
10474;263
10508;263
10547;263
10580;263
10612;263
10645;263
10679;263
10711;263
10743;263
10775;263
10808;263
10840;263
10878;263
10907;263
10939;263
10977;263
11011;263
11046;263
11080;263
11111;263
11154;263
11188;263
11224;263
11260;263
11295;263
11327;263
11361;263
11393;263
11425;263
11461;263
11495;263
11526;263
11557;261
11588;261
11621;261
11656;261
11688;261
11719;258
11751;258
11791;258
11828;258
11860;258
11894;258
11926;258
11958;258
11992;258
12025;258
12057;258
12094;258
12128;258
12158;258
12190;260
12222;260
12253;260
12288;260
12320;260
12355;260
12388;260
12417;260
12453;260
12490;261
12527;261
12560;261
12593;261
12625;261
12659;261
12694;258
12726;258
12755;258
12788;258
12825;258
12860;258
12898;258
12931;258
12964;258
12997;258
13030;258
13064;258
13097;258
13130;258
13165;258
13200;258
13241;258
13275;259
13307;259
13344;259
13377;259
13409;259
13442;259
13476;259
13508;259
13540;259
13574;259
13607;259
13641;259
13678;259
13709;259
13743;259
13778;259
13810;259
13841;259
13880;259
13914;259
13949;259
13982;259
14012;259
14049;259
14081;260
14112;260
14145;260
14181;260
14213;260
14246;260
14281;260
14319;260
14354;260
14387;260
14422;260
14454;260
14486;260
14518;260
14554;260
14586;260
14620;260
14652;260
14684;260
14716;260
14753;260
14786;260
14818;260
14850;260
14882;260
14914;260
14951;260
14983;260
15017;260
15055;260
15086;260
15119;260
15154;260
15188;260
15222;260
15253;260
15286;260
15319;260
15358;260
15392;260
15424;260
15458;260
15490;260
15523;260
15554;260
15588;263
15624;263
15659;263
15694;263
15726;263
15762;263
15794;263
15828;263
15859;263
15891;263
15926;263
15957;263
15991;263
16022;263
16056;264
16095;264
16126;264
16158;264
16196;264
16232;264
16264;264
16299;264
16333;264
16368;264
16399;264
16429;264
16467;264
16503;264
16537;264
16570;264
16610;264
16645;264
16677;264
16709;264
16742;264
16777;264
16809;264
16842;264
16874;264
16913;264
16948;264
16982;264
17015;264
17047;264
17078;264
17129;264
17160;264
17205;264
17255;264
17305;264
17337;264
17377;264
17417;264
17447;264
17479;264
17511;264
17543;264
17574;264
17604;264
17636;264
17667;264
17699;264
17730;264
17763;264
17799;264
17830;263
17862;263
17900;263
17934;263
17966;263
17998;263
18029;263
18063;263
18094;263
18129;263
18160;263
18195;263
18232;263
18262;263
18292;263
18326;263
18366;263
18403;263
18437;263
18469;263
18510;263
18540;263
18575;263
18610;263
18659;263
18694;263
18732;263
18769;263
18802;263
18832;263
18860;263
18894;263
18928;263
18960;263
18990;263
19021;263
19059;263
19092;263
19125;263
19157;263
19190;263
19240;263
19277;263
19308;263
19340;263
19377;263
19408;263
19438;264
19470;264
19501;264
19534;264
19565;264
19597;264
19628;264
19660;264
19691;261
19722;261
19754;261
19788;261
19827;261
19859;261
19891;261
19933;261
19963;261
19993;261
20027;261
20061;261
20093;261
20124;261
20155;261
20203;261
20239;261
20272;261
20304;261
20334;261
20366;261
20401;261
20437;261
20470;261
20503;261
20536;260
20576;260
20609;260
20640;260
20673;260
20712;260
20742;260
20775;260
20813;260
20843;260
20876;260
20906;260
20937;260
20968;260
20999;260
21033;261
21067;261
21100;261
21131;261
21168;261
21199;261
21233;261
21265;261
21295;261
21327;261
21367;261
21401;261
21440;261
21492;261
21552;260
21587;260
21622;260
21656;260
21687;260
21734;260
21773;260
21805;260
21836;260
21867;260
21899;260
21930;260
21963;260
22001;260
22037;260
22078;260
22108;260
22140;260
22172;260
22203;260
22235;260
22266;260
22297;260
22344;260
22376;260
22411;260
22447;260
22480;260
22515;260
22550;260
22587;260
22625;260
22656;260
22686;260
22718;260
22750;260
22781;260
22812;260
22843;260
22876;260
22911;260
22945;263
22978;263
23013;263
23046;263
23081;262
23114;262
23145;262
23176;263
23206;263
23243;264
23294;264
23325;264
23356;264
23390;264
23421;264
23452;264
23484;264
23516;264
23551;264
23580;264
23611;264
23646;264
23678;264
23710;264
23741;264
23771;264
23802;264
23839;264
23871;264
23905;264
23936;264
23968;264
24009;264
24041;264
24073;263
24106;263
24143;263
24173;263
24207;263
24239;263
24292;263
24327;265
24374;265
24413;265
24475;265
24506;265
24544;265
24577;265
24609;265
24644;265
24675;265
24709;265
24740;265
24774;265
24831;265
24862;265
24893;265
24924;265
24958;265
24990;265
25024;265
25057;265
25087;265
25118;265
25151;265
25183;265
25214;265
25251;265
25283;265
25314;265
25346;265
25389;265
25420;265
25451;265
25488;265
25522;265
25554;265
25587;265
25618;265
25652;265
25685;265
25716;265
25750;265
25785;265
25816;265
25846;265
25878;265
25911;265
25945;265
25989;265
26021;265
26050;265
26083;265
26114;265
26146;265
26178;265
26208;265
26239;265
26270;265
26303;265
26335;265
26383;265
26418;265
26449;265
26480;265
26513;265
26546;265
26584;265
26616;265
26648;265
26681;263
26717;263
26751;263
26781;263
26818;263
26854;263
26890;263
26927;263
26958;263
26992;263
27022;263
27055;263
27090;263
27124;263
27160;263
27197;263
27231;263
27269;263
27301;263
27334;263
27367;263
27401;263
27430;263
27467;266
27502;266
27540;266
27573;266
27611;266
27643;266
27673;266
27711;266
27746;263
27778;263
27811;263
27844;263
27873;263
27928;263
27959;263
27989;263
28021;263
28054;263
28088;262
28120;262
28157;262
28191;262
28228;262
28262;262
28302;262
28336;262
28374;262
28405;262
28440;262
28478;262
28511;262
28544;262
28576;262
28613;262
28645;262
28678;262
28715;262
28747;262
28778;262
28809;262
28840;262
28871;262
28912;262
28947;262
28981;262
29013;258
29045;258
29077;258
29110;258
29137;258
29168;258
29200;258
29232;258
29266;258
29299;258
29331;258
29363;258
29396;258
29444;258
29486;258
29516;258
29546;258
29576;258
29608;258
29641;258
29671;258
29706;258
29737;258
29768;258
29799;258
29836;258
29865;258
29896;258
29927;258
29959;258
29991;258
30022;258
30054;258
30087;258
30124;258
30164;258
30203;258
30252;258
30284;258
30316;258
30346;258
30387;258
30419;258
30450;258
30481;258
30522;258
30553;258
30589;258
30623;258
30655;258
30689;258
30723;259
30758;259
30789;259
30821;259
30860;259
30889;259
30923;259
30952;259
31003;259
31038;259
31071;259
31104;259
31138;259
31172;259
31203;259
31234;259
31273;259
31306;259
31342;259
31376;259
31409;259
31448;259
31482;259
31516;259
31548;259
31576;259
31606;259
31638;259
31670;259
31708;259
31739;259
31770;259
31801;259
31833;259
31865;259
31900;259
31930;259
31960;259
31990;259
32022;259
32057;259
32087;259
32118;259
32158;259
32193;259
32223;259
32255;259
32286;259
32317;259
32355;259
32385;259
32417;259
32458;259
32490;259
32539;259
32573;259
32614;259
32646;259
32677;259
32708;259
32738;259
32769;259
32807;259
32837;259
32868;259
32902;259
32936;259
32968;259
32999;259
33032;260
33066;260
33098;260
33135;260
33167;260
33200;260
33229;260
33262;260
33294;260
33330;260
33361;260
33392;260
33425;260
33461;260
33494;260
33528;260
33563;260
33598;260
33629;260
33660;260
33692;260
33726;260
33760;260
33792;260
33824;260
33858;260
33889;260
33920;260
33951;260
33991;260
34026;260
34071;260
34106;260
34136;260
34167;260
34198;260
34229;260
34263;260
34304;260
34345;260
34375;260
34406;260
34438;260
34469;260
34504;260
34535;260
34565;260
34596;260
34634;260
34665;260
34695;260
34730;260
34761;260
34798;260
34829;260
34860;260
34891;260
34922;260
34957;260
34989;260
35020;260
35052;260
35087;260
35119;260
35152;260
35184;260
35215;260
35246;260
35278;260
35315;260
35346;260
35378;260
35410;260
35442;260
35473;260
35507;260
35537;260
35569;260
35603;260
35635;260
35665;260
35697;260
35729;260
35766;260
35798;260
35830;260
35861;260
35895;260
35930;260
35963;260
36002;260
36033;260
36071;260
36102;260
36141;260
36177;260
36212;260
36242;260
36273;260
36308;260
36346;260
36382;260
36416;260
36451;260
36483;260
36514;260
36545;260
36581;260
36612;260
36642;260
36674;260
36715;260
36744;260
36775;260
36806;260
36837;260
36868;260
36900;260
36931;260
36968;260
36999;260
37032;260
37072;260
37104;260
37140;260
37174;260
37205;260
37236;260
37270;260
37308;260
37345;260
37380;260
37410;260
37449;260
37479;260
37511;260
37543;260
37574;260
37609;260
37641;260
37675;260
37708;260
37740;260
37775;260
37807;260
37840;260
37872;260
37904;260
37939;260
37974;260
38007;260
38040;260
38072;260
38107;260
38144;260
38183;260
38215;260
38250;260
38284;260
38323;260
38357;260
38389;260
38421;260
38452;260
38485;260
38516;260
38548;260
38579;260
38610;260
38642;260
38690;259
38722;259
38754;259
38788;259
38819;259
38852;259
38886;259
38915;259
38950;259
38981;259
39013;259
39045;259
39076;259
39109;259
39141;259
39173;259
39205;259
39235;259
39267;259
39309;259
39360;259
39397;259
39431;259
39463;259
39507;259
39541;259
39570;259
39604;259
39634;259
39666;259
39697;259
39729;259
39763;259
39797;259
39830;259
39865;259
39899;260
39931;260
39962;260
39994;260
40026;260
40060;260
40100;260
40132;260
40162;260
40208;260
40245;260
40277;260
40311;260
40343;260
40375;260
40416;260
40447;260
40480;260
40515;260
40546;260
40577;260
40609;260
40649;260
40681;260
40720;260
40751;260
40785;260
40818;260
40858;260
40891;260
40922;260
40959;260
40994;260
41025;260
41059;260
41090;260
41122;260
41160;260
41192;260
41223;260
41255;260
41291;260
41337;260
41387;260
41420;260
41452;260
41485;260
41516;260
41549;260
41583;260
41618;260
41650;260
41682;260
41713;260
41768;260
41799;260
41834;260
41869;260
41900;260
41930;260
41961;260
41995;260
42028;260
42060;260
42092;260
42132;260
42163;260
42195;260
42236;260
42267;260
42299;260
42330;260
42368;260
42400;260
42431;260
42469;260
42501;260
42532;260
42563;260
42595;260
42627;260
42659;260
42693;260
42725;260
42759;260
42794;260
42832;260
42861;260
42894;260
42928;260
42961;260
42997;260
43032;260
43067;260
43104;260
43138;260
43172;260
43204;260
43236;259
43282;259
43356;259
43403;259
43436;259
43471;259
43507;259
43543;259
43575;259
43613;259
43645;259
43679;259
43709;259
43740;259
43775;259
43808;259
43839;259
43874;259
43908;259
43944;259
43973;259
44003;259
44034;259
44065;259
44100;259
44132;259
44168;259
44199;259
44231;259
44263;259
44295;259
44331;259
44365;259
44396;259
44429;259
44465;259
44499;260
44530;260
44560;260
44597;260
44629;260
44663;260
44693;260
44728;260
44759;260
44794;260
44830;260
44865;260
44899;260
44930;260
44960;260
44991;259
45036;259
45074;259
45105;259
45137;259
45167;259
45199;259
45237;259
45269;259
45301;259
45335;259
45371;259
45405;259
45443;259
45475;259
45506;259
45543;259
45574;259
45606;259
45638;259
45673;259
45704;259
45735;259
45768;259
45800;259
45835;259
45879;259
45914;259
45948;259
45979;259
46011;259
46042;259
46073;259
46104;259
46136;259
46170;259
46210;259
46245;260
46282;260
46316;260
46348;260
46387;260
46419;260
46450;260
46482;260
46514;260
46545;260
46582;260
46613;260
46646;260
46679;260
46715;260
46749;260
46781;260
46813;260
46846;260
46881;260
46912;260
46944;260
46976;260
47014;260
47045;260
47083;260
47115;260
47148;260
47180;260
47210;260
47248;260
47278;260
47309;260
47341;260
47378;260
47443;260
47495;260
47539;260
47604;260
47635;260
47666;260
47695;260
47726;260
47756;260
47787;260
47821;260
47852;260
47895;260
47928;260
47959;260
47997;260
48027;260
48059;260
48091;260
48122;260
48155;260
48186;260
48218;260
48251;260
48283;260
48316;260
48348;260
48383;260
48415;260
48450;260
48484;260
48517;260
48550;260
48582;260
48612;260
48646;256
48680;256
48712;256
48743;256
48790;256
48841;256
48904;256
48955;256
48991;256
49028;256
49065;256
49114;256
49172;256
49204;256
49235;256
49267;256
49303;256
49341;256
49375;256
49408;256
49447;256
49479;256
49511;256
49544;256
49581;256
49613;256
49643;256
49682;256
49715;256
49745;256
49789;256
49820;256
49852;256
49886;256
49918;256
49953;256
49994;256
50026;256
50058;256
50091;256
50122;256
50153;256
50184;256
50218;256
50250;256
50284;256
50315;256
50345;256
50378;256
50417;256
50452;256
50486;256
50518;256
50551;256
50584;256
50617;256
50650;256
50685;256
50715;256
50749;256
50786;256
50823;256
50856;256
50891;256
50922;256
50974;256
51006;256
51039;256
51073;256
51108;256
51142;256
51176;257
51210;257
51241;257
51279;257
51317;257
51351;257
51386;257
51419;257
51451;257
51484;257
51519;257
51552;257
51588;257
51620;257
51651;257
51686;257
51719;257
51755;257
51790;257
51826;257
51858;257
51888;257
51920;257
51954;257
51990;257
52022;257
52053;257
52089;257
52120;257
52151;257
52182;257
52214;257
52244;257
52275;257
52307;257
52338;257
52369;257
52403;257
52438;257
52472;257
52520;257
52552;257
52583;257
52614;257
52647;257
52684;257
52718;257
52751;257
52782;257
52814;257
52849;257
52882;257
52914;257
52945;257
52981;257
53016;257
53051;257
53081;256
53111;256
53142;256
53174;256
53207;256
53237;256
53269;256
53305;256
53338;256
53380;256
53414;256
53447;256
53478;256
53510;256
53542;256
53580;256
53622;256
53653;256
53683;256
53714;256
53748;256
53787;256
53823;256
53864;256
53904;256
53936;256
53971;256
54002;256
54037;256
54071;256
54111;256
54143;256
54178;256
54212;256
54242;256
54275;256
54307;256
54346;256
54378;256
54415;256
54452;256
54483;256
54518;256
54551;256
54582;256
54616;256
54650;256
54681;256
54713;256
54748;256
54786;256
54820;256
54850;256
54888;256
54921;256
54953;256
54989;256
55023;256
55054;256
55087;256
55126;256
55159;256
55195;256
55228;256
55264;256
55297;256
55329;256
55366;256
55404;256
55439;256
55471;256
55505;256
55537;256
55592;256
55623;256
55658;256
55689;256
55723;256
55759;256
55789;256
55823;256
55858;256
55894;256
55929;256
55963;256
56004;256
56035;256
56069;256
56100;256
56133;256
56168;256
56202;256
56237;256
56272;256
56303;256
56340;256
56373;256
56405;256
56436;256
56469;256
56507;256
56540;256
56577;256
56609;256
56644;256
56679;256
56709;256
56739;256
56769;256
56801;256
56834;256
56865;256
56898;256
56932;256
56968;256
57004;256
57049;256
57081;256
57129;256
57162;256
57195;256
57227;256
57258;256
57289;256
57320;256
57353;256
57388;256
57425;256
57457;256
57492;256
57526;256
57557;256
57588;256
57622;256
57656;256
57690;256
57723;256
57755;256
