179;235
291;237
390;237
500;237
595;237
670;237
739;237
820;237
900;238
965;238
1041;238
1115;238
1190;237
1296;237
1391;237
1483;237
1588;237
1660;237
1727;237
1794;237
1861;237
1932;237
2028;237
2097;237
2180;237
2246;237
2308;237
2367;237
2435;237
2495;237
2565;237
2637;237
2699;237
2781;237
2882;237
2961;237
3037;237
3122;237
3209;237
3294;237
3365;237
3434;237
3516;237
3573;237
3631;237
3697;237
3756;237
3815;236
3900;236
3960;236
4024;236
4081;236
4152;236
4211;236
4269;236
4377;236
4436;236
4494;236
4557;236
4618;236
4685;236
4751;236
4818;236
4876;236
4934;236
4992;236
5057;236
5114;236
5194;236
5267;236
5324;236
5385;236
5454;236
5539;236
5614;236
5693;236
5763;236
5850;236
5936;236
5997;236
6058;236
6124;236
6190;236
6257;236
6319;236
6388;236
6448;236
6507;236
6573;236
6639;236
6698;236
6771;236
6843;236
6903;236
6976;236
7035;236
7101;236
7156;235
7233;235
7290;235
7356;235
7430;237
7497;237
7555;237
7617;237
7676;237
7734;237
7804;237
7863;237
7925;237
7985;237
8042;237
8099;237
8156;237
8226;237
8284;237
8350;237
8409;237
8478;237
8544;237
8609;237
8669;237
8734;237
8796;237
8861;237
8945;237
9027;237
9093;239
9152;239
9216;239
9273;239
9332;239
9397;239
9454;239
9513;239
9572;239
9630;239
9700;239
9763;239
9819;239
9890;239
9959;239
10021;239
10091;239
10148;239
10216;239
10273;239
10338;239
10413;239
10471;239
10546;239
10610;239
10668;239
10728;239
10787;239
10848;239
10913;239
10982;239
11037;239
11102;239
11158;239
11223;239
11283;239
11344;239
11403;239
11468;239
11543;239
11608;239
11665;239
11746;239
11810;239
11870;239
11940;239
12000;239
12075;239
12143;239
12201;239
12259;238
12318;238
12378;238
12444;238
12501;237
12557;237
12623;237
12692;237
12750;237
12815;237
12896;237
12954;237
13015;237
13072;237
13132;237
13192;237
13260;237
13318;237
13399;237
13458;237
13514;237
13575;237
13651;237
13721;237
13788;237
13859;237
13921;237
13980;237
14044;237
14101;237
14158;237
14221;237
14295;237
14355;237
14413;237
14472;237
14543;237
14608;237
14667;237
14724;237
14785;237
14843;237
14900;237
14967;237
15026;237
15082;237
15157;237
15245;237
15303;237
15396;237
15450;236
15507;236
15573;236
15630;236
15688;236
15745;236
15812;236
15886;236
15950;236
16025;236
16085;236
16144;236
16202;236
16269;236
16337;236
16391;236
16448;236
16504;236
16573;236
16631;236
16704;236
16764;236
16824;236
16889;236
16948;236
17006;236
17063;236
17120;237
17185;237
17255;237
17310;237
17367;237
17424;237
17483;237
17553;237
17610;237
17667;237
17727;237
17799;237
17864;237
17925;237
17988;237
18053;237
18117;237
18171;237
18259;237
18318;237
18388;237
18445;237
18502;237
18559;237
18629;237
18695;237
18752;237
18808;237
18866;237
18922;237
18985;237
19049;237
19115;237
19174;237
19244;237
19301;237
19358;237
19415;237
19486;237
19555;237
19617;237
19673;237
19738;237
19809;237
19874;237
19960;237
20018;237
20075;237
20132;237
20196;237
20280;237
20338;237
20395;237
20454;237
20514;237
20574;238
20633;238
20697;238
20768;238
20829;238
20889;238
20954;238
21019;238
21085;237
21159;237
21221;237
21286;237
21358;237
21427;237
21500;237
21557;236
21617;236
21689;236
21747;236
21813;236
21874;236
21940;236
22016;236
22073;236
22130;236
22187;236
22249;236
22306;236
22363;236
22429;236
22490;236
22546;236
22609;236
22671;236
22728;236
22787;236
22863;236
22922;236
22988;236
23047;236
23104;236
23161;236
23226;236
23287;236
23346;236
23405;236
23471;236
23528;236
23602;236
23661;236
23726;236
23787;236
23844;236
23905;236
23990;236
24046;236
24104;236
24164;236
24231;236
24292;236
24352;236
24429;236
24488;236
24543;236
24602;236
24660;236
24719;236
24777;236
24836;236
24896;236
24955;236
25022;236
25081;236
25143;236
25207;236
25269;236
25343;236
25409;236
25484;236
25546;236
25606;236
25679;236
25743;236
25801;236
25859;236
25919;236
25982;236
26045;236
26108;236
26166;236
26228;236
26312;236
26368;236
26424;236
26483;236
26546;236
26601;236
26659;236
26716;236
26778;236
26837;236
26896;236
26969;236
27025;236
27081;237
27149;237
27209;237
27275;237
27332;237
27409;237
27469;237
27526;237
27586;237
27643;237
27698;237
27763;237
27820;237
27883;237
27939;237
28030;237
28095;237
28152;237
28216;237
28281;237
28344;236
28403;236
28460;236
28525;236
28602;236
28656;236
28711;236
28767;236
28824;236
28881;236
28944;236
29010;236
29074;236
29132;236
29221;236
29277;236
29346;236
29415;236
29476;236
29525;236
29582;236
29638;236
29703;236
29761;236
29825;236
29893;236
29960;236
30042;236
30097;236
30153;236
30213;236
30277;236
30336;236
30405;236
30461;236
30529;236
30588;236
30657;236
30711;236
30780;236
30845;236
30910;236
30966;236
31026;236
31085;236
31143;236
31210;236
31269;236
31327;236
31386;236
31466;236
31521;236
31606;236
31665;236
31724;236
31781;236
31837;236
31902;236
31966;236
32035;236
32095;236
32159;236
32225;236
32289;236
32353;236
32418;236
32484;236
32539;236
32603;236
32660;236
32717;236
32776;236
32833;236
32889;236
32945;236
33003;236
33062;236
33120;236
33178;236
33236;236
33295;236
33352;236
33418;236
33472;236
33529;236
33591;236
33647;236
33706;236
33771;236
33852;236
33922;236
33982;236
34045;236
34101;236
34166;236
34224;236
34281;236
34340;236
34409;236
34464;236
34522;236
34590;236
34664;236
34720;236
34776;236
34832;236
34888;236
34945;236
35003;236
35069;236
35136;236
35198;236
35254;236
35311;236
35367;236
35437;236
35521;236
35597;236
35675;236
35732;236
35809;236
35869;235
35929;235
35986;235
36049;235
36107;235
36171;235
36231;235
36296;235
36361;235
36428;235
36492;235
36551;235
36608;235
36686;235
36768;234
36841;234
36907;234
36961;234
37020;234
37077;234
37133;234
37189;234
37260;234
37316;234
37372;236
37450;236
37508;236
37580;236
37645;236
37714;236
37771;236
37830;236
37894;236
37961;234
38016;234
38073;235
38129;235
38202;235
38260;235
38326;235
38383;235
38442;235
38508;235
38565;235
38623;235
38678;235
38742;235
38803;235
38863;235
38927;235
38986;235
39044;235
39099;235
39157;235
39215;235
39273;235
39329;235
39388;235
39444;235
39501;235
39565;235
39625;235
39683;235
39741;235
39799;235
39855;235
39915;235
39982;235
40049;235
40108;235
40164;235
40223;235
40282;235
40338;235
40398;235
40456;235
40539;235
40603;235
40685;235
40743;235
40799;235
40860;235
40921;235
40989;235
41045;235
41113;235
41204;235
41266;235
41347;235
41404;235
41462;235
41528;235
41584;235
41643;235
41704;235
41767;234
41835;234
41913;234
41967;234
42032;234
42112;234
42181;234
42239;234
42297;234
42353;234
42415;234
42472;234
42528;234
42585;234
42647;234
42704;234
42784;234
42846;234
42901;234
42957;234
43018;234
43074;234
43131;234
43189;234
43248;234
43304;234
43360;234
43419;234
43478;234
43537;234
43601;234
43674;234
43730;234
43786;234
43857;234
43916;234
43981;234
44040;234
44101;234
44158;234
44219;234
44276;234
44336;234
44401;234
44458;234
44531;234
44604;235
44660;235
44717;235
44775;235
44833;235
44892;235
44959;235
45014;235
45070;235
45128;235
45185;235
45247;235
45305;235
45363;235
45426;235
45482;235
45538;235
45607;235
45663;235
45732;235
45788;235
45864;235
45923;235
45984;235
46058;233
46116;233
46180;233
46241;233
46300;233
46357;233
46413;233
46469;233
46529;233
46591;233
46647;233
46704;233
46762;233
46821;233
46880;233
46945;233
47015;233
47081;233
47148;233
47208;233
47266;233
47326;233
47394;233
47454;233
47513;233
47587;233
47643;233
47699;233
47758;233
47826;233
47886;233
47951;233
48011;233
48089;233
48160;233
48216;233
48277;233
48334;233
48412;233
48469;233
48529;233
48593;233
48652;233
48709;233
48767;233
48823;233
48882;233
48941;233
49008;233
49066;233
49122;233
49181;233
49259;233
49318;233
49377;233
49434;233
49491;233
49560;233
49620;233
49685;233
49744;233
49808;233
49878;233
49934;233
49990;233
50049;233
50128;233
50193;233
50259;233
50323;233
50383;233
50443;233
50524;233
50581;233
50639;233
50698;233
50759;233
50819;233
50877;233
50933;233
50992;233
51049;233
51108;233
51164;233
51223;233
51293;233
51351;233
51413;233
51471;233
51538;233
51590;233
51654;233
51718;233
51774;233
51838;233
51895;233
51960;233
52026;233
52084;233
52144;233
52202;233
52260;234
52324;234
52396;234
52454;234
52519;234
52578;234
52637;234
52692;234
52751;234
52810;234
52869;234
52939;234
52995;234
53061;234
53116;234
53173;234
53236;234
53352;234
53454;234
53552;234
53636;234
53693;234
53749;234
53814;234
53871;234
53945;234
54002;234
54062;234
54135;234
54201;234
54259;234
54321;234
54383;234
54446;234
54509;234
54575;234
54628;234
54683;234
54741;234
54805;234
54865;234
54920;234
54980;234
55057;234
55116;234
55181;234
55241;234
55307;234
55365;234
55436;234
55508;234
55566;234
55636;234
55692;234
55748;234
55804;234
55860;234
55925;234
55983;234
56043;234
56102;234
56196;234
56254;234
56310;234
56369;234
56438;234
56497;234
56571;234
56628;234
56693;234
56749;234
56817;234
56876;234
56934;234
56993;234
57051;234
57121;234
57188;234
57244;234
57310;234
57366;234
57429;234
57484;234
57542;234
57599;234
57657;234
57714;234
57771;234
57829;234
57903;234
57987;234
58052;234
58109;234
58193;235
58250;235
58315;235
58380;235
58438;235
58494;235
58563;235
58639;235
58713;235
58772;235
58827;235
58892;235
58953;235
59018;236
59074;236
59150;236
59269;236
59393;236
59479;236
59559;236
59616;236
59692;236
59748;236
59809;236
59881;236
59938;236
59996;236
60052;236
60109;236
60179;236
60249;236
60308;236
60365;236
60450;236
60523;236
60579;236
60638;236
60699;236
60756;236
60815;236
60874;236
60933;236
60997;236
61057;236
61131;236
61191;236
61252;236
61309;236
61365;236
61432;236
61495;236
61559;236
61622;236
61681;236
61751;236
61824;236
61889;236
61947;236
62012;236
62077;236
62152;236
62231;236
62290;236
62347;236
62404;236
62459;236
62528;236
62597;236
62652;236
62726;236
62803;236
62886;236
62943;236
62998;236
63072;236
63128;236
63185;236
63245;236
63305;236
63372;236
63431;236
63493;236
63552;236
63607;236
63672;236
63742;236
63806;236
63870;236
63941;236
64003;236
64068;236
64127;236
64186;236
64256;236
64315;236
64385;236
64442;236
64507;236
64579;236
64636;236
64697;236
64760;236
64828;235
64885;235
64944;235
65001;235
65058;235
65131;235
65190;235
65260;235
65327;235
65386;235
65444;235
65501;235
65561;235
65618;235
65678;235
65735;235
65804;235
65868;235
65932;235
65997;235
66054;235
66116;235
66174;235
66234;235
66297;235
66365;235
66428;235
66484;235
66540;235
66596;235
66653;235
66710;235
66779;235
66842;235
66898;235
66957;235
67031;235
67089;235
67146;235
67209;235
67272;235
67344;235
67401;235
67456;235
67512;235
67569;235
67644;235
67725;235
67790;235
67850;235
67906;235
67962;235
68018;235
68074;235
68130;235
68193;235
68253;235
68310;235
68375;235
68431;235
68489;235
68546;235
68604;235
68668;235
68728;235
68789;235
68856;235
68920;235
68977;235
69034;235
69108;235
69170;235
69231;235
69289;235
69345;235
69408;235
69465;235
69525;235
69598;235
69663;235
69725;235
69782;235
69841;235
69899;235
69958;235
70027;235
70084;235
70157;235
70220;235
70310;235
70370;235
70429;235
70485;235
70558;235
70620;235
70680;235
70739;235
70804;235
70887;235
70941;235
71000;235
71064;235
71129;235
71200;235
71258;235
71322;235
71387;235
71448;235
71505;235
71564;235
71628;235
71685;235
71744;235
71807;235
71864;235
71957;235
72014;235
72070;235
72126;235
72185;235
72250;235
72307;235
72364;235
72450;235
72509;235
72585;235
72643;235
72699;235
72764;235
72822;235
72888;235
72961;235
73021;235
73081;235
73151;235
73218;235
73276;235
73338;235
73396;235
73462;235
73527;235
73588;235
73644;235
73708;235
73767;235
73826;235
73901;235
73958;235
74014;235
74070;235
74127;235
74204;235
74265;235
74323;235
74382;235
74452;235
74508;235
74566;235
74623;235
74680;235
74753;235
74817;235
74887;235
74946;235
75005;235
75064;235
75125;235
75183;235
75254;235
75323;235
75384;235
75453;235
75509;235
75562;235
75622;235
75680;235
75737;235
75810;235
75883;235
75955;235
76029;235
76094;235
76162;235
76221;235
76282;235
76343;235
76416;235
76478;235
76552;235
76610;235
76674;235
76730;235
76797;235
76852;235
76916;235
76972;235
77030;235
77088;235
77145;235
77206;235
77263;235
77320;235
77376;235
77434;235
77507;235
77575;235
77629;235
77687;235
77743;235
77805;235
77874;235
77944;233
78011;233
78068;233
78125;233
78183;233
78251;233
78309;233
78366;233
78474;233
78529;233
78589;233
78655;233
78712;233
78776;233
78835;233
78900;233
78959;233
79021;233
79079;233
79138;233
79196;233
79271;233
79338;233
79402;233
79465;233
79526;233
79589;233
79646;233
79706;233
79780;233
79838;233
79898;233
79979;233
80048;233
80108;233
80163;233
80231;233
80291;233
80351;233
80409;233
80465;233
80539;233
80595;233
80654;233
80719;233
80780;233
80845;233
80900;233
80958;233
81016;233
81084;233
81158;233
81214;233
81272;233
81334;233
81399;233
81463;234
81522;234
81585;234
81640;234
81704;234
81762;234
81819;234
81876;234
81933;234
81998;234
82064;234
82135;234
82201;234
82284;234
82342;234
82399;234
82456;234
82512;234
82572;234
82650;234
82716;234
82776;234
82835;234
82895;234
82957;234
83012;234
83068;234
83139;234
83201;234
83259;234
83328;234
83384;234
83444;234
83503;234
83562;234
83620;234
83679;234
83744;234
83828;234
83889;234
83948;234
84014;234
84072;234
84134;234
84198;234
84255;234
84315;234
84377;234
84433;234
84498;234
84557;234
84626;234
84686;234
84753;234
84811;234
84880;234
84939;234
85009;234
85065;234
85122;234
85182;234
85268;234
85331;234
85404;234
85469;234
85528;234
85599;234
85658;234
85722;234
85781;234
85850;234
85907;234
85980;234
86036;234
86095;234
86152;235
86212;235
86272;235
86337;235
86392;234
86461;234
86518;234
86575;234
86639;234
86713;234
86794;234
86856;234
86911;234
86975;234
87032;234
87088;234
87144;234
87204;234
87265;234
87323;234
87383;234
87439;234
87497;234
87553;234
87613;234
87678;234
87743;234
87811;234
87867;234
87923;234
87983;234
88040;234
88097;234
88155;234
88215;234
88280;234
88333;234
88392;234
88456;234
88513;234
88572;234
88630;234
88687;234
88756;234
88818;234
88882;234
88941;234
89006;234
89065;234
89122;234
89210;234
89276;234
89336;234
89412;234
89470;234
89529;234
89587;234
89646;234
89703;234
89763;234
89823;234
89881;234
89945;234
90002;234
90069;234
90124;234
90180;234
90240;234
90300;234
90361;234
90424;234
90494;234
90552;234
90626;234
90690;234
90772;234
90845;234
90913;234
90974;234
91049;234
91106;234
91162;234
91221;234
91277;234
91338;234
91403;234
91468;234
91527;234
91604;234
91660;234
91719;234
91781;234
91847;234
91910;234
91966;234
92025;234
92083;234
92144;234
92222;235
92281;235
92342;235
92401;235
92460;235
92518;235
92576;235
92645;235
92702;235
92764;235
92829;235
92885;235
92943;235
93002;235
93067;235
93121;235
93179;235
93236;235
93303;235
93375;235
93438;235
93496;235
93561;235
93635;235
93694;235
93753;235
93809;235
93865;235
93929;235
93988;235
94044;235
94103;235
94160;235
94221;235
94277;235
94358;235
94434;235
94494;235
94558;235
94618;235
94677;235
94734;235
94791;235
94859;235
94925;235
94984;235
95039;235
95098;235
95158;235
95238;235
95304;235
95360;235
95420;235
95492;235
95555;235
95611;235
95685;235
95741;235
95806;235
95889;235
95951;235
96008;235
96064;235
96123;235
96181;235
96240;235
96306;235
96419;235
96484;235
96542;235
96598;235
96665;235
96730;235
96803;235
96863;235
96923;235
96990;235
97055;235
97112;235
97169;235
97237;235
97306;235
97366;235
97425;235
97481;235
97537;235
97600;235
97656;235
97713;235
97769;235
97827;235
97910;235
97965;235
98037;235
98102;235
98180;235
98238;235
98297;235
98382;235
98441;235
98510;235
98570;235
98635;235
98692;235
98748;235
98813;235
98882;235
98954;235
99010;235
99068;235
99141;235
99199;235
99256;235
99315;235
99374;235
99458;235
99529;235
99591;235
99662;235
99718;235
99782;235
99839;235
99898;235
99962;235
100030;235
100089;235
100150;235
100213;235
100278;235
100336;235
100411;235
100476;235
100535;235
100596;235
100653;235
100718;235
100791;235
100859;235
100923;235
100984;235
101048;235
101118;235
101194;235
101250;235
101309;235
101368;235
101427;235
101491;235
101552;235
101608;235
101665;235
101721;235
101780;235
101839;235
101897;235
101952;235
102018;235
102076;235
102153;235
102224;235
102282;235
102338;235
102404;235
102468;235
102529;235
102587;235
102645;235
102702;235
102761;235
102821;235
102895;235
102962;235
103021;235
103080;235
103144;235
103202;235
103272;235
103336;235
103395;235
103453;235
103523;235
103586;235
103645;235
103711;235
103774;235
103830;235
103889;235
103945;235
104002;235
104061;235
104118;235
104183;235
104250;235
104320;235
104379;235
104454;235
104509;235
104582;235
104638;235
104695;235
104770;235
104831;235
104890;235
104946;235
105002;235
105060;235
105120;235
105175;235
