177;2968
250;2820
336;2698
395;2670
471;2653
519;2579
558;2421
631;2398
678;2158
716;2158
763;2089
804;1967
866;1827
906;1827
985;1741
1026;1706
1086;1659
1138;1659
1184;1650
1222;1644
1257;1644
1313;1562
1355;1522
1428;1451
1481;1439
1540;1344
1593;1344
1634;1308
1672;1308
1709;1308
1748;1308
1793;1308
1837;1308
1877;1298
1914;1298
1953;1298
1998;1298
2039;1282
2079;1110
2117;1106
2188;992
2224;992
2260;992
2296;992
2331;992
2375;908
2409;908
2444;908
2482;908
2516;859
2560;859
2601;860
2637;860
2671;860
2704;860
2745;856
2783;856
2818;856
2855;856
2889;856
2924;856
2960;856
3000;856
3038;856
3079;822
3118;822
3152;822
3198;822
3248;822
3302;821
3350;817
3399;817
3458;815
3513;815
3558;815
3606;815
3656;814
3705;814
3759;814
3800;814
3838;665
3868;665
3902;658
3936;658
3967;542
4005;542
4033;542
4064;479
4094;484
4130;484
4162;484
4196;484
4226;484
4263;484
4294;484
4338;452
4372;451
4406;451
4437;451
4467;451
4499;451
4537;451
4573;451
4611;451
4643;452
4673;452
4705;452
4745;452
4776;452
4809;452
4841;452
4872;452
4904;452
4934;452
4964;452
4997;452
5029;452
5060;452
5089;372
5123;372
5153;372
5185;372
5219;372
5250;372
5280;371
5312;327
5344;325
5375;325
5417;325
5451;325
5481;325
5515;325
5553;294
5587;294
5622;273
5653;273
5684;273
5728;270
5774;270
5819;270
5872;267
5924;267
5971;267
6015;267
6064;267
6107;267
6138;267
6169;267
6201;267
6231;267
6272;267
6304;267
6335;267
6369;270
6399;270
6430;270
6460;270
6490;270
6521;270
6551;270
6585;270
6616;270
6654;270
6685;270
6718;270
6752;270
6783;270
6816;270
6847;270
6878;270
6915;270
6947;270
6984;270
7025;270
7056;270
7086;270
7121;270
7153;270
7185;270
7216;270
7247;270
7284;269
7314;269
7347;269
7384;269
7414;269
7444;269
7477;269
7507;269
7539;269
7574;270
7605;270
7636;270
7666;270
7697;270
7729;270
7759;270
7790;270
7821;270
7855;270
7886;270
7918;270
7948;270
7979;270
8016;270
8058;270
8088;270
8119;270
8154;270
8184;270
8218;270
8249;270
8291;270
8322;270
8358;270
8390;270
8422;270
8453;270
8493;270
8523;270
8555;270
8585;270
8615;270
8646;270
8677;270
8707;270
8743;270
8777;270
8807;270
8837;270
8868;270
8898;270
8928;270
8962;270
8996;270
9027;270
9062;270
9098;270
9144;270
9176;270
9207;270
9241;270
9272;270
9306;270
9338;270
9369;270
9401;270
9431;270
9463;270
9501;270
9533;270
9565;269
9602;269
9636;269
9667;269
9704;269
9738;269
9769;269
9799;269
9829;269
9859;269
9892;269
9922;264
9955;264
9987;264
10019;264
10053;264
10084;264
10116;264
10147;264
10179;264
10211;264
10249;264
10291;264
10322;264
10356;264
10390;264
10424;264
10456;264
10497;264
10527;264
10562;264
10597;264
10627;264
10662;264
10696;264
10727;264
10765;264
10796;264
10828;266
10867;263
10908;263
10939;263
10980;263
11014;263
11045;263
11076;263
11104;263
11134;263
11172;263
11203;263
11238;263
11272;263
11303;263
11332;263
11371;263
11402;263
11436;263
11467;263
11497;264
11529;264
11562;264
11595;264
11625;264
11656;264
11688;264
11719;264
11750;264
11784;264
11814;264
11845;264
11884;264
11915;264
11948;264
11982;261
12023;261
12054;261
12085;261
12117;261
12155;261
12185;261
12216;261
12248;261
12279;261
12312;261
12343;261
12379;261
12413;261
12443;261
12474;260
12505;260
12541;260
12571;260
12602;260
12633;260
12667;260
12698;260
12729;260
12762;260
12794;260
12827;260
12860;260
12892;260
12925;260
12956;260
12994;263
13026;263
13057;263
13095;264
13128;264
13159;264
13189;264
13225;264
13258;264
13292;261
13322;261
13353;261
13383;261
13414;261
13444;261
13474;261
13505;261
13536;261
13566;261
13597;261
13629;261
13661;261
13692;261
13723;261
13754;261
13785;261
13818;261
13850;261
13886;261
13920;261
13952;261
13990;261
14025;261
14057;261
14088;261
14122;261
14168;261
14199;261
14229;261
14260;261
14291;261
14321;261
14351;261
14381;261
14415;261
14444;261
14475;261
14505;261
14539;261
14569;261
14600;261
14633;261
14668;261
14702;261
14732;261
14764;261
14795;261
14829;261
14859;261
14891;261
14923;261
14956;261
14987;261
15018;261
15049;261
15079;261
15109;261
15139;261
15171;261
15201;261
15234;261
15264;261
15297;261
15327;261
15359;261
15389;261
15422;261
15453;261
15488;261
15519;261
15559;261
15590;261
15625;261
15660;261
15690;261
15721;261
15752;261
15790;261
15826;261
15856;261
15886;261
15919;261
15952;261
15982;261
16013;261
16049;261
16082;261
16111;261
16141;261
16174;261
16207;261
16242;261
16272;261
16301;261
16334;261
16370;261
16400;261
16430;261
16460;261
16491;261
16521;261
16552;261
16582;261
16623;261
16657;261
16686;261
16715;261
16754;261
16784;261
16817;261
16847;261
16878;261
16910;261
16940;261
16971;261
17000;261
17030;261
17061;261
17094;261
17125;261
17158;261
17191;261
17221;261
17253;261
17287;261
17323;261
17353;261
17385;261
17419;261
17453;261
17486;261
17519;261
17549;261
17586;261
17622;261
17654;261
17688;261
17719;261
17754;261
17783;261
17813;261
17843;261
17875;261
17905;261
17935;261
17974;261
18005;261
18038;261
18070;261
18100;261
18130;261
18162;261
18192;261
18226;261
18256;261
18289;261
18319;261
18349;261
18379;261
18409;261
18440;261
18473;261
18502;261
18533;261
18564;261
18600;261
18631;261
18664;261
18703;261
18734;261
18765;261
18795;261
18823;261
18853;261
18883;261
18914;261
18949;261
18979;261
19012;261
19042;261
19071;261
19101;261
19134;261
19171;261
19200;261
19232;261
19263;261
19292;261
19332;261
19365;261
19398;261
19431;261
19460;261
19488;261
19519;261
19552;261
19583;261
19618;261
19648;261
19677;261
19707;261
19740;261
19775;261
19812;261
19850;261
19887;261
19921;261
19954;261
19988;261
20029;261
20060;261
20091;261
20123;261
20154;261
20185;261
20215;261
20248;261
20285;261
20321;261
20354;261
20383;261
20412;261
20443;261
20476;261
20506;261
20536;261
20565;261
20594;261
20628;261
20663;261
20717;261
20765;261
20810;261
20842;261
20872;261
20901;261
20931;261
20962;261
21000;261
21029;261
21059;261
21092;261
21122;261
21157;261
21190;261
21220;261
21250;261
21280;261
21309;261
21339;261
21372;261
21407;261
21436;261
21465;261
21495;261
21526;261
21556;261
21593;261
21629;261
21665;261
21697;261
21724;261
21754;261
21785;261
21817;261
21848;261
21878;261
21908;261
21939;261
21969;261
22001;261
22034;261
22063;261
22094;261
22125;261
22156;261
22188;261
22222;261
22251;261
22285;261
22318;261
22348;261
22387;261
22422;261
22452;261
22482;261
22511;262
22547;262
22577;262
22612;262
22642;262
22672;262
22705;262
22743;262
22773;262
22803;262
22832;262
22862;262
22892;262
22925;262
22952;262
22985;262
23015;262
23065;262
23096;262
23125;262
23155;262
23188;262
23226;262
23262;262
23292;262
23321;262
23356;262
23389;262
23422;262
23452;262
23498;262
23529;262
23560;262
23593;262
23623;262
23654;262
23684;262
23713;262
23753;262
23788;262
23820;262
23854;262
23884;262
23915;262
23944;262
23974;262
24007;262
24037;262
24066;262
24098;262
24129;262
24159;262
24191;262
24222;262
24252;262
24284;262
24317;262
24348;262
24378;262
24411;262
24441;262
24471;262
24500;262
24530;262
24563;262
24592;262
24622;262
24651;262
24681;262
24715;262
24748;262
24777;262
24808;262
24842;262
24879;262
24909;262
24942;262
24979;262
25008;262
25037;262
25067;262
25097;262
25127;261
25160;261
25195;261
25226;261
25255;261
25285;262
25314;262
25349;262
25392;262
25425;262
25455;262
25487;262
25517;262
25550;262
25584;262
25620;262
25649;262
25682;262
25712;262
25742;262
25774;262
25810;262
25843;262
25873;262
25903;262
25933;262
25963;262
25996;262
26029;262
26059;262
26089;262
26118;262
26153;262
26183;261
26213;261
26242;261
26275;261
26304;261
26337;261
26370;261
26400;261
26437;261
26477;261
26506;262
26539;262
26568;262
26602;262
26641;262
26674;262
26703;262
26733;262
26771;262
26806;262
26839;262
26875;262
26909;262
26942;262
26972;262
27002;262
27032;262
27063;262
27094;262
27126;262
27156;262
27192;262
27225;262
27254;262
27283;262
27316;262
27346;262
27376;262
27411;262
27441;262
27474;262
27507;262
27537;262
27566;262
27600;262
27634;262
27667;262
27701;262
27730;262
27763;262
27795;262
27828;262
27861;262
27894;262
27923;262
27956;262
27985;262
28018;262
28048;262
28078;262
28112;262
28141;262
28171;262
28201;262
28236;262
28269;261
28305;261
28338;261
28366;261
28399;261
28444;261
28478;261
28511;261
28540;261
28570;261
28599;261
28629;261
28658;261
28691;261
28723;261
28755;261
28786;261
28820;261
28853;261
28882;261
28917;261
28956;261
28989;261
29019;261
29049;261
29079;261
29109;261
29142;261
29175;261
29204;261
29237;261
29272;261
29310;261
29344;261
29377;261
29407;261
29439;261
29469;261
29500;261
29529;258
29558;258
29588;258
29618;258
29651;258
29682;258
29714;258
29745;258
29778;258
29814;258
29851;258
29881;258
29914;258
29949;258
29982;258
30013;258
30040;258
30070;258
30099;258
30128;258
30159;258
30190;258
30226;258
30261;258
30291;258
30322;258
30351;258
30388;258
30417;258
30447;258
30477;258
30509;258
30540;258
30569;258
30602;258
30635;258
30665;258
30698;258
30728;258
30761;258
30792;258
30825;258
30854;258
30883;258
30916;258
30946;258
30978;258
31007;258
31037;258
31068;258
31099;258
31129;258
31163;258
31196;258
31226;258
31257;258
31286;258
31317;258
31352;258
31382;258
31413;258
31444;258
31474;258
31506;258
31548;258
31582;258
31612;258
31643;258
31675;258
31714;258
31744;258
31774;258
31803;258
31834;258
31871;258
31901;258
31931;258
31962;258
31992;258
32030;258
32062;258
32099;258
32139;258
32185;258
32239;258
32329;258
32389;258
32424;258
32454;258
32484;258
32514;258
32550;258
32579;258
32615;258
32645;258
32678;258
32707;258
32737;258
32767;258
32797;258
32827;258
32857;258
32888;258
32918;257
32952;257
32982;257
33013;257
33047;257
33078;257
33115;257
33146;257
33177;257
33208;257
33239;257
33270;257
33303;257
33337;257
33366;257
33396;257
33426;257
33457;257
33489;257
33521;257
33550;257
33579;257
33612;257
33647;257
33677;257
33710;257
33745;257
33775;257
33804;257
33838;257
33867;257
33900;257
33931;257
33961;257
33998;256
34031;256
34061;256
34094;256
34123;256
34157;256
34187;256
34218;256
34247;256
34277;256
34310;256
34346;256
34377;256
34412;256
34441;256
34471;256
34502;256
34532;256
34564;256
34595;256
34625;256
34655;256
34690;256
34723;256
34752;256
34782;256
34815;256
34848;256
34882;256
34911;256
34940;256
34972;256
35017;256
35064;256
35107;256
35145;256
35185;256
35227;256
35269;256
35315;256
35346;256
35376;256
35407;256
35437;256
35467;256
35496;256
35535;256
35574;256
35613;256
35653;256
35700;256
35752;256
35796;256
35838;256
35882;256
35929;256
35963;256
35993;256
36027;256
36057;256
36088;256
36124;256
36156;256
36185;256
36224;256
36252;256
36289;256
36327;256
36365;256
36404;256
36439;256
36475;256
36514;256
36557;256
36605;256
36656;256
36703;256
36754;256
36799;256
36845;256
36910;256
36967;256
37016;256
37066;256
37112;256
37156;256
37204;256
37252;256
37300;256
37345;256
37396;256
37434;256
37463;256
37499;256
37532;256
37561;256
37592;256
37640;256
37672;256
37700;256
37736;256
37765;256
37796;256
37832;256
37863;256
37898;256
37932;256
37966;256
37999;256
38030;256
38062;256
38093;256
38122;256
38153;256
38182;256
38212;256
38245;256
38280;256
38313;256
38345;256
38386;256
38442;256
38490;256
38525;256
38596;256
38644;256
38704;256
38769;256
38828;256
38870;256
38900;256
38929;256
38960;256
38997;256
39028;256
39059;256
39093;256
39139;256
39206;256
39254;256
39332;256
39380;256
39421;256
39468;256
39515;256
39560;256
39595;256
39625;256
39655;256
39688;256
39718;256
39754;256
39784;256
39815;256
39848;256
39888;256
39919;256
39949;256
39983;256
40013;256
40043;256
40078;256
40112;256
40142;256
40177;256
40210;256
40244;256
40277;256
40307;256
40338;256
40369;256
40399;256
40428;256
40458;256
40487;256
40518;256
40551;256
40581;256
40617;256
40647;256
40684;256
40715;256
40746;256
40781;256
40814;256
40843;256
40872;256
40904;256
40934;256
40964;256
40993;256
41023;256
41052;256
41083;256
41112;256
41144;256
41174;256
41204;256
41233;256
41263;256
41292;256
41322;256
41353;256
41388;256
41420;256
41453;256
41496;256
41531;256
41564;256
41593;256
41623;256
41653;256
41685;256
41718;256
41748;256
41788;256
41833;256
41884;256
41931;256
41987;256
42034;256
42083;256
42143;256
42193;256
42240;256
42294;256
42339;256
42385;256
42423;256
42456;256
42487;256
42520;256
42551;256
42582;256
42612;256
42642;256
42672;256
42715;256
42755;256
42795;256
42839;256
42884;256
42932;256
42975;256
43032;256
43074;256
43118;256
43148;256
43179;256
43212;256
43242;256
43272;256
43303;256
43339;256
43368;256
43399;256
43429;256
43459;256
43492;256
43525;256
43555;256
43585;256
43625;256
43656;256
43686;256
43718;256
43761;256
43815;256
43882;256
43919;256
43957;256
43999;256
44030;256
44061;256
44092;256
44128;256
44160;256
44190;256
44220;256
44253;256
44286;256
44316;256
44360;256
44391;256
44422;256
44452;256
44485;256
44519;256
44550;256
44581;256
44612;256
44648;256
44679;256
44710;256
44740;256
44771;256
44801;256
44833;256
44867;256
44898;256
44928;256
44966;256
45001;256
45034;256
45067;256
45099;256
45132;256
45160;256
45190;256
45220;256
45261;256
45301;256
45334;256
45376;256
45407;256
45443;256
45479;256
45510;256
45544;256
45576;256
45621;256
45654;256
45692;256
45724;256
