119;261
250;261
343;261
418;261
503;261
548;261
590;261
639;261
690;261
735;261
780;261
824;261
875;260
933;260
1001;260
1066;260
1110;260
1150;260
1198;260
1238;260
1278;260
1315;260
1364;260
1402;260
1443;261
1483;261
1519;261
1559;261
1601;261
1639;261
1683;261
1745;261
1799;261
1852;261
1903;261
1956;261
2008;261
2063;261
2098;261
2134;261
2175;261
2213;261
2264;261
2313;261
2350;261
2385;261
2425;261
2468;261
2504;261
2541;261
2579;261
2621;261
2665;261
2706;261
2742;261
2781;261
2820;261
2852;261
2888;261
2921;261
2953;261
2985;261
3024;261
3056;261
3092;261
3130;261
3174;261
3223;261
3271;261
3319;261
3367;261
3414;261
3462;261
3512;260
3556;260
3594;260
3629;260
3665;260
3705;260
3739;260
3776;260
3811;260
3844;260
3877;260
3918;260
3954;260
3992;260
4025;260
4057;260
4090;260
4127;260
4160;260
4197;260
4237;260
4271;260
4309;260
4343;260
4387;260
4423;260
4455;260
4492;260
4527;260
4562;260
4598;260
4633;260
4668;260
4701;260
4736;260
4774;260
4809;260
4842;260
4882;260
4917;260
4950;260
4982;260
5016;260
5052;260
5087;260
5120;260
5159;260
5193;260
5241;260
5293;260
5344;260
5390;260
5437;260
5482;260
5539;260
5589;260
5638;260
5687;260
5740;260
5788;260
5835;260
5891;260
5932;260
5963;260
5994;260
6027;260
6062;260
6100;260
6133;260
6167;260
6201;260
6235;260
6272;260
6308;260
6353;260
6390;260
6424;260
6463;260
6499;260
6535;260
6580;260
6612;260
6646;260
6678;260
6711;262
6745;262
6779;262
6812;262
6854;262
6888;262
6922;262
6958;262
6993;259
7026;259
7066;259
7103;259
7135;259
7170;259
7210;259
7245;259
7279;259
7321;259
7356;259
7391;259
7427;259
7460;259
7493;259
7528;259
7563;259
7596;259
7629;259
7661;260
7706;260
7738;260
7779;260
7813;260
7851;260
7889;260
7923;260
7957;260
7989;260
8025;260
8058;260
8092;260
8125;260
8162;260
8195;260
8227;258
8261;258
8296;258
8330;258
8362;258
8398;258
8431;258
8475;258
8519;258
8555;258
8590;258
8622;258
8654;258
8690;258
8722;258
8757;258
8792;258
8834;258
8872;258
8905;258
8939;258
8974;258
9014;258
9047;258
9083;258
9124;258
9160;258
9196;258
9236;263
9268;263
9300;263
9335;263
9369;263
9406;263
9438;263
9479;263
9516;263
9551;263
9587;263
9616;263
9655;261
9688;261
9723;261
9759;261
9791;261
9824;261
9858;261
9891;261
9923;258
9964;262
9997;261
10038;261
10073;261
10117;261
10151;261
10186;261
10218;261
10260;261
10295;261
10329;261
10361;261
10394;260
10425;260
10459;260
10498;260
10531;260
10568;260
10601;260
10633;260
10670;259
10706;259
10742;259
10778;259
10810;259
10843;259
10874;259
10906;259
10942;259
10975;259
11009;259
11041;259
11074;259
11108;259
11145;259
11179;259
11216;259
11249;259
11284;259
11319;259
11353;259
11389;259
11421;259
11453;259
11488;259
11521;259
11554;259
11588;259
11628;259
11666;259
11701;259
11735;259
11766;259
11802;259
11837;259
11870;259
11902;259
11934;259
11969;259
11999;259
12033;259
12077;259
12109;259
12144;259
12177;259
12214;259
12246;259
12290;259
12324;259
12360;259
12394;259
12428;259
12463;259
12498;259
12533;262
12570;262
12602;262
12646;262
12678;262
12711;262
12742;262
12776;262
12810;262
12842;262
12875;262
12906;262
12938;262
12967;262
13000;262
13034;262
13068;262
13102;262
13136;262
13170;262
13205;262
13239;262
13270;262
13304;262
13339;262
13374;263
13410;263
13442;263
13478;263
13514;263
13547;261
13580;261
13613;261
13649;261
13680;261
13711;261
13745;261
13778;261
13811;261
13842;261
13878;261
13912;261
13944;261
13977;261
14014;261
14046;261
14077;261
14110;261
14142;263
14177;263
14216;263
14250;263
14287;263
14342;263
14378;263
14413;263
14449;263
14486;263
14523;263
14559;263
14594;263
14631;263
14666;263
14712;263
14746;263
14778;263
14811;263
14842;263
14879;263
14913;263
14945;263
14978;263
15012;263
15045;263
15077;263
15113;263
15148;263
15180;263
15212;263
15248;263
15284;263
15316;263
15348;263
15383;263
15414;263
15448;263
15485;263
15516;263
15546;263
15590;263
15620;263
15653;263
15697;263
15730;263
15766;263
15800;263
15831;263
15862;263
15897;263
15929;263
15965;263
15998;263
16034;263
16065;263
16097;263
16132;263
16167;263
16198;263
16233;263
16267;263
16304;263
16357;263
16393;263
16424;263
16460;263
16491;263
16522;263
16554;263
16592;263
16625;263
16664;263
16697;263
16731;263
16769;263
16802;263
16833;263
16873;263
16905;263
16939;263
16971;263
17006;263
17044;263
17081;263
17116;263
17150;263
17184;263
17220;263
17255;263
17290;263
17322;263
17358;263
17392;263
17426;263
17458;263
17489;263
17522;263
17554;263
17586;263
17621;263
17652;263
17683;261
17719;261
17751;261
17788;261
17822;261
17866;261
17899;261
17934;261
17978;261
18016;261
18047;261
18083;261
18116;261
18148;261
18181;261
18214;261
18254;261
18287;261
18330;261
18364;261
18396;261
18441;261
18474;261
18507;261
18550;261
18583;261
18618;261
18650;261
18687;261
18719;261
18752;261
18786;261
18820;261
18852;261
18888;261
18919;261
18950;261
18988;261
19020;261
19052;261
19084;261
19120;261
19153;261
19199;261
19234;261
19266;261
19303;261
19337;261
19371;260
19403;260
19435;260
19469;260
19502;260
19534;260
19565;260
19596;260
19634;257
19666;257
19700;257
19731;257
19764;257
19795;257
19828;257
19859;257
19907;257
19937;257
19968;257
20004;257
20039;257
20071;257
20103;257
20135;257
20173;257
20206;257
20238;258
20274;258
20308;258
20340;258
20375;258
20410;258
20442;258
20475;258
20507;258
20542;258
20573;258
20605;258
20643;258
20675;258
20708;258
20739;258
20771;258
20816;258
20855;258
20887;258
20923;258
20959;258
20998;258
21030;258
21063;258
21096;258
21132;258
21176;258
21208;258
21242;258
21274;258
21306;258
21337;258
21373;258
21410;258
21444;258
21477;258
21522;258
21557;258
21593;258
21627;258
21661;258
21693;258
21726;258
21764;258
21800;258
21832;258
21877;258
21929;258
21983;258
22038;258
22082;258
22113;258
22153;258
22187;258
22218;258
22249;258
22282;258
22316;258
22352;258
22388;258
22423;258
22457;258
22489;258
22522;258
22557;258
22601;258
22645;258
22678;258
22714;258
22746;258
22781;258
22813;258
22856;258
22886;258
22917;258
22949;258
22984;258
23023;258
23055;258
23089;258
23121;258
23154;258
23189;258
23222;258
23253;258
23285;258
23321;258
23353;258
23389;258
23420;258
23456;258
23489;258
23524;258
23556;258
23591;258
23621;258
23657;258
23689;258
23721;258
23757;258
23790;258
23821;258
23854;258
23890;258
23924;258
23961;258
23994;258
24024;258
24057;258
24087;258
24120;258
24154;258
24190;258
24221;258
24258;258
24292;258
24336;258
24377;258
24412;258
24445;258
24488;258
24520;258
24555;258
24590;258
24622;258
24667;258
24705;258
24738;258
24771;258
24802;260
24844;260
24875;260
24907;260
24941;260
24977;260
25012;260
25047;260
25082;260
25112;260
25145;260
25186;260
25221;260
25254;260
25285;260
25317;260
25363;260
25396;260
25429;260
25464;260
25499;260
25532;260
25563;260
25598;260
25630;260
25663;260
25697;260
25732;258
25762;258
25804;258
25834;258
25869;258
25900;258
25932;258
25963;258
25997;258
26035;258
26068;258
26102;258
26133;258
26165;258
26198;258
26235;257
26265;257
26304;257
26341;257
26377;257
26411;257
26444;257
26476;257
26508;257
26542;257
26574;257
26609;257
26642;257
26674;257
26710;257
26755;257
26787;257
26818;257
26849;257
26881;257
26917;257
26956;257
26992;260
27028;260
27058;260
27102;260
27135;260
27170;260
27204;260
27243;260
27273;260
27305;260
27340;263
27373;263
27407;263
27440;263
27470;263
27509;263
27545;263
27577;263
27629;263
27665;263
27696;263
27725;263
27755;263
27791;263
27824;263
27857;263
27892;263
27930;263
27962;263
27997;263
28029;263
28066;263
28097;263
28127;263
28159;263
28195;263
28235;263
28266;263
28299;263
28331;263
28364;263
28398;263
28431;263
28469;263
28507;263
28539;263
28578;263
28631;263
28691;263
28728;263
28761;263
28794;263
28824;263
28862;263
28894;263
28929;263
28968;263
29004;263
29042;263
29075;263
29114;263
29149;263
29185;263
29217;264
29250;264
29284;264
29315;264
29346;264
29379;264
29415;264
29470;264
29504;264
29539;264
29578;264
29610;264
29642;264
29677;264
29708;264
29740;262
29774;262
29806;262
29841;262
29872;262
29903;262
29941;262
29972;262
30006;262
30047;262
30079;262
30118;262
30150;262
30189;262
30222;262
30258;262
30294;262
30327;262
30365;262
30420;262
30451;262
30489;262
30527;262
30565;262
30599;262
30630;262
30668;259
30702;259
30733;259
30765;259
30800;259
30849;259
30888;259
30940;259
30985;259
31016;259
31046;259
31081;259
31114;259
31147;259
31178;259
31218;259
31250;259
31286;259
31318;259
31354;259
31388;259
31421;259
31456;259
31489;259
31524;259
31558;259
31594;259
31629;259
31665;259
31696;259
31730;259
31763;259
31798;259
31830;259
31868;259
31899;259
31936;259
31967;259
32007;259
32040;259
32074;259
32106;259
32138;259
32177;259
32210;259
32249;259
32286;259
32322;262
32355;262
32387;262
32438;262
32469;262
32503;262
32536;262
32568;262
32600;262
32639;262
32678;264
32717;264
32752;264
32783;264
32817;264
32850;264
32884;264
32916;264
32946;264
32977;264
33015;264
33047;264
33081;264
33113;264
33151;264
33188;264
33224;264
33271;264
33304;264
33339;264
33372;264
33406;264
33439;264
33473;264
33508;264
33544;264
33580;264
33612;264
33642;264
33674;264
33707;264
33745;264
33785;264
33816;264
33852;264
33886;264
33918;264
33953;264
33986;264
34022;264
34060;264
34100;264
34131;264
34163;264
34202;264
34240;263
34277;263
34321;263
34352;263
34386;263
34418;263
34451;263
34486;263
34523;263
34556;263
34591;263
34643;263
34676;263
34707;263
34749;263
34790;263
34820;263
34851;263
34883;263
34918;263
34950;263
34982;263
35014;263
35049;263
35082;263
35114;263
35146;263
35179;263
35220;263
35253;263
35291;260
35325;260
35357;260
35391;260
35426;260
35461;260
35496;260
35529;260
35567;260
35602;260
35636;260
35668;260
35700;260
35732;260
35767;260
35801;260
35833;260
35865;260
35897;260
35929;260
35960;260
35993;260
36025;260
36077;260
36123;260
36157;260
36189;260
36224;260
36257;260
36292;260
36327;260
36360;260
36392;260
36430;260
36466;260
36499;260
36535;260
36565;260
36599;260
36630;260
36665;260
36696;260
36726;260
36759;260
36791;260
36827;260
36865;260
36894;260
36924;260
36959;260
36990;260
37023;260
37055;260
37088;260
37123;260
37158;260
37192;260
37224;260
37264;260
37300;260
37336;260
37370;260
37406;261
37440;261
37471;261
37507;261
37537;261
37569;261
37608;261
37638;261
37669;266
37707;264
37738;264
37770;264
37804;264
37840;264
37871;264
37903;264
37938;264
37972;264
38008;264
38047;264
38082;264
38117;264
38159;264
38198;264
38233;264
38270;264
38306;265
38344;265
38380;265
38412;265
38450;265
38490;262
38521;262
38555;262
38588;262
38620;262
38654;262
38687;262
38720;262
38752;262
38788;262
38819;262
38852;262
38894;262
38929;262
38964;262
38996;262
39035;262
39064;262
39094;262
39125;262
39171;262
39204;262
39246;262
39281;262
39319;262
39358;262
39389;262
39421;262
39452;262
39490;262
39522;262
39556;262
39587;262
39623;262
39656;262
39686;262
39726;262
39760;262
39793;262
39824;262
39857;262
39893;262
39927;262
39960;262
39991;262
40024;262
40062;262
40101;262
40131;262
40166;262
40201;262
40233;262
40265;262
40297;262
40331;262
40363;262
40395;262
40430;262
40463;263
40498;263
40531;263
40563;263
40595;263
40623;263
40654;263
40686;263
40722;263
40755;263
40793;263
40825;263
40860;263
40892;263
40934;263
40967;263
40997;263
41032;263
41063;263
41099;263
41134;263
41167;263
41195;263
41230;263
41263;263
41299;263
41332;263
41364;263
41396;263
41427;263
41458;263
41492;263
41535;263
41567;263
41598;263
41629;263
41666;263
41711;263
41744;263
41783;263
41815;263
41847;263
41877;263
41909;263
41941;262
41973;262
42004;262
42045;262
42076;262
42107;262
42142;262
42175;262
42212;262
42251;262
42299;262
42331;262
42362;262
42394;262
42432;262
42487;262
42519;262
42553;262
42589;262
42618;257
42648;257
42679;257
42712;257
42747;257
42782;257
42819;257
42853;257
42886;257
42919;257
42950;257
42982;257
43012;257
43044;257
43080;257
43119;257
43156;257
43192;257
43236;257
43271;257
43303;257
43343;257
43375;257
43408;257
43440;257
43472;257
43507;257
43542;257
43582;257
43614;257
43648;257
43680;257
43720;257
43751;257
43783;257
43817;257
43852;257
43885;257
43915;257
43950;257
43985;257
44019;257
44055;257
44090;257
44119;257
44152;257
44184;257
44220;257
44255;257
44288;257
44320;257
44355;257
44388;257
44432;257
44465;257
44506;257
44538;257
44572;257
44603;257
44638;257
44671;257
44702;257
44733;257
44767;257
44799;257
44834;257
44867;257
44908;257
44941;257
44970;257
45003;257
45035;257
45064;257
45098;257
45129;257
45162;257
45201;257
45234;257
45268;257
45301;257
45339;257
45371;257
45407;257
45441;257
45484;257
45518;257
45549;257
45584;257
45617;257
45652;257
45689;257
45724;257
45756;257
45788;257
45820;257
45852;257
45885;257
45921;257
45956;257
45987;257
46024;257
46062;257
46100;257
46135;257
46171;257
46207;257
46239;257
46273;257
46305;257
46340;257
46371;257
46408;257
46435;257
46487;257
46527;257
46565;257
46604;257
46634;257
46667;257
46703;257
46736;257
46767;257
46797;257
46830;257
46866;257
46904;257
46935;257
46966;257
46998;257
47031;257
47068;257
47103;257
47146;257
47180;257
47215;257
47248;257
47281;257
47313;257
47353;257
47390;257
47426;257
47464;257
47496;257
47528;257
47559;257
47593;257
47632;257
47663;257
47700;257
47731;257
47765;257
47800;257
47835;257
47879;257
47914;257
47957;257
47993;257
48028;257
48059;257
48094;257
48127;257
48163;257
48196;257
48227;257
48258;257
48292;257
48326;257
48360;257
48394;257
48429;257
48468;257
48523;257
48558;257
48591;257
48623;257
48662;257
48697;257
48729;257
48760;257
48790;257
48828;257
48866;257
48898;257
48930;257
48965;257
48997;257
49029;257
49062;257
49091;257
49122;257
49156;257
49196;257
49243;257
49293;257
49328;257
49361;257
49400;257
49467;257
49501;257
49533;257
49563;257
49595;257
49630;257
49666;257
49701;257
49736;257
49766;257
49802;257
49838;257
49870;257
49902;257
49938;257
49972;257
50007;257
50038;257
50070;257
50101;257
50135;257
50169;257
50201;257
50235;257
50271;257
50304;257
50336;257
50368;257
50401;257
50435;257
50467;257
50499;257
50535;257
50566;257
50617;257
50675;257
50737;257
50773;257
50810;257
50845;257
50896;257
50956;257
50991;257
51024;257
51067;257
51099;257
51139;257
51177;257
51209;257
51241;257
51275;257
51315;257
51345;257
51381;257
51416;257
51448;257
51485;257
51519;257
51549;257
51582;257
51617;257
51649;257
51681;257
51715;257
51748;257
51779;257
51811;257
51845;257
51884;257
51916;257
51954;257
51986;257
52017;257
52052;257
52084;257
52115;257
52148;257
52179;257
52223;257
52262;257
52293;257
52326;257
52359;257
52395;257
52429;257
52465;257
52509;257
52547;257
52585;257
52617;257
52658;257
52692;257
52728;257
52760;257
52796;257
52828;257
52859;257
52897;257
52927;257
52958;257
52994;257
53031;257
53067;257
53100;257
53134;257
53166;257
53204;257
53237;257
53274;257
53304;257
53340;257
53371;257
53405;257
53436;257
53467;257
53500;257
53560;257
53592;257
53624;257
53663;257
53695;257
53727;257
53766;257
53798;257
53830;257
53861;257
53894;257
53930;257
53969;257
54001;257
54034;257
54071;257
54105;257
54139;257
54172;257
54210;257
54242;257
54271;257
54307;257
54339;257
54377;257
54411;257
54444;257
54475;257
54510;257
54547;257
54582;257
54616;257
54655;257
54693;257
54725;257
54756;257
54787;257
54819;257
54859;257
54890;257
54923;257
54955;257
54989;257
55029;257
55062;257
55093;257
55128;257
55161;257
55201;257
55236;257
55270;257
55302;257
55336;257
55366;257
55401;257
55437;257
55472;257
55503;257
55536;257
55567;257
55603;257
55635;257
55668;257
55703;257
55731;257
55764;257
55800;257
55831;257
55860;257
55892;257
55927;257
55960;257
55993;257
56025;257
56055;257
56089;257
56123;257
56158;257
56193;257
56226;257
56256;257
56288;257
56322;257
56354;257
56397;257
56436;257
56472;257
56507;257
56547;257
56577;257
56625;257
56656;256
56689;256
56729;256
56763;256
56798;256
56829;256
56861;256
56894;256
56927;256
56958;256
56989;256
57022;256
57055;256
57086;256
57117;256
57167;256
57208;256
57243;256
57277;256
57307;256
57338;256
57372;256
57403;256
57434;256
57469;256
57501;256
57536;256
57571;256
57613;256
57654;256
57693;256
57728;256
57760;256
57792;256
57825;256
57859;256
57897;256
57930;256
57963;256
57996;256
58027;256
58058;256
58090;256
58124;256
58158;256
58195;256
58230;256
58269;256
58301;256
58332;256
58366;256
58409;256
58442;256
58474;256
58511;256
58547;256
58579;256
58614;256
58644;256
58675;256
58704;256
58738;256
58773;256
58806;256
58842;256
58878;256
58920;256
58950;256
