217;235
338;235
417;235
536;235
665;235
786;235
879;235
951;236
1047;236
1116;236
1185;236
1253;236
1321;236
1425;236
1520;236
1620;236
1725;236
1800;236
1868;236
1945;236
2021;236
2091;236
2170;236
2252;236
2333;236
2398;236
2461;236
2531;236
2593;236
2670;236
2738;236
2799;236
2863;236
2942;236
3031;236
3123;236
3212;236
3309;236
3407;236
3512;236
3599;236
3660;236
3723;236
3784;236
3857;236
3920;236
3986;236
4048;236
4129;236
4190;236
4251;236
4315;236
4379;236
4453;236
4515;236
4579;236
4665;236
4726;236
4790;236
4858;236
4928;236
4991;236
5071;236
5134;236
5196;236
5264;236
5326;236
5399;236
5470;236
5535;236
5611;236
5672;236
5739;235
5816;235
5894;235
5963;235
6036;235
6098;235
6161;235
6231;235
6300;235
6377;235
6444;236
6507;237
6584;237
6645;237
6709;237
6771;237
6833;237
6894;237
6996;237
7096;237
7167;237
7258;237
7358;237
7434;237
7494;238
7561;238
7623;238
7705;238
7769;238
7838;238
7899;238
7971;238
8041;238
8103;238
8173;238
8237;238
8300;238
8380;238
8445;238
8508;238
8590;238
8673;238
8739;238
8802;238
8864;238
8930;238
8991;238
9051;238
9113;238
9174;238
9239;238
9335;238
9425;238
9506;238
9569;238
9630;238
9705;238
9766;238
9829;238
9890;238
9960;238
10023;238
10101;238
10172;238
10242;238
10351;238
10417;238
10500;238
10570;238
10629;238
10705;238
10769;238
10849;238
10910;238
10986;238
11056;238
11118;238
11181;238
11252;238
11313;238
11377;238
11441;238
11521;237
11586;237
11648;237
11719;237
11790;237
11859;237
11920;237
11982;237
12042;237
12103;237
12168;237
12247;237
12312;237
12382;237
12455;237
12570;237
12646;237
12717;237
12787;237
12856;237
12920;237
12989;237
13059;237
13123;237
13189;237
13251;237
13329;237
13399;237
13458;237
13522;237
13595;237
13656;237
13717;237
13790;237
13854;237
13914;237
13975;237
14036;237
14107;237
14168;237
14238;237
14302;237
14363;237
14426;237
14568;237
14646;237
14711;237
14776;237
14839;237
14929;237
14996;237
15065;237
15126;237
15193;237
15256;237
15321;237
15403;237
15464;237
15525;237
15606;237
15678;237
15747;237
15815;237
15886;237
15947;237
16014;237
16087;236
16147;236
16206;236
16275;236
16347;236
16419;236
16513;236
16594;236
16659;236
16722;236
16786;236
16863;236
16925;236
16996;236
17058;236
17119;236
17180;236
17243;236
17304;236
17384;236
17447;236
17515;236
17578;236
17656;236
17716;236
17787;236
17851;236
17914;236
17978;236
18041;236
18104;236
18168;236
18232;236
18304;236
18366;236
18443;236
18530;236
18595;236
18666;236
18736;236
18811;236
18870;236
18929;236
18989;236
19061;236
19127;236
19192;236
19262;236
19326;236
19396;236
19457;236
19517;236
19579;236
19669;236
19735;236
19807;236
19877;236
19950;236
20020;236
20088;236
20157;236
20219;236
20281;236
20359;236
20423;236
20500;236
20606;236
20669;236
20730;236
20801;236
20876;236
20939;236
21008;236
21084;236
21154;236
21214;236
21274;236
21337;236
21401;236
21477;236
21546;236
21606;236
21668;236
21739;236
21802;236
21873;236
21938;236
22000;236
22063;236
22125;237
22190;237
22251;236
22322;236
22386;236
22456;236
22535;236
22630;236
22689;236
22777;236
22836;236
22898;236
22979;236
23053;235
23115;235
23178;235
23240;235
23311;235
23375;235
23451;235
23514;235
23577;235
23640;235
23708;235
23777;235
23843;235
23917;235
23977;235
24056;235
24117;235
24178;235
24241;235
24304;235
24367;235
24430;235
24491;235
24599;235
24662;235
24724;235
24792;235
24854;235
24916;235
24975;235
25038;235
25107;235
25172;235
25235;235
25307;235
25372;235
25433;235
25497;235
25559;235
25620;236
25695;236
25757;236
25824;236
25885;236
25946;236
26009;236
26080;236
26141;236
26211;236
26275;236
26338;236
26399;236
26468;236
26528;237
26622;237
26685;237
26755;237
26814;236
26902;236
26962;236
27023;236
27085;236
27156;236
27237;236
27309;236
27373;236
27444;236
27504;236
27572;236
27644;236
27725;236
27784;236
27843;236
27924;236
27985;236
28047;236
28107;236
28170;236
28250;236
28311;236
28381;236
28445;236
28513;236
28577;236
28642;236
28703;236
28766;236
28828;236
28887;236
28957;236
29018;236
29081;236
29153;236
29216;236
29278;236
29337;236
29410;236
29468;236
29528;235
29597;235
29658;235
29720;235
29790;235
29854;235
29914;235
29983;235
30043;235
30107;235
30176;235
30240;235
30298;235
30365;235
30425;235
30486;235
30555;235
30621;235
30687;235
30761;235
30821;235
30891;235
30956;235
31018;235
31077;235
31156;235
31224;235
31286;235
31349;235
31412;235
31472;235
31533;235
31594;235
31660;235
31719;235
31781;235
31841;235
31909;235
31972;235
32042;235
32103;235
32164;235
32226;235
32294;237
32358;237
32425;237
32487;237
32558;237
32632;237
32693;237
32756;238
32816;238
32889;237
32963;237
33036;237
33096;237
33155;237
33227;237
33286;237
33346;237
33406;237
33466;237
33526;237
33604;237
33662;237
33738;237
33796;237
33865;237
33924;237
33988;237
34052;237
34114;237
34175;237
34247;237
34301;237
34359;237
34430;237
34490;237
34553;237
34627;237
34688;237
34758;237
34817;237
34879;237
34937;237
34999;236
35057;236
35120;236
35185;236
35264;236
35334;236
35393;236
35466;236
35528;236
35591;236
35660;236
35731;236
35802;236
35870;236
35934;236
36003;236
36059;236
36118;236
36186;236
36272;236
36341;236
36411;236
36471;236
36534;236
36597;236
36659;237
36719;237
36781;237
36840;237
36912;237
36981;237
37039;237
37098;237
37167;237
37237;237
37298;237
37359;237
37422;237
37498;237
37569;237
37628;237
37690;237
37762;237
37823;237
37894;237
37951;237
38013;237
38073;236
38131;236
38192;236
38280;235
38355;235
38417;235
38478;235
38539;235
38626;235
38714;235
38784;235
38849;235
38912;235
38982;235
39039;235
39099;235
39159;235
39218;235
39280;235
39340;235
39415;235
39475;235
39538;235
39613;235
39683;235
39744;235
39814;235
39878;235
39947;235
40013;235
40072;235
40131;235
40191;235
40250;235
40314;235
40384;235
40445;235
40509;235
40569;235
40643;235
40732;235
40793;235
40863;235
40956;235
41044;235
41108;235
41176;235
41236;235
41299;235
41376;235
41437;235
41500;235
41560;235
41629;235
41692;235
41768;235
41830;235
41898;235
41969;235
42031;235
42095;235
42164;235
42222;235
42286;235
42347;236
42407;236
42470;236
42531;236
42608;236
42698;236
42776;236
42839;236
42916;236
42977;236
43054;236
43141;236
43200;236
43260;236
43323;236
43392;236
43460;236
43529;236
43591;236
43658;236
43716;236
43775;236
43834;236
43893;236
43956;236
44034;236
44099;236
44160;236
44220;236
44281;236
44341;236
44407;236
44481;236
44540;236
44607;236
44701;236
44768;236
44825;236
44897;236
44965;236
45031;236
45093;236
45157;236
45231;236
45293;236
45351;236
45413;236
45480;236
45543;236
45621;236
45681;236
45758;236
45819;236
45881;236
45957;236
46021;236
46088;236
46156;236
46218;236
46287;235
46366;235
46429;235
46498;235
46558;235
46633;235
46697;235
46758;235
46818;235
46878;235
46939;235
47001;235
47061;235
47125;235
47184;236
47261;236
47318;235
47377;235
47436;236
47494;236
47557;236
47627;236
47691;236
47760;236
47823;236
47897;236
47957;236
48026;236
48094;236
48164;236
48225;236
48290;236
48352;236
48418;236
48494;236
48563;236
48623;236
48683;236
48756;238
48827;238
48890;238
48982;238
49060;238
49124;238
49184;238
49243;238
49331;238
49392;238
49456;238
49522;238
49588;238
49653;238
49713;237
49775;237
49836;237
49904;237
49966;237
50026;237
50092;237
50160;237
50220;237
50279;237
50339;237
50401;237
50475;237
50538;237
50618;237
50692;237
50754;237
50824;237
50894;237
50952;237
51011;237
51075;237
51142;237
51204;237
51262;237
51330;237
51404;237
51491;237
51552;237
51624;237
51685;237
51747;237
51808;237
51870;237
51930;237
51993;237
52053;237
52139;237
52207;237
52269;237
52328;237
52397;237
52461;237
52520;237
52582;237
52643;237
52711;237
52778;237
52851;237
52919;237
52980;237
53041;237
53099;237
53159;237
53220;237
53289;237
53356;237
53414;237
53474;237
53536;237
53595;237
53671;237
53738;237
53798;237
53873;237
53931;237
53989;237
54051;237
54109;237
54170;237
54233;237
54304;237
54365;237
54425;237
54484;237
54550;237
54611;237
54684;237
54745;237
54805;237
54866;237
54936;237
55000;237
55060;236
55130;236
55219;236
55288;236
55355;236
55414;236
55478;236
55538;236
55612;236
55672;236
55733;236
55821;236
55886;236
55945;236
56006;236
56067;236
56138;236
56201;236
56271;236
56336;236
56397;236
56464;236
56533;236
56594;236
56674;236
56757;236
56822;236
56882;236
56944;236
57005;236
57077;236
57145;236
57217;236
57276;236
57335;237
57409;237
57480;237
57543;237
57612;237
57682;237
57742;237
57818;237
57880;237
57957;237
58032;237
58093;237
58159;237
58217;237
58277;237
58340;237
58399;237
58461;237
58536;237
58597;237
58663;237
58726;237
58814;237
58883;237
58943;237
59003;238
59066;238
59140;238
59211;238
59284;238
59343;238
59420;238
59490;238
59555;238
59635;238
59700;238
59774;238
59838;238
59898;238
59959;238
60020;238
60090;238
60162;238
60226;238
60296;238
60370;240
60431;240
60498;240
60558;240
60644;240
60753;240
60857;240
60931;240
61001;240
61062;240
61138;240
61197;240
61258;240
61328;240
61405;240
61465;240
61527;240
61608;240
61672;240
61736;240
61797;240
61862;240
61931;240
61989;240
62050;240
62111;240
62187;240
62249;240
62309;240
62371;240
62441;240
62509;240
62580;240
62643;240
62704;240
62764;241
62827;241
62892;241
62956;241
63028;241
63098;241
63180;241
63242;241
63302;241
63360;241
63420;241
63482;241
63545;241
63616;241
63686;241
63747;242
63810;242
63882;242
63950;242
64018;242
64078;241
64139;241
64209;241
64270;241
64339;241
64405;241
64470;241
64537;241
64599;241
64660;241
64730;241
64792;241
64855;241
64934;241
64997;241
65059;241
65120;241
65187;241
65265;241
65335;241
65395;241
65475;241
65543;241
65602;241
65663;241
65723;241
65792;241
65852;241
65912;241
65975;241
66054;241
66112;241
66197;241
66256;241
66333;240
66401;240
66462;240
66522;240
66586;240
66658;240
66720;239
66788;239
66852;239
66958;238
67069;238
67201;238
67285;238
67363;236
67421;236
67483;236
67547;236
67607;236
67681;236
67746;236
67816;236
67877;236
67938;236
67999;236
68059;236
68129;236
68189;236
68249;236
68317;236
68376;236
68444;236
68520;236
68596;236
68668;236
68738;236
68799;236
68869;236
68931;236
69006;236
69074;236
69141;236
69203;236
69263;236
69324;236
69398;236
69459;236
69527;236
69589;236
69650;236
69720;236
69780;236
69843;236
69904;236
69973;236
70040;236
70098;236
70161;236
70224;236
70288;236
70346;236
70408;236
70466;236
70527;236
70610;236
70670;236
70737;236
70800;236
70871;236
70945;236
71032;236
71092;236
71152;236
71215;236
71306;236
71365;236
71424;236
71485;236
71544;236
71607;236
71669;236
71744;236
71804;236
71896;236
71959;236
72020;236
72084;236
72147;236
72207;236
72269;236
72332;236
72403;236
72470;236
72529;236
72588;236
72646;236
72706;236
72767;236
72832;236
72896;236
72957;236
73019;236
73096;236
73164;236
73223;236
73284;236
73346;236
73407;236
73468;236
73530;236
73594;236
73659;236
73719;236
73786;236
73847;236
73920;236
73978;236
74046;236
74105;236
74180;236
74241;236
74303;236
74364;236
74424;236
74484;236
74549;236
74839;236
74916;236
74977;236
75036;236
75097;236
75177;236
75278;236
75348;236
75408;236
75470;236
75535;236
75599;236
75668;236
75739;236
75807;236
75885;236
75943;236
76001;236
76079;236
76139;236
76228;236
76288;236
76347;236
76410;236
76469;236
76532;236
76608;236
76703;236
76773;236
76843;236
76952;236
77013;236
77074;235
77151;235
77221;235
77283;235
77343;235
77422;235
77510;235
77576;235
77665;235
77725;235
77786;235
77848;235
77912;235
77972;235
78034;235
78103;235
78164;235
78226;235
78288;235
78358;235
78427;235
78487;235
78557;235
78619;235
78680;237
78740;237
78800;237
78873;237
78940;237
79064;237
79345;237
79471;237
79539;237
79599;237
79657;237
79727;237
79791;237
79855;237
79917;237
79980;237
80049;237
80111;237
80179;237
80240;237
80300;237
80388;237
80449;237
80524;237
80589;237
80699;237
80760;237
80819;237
80881;237
80941;237
81004;237
81064;237
81125;237
81196;237
81260;237
81322;237
81382;237
81457;237
81519;237
81581;237
81657;237
81718;237
81779;237
81841;237
81925;237
82200;237
82360;237
82437;237
82496;237
82564;237
82639;237
82701;237
82767;237
82840;237
82903;237
82964;237
83025;237
83086;237
83147;237
83207;237
83278;237
83340;237
83410;237
83470;237
83548;237
83608;237
83670;237
83734;237
83802;237
83871;237
83942;237
84003;237
84063;237
84152;237
84212;237
84272;237
84330;237
84392;237
84462;237
84524;237
84585;237
84645;237
84704;237
84765;237
84827;237
84891;237
84954;237
85016;237
85091;237
85165;237
85228;237
85286;237
85351;237
85410;237
85474;237
85545;237
85607;237
85670;237
85745;237
85806;237
85897;237
85960;237
86020;237
86080;238
86149;238
86211;238
86281;238
86351;238
86419;238
86487;238
86557;238
86619;238
86692;238
86755;238
86818;238
86881;238
86961;238
87024;238
87095;238
87157;238
87218;238
87288;238
87348;238
87433;238
87504;238
87566;238
87629;238
87698;238
87768;238
87831;238
87891;238
87949;238
88007;238
88066;238
88127;237
88190;237
88264;237
88338;237
88416;237
88479;237
88541;237
88600;237
88667;237
88727;237
88810;237
88872;237
88956;237
89027;237
89090;237
89162;237
89223;237
89285;237
89342;237
89402;237
89475;237
89537;237
89611;237
89672;237
89732;237
89794;237
89854;237
89914;237
89974;237
90036;237
90106;237
90165;237
90235;237
90297;237
90360;237
90422;237
90488;237
90560;237
90622;237
90684;237
90746;237
90807;237
90869;237
90932;237
91025;237
91088;237
91150;237
91222;237
91283;237
91348;237
91412;237
91481;237
91547;237
91608;237
91669;237
91727;237
91787;237
91848;237
91912;237
91984;237
92061;237
92122;237
92197;237
92276;237
92336;237
92405;237
92480;237
92551;237
92630;237
92707;237
92768;237
92829;237
92907;237
92997;237
93072;237
93133;237
93212;237
93275;237
93344;237
93413;237
93481;237
93542;237
93619;237
93680;237
93740;237
93807;237
93868;237
93929;237
93990;237
94068;237
94137;237
94197;237
94258;237
94318;235
94378;235
94439;235
94498;235
94578;235
94640;235
94702;235
94765;234
94827;234
94888;234
94956;234
95020;234
95082;234
95144;234
95209;234
95270;234
95334;234
95397;234
95466;234
95526;234
95587;234
95650;234
95710;234
95772;234
95832;234
95893;234
95951;234
96019;234
96089;234
96160;234
96230;234
96308;234
96370;234
96439;234
96509;234
96570;234
96631;234
96696;234
96774;234
96834;234
96912;234
96973;234
97045;234
97105;234
97175;234
97236;234
97297;234
97361;234
97422;234
97488;234
97556;234
97615;234
97676;234
97735;234
97794;234
97851;234
97914;234
97977;234
98052;234
98112;234
98194;234
98258;234
98327;234
98401;234
98459;234
98526;234
98587;234
98646;234
98725;234
98788;234
98851;234
98920;234
98982;234
99059;234
99128;234
99195;234
99264;234
99319;234
99380;234
99452;234
99513;234
99573;234
99636;234
99696;234
99762;234
99832;234
99895;234
99962;234
100029;234
100090;234
100148;234
100210;234
100273;234
100333;234
100411;234
100474;234
100534;234
100597;234
100670;234
100744;234
100806;234
100879;234
100938;234
101003;234
101067;234
101130;234
101201;234
101263;234
101325;234
101400;234
101458;234
101519;234
101594;234
101661;234
101723;234
101785;234
101845;234
101906;234
101969;234
102035;234
102104;234
102173;234
102233;234
102294;234
102363;234
102426;234
102487;234
102557;234
102616;234
102682;234
102742;234
102807;234
102875;234
102933;234
102998;234
103064;234
103127;234
103187;234
103252;234
103311;234
103373;234
103432;234
103493;234
103565;234
103629;234
103692;234
103755;234
103822;234
103885;234
103944;234
104010;234
104082;234
104144;234
104207;234
104268;234
104344;234
104410;234
104477;234
104545;234
104603;234
104672;234
104735;234
104797;234
104866;234
104945;234
105005;234
105071;234
105139;234
105200;234
105264;234
105333;234
105411;234
105487;234
105556;234
105624;234
105692;234
105756;234
105834;234
105902;234
105972;234
106035;234
106098;234
106156;234
106242;234
106303;234
106361;234
106421;234
106482;234
106564;234
106625;234
106689;234
106747;234
106815;234
106873;234
106933;234
106994;234
107058;234
107118;234
107187;234
107266;234
107326;234
107388;234
107456;234
107524;234
107586;234
107649;234
107720;234
107779;234
107840;234
107898;234
107967;234
108026;234
108086;234
108148;234
108217;234
108297;234
108367;234
108426;234
108487;234
108545;234
108614;234
108677;234
108740;234
108812;234
108876;234
108948;234
109019;234
109083;234
109148;234
109206;234
109268;234
109336;234
109410;234
109473;234
109536;234
109600;234
109660;234
109723;234
109804;234
109896;234
109953;234
110021;234
110079;234
110141;234
110203;234
110277;234
110347;234
110407;234
110496;234
110557;234
110620;234
110679;234
110738;234
110797;234
110869;234
110938;234
111018;234
111084;234
111144;234
111205;234
111273;234
111334;234
111395;234
111454;234
111522;234
111583;234
111643;234
111717;234
111779;234
111847;234
111913;234
111979;234
112059;234
112131;234
112191;234
112261;234
112323;234
