222;63
383;63
564;63
694;63
826;63
965;63
1080;63
1197;63
1325;63
1474;63
1767;63
1899;63
2032;63
2162;63
2290;63
2415;63
2604;63
2751;63
2877;63
2998;63
3102;63
3220;63
3637;63
4096;63
4537;63
5026;63
5371;63
5478;63
5578;63
5688;63
5806;63
5911;63
6017;63
6126;63
6235;63
6358;63
6480;63
6630;63
6734;63
6840;63
6951;63
7074;63
7181;63
7287;63
7392;63
7505;63
7613;63
7733;63
7883;63
8000;63
8117;63
8228;63
8331;63
8438;63
8544;63
8659;63
8764;63
8875;63
8984;63
9092;63
9204;63
9329;66
9446;66
9562;66
9673;66
9784;66
9888;66
9992;66
10109;66
10212;65
10318;65
10430;65
10537;65
10643;65
10747;65
10851;65
10985;65
11101;65
11202;65
11304;65
11409;65
11524;65
11649;65
11757;65
11859;65
11964;65
12066;65
12177;65
12284;65
12396;65
12516;65
12623;65
12780;65
12905;65
13020;65
13127;65
13236;65
13343;65
13447;65
13551;65
13659;65
13766;65
13873;65
13984;65
14085;65
14201;65
14308;65
14420;65
14542;65
14655;65
14765;65
14916;65
15028;65
15131;65
15237;65
15340;65
15459;65
15574;65
15679;65
15783;65
15894;65
16005;65
16134;65
16246;66
16349;66
16472;66
16576;66
16690;66
16813;66
16929;66
17038;66
17140;66
17244;66
17352;66
17456;66
17565;66
17671;66
17776;66
17887;66
17990;66
18101;66
18209;66
18316;66
18419;66
18530;66
18642;66
18745;66
18855;66
18968;66
19083;66
19197;66
19306;66
19410;66
19517;66
19626;66
19732;66
19853;66
20005;66
20132;66
20240;66
20347;66
20528;66
20671;66
20827;66
20932;66
21037;66
21161;66
21268;66
21384;66
21519;66
21628;66
21734;66
21852;66
21958;66
22067;66
22191;66
22301;66
22406;66
22517;66
22640;66
22745;66
22863;66
22968;66
23077;66
23181;66
23287;66
23398;66
23503;66
23614;66
23724;66
23828;66
23946;66
24061;66
24159;66
24276;66
24382;66
24500;65
24607;65
24715;65
24832;65
24944;65
25048;65
25152;65
25272;65
25373;65
25479;65
25588;66
25712;67
25825;67
25934;67
26056;67
26163;67
26274;67
26402;67
26518;67
26626;67
26729;67
26834;67
26961;66
27071;66
27192;66
27303;66
27410;66
27528;66
27665;66
27785;66
27886;66
27991;66
28095;66
28202;66
28309;66
28416;66
28524;66
28643;66
28748;66
28874;66
28980;66
29090;66
29198;66
29306;65
29417;65
29547;65
29668;65
29775;65
29894;65
29997;65
30119;65
30226;65
30338;65
30451;65
30565;65
30679;65
30788;65
30903;65
31009;65
31116;65
31225;65
31349;66
31480;66
31663;65
31768;65
31878;65
31978;65
32098;65
32205;65
32323;65
32436;65
32548;65
32655;65
32759;65
32895;65
32998;65
33108;65
33229;65
33346;65
33456;65
33565;65
33682;65
33793;65
33934;65
34042;65
34166;63
34268;63
34377;63
34482;63
34598;63
34714;63
34836;63
34944;63
35058;63
35164;63
35271;63
35394;63
35544;63
35655;63
35764;63
35873;63
35983;63
36094;63
36201;63
36311;63
36419;63
36527;63
36640;63
36754;63
36956;63
37262;63
37370;63
37470;63
37574;63
37702;63
37809;63
37922;63
38031;63
38138;63
38244;63
38351;63
38467;63
38584;63
38753;63
38857;63
38959;63
39059;63
39171;63
39279;63
39387;63
39489;63
39620;62
39740;62
39847;62
39959;62
40084;62
40197;62
40335;62
40434;62
40537;62
40652;62
40764;62
40872;62
40976;62
41088;62
41192;62
41299;62
41410;62
41518;62
41633;62
41768;63
41876;63
41976;63
42085;63
42189;63
42296;63
42399;63
42520;63
42661;63
42765;63
42867;63
42977;63
43087;63
43245;63
43344;63
43448;63
43552;63
43691;63
43815;63
43918;63
44029;63
44137;63
44240;63
44349;63
44456;63
44562;63
44674;63
44790;61
44891;61
45011;61
45120;61
45232;61
45340;61
45456;61
45564;61
45673;61
45794;61
45908;61
46014;61
46117;61
46237;61
46343;61
46462;61
46633;61
46742;61
46849;61
46968;61
47072;61
47179;61
47300;61
47410;61
47516;61
47625;61
47749;61
47867;61
47974;61
48082;61
48209;61
48312;61
48421;61
48531;61
48645;61
48750;61
48864;61
48975;61
49080;61
49201;61
49317;61
49416;61
49522;61
49641;61
49745;61
49873;61
49977;61
50082;61
50188;61
50292;61
50398;61
50501;61
50657;61
50760;61
50863;61
50962;61
51063;61
51191;61
51298;61
51425;61
51531;61
51637;61
51747;61
51853;61
51954;61
52102;61
52198;61
52306;61
52409;61
52573;61
52688;61
52803;61
52915;61
53016;61
53143;61
53250;61
53377;61
53484;61
53675;61
53790;61
53908;61
54014;61
54139;61
54254;61
54382;61
54486;61
54588;61
54711;62
54830;62
54935;62
55063;62
55185;62
55305;62
55423;62
55527;62
55636;62
55765;62
55872;62
55985;62
56091;62
56200;62
56335;67
56446;67
56552;67
56668;67
56773;67
56915;67
57023;67
57134;67
57240;67
57348;67
57453;67
57583;67
57696;67
57798;67
57909;67
58028;67
58139;67
58246;67
58355;67
58462;67
58571;67
58681;67
58793;67
58896;67
59003;67
59110;67
59215;67
59319;67
59423;67
59531;67
59641;67
59745;67
59861;67
59981;67
60093;67
60221;67
60323;67
60442;67
60554;67
60668;67
60775;64
60878;64
60997;63
61116;63
61214;63
61361;63
61471;63
61575;63
61680;63
61788;63
61907;63
62018;63
62121;63
62229;63
62345;63
62456;63
62588;63
62728;63
62833;63
62945;63
63058;63
63167;63
63276;63
63382;63
63485;63
63618;63
63726;63
63833;63
63939;63
64089;63
64187;63
64291;63
64392;63
64498;63
64622;63
64730;63
64842;63
64945;63
65049;63
65170;63
65273;63
65378;63
65561;63
65664;63
65763;63
65864;63
65965;63
66077;63
66188;63
66291;63
66399;63
66519;63
66642;63
66816;63
66924;63
67029;63
67131;63
67247;63
67349;63
67456;63
67568;63
67678;63
67789;63
67901;63
68003;63
68108;63
68211;63
68348;63
68467;63
68600;63
68710;63
68815;63
68921;63
69021;63
69131;63
69239;63
69345;63
69450;63
69554;63
69687;63
69798;63
69909;63
70049;63
70146;63
70253;63
70353;63
70457;63
70563;63
70700;63
70805;63
70907;63
71014;63
71134;63
71242;63
71350;63
71451;63
71585;63
71694;63
71811;63
71910;63
72023;63
72151;63
72263;63
72374;63
72477;63
72580;63
72754;63
72898;63
73014;63
73135;63
73232;63
73341;63
73440;63
73542;63
73655;63
73768;63
73875;63
73982;63
74084;63
74190;63
74292;63
74431;63
74533;63
74656;63
74765;63
74866;63
74967;63
75076;63
75207;63
75323;63
75446;63
75552;63
75664;63
75774;63
75878;63
75985;63
76112;63
76234;62
76333;62
76486;62
76594;62
76707;62
76819;62
76924;62
77043;63
77146;63
77281;63
77409;63
77513;63
77618;63
77718;63
77834;63
77935;63
78047;63
78151;63
78257;63
78364;63
78466;63
78571;63
78684;63
78802;63
78913;63
79021;63
79138;63
79240;63
79347;63
79451;63
79562;63
79680;63
79786;63
79898;63
80004;63
80132;63
80244;63
80357;63
80537;63
80674;63
80817;63
80925;63
81035;63
81142;63
81245;63
81351;63
81458;63
81566;63
81669;63
81768;63
81870;63
81972;63
82079;63
82184;63
82293;63
82396;63
82500;63
82624;63
82741;63
82874;63
82980;63
83082;63
83205;63
83315;63
83426;63
83538;63
83647;63
83769;63
83868;63
83968;63
84068;63
84174;63
84296;63
84406;63
84527;63
84638;63
84749;63
84901;63
84999;63
85102;63
85206;63
85307;63
85444;64
85557;64
85660;64
85767;64
85892;64
86032;64
86131;64
86232;64
86343;64
86451;64
86561;64
86675;64
86790;64
86917;64
87023;64
87137;64
87236;64
87346;64
87447;64
87567;64
87676;64
87780;64
87909;64
88042;64
88145;64
88269;64
88379;65
88479;65
88590;65
88700;65
88843;65
88957;65
89118;66
89225;66
89327;66
89449;66
89556;66
89674;66
89776;66
89875;66
89974;66
90076;66
90212;66
90325;66
90439;66
90543;66
90667;66
90768;66
90901;66
91007;66
91113;66
91214;66
91315;66
91448;66
91556;66
91662;66
91771;66
91884;66
91993;66
92096;66
92217;66
92335;66
92443;66
92557;66
92661;66
92766;66
92898;66
93021;66
93128;66
93234;66
93343;66
93448;66
93561;66
93680;66
93786;66
93887;66
94004;66
94115;66
94219;66
94326;66
94428;66
94539;66
94649;66
94754;66
94866;66
94976;66
95077;66
95179;66
95291;66
95402;66
95508;66
95615;66
95721;66
95824;66
95957;66
96054;66
96158;66
96262;66
96369;66
96478;66
96584;66
96692;66
96811;66
96919;66
97036;66
97143;66
97243;66
97341;66
97444;66
97552;66
97661;66
97769;66
97876;66
97981;66
98090;66
98198;66
98301;66
98408;65
98522;65
98637;65
98754;65
98867;65
98978;65
99085;65
99238;65
99348;65
99471;65
99589;65
99697;65
99808;65
99914;65
100028;65
100135;65
100239;65
100347;63
100450;63
100553;63
100680;63
100782;63
100895;63
101012;63
101113;63
101240;63
101353;63
101476;63
101590;63
101707;63
101822;63
101926;63
102044;63
102140;63
102241;63
102403;63
102506;63
102611;63
102733;64
102852;64
102964;64
103076;64
103182;62
103299;62
103406;62
103505;62
103608;62
103727;62
103849;62
103952;62
104072;62
104184;62
104304;62
104434;62
104529;62
104638;62
104740;62
104866;62
104995;62
105123;62
105228;62
105349;62
105455;62
105564;62
105669;62
105778;62
105886;62
105992;62
106096;62
106203;62
106313;62
106418;62
106524;62
106644;63
106752;63
106856;63
106994;63
107095;63
107193;63
107298;63
107411;63
107528;63
107643;63
107754;63
107856;63
107975;63
108082;63
108195;63
108299;63
108408;63
108518;63
108622;63
108729;63
108834;63
108954;63
109085;63
109189;63
109298;63
109402;63
109508;63
109623;63
109735;63
109841;63
109951;63
110056;63
110166;63
110283;63
110386;63
110484;63
110593;63
110703;63
110814;63
110919;63
111048;63
111154;63
111281;63
111387;63
111493;63
111602;63
111714;63
111816;63
111919;63
112029;62
112158;62
112270;62
112372;62
112474;62
112582;62
112695;62
112802;62
112907;62
113048;62
113154;62
113265;62
113367;62
113476;62
113579;62
113688;62
113791;62
113910;62
114014;62
114118;62
114228;62
114338;62
114441;62
114543;62
114650;62
114780;62
114897;62
115032;62
115145;62
115250;62
115358;62
115466;62
115580;62
115704;62
115813;62
115920;62
116023;62
116131;62
116251;62
116364;62
116479;62
116586;62
116764;62
116867;62
116991;62
117095;62
117222;62
117331;62
117439;62
117544;62
117648;62
117765;62
117878;62
117979;62
118082;62
118191;62
118300;62
118416;62
118519;62
118628;61
118747;61
118848;61
118964;61
119076;61
119193;61
119318;61
119427;61
119541;61
119651;61
119762;61
119864;61
119981;61
120077;61
120178;61
120281;61
120414;61
120541;61
120654;61
120822;61
120951;61
121061;61
121179;61
121303;61
121426;61
121533;61
121647;61
121777;61
121889;61
122010;61
122119;61
122246;61
122369;61
122485;61
122596;61
122696;61
122803;61
122925;61
123049;61
123176;61
123286;61
123408;61
123510;61
123614;61
123732;61
123835;61
123964;61
124094;61
124214;61
124365;61
124468;61
124585;61
124694;61
124804;61
124907;61
125015;61
125163;61
125274;61
125408;61
125515;61
125621;61
125775;61
125892;61
126029;61
126141;61
126248;61
126407;61
126513;61
126626;61
126730;61
126829;61
126932;61
127039;61
127177;61
127302;61
127412;61
127539;61
127645;61
127748;61
127851;61
127957;61
128068;61
128177;61
128282;61
128414;61
128515;61
128620;61
128736;61
128845;61
128957;61
129095;61
129224;61
129342;61
129444;61
129545;61
129652;61
129758;61
129876;61
130016;61
130124;61
130233;61
130332;61
130447;61
130569;61
130731;61
130837;61
130951;61
131062;61
131207;61
131329;61
131442;61
131575;61
131684;61
131815;61
131912;61
132016;61
132165;61
132282;61
132412;61
132524;61
132643;61
132836;61
132947;61
133063;61
133192;61
133305;61
133441;61
133540;61
133668;61
133792;61
133889;61
134012;61
134117;61
134244;61
134355;61
134464;61
134570;61
134690;61
134942;61
135282;61
135391;61
135490;61
135592;61
135706;61
135813;61
135919;61
136021;61
136123;61
136233;61
136428;61
136532;61
136636;61
136764;61
136873;61
136981;61
137084;61
137194;61
137299;61
137409;61
137717;61
138275;61
138371;61
138478;61
138589;61
138700;61
138828;61
138937;61
139055;61
139167;61
139277;61
139384;61
139504;61
139681;61
139800;61
139907;61
140015;61
140117;61
140222;61
140327;61
140534;61
140681;61
140814;61
140919;61
141028;61
141288;61
141910;61
142025;61
142148;61
142256;61
142374;61
142481;61
142598;61
142705;61
142805;61
142947;61
143066;61
143172;61
143284;61
143406;61
143513;61
143619;61
143721;61
143838;61
143944;61
144062;61
144185;61
144291;61
144426;61
144535;61
144659;61
144800;61
144911;61
145035;61
145149;61
145255;61
145385;61
145488;61
145607;61
145716;61
145841;61
145961;61
146096;61
146208;61
146314;61
146417;61
146568;61
146676;61
146792;61
146901;61
147007;61
147127;61
147243;61
147346;61
147466;62
147589;62
147696;62
147803;62
147913;62
148030;62
148130;62
148243;62
148341;62
148446;62
148552;62
148681;62
148783;62
148888;62
149022;62
149141;62
149254;62
149357;62
149470;62
149580;62
149682;62
149783;62
149894;62
149999;62
150104;62
150210;62
150319;62
150425;62
150528;62
150652;62
150771;62
150882;62
151008;62
151137;62
151257;62
151374;62
151475;62
151588;62
151714;63
151822;63
151933;63
152042;63
152167;63
152279;63
152381;63
152503;63
152600;63
152702;63
152802;63
152928;63
153031;63
153151;63
153261;63
153376;63
153489;63
153592;63
153715;63
153826;63
153937;63
154046;63
154153;63
154255;63
154356;63
154469;63
154577;63
154678;63
154782;63
154902;63
155013;63
155139;63
155259;63
155366;63
155495;63
155606;63
155711;63
155810;63
155928;63
156048;63
156159;63
156267;63
156371;63
156491;63
156599;63
156712;63
156822;63
156925;63
157031;63
157134;63
157238;63
157345;63
157449;63
157559;63
157665;63
157769;63
157879;63
157982;63
158084;63
158189;63
158401;63
158503;63
158610;63
158728;63
158832;63
158939;63
159053;63
159156;63
159270;63
159398;63
159500;63
159616;63
159717;63
159831;63
159936;63
160035;63
160146;63
160256;63
160373;63
160478;63
160582;63
160694;63
160801;63
160907;63
161020;63
161120;63
161246;63
161370;63
161478;63
161583;63
161687;63
161794;63
161897;63
162024;63
162134;63
162268;63
162370;63
162470;64
162574;64
162677;64
162780;64
162887;63
163025;62
163131;61
163242;61
163364;61
163475;61
163592;61
163692;61
163818;61
163928;61
164055;61
164166;61
164296;61
164464;61
164598;61
164716;63
164839;63
164939;63
165048;63
165167;63
165278;63
165388;63
165489;63
165601;63
165714;63
165813;63
165916;63
166026;63
166132;63
166240;63
166345;63
166455;63
166562;63
166680;63
166786;63
166892;63
166992;63
167094;63
167198;63
167329;63
167454;63
167564;63
167670;63
167771;63
167873;63
167974;63
168075;63
168189;63
168298;63
168405;63
168529;63
168666;63
168770;63
168871;63
168976;63
169086;63
169200;63
169330;61
169469;61
169571;61
169674;61
169777;61
169883;61
170012;61
170117;61
170229;61
170331;61
170436;61
170539;61
170646;61
170754;61
170861;61
170996;61
171103;61
171219;61
171319;61
171433;61
171556;61
171666;61
171788;61
171892;61
171997;61
172118;61
172223;61
172328;61
172447;61
172565;61
172670;61
172772;61
172872;61
172979;61
173100;61
173218;61
173329;61
173451;61
173558;61
173679;61
173780;61
173892;61
174000;61
174127;61
174256;61
174358;61
174466;61
174570;61
174682;61
174794;61
174899;61
175035;61
175147;61
175281;61
175411;61
175541;61
175646;61
175765;61
175873;61
175979;61
176136;61
176256;61
176362;61
176480;61
176586;61
176696;61
176793;61
176898;61
177001;61
177106;61
177208;61
177325;61
177439;61
177567;61
177681;61
177786;61
177893;61
178010;61
178118;61
178228;61
178335;61
178443;61
178549;61
178661;61
178780;61
178908;61
179011;61
179126;61
179236;61
179363;61
179535;61
179656;61
179766;61
179877;61
179981;61
180082;61
180202;61
180361;61
180464;61
180569;61
180677;61
180786;61
180914;61
181021;61
181131;61
181254;61
181374;61
181482;61
181589;61
181699;61
181861;61
181960;61
182084;61
182184;61
182291;61
182398;61
182518;61
182627;61
182753;61
182863;61
182972;61
183079;61
183187;61
183431;61
183537;61
183664;61
183765;61
183892;61
184000;61
184114;61
184226;61
184332;61
184454;61
184562;61
184669;61
184795;61
184920;61
185035;61
185138;61
185240;61
185341;61
185451;61
185560;61
185675;61
185782;61
185895;61
186002;61
186109;61
186244;61
186364;61
186475;61
186578;61
186703;61
186812;61
186931;61
187062;61
187167;61
187285;61
187417;61
187547;61
187668;61
187773;61
187877;61
187993;61
188094;61
188210;61
188313;61
188419;61
188531;61
188646;61
188757;61
188859;61
188965;61
189091;61
189196;61
189305;61
189409;61
189523;61
189642;61
189758;61
189863;61
189967;61
190090;61
190246;61
190355;61
190468;61
190604;61
190711;61
190818;61
190919;61
191041;61
191167;61
191271;61
191374;61
191523;61
191630;61
191740;61
191848;61
191958;61
192079;61
192197;61
192304;61
192412;61
