881;282
1118;282
1369;282
1558;282
1757;282
1945;282
2185;282
2372;282
2575;282
2767;282
2948;282
3129;282
3380;282
3648;282
3938;282
4170;282
4354;282
4532;282
4719;282
4901;282
5090;282
5272;282
5473;282
5666;282
5858;282
6042;282
6270;282
6543;282
6743;282
6924;282
7103;282
7290;282
7501;282
7686;282
7917;282
8160;282
8359;282
8568;282
8746;282
8916;282
9087;282
9258;282
9471;282
9705;282
9943;282
10187;282
10367;282
10534;282
10702;282
10863;282
11021;282
11183;282
11399;282
11607;282
11831;282
12074;282
12327;282
12541;282
12705;282
12930;282
13193;282
13407;282
13593;282
13756;282
13910;282
14069;282
14228;282
14393;282
14549;282
14711;282
14859;282
15037;277
15179;277
15405;277
15604;277
15913;272
16140;272
16422;266
16619;266
16828;266
17090;264
17397;264
17724;262
17919;262
18166;258
18412;258
18644;258
18846;258
19030;258
19148;258
19274;258
19476;258
19784;258
20089;258
20390;258
20612;258
20801;258
21000;258
21265;258
21538;258
21743;258
22031;257
22268;257
22514;257
22733;257
22892;257
23091;257
23283;257
23492;257
23762;257
24043;257
24187;257
24302;257
24415;257
24588;257
24873;257
25130;257
25302;257
25418;257
25521;257
25628;257
25737;257
25841;257
25953;257
26074;257
26284;257
26707;257
26996;257
27249;257
27479;257
27668;257
27824;257
27932;257
28034;257
28146;257
28245;257
28349;257
28448;257
28555;257
28659;257
28757;257
28859;257
28961;257
29083;257
29182;257
29312;257
29460;257
29625;257
29852;257
30027;257
30210;257
30400;257
30542;257
30706;257
30851;257
30984;257
31160;257
31357;257
31600;257
31858;257
32070;257
32230;257
32379;257
32553;257
32723;257
32893;257
33051;257
33168;257
33274;257
33386;257
33544;257
33744;257
33950;257
34144;257
34376;257
34585;257
34765;257
34958;257
35180;257
35367;257
35537;257
35743;257
35978;257
36163;257
36411;257
36636;257
36851;257
37045;257
37169;257
37331;257
37452;257
37599;257
37801;257
37993;257
38164;257
38272;257
38374;257
38534;257
38695;257
38950;257
39072;257
39182;257
39333;257
39448;257
39556;257
39687;257
39822;257
39931;257
40083;257
40224;257
40350;257
40463;257
40606;257
40732;257
40838;257
40965;257
41081;257
41195;257
41291;257
41390;257
41491;257
41620;257
41718;257
41813;257
41907;257
42007;257
42105;257
42200;257
42295;257
42389;257
42525;257
42666;257
42815;257
42920;257
43034;257
43142;257
43241;257
43337;257
43430;257
43525;257
43629;257
43725;257
43819;257
43918;257
44048;257
44231;257
44352;257
44449;257
44546;257
44642;257
44756;257
44850;257
44944;257
45040;257
45136;257
45231;257
45327;257
45423;257
45518;257
45612;257
45711;257
45811;257
45905;257
46003;257
46108;257
46220;257
46318;257
46412;257
46524;257
46689;257
46850;257
46974;257
47071;257
47168;257
47273;257
47406;257
47553;257
47659;257
47778;257
47879;257
48026;257
48181;257
48319;257
48457;257
48595;257
48717;257
48815;257
48908;257
49002;257
49097;257
49190;257
49303;257
49460;257
49631;257
49766;257
49872;257
49963;257
50077;257
50213;257
50363;257
50509;257
50636;257
50794;257
50956;257
51058;257
51154;257
51265;257
51422;257
51528;257
51623;257
51724;257
51843;257
51967;257
52222;257
52383;257
52594;257
52771;257
52919;257
53083;257
53230;257
53406;257
53561;257
53662;257
53759;257
53863;257
54016;257
54138;257
54239;257
54338;257
54471;257
54594;257
54691;257
54785;257
54892;257
54985;257
55077;257
55171;257
55265;257
55357;257
55449;257
55546;257
55659;257
55780;257
55926;257
56099;257
56286;257
56449;257
56706;257
56908;257
57053;257
57210;257
57401;257
57598;257
57813;257
58013;257
58166;257
58343;257
58526;257
58699;257
58915;257
59139;257
59305;257
59462;257
59611;257
59709;257
59802;257
59896;257
59989;257
60085;257
60194;257
60311;257
60412;257
60533;257
60631;257
60728;257
60823;257
60915;257
61010;257
61105;257
61200;257
61295;257
61386;257
61481;257
61590;257
61685;257
61778;257
61892;257
61984;257
62076;257
62170;257
62264;257
62358;257
62452;257
62548;257
62643;257
62737;257
62840;257
62941;257
63041;257
63141;257
63233;257
63327;257
63438;257
63538;257
63632;257
63731;257
63824;257
63917;257
64019;257
64146;257
64256;257
64353;257
64450;257
64550;257
64647;257
64740;257
64834;257
64958;257
65093;257
65213;257
65305;257
65399;257
65493;257
65587;257
65680;257
65773;257
65871;257
65965;257
66060;257
66154;257
66249;257
66347;257
66442;257
66540;257
66636;257
66731;257
66825;257
66920;257
67013;257
67106;257
67202;257
67299;257
67409;257
67518;257
67627;257
67726;257
67823;257
67919;257
68021;257
68128;257
68225;257
68348;257
68441;257
68540;257
68637;257
68732;257
68828;257
68922;257
69017;257
69112;257
69206;257
69300;257
69395;257
69487;257
69585;257
69691;257
69784;257
69881;257
69981;257
70085;257
70179;257
70274;257
70396;257
70492;257
70595;257
70704;257
70820;257
70929;257
71024;257
71126;257
71227;257
71323;257
71416;257
71518;257
71653;257
71763;257
71867;257
71960;257
72055;257
72149;257
72243;257
72348;257
72448;257
72549;257
72652;257
72755;257
72848;257
72943;257
73042;257
73134;257
73226;257
73322;257
73415;257
73507;257
73600;257
73696;257
73789;257
73883;257
73976;257
74068;257
74161;257
74262;257
74359;257
74455;257
74550;257
74648;257
74748;257
74844;257
74940;257
75036;257
75130;257
75224;257
75321;257
75414;257
75505;257
75613;257
75709;257
75807;257
75904;257
76012;257
76107;257
76201;257
76299;257
76397;257
76491;257
76602;257
76746;257
76860;257
76974;257
77082;257
77209;257
77363;257
77522;257
77688;257
77824;257
77974;257
78145;257
78294;257
78451;257
78637;257
78805;257
78959;257
79104;257
79265;257
79440;257
79581;257
79719;257
79813;257
79909;257
80010;257
80117;257
80218;257
80318;257
80442;257
80548;257
80657;257
80760;257
80882;257
81035;257
81140;257
81250;257
81343;257
81435;257
81574;257
81692;257
81810;257
81935;257
82088;257
82264;257
82446;257
82597;257
82758;257
82930;257
83123;257
83289;257
83455;257
83624;257
83754;257
83930;257
84084;257
84261;257
84435;257
84586;257
84756;257
84909;257
85006;257
85143;257
85318;257
85434;257
85593;257
85764;257
85968;257
86172;257
86407;257
86684;257
86912;257
87123;257
87314;257
87508;257
87695;257
87826;257
87932;257
88028;257
88123;257
88220;257
88320;257
88418;257
88521;257
88622;257
88724;257
88818;257
88928;257
89026;257
89121;257
89213;257
89307;257
89399;257
89493;257
89589;257
89686;257
89784;257
89879;257
89973;257
90066;257
90163;257
90256;257
90352;257
90450;257
90572;257
90667;257
90760;257
90855;257
90949;257
91050;257
91169;257
91323;257
91457;257
91638;257
91812;257
91984;257
92140;257
92278;257
92432;257
92594;257
92735;257
92915;257
93092;257
93283;257
93419;257
93530;257
93631;257
93727;257
93820;257
93925;257
94063;257
94197;257
94290;257
94385;257
94485;257
94618;257
94761;257
94867;257
94970;257
95073;257
95167;257
95262;257
95363;257
95459;257
95562;257
95660;257
95757;257
95852;257
95951;257
96049;257
96148;257
96245;257
96342;257
96438;257
96535;257
96631;257
96733;257
96830;257
96928;257
97026;257
97121;257
97216;257
97313;257
97409;257
97512;257
97607;257
97706;257
97802;257
97900;257
97996;257
98092;257
98187;257
98282;257
98376;257
98468;257
98564;257
98677;257
98780;257
98884;257
98997;257
99095;257
99191;257
99286;257
99381;257
99476;257
99570;257
99666;257
99761;257
99854;257
99949;257
100046;257
100153;257
100288;257
100415;257
100510;257
100613;257
100736;257
100829;257
100922;257
101019;257
101112;257
101207;257
101301;257
101395;257
101488;257
101586;257
101681;257
101774;257
101871;257
101965;257
102060;257
102162;257
102257;257
102352;257
102447;257
102542;257
102646;257
102771;257
102863;257
102960;257
103058;257
103151;257
103246;257
103339;257
103433;257
103528;257
103631;257
103740;257
103839;257
103939;257
104035;257
104132;257
104228;257
104327;257
104424;257
104518;257
104611;257
104711;257
104813;257
104915;257
105013;257
105106;257
105217;257
105312;257
105408;257
105501;257
105597;257
105692;257
105787;257
105880;257
105974;257
106069;257
106167;257
106262;257
106356;257
106450;257
106572;257
106731;257
106886;257
106993;257
107086;257
107180;257
107273;257
107370;257
107463;257
107561;257
107653;257
107751;257
107844;257
107935;257
108029;257
108124;257
108216;257
108312;257
108409;257
108501;257
108620;257
108764;257
108890;257
108983;257
109077;257
109173;257
109267;257
109361;257
109455;257
109558;257
109652;257
109748;257
109848;257
109942;257
110039;257
110134;257
110231;257
110325;257
110434;257
110564;257
110696;257
110812;257
110908;257
111002;257
111097;257
111192;257
111287;257
111401;257
111531;257
111668;257
111764;257
111858;257
111955;257
112052;257
112148;257
112286;257
112408;257
112530;257
112656;257
112788;257
112924;257
113087;257
113256;257
113414;257
113585;257
113739;257
113898;257
114055;257
114201;257
114329;257
114485;257
114638;257
114799;257
114965;257
115137;257
115285;257
115474;257
115689;257
115835;257
115945;257
116069;257
116177;257
116274;257
116375;257
116470;257
116565;257
116659;257
116763;257
116872;257
116989;257
117092;257
117198;257
117294;257
117391;257
117498;257
117633;257
117743;257
117898;257
118083;257
118204;257
118300;257
118398;257
118494;257
118601;257
118697;257
118798;257
118898;257
119002;257
119098;257
119199;257
119294;257
119390;257
119493;257
119598;257
119695;257
119820;257
119916;257
120017;257
120125;257
120246;257
120372;257
120470;257
120567;257
120664;257
120767;257
120905;257
121073;257
121204;257
121348;257
121489;257
121628;257
121796;257
121907;257
122051;257
122221;257
122381;257
122515;257
122682;257
122823;257
122928;257
123039;257
123210;257
123385;257
123577;257
123761;257
123972;257
124270;257
124441;257
124625;257
124826;257
125004;257
125162;257
125263;257
125386;257
125495;257
125592;257
125686;257
125782;257
125878;257
125971;257
126063;257
126158;257
126251;257
126344;257
126438;257
126533;257
126628;257
126725;257
126818;257
126917;257
127021;257
127144;257
127250;257
127401;257
127555;257
127696;257
127794;257
127889;257
127990;257
128155;257
128313;257
128497;257
128662;257
128849;257
129011;257
129254;257
129475;257
129666;257
129893;257
130114;257
130289;257
130464;257
130601;257
130809;257
130995;257
131115;257
131211;257
131306;257
131423;257
131590;257
131780;257
132043;257
132180;257
132285;257
132381;257
132476;257
132572;257
132665;257
132759;257
132853;257
132947;257
133043;257
133141;257
133238;257
133331;257
133424;257
133517;257
133611;257
133704;257
133799;257
133891;257
133986;257
134080;257
134174;257
134268;257
134377;257
134484;257
134625;257
134776;257
134880;257
134979;257
135079;257
135171;257
135268;257
135362;257
135456;257
135554;257
135648;257
135743;257
135837;257
135936;257
136031;257
136126;257
136220;257
136334;257
136426;257
136526;257
136619;257
136716;257
136832;257
136973;257
137078;257
137172;257
137269;257
137420;257
137548;257
137660;257
137772;257
137909;257
138046;257
138241;257
138391;257
138570;257
138735;257
138908;257
139081;257
139251;257
139471;257
139737;257
139922;257
140122;257
140331;257
140485;257
140647;257
140860;257
141014;257
141148;257
141246;257
141343;257
141437;257
141532;257
141629;257
141724;257
141825;257
141918;257
142011;257
142106;257
142200;257
142295;257
142392;257
142490;257
142591;257
142688;257
142783;257
142878;257
142973;257
143067;257
143171;257
143268;257
143366;257
143461;257
143557;257
143673;257
143784;257
143897;257
144060;257
144236;257
144361;257
144455;257
144553;257
144650;257
144746;257
144843;257
144944;257
145040;257
145141;257
145236;257
145333;257
145431;257
145568;257
145667;257
145802;257
145941;257
146064;257
146201;257
146354;257
146508;257
146641;257
146805;257
146938;257
147035;257
147161;257
147353;257
147526;257
147689;257
147982;257
148235;257
148413;257
148644;257
148854;257
149040;257
149169;257
149348;257
149565;257
149763;257
149898;257
150010;257
150104;257
150198;257
150326;257
150477;257
150592;257
150687;257
150785;257
150879;257
150972;257
151066;257
151163;257
151264;257
151362;257
151457;257
151559;257
151656;257
151751;257
151850;257
151944;257
152040;257
152135;257
152230;257
152374;257
152532;257
152643;257
152755;257
152853;257
152958;257
153118;257
153236;257
153358;257
153514;257
153630;257
153744;257
153866;257
153999;257
154179;257
154437;257
154649;257
154828;257
155021;257
155204;257
155375;257
155565;257
155759;257
155929;257
156131;257
156312;257
156490;257
156619;257
156718;257
156811;257
156904;257
156996;257
157089;257
157182;257
157279;257
157376;257
157470;257
157567;257
157659;257
157758;257
157854;257
