335;2380
509;2275
652;2275
818;2167
978;2127
1146;1964
1409;1885
1529;1749
1699;1601
1868;1601
2080;1476
2384;1398
2599;1240
2770;1183
2916;1183
3013;1145
3122;1145
3276;1145
3397;980
3501;980
3627;917
3735;917
3864;917
4019;872
4184;809
4348;716
4489;716
4639;716
4737;653
4838;653
4938;653
5039;584
5160;584
5267;584
5372;584
5479;584
5582;584
5711;506
5819;506
5916;506
6019;506
6122;506
6240;507
6350;507
6473;507
6652;507
6800;506
6902;506
7006;506
7157;506
7324;463
7468;350
7567;350
7670;350
7769;343
7895;233
8014;233
8114;233
8230;189
8338;189
8457;189
8561;189
8669;189
8773;189
8883;189
8982;189
9088;189
9189;189
9296;189
9401;189
9526;189
9630;189
9734;189
9840;189
9997;189
10103;189
10206;189
10324;189
10426;189
10524;190
10638;190
10753;157
10855;154
10970;154
11136;154
11431;154
11700;154
11960;154
12180;154
12364;154
12573;154
12718;154
12896;154
13124;154
13317;154
13513;154
13696;64
13851;64
13990;64
14168;64
14302;64
14464;64
14651;64
14782;64
14894;63
15002;63
15100;63
15211;63
15319;63
15434;63
15533;63
15636;63
15739;63
15862;63
15962;63
16100;63
16202;63
16316;63
16417;63
16518;63
16632;63
16737;63
16852;63
16952;63
17062;63
17165;63
17276;63
17425;63
17536;63
17672;63
17783;63
17897;63
17998;63
18102;63
18214;63
18330;63
18432;63
18535;63
18635;63
18741;63
18851;63
18952;63
19086;63
19186;63
19283;63
19380;63
19486;63
19591;63
19722;63
19830;63
19960;63
20064;63
20167;63
20271;63
20371;63
20502;63
20602;63
20703;63
20832;64
20931;63
21033;63
21134;63
21245;63
21349;63
21464;63
21566;63
21670;63
21792;63
21890;63
22026;63
22127;63
22230;63
22335;63
22440;63
22543;63
22651;63
22753;63
22856;63
22961;63
23062;63
23174;63
23275;63
23375;63
23475;63
23573;63
23675;63
23785;63
23884;63
23984;63
24088;63
24195;63
24299;63
24446;63
24548;63
24654;63
24755;63
24852;63
24952;63
25083;63
25183;63
25287;63
25391;63
25491;63
25594;63
25703;63
25810;63
25911;63
26008;63
26140;64
26241;64
26348;64
26448;64
26549;64
26650;64
26751;63
26897;63
27091;63
27233;63
27335;63
27443;63
27542;63
27643;63
27743;63
27846;63
27967;63
28068;63
28178;63
28282;63
28456;63
28574;63
28677;63
28777;63
28887;63
28993;63
29091;63
29188;63
29288;63
29404;67
29506;63
29606;63
29712;63
29815;63
29934;63
30035;63
30153;63
30267;67
30365;67
30464;66
30564;66
30667;66
30768;66
30871;66
30978;66
31133;66
31310;66
31415;66
31544;66
31679;66
31780;66
31898;66
32001;66
32107;66
32252;66
32352;66
32455;66
32577;66
32713;66
32933;66
33159;66
33370;66
33504;66
33617;66
33718;66
33820;66
33920;66
34022;66
34160;65
34264;65
34374;65
34479;65
34619;65
34716;65
34815;65
34925;65
35045;65
35193;65
35302;65
35409;65
35526;65
35628;65
35743;65
35900;65
35997;65
36115;65
36219;65
36323;65
36492;65
36607;65
36740;65
36938;65
37065;65
37175;65
37284;65
37381;65
37491;65
37710;65
37893;65
38069;65
38178;65
38290;65
38406;65
38509;65
38617;65
38724;65
38839;65
38952;65
39092;65
39195;65
39296;65
39402;65
39515;65
39625;65
39723;65
39828;65
40020;65
40200;65
40346;65
40456;65
40631;65
40814;65
40960;65
41062;65
41164;65
41265;65
41371;65
41522;65
41675;65
41793;65
41913;65
42036;65
42138;65
42237;65
42442;65
42615;65
42738;65
42845;65
42949;65
43085;65
43187;65
43286;65
43387;65
43494;65
43594;65
43696;65
43807;65
43917;65
44018;65
44161;65
44318;65
44447;65
44562;65
44663;65
44785;65
44888;65
44987;65
45102;65
45202;65
45305;65
45409;65
45518;65
45621;65
45733;65
45830;65
45925;65
46056;65
46160;65
46316;65
46483;65
46612;66
46716;66
46812;66
46942;66
47046;66
47165;66
47287;66
47424;66
47525;66
47635;66
47828;66
48005;66
48162;66
48283;66
48491;65
48674;65
48852;65
48954;65
49053;65
49165;65
49275;65
49381;64
49482;64
49584;64
49686;64
49803;64
49906;64
50036;64
50147;64
50246;64
50346;64
50478;65
50579;65
50684;65
50803;65
50906;65
51008;65
51125;65
51230;65
51371;65
51477;65
51577;65
51684;65
51782;65
51885;65
52023;65
52200;65
52330;65
52445;65
52608;65
52734;65
52839;65
52939;65
53040;65
53143;65
53247;65
53348;65
53450;65
53550;65
53656;65
53805;65
53990;65
54120;65
54241;65
54346;65
54445;65
54542;65
54649;65
54768;65
54890;65
54995;65
55156;65
55327;65
55517;65
55685;65
55824;65
55962;65
56074;65
56184;65
56331;65
56446;65
56550;65
56650;65
56750;65
56851;65
56952;65
57057;65
57171;65
57278;65
57415;65
57542;65
57638;65
57753;65
57848;65
57951;65
58051;65
58164;65
58305;65
58478;65
58608;65
58712;65
58821;65
58923;65
59055;65
59151;65
59289;65
59465;65
59669;65
59770;65
59871;65
59983;65
60090;66
60199;66
60304;66
60402;66
60528;66
60624;66
60729;66
60830;66
60925;66
61028;66
61130;66
61230;66
61333;66
61449;66
61573;66
61677;66
61802;66
61946;66
62054;66
62153;66
62252;66
62367;66
62489;64
62671;64
62862;64
62985;64
63110;64
63232;64
63341;64
63444;64
63542;64
63675;64
63892;64
64080;62
64198;62
64331;62
64440;62
64559;62
64670;62
64810;62
64950;62
65132;62
65282;62
65456;62
65640;62
65841;62
66096;62
66354;62
66558;62
66828;62
66979;62
67158;62
67399;62
67658;62
67912;62
68025;62
68136;62
68253;62
68362;62
68540;62
68753;62
69014;62
69140;62
69239;62
69412;62
69558;62
69790;62
70062;62
70287;62
70468;62
70724;62
70918;62
71043;62
71158;62
71257;62
71454;62
71660;62
71856;62
71967;62
72122;62
72317;62
72516;62
72620;62
72734;62
72875;62
73090;62
73235;62
73333;62
73437;62
73647;62
73826;62
74029;62
74146;62
74325;62
74496;62
74876;62
75004;62
75125;62
75269;62
75411;62
75612;62
75827;62
75960;62
76079;62
76196;62
76329;62
76484;62
76626;62
76722;62
76822;62
76918;62
77017;62
77123;62
77222;62
77322;62
77426;62
77527;62
77631;62
77730;62
77870;62
77967;62
78086;62
78186;62
78285;62
78386;62
78487;62
78585;62
78695;62
78812;62
78928;62
79052;62
79158;62
79278;62
79399;62
79497;62
79597;62
79695;62
79800;62
79912;62
80014;62
80113;62
80220;62
80319;62
80425;62
80530;62
80644;62
80757;62
80856;62
80957;62
81059;62
81161;62
81265;62
81375;62
81484;62
81584;62
81707;62
81817;62
81916;62
82015;62
82125;62
82236;62
82332;62
82427;62
82531;62
82685;62
82792;62
82892;62
82998;62
83112;62
83251;62
83381;62
83498;62
83641;62
83749;62
83850;62
83950;62
84085;62
84309;62
84529;62
84722;62
84916;62
85138;62
85284;62
85486;62
85613;62
85714;62
85828;62
85932;62
86032;62
86130;62
86253;62
86418;62
86679;62
86908;62
87024;62
87129;62
87246;62
87347;62
87514;62
87782;62
87929;62
88040;62
88142;62
88256;62
88421;62
88672;62
88868;62
89016;62
89159;62
89336;62
89549;62
89725;62
89848;62
89939;62
90037;62
90136;62
90289;62
90506;62
90756;62
90864;62
90967;62
91086;62
91269;62
91522;62
91631;62
91755;62
91940;62
92184;62
92354;62
92450;62
92551;62
92658;62
92844;62
93044;62
93217;62
93321;62
93451;62
93683;62
93932;62
94038;62
94138;62
94233;62
94329;62
94439;62
94543;62
94650;61
94800;61
95005;61
95200;61
95310;61
95463;61
95744;61
95964;61
96067;61
96162;61
96262;61
96371;61
96501;61
96660;61
96899;61
97116;61
97226;61
97346;61
97482;61
97667;61
97918;61
98020;61
98146;61
98268;61
98457;61
98635;61
98754;61
98858;61
99066;61
99263;61
99422;61
99535;61
99687;61
99897;61
100075;61
100196;61
100507;61
100669;61
100783;61
100953;61
101213;61
101434;61
101746;61
101882;61
101982;61
102088;61
102199;61
102309;61
102412;61
102521;61
102642;61
102795;61
102952;61
103072;61
103247;61
103404;61
103504;61
103638;61
103811;61
104082;61
104324;61
104426;61
104531;61
104656;61
104797;61
104959;61
105062;61
105193;61
105291;61
105410;61
105533;63
105633;63
105753;63
105861;63
105988;63
106094;63
106203;61
106310;61
106470;61
106647;61
106810;61
106952;61
107055;61
107168;61
107306;61
107434;61
107549;61
107664;61
107781;61
107887;61
107993;61
108109;61
108220;61
108319;61
108434;61
108567;61
108682;61
108834;61
108959;61
109076;61
109182;61
109292;61
109402;61
109504;61
109615;61
109747;61
109866;61
109976;61
110072;61
110170;61
110275;61
110410;61
110523;61
110640;62
110755;62
110870;62
110993;62
111094;62
111193;62
111313;62
111415;62
111517;62
111613;62
111712;61
111843;61
111964;61
112067;61
112175;61
112291;61
112399;61
112559;61
112673;61
112792;61
112899;61
113032;61
113153;61
113268;61
113373;61
113501;61
113624;61
113737;61
113837;61
113961;61
114066;61
114198;61
114314;61
114406;61
114520;61
114698;61
114871;61
114983;61
115090;61
115198;61
115371;61
115554;61
115712;61
115929;61
116111;61
116240;61
116360;61
116479;61
116601;61
116700;61
116813;61
116935;61
117067;63
117167;63
117270;63
117380;63
117507;63
117607;63
117708;63
117812;63
117938;63
118061;63
118156;63
118282;63
118384;63
118491;63
118598;63
118703;63
118806;63
118907;63
119023;63
119124;63
119228;63
119331;63
119428;63
119537;63
119643;63
119756;63
119874;63
120049;63
120210;63
120315;63
120479;63
120667;63
120845;63
121010;63
121155;63
121276;63
121445;63
121617;63
121782;63
121900;63
122006;63
122116;63
122214;63
122313;63
122417;63
122512;63
122632;63
122767;63
122939;63
123113;63
123253;63
123360;63
123476;63
123580;63
123699;63
123796;63
123963;63
124153;63
124323;63
124431;63
124544;63
124712;63
124895;63
125048;63
125151;63
125253;63
125367;63
125480;63
125632;63
125851;63
126076;63
126237;63
126351;63
126448;63
126545;63
126643;63
126752;63
126885;63
127052;63
127174;63
127282;63
127391;63
127490;63
127593;63
127697;63
127822;63
127929;63
128025;63
128125;63
128244;63
128347;63
128446;63
128546;63
128641;63
128743;63
128848;63
128948;63
129054;63
129163;63
129264;63
129376;63
129518;63
129680;63
129838;63
129954;63
130063;63
130175;63
130329;63
130435;63
130549;63
130652;63
130764;63
130870;63
130969;63
131116;63
131267;63
131415;63
131540;63
131657;63
131861;63
131964;63
132064;63
132189;63
132291;63
132435;63
132607;63
132762;63
132874;63
132989;63
133090;63
133250;63
133432;63
133581;63
133685;63
133786;63
133885;63
134000;63
134182;63
134357;63
134462;63
134572;63
134680;63
134786;63
134969;63
135143;63
135316;63
135412;63
135558;63
135668;63
135778;63
135901;63
136087;63
136309;63
136430;63
136569;63
136666;63
136763;63
136876;63
136982;63
137081;63
137186;63
137286;63
137396;63
137501;63
137601;63
137701;63
137836;63
137956;63
138133;63
138315;63
138438;63
138549;63
138653;63
138769;63
138872;63
138978;63
139083;63
139227;63
139369;63
139555;63
139728;63
139833;63
139933;63
140035;63
140137;63
140238;63
140338;63
140442;63
140543;63
140653;63
140760;63
140861;63
140977;63
141149;63
141318;63
141440;63
141542;63
141645;63
141748;63
141870;63
141998;63
142114;63
142214;63
142333;63
142438;63
142546;63
142656;63
142762;63
142858;63
142956;63
143055;63
143158;63
143264;63
143415;63
143516;63
143615;63
143723;63
143827;63
143929;63
144036;63
144138;63
144252;63
144354;63
144458;63
144563;63
144666;63
144789;63
144891;63
144993;63
145094;63
145196;63
145298;63
145399;63
145539;63
145652;63
145772;63
145877;63
145987;63
146093;63
146199;63
146301;63
146499;63
146605;63
146708;63
146810;63
146914;63
147030;63
147151;63
147272;63
147376;63
147476;63
147574;63
147674;63
147803;63
147911;63
148010;63
148113;63
148225;63
148339;63
148445;63
148593;63
148703;63
148810;63
148918;63
149034;63
149149;63
149261;63
149383;63
149490;63
149595;63
149705;63
149810;63
149917;63
150023;63
150125;63
150233;63
150350;63
150459;63
150568;63
150680;63
150792;63
150908;63
151038;63
151149;63
151265;63
151375;63
151483;63
151591;63
151692;63
151833;63
152032;63
152170;63
152328;63
152435;63
152542;63
152667;63
152772;63
152883;63
153005;63
153277;63
153534;63
153683;63
153846;63
154084;63
154345;63
154603;63
154753;63
154927;63
155089;63
155228;63
155380;63
155606;63
155800;63
155948;63
156089;63
156205;63
156389;63
156623;63
156788;63
156984;63
157215;63
157446;63
157635;63
157883;63
158120;63
158291;63
158397;63
158516;63
158717;63
158890;63
159001;63
159105;63
159214;63
159409;63
159637;63
159827;63
159934;63
160143;63
160360;63
160484;63
160587;63
160731;63
160960;63
161144;63
161248;63
161387;63
161510;63
161613;63
161719;63
161820;63
161924;63
162021;63
162157;63
162359;63
162590;63
162702;63
162887;63
163052;63
163243;63
163400;63
163569;63
163738;63
163840;63
163944;63
164054;63
164173;63
164303;63
164435;63
164556;63
164648;63
164743;63
164838;63
164933;63
165036;63
165138;63
165262;63
165417;63
165599;63
165712;63
165859;63
166118;63
166268;63
166382;63
166480;63
166596;63
166700;63
166806;63
166908;63
167071;63
167291;63
167396;63
167508;63
167655;63
167888;63
168059;63
168187;63
168292;63
168396;63
168501;63
168615;63
168722;63
168832;63
168935;63
169035;63
169146;63
169262;63
169364;63
169491;63
169590;63
169703;63
169806;63
169908;63
170016;63
170115;63
170214;63
170316;63
170416;63
170543;63
170706;63
170934;63
171151;63
171302;63
171406;63
171526;63
171627;63
171734;63
171837;63
171940;63
172039;63
172151;63
172263;63
172362;63
