171;1443
293;1409
398;1326
481;1287
561;1257
635;1257
712;1257
777;1248
852;1125
929;1125
997;1040
1064;960
1130;867
1207;815
1286;803
1358;710
1424;710
1487;710
1551;710
1622;671
1685;671
1747;671
1819;671
1905;609
1984;534
2064;534
2129;534
2199;534
2262;534
2324;534
2389;534
2459;534
2536;534
2604;492
2682;492
2743;492
2808;492
2880;407
2942;407
3018;307
3085;307
3153;307
3206;307
3266;307
3328;307
3403;279
3482;279
3561;279
3646;279
3722;279
3801;279
3878;279
3954;279
4055;261
4108;261
4164;261
4227;261
4282;261
4337;261
4404;254
4469;254
4525;254
4581;254
4638;254
4691;254
4747;254
4813;254
4868;254
4924;253
4980;253
5036;253
5098;253
5154;253
5222;253
5276;253
5346;199
5404;199
5459;199
5515;199
5573;140
5629;140
5684;140
5738;140
5793;140
5849;140
5904;140
5978;140
6040;140
6096;140
6152;140
6211;140
6267;140
6324;140
6385;139
6457;139
6538;139
6620;139
6700;139
6777;139
6843;139
6904;139
6959;139
7015;139
7069;139
7135;139
7192;139
7251;139
7305;139
7363;139
7419;139
7478;139
7553;139
7612;139
7668;139
7724;139
7783;139
7850;139
7909;139
7968;139
8024;139
8086;139
8142;139
8199;139
8257;139
8319;139
8375;139
8435;139
8490;139
8545;139
8599;139
8661;83
8719;83
8773;83
8829;83
8884;83
8941;83
9008;83
9083;83
9139;83
9193;83
9251;83
9306;83
9360;83
9415;83
9471;83
9526;83
9587;83
9649;83
9703;83
9769;83
9822;83
9889;83
9947;83
10001;83
10056;83
10114;83
10169;83
10231;83
10286;83
10341;83
10399;83
10455;83
10509;83
10565;83
10627;83
10684;83
10739;83
10797;83
10853;83
10908;83
10963;83
11018;83
11074;83
11130;83
11185;83
11243;83
11298;83
11352;83
11411;83
11466;83
11521;83
11575;83
11632;83
11687;83
11742;83
11797;83
11851;83
11908;83
11962;83
12027;83
12084;83
12148;83
12203;83
12258;83
12313;83
12368;83
12425;83
12480;83
12543;83
12606;83
12662;83
12716;83
12770;83
12830;83
12884;83
12942;83
12996;83
13050;83
13103;83
13156;83
13216;83
13275;83
13331;83
13397;83
13458;83
13512;83
13567;83
13624;83
13682;83
13736;83
13792;83
13854;84
13916;84
13969;84
14022;84
14075;84
14128;84
14183;84
14236;84
14290;84
14342;84
14398;84
14452;84
14506;84
14563;84
14626;84
14684;84
14738;84
14795;84
14849;84
14906;84
14972;84
15042;84
15097;84
15156;84
15213;84
15266;84
15319;84
15376;84
15433;84
15486;84
15541;84
15597;84
15655;84
15714;84
15769;84
15826;83
15880;83
15936;83
15992;83
16048;83
16103;83
16158;83
16217;83
16273;83
16334;83
16389;83
16441;83
16496;83
16551;83
16603;83
16658;83
16717;83
16771;83
16830;83
16885;83
16941;83
16996;83
17050;83
17110;83
17164;83
17219;83
17275;83
17330;83
17385;83
17451;83
17503;83
17558;83
17613;83
17667;83
17723;83
17777;83
17836;83
17894;83
17947;83
18008;83
18063;83
18118;83
18174;83
18231;83
18291;78
18345;78
18401;78
18456;78
18518;78
18572;78
18640;78
18694;78
18748;78
18803;78
18856;78
18911;78
18965;78
19020;78
19075;78
19132;78
19188;78
19254;78
19309;78
19367;78
19424;78
19483;78
19544;78
19598;78
19654;78
19707;78
19761;78
19824;78
19879;78
19932;78
19987;78
20042;78
20098;78
20153;78
20211;79
20266;79
20320;79
20375;79
20437;79
20504;79
20557;79
20611;79
20673;79
20727;79
20782;79
20836;79
20891;79
20945;79
21003;79
21057;79
21111;79
21168;79
21225;79
21279;79
21337;79
21392;79
21455;79
21509;79
21563;79
21630;79
21684;79
21738;79
21793;79
21846;79
21900;79
21954;79
22011;79
22065;79
22120;79
22176;79
22238;79
22292;79
22352;79
22405;79
22459;79
22513;79
22567;79
22622;79
22675;79
22728;79
22782;79
22847;79
22903;79
22958;79
23012;79
23068;79
23123;79
23182;79
23237;79
23290;79
23343;79
23406;79
23461;79
23517;79
23572;79
23627;79
23681;79
23733;79
23790;79
23845;79
23899;79
23961;79
24021;79
24074;79
24128;79
24181;79
24235;79
24287;79
24340;79
24399;79
24453;78
24505;78
24560;78
24624;78
24677;78
24736;78
24788;78
24847;78
24901;78
24954;78
25007;78
25060;78
25114;78
25168;78
25230;78
25285;78
25338;78
25392;78
25453;78
25504;78
25557;78
25611;78
25665;78
25718;78
25771;78
25832;78
25888;78
25943;78
25996;78
26053;78
26107;78
26168;78
26220;78
26272;78
26326;78
26379;78
26437;78
26490;78
26546;78
26598;78
26660;78
26712;78
26765;78
26824;78
26873;78
26925;78
26981;78
27040;78
27096;78
27150;78
27202;78
27256;78
27309;78
27363;78
27424;78
27478;78
27536;78
27594;78
27648;78
27701;78
27753;78
27809;78
27862;78
27915;78
27967;78
28026;78
28082;78
28135;78
28193;78
28249;78
28302;78
28354;78
28410;78
28471;78
28523;78
28585;78
28642;78
28697;78
28752;78
28814;78
28869;78
28927;78
28985;78
29039;78
29092;78
29161;78
29215;78
29269;78
29322;78
29377;78
29435;78
29490;78
29547;78
29610;78
29665;78
29717;78
29772;78
29828;78
29887;78
29940;78
29995;78
30052;78
30108;78
30162;78
30219;78
30274;78
30328;78
30384;78
30436;78
30491;78
30547;78
30611;78
30667;78
30729;78
30779;78
30833;78
30886;78
30938;78
30992;78
31045;78
31096;78
31152;78
31211;78
31267;78
31320;78
31377;78
31433;78
31487;78
31547;78
31602;78
31661;78
31715;78
31770;78
31835;78
31888;78
31948;78
32006;78
32064;78
32118;78
32177;78
32230;78
32286;78
32339;78
32395;78
32451;78
32507;78
32566;78
32622;78
32675;78
32734;78
32789;78
32852;78
32902;78
32956;78
33015;78
33069;78
33122;78
33178;78
33238;78
33292;78
33346;78
33400;78
33458;78
33514;78
33572;78
33636;78
33690;78
33747;78
33804;78
33865;78
33917;78
33977;78
34038;78
34091;78
34146;78
34201;78
34254;78
34307;78
34360;78
34415;78
34469;78
34525;78
34580;78
34638;78
34698;78
34793;78
34865;78
34921;78
34978;79
35033;79
35088;79
35143;79
35196;79
35250;79
35303;79
35356;79
35416;79
35470;78
35528;78
35587;78
35643;78
35700;78
35764;78
35818;78
35871;78
35923;78
35976;78
36034;78
36088;78
36141;78
36194;78
36248;78
36301;78
36359;78
36413;78
36471;78
36526;78
36582;78
36654;78
36710;78
36762;78
36815;78
36868;78
36920;78
36973;78
37026;78
37079;78
37131;78
37187;78
37247;78
37301;78
37354;78
37417;78
37467;78
37519;78
37573;78
37627;78
37679;78
37735;78
37792;78
37845;78
37897;78
37949;78
38004;78
38057;78
38111;78
38171;78
38235;78
38287;78
38339;78
38395;78
38449;78
38503;78
38559;78
38612;78
38669;78
38722;78
38774;78
38832;78
38886;78
38945;78
39005;79
39058;79
39110;79
39163;79
39216;79
39270;79
39324;79
39376;79
39428;79
39481;79
39539;78
39601;78
39659;78
39714;78
39768;78
39822;78
39874;78
39927;78
39980;78
40035;78
40094;78
40147;78
40205;78
40262;78
40323;78
40377;78
40430;78
40482;78
40536;78
40591;78
40646;78
40698;78
40751;78
40813;78
40867;78
40922;78
40978;78
41034;78
41087;78
41141;78
41197;78
41255;78
41309;78
41362;78
41423;78
41478;78
41533;78
41593;78
41648;78
41703;78
41757;78
41813;78
41888;78
41961;78
42048;78
42101;78
42158;78
42220;78
42274;78
42329;78
42388;78
42441;78
42494;78
42550;78
42608;78
42663;78
42715;78
42772;78
42827;78
42883;78
42943;78
42997;78
43052;78
43105;78
43158;78
43217;78
43272;78
43333;78
43387;78
43441;78
43502;78
43555;78
43608;78
43662;78
43717;78
43770;78
43828;78
43887;78
43941;78
43994;78
44046;78
44099;78
44154;78
44208;78
44263;78
44319;78
44380;78
44439;78
44493;78
44547;78
44600;78
44655;78
44708;78
44764;79
44822;79
44875;79
44928;79
44981;79
45040;79
45092;79
45148;79
45202;79
45265;79
45317;79
45370;79
45424;79
45479;79
45533;79
45588;79
45646;79
45699;79
45754;79
45821;79
45875;79
45928;79
45981;79
46036;79
46089;79
46142;79
46199;79
46254;79
46307;79
46361;79
46415;79
46477;79
46530;79
46584;79
46639;79
46693;79
46749;79
46811;79
46863;79
46915;79
46969;79
47022;79
47076;79
47131;79
47185;79
47241;79
47298;79
47377;79
47435;79
47489;79
47541;79
47594;79
47649;79
47701;79
47753;78
47807;78
47860;78
47913;78
47975;78
48038;78
48092;78
48147;78
48207;78
48262;78
48314;78
48369;78
48422;78
48474;78
48528;78
48580;78
48640;78
48695;78
48749;78
48803;78
48857;78
48929;78
48983;78
49048;78
49103;78
49158;78
49218;78
49271;78
49326;78
49380;78
49432;78
49484;78
49540;78
49596;78
49653;78
49707;78
49763;78
49824;78
49889;78
49945;78
50002;78
50055;78
50107;78
50163;78
50220;78
50272;78
50325;78
50378;78
50450;78
50510;78
50568;78
50626;78
50679;78
50735;78
50792;78
50850;78
50905;80
50958;80
51018;80
51072;80
51125;80
51177;80
51232;80
51285;80
51339;80
51392;80
51446;80
51500;80
51557;80
51618;80
51675;80
51732;80
51785;80
51838;80
51890;78
51944;78
52015;78
52068;78
52122;78
52176;78
52237;78
52291;78
52346;78
52400;78
52455;78
52509;78
52567;78
52621;78
52674;78
52728;78
52782;78
52839;78
52892;78
52945;78
52998;78
53053;78
53105;78
53159;78
53216;78
53271;78
53325;78
53383;78
53441;78
53494;78
53564;78
53618;78
53672;78
53726;78
53779;78
53831;78
53883;78
53942;78
54005;78
54060;78
54117;78
54172;78
54224;78
54277;78
54330;78
54382;78
54434;78
54488;78
54542;78
54599;78
54654;78
54710;78
54765;78
54820;78
54878;78
54930;78
54982;78
55034;78
55103;78
55157;78
55219;78
55275;78
55328;78
55381;78
55434;78
55486;78
55540;78
55596;78
55653;78
55705;78
55759;78
55817;78
55873;78
55925;78
55977;78
56031;78
56084;78
56138;78
56193;78
56249;78
56302;78
56356;78
56415;78
56470;78
56526;78
56587;78
56660;78
56712;78
56765;78
56817;78
56870;78
56927;78
56981;78
57039;78
57093;78
57146;78
57198;78
57250;78
57304;78
57357;78
57409;78
57469;78
57524;78
57577;78
57639;78
57691;78
57743;78
57797;78
57849;78
57901;78
57955;78
58008;78
58066;78
58118;78
58200;78
58254;78
58307;78
58362;78
58415;78
58467;78
58521;78
58574;78
58635;78
58687;78
58739;78
58796;78
58850;78
58903;78
58957;78
59013;78
59069;78
59121;78
59186;78
59239;78
59299;78
59352;78
59414;78
59468;78
59525;78
59579;78
59634;78
59689;78
59746;78
59799;78
59856;78
59909;78
59962;78
60021;78
60074;78
60128;78
60183;78
60237;78
60290;78
60346;78
60400;78
60456;78
60510;78
60565;78
60632;78
60685;78
60740;78
60794;78
60847;78
60908;78
60967;78
61021;78
61074;78
61128;78
61181;78
61244;78
61301;78
61356;78
61430;78
61483;78
61540;78
61594;78
61651;78
61704;78
61757;78
61816;78
61869;78
61924;78
61978;78
62032;78
62085;78
62142;78
62207;78
62261;78
62328;78
62417;78
62476;78
62530;78
62585;78
62641;78
62694;78
62749;78
62804;78
62858;78
62910;78
62965;78
63025;78
63079;78
63133;78
63194;78
63252;78
63310;78
63376;78
63430;78
63483;78
63536;78
63591;78
63651;78
63703;78
63757;78
63817;78
63872;78
63929;78
63983;78
64038;78
64092;78
64146;78
64204;78
64265;78
64327;78
64404;78
64485;78
64559;78
64612;78
64666;78
64718;78
64772;78
64831;78
64884;78
64940;78
64993;78
65046;78
65099;78
65156;78
65212;78
65268;78
65322;78
65378;78
65438;78
65492;78
65550;78
65604;78
65674;78
65726;78
65779;78
65834;78
65890;78
65942;78
66000;78
66053;78
66106;78
66159;78
66213;78
66266;78
66321;78
66375;78
66432;78
66486;78
66540;78
66599;78
66655;78
66713;78
66767;78
66835;78
66913;78
66993;78
67084;78
67136;78
67194;78
67249;78
67303;78
67357;78
67412;78
67466;78
67519;78
67573;78
67627;78
67682;78
67736;78
67794;78
67851;78
67905;78
67959;78
68014;78
68070;78
68126;78
68182;78
68236;78
68292;78
68347;78
68409;78
68486;78
68542;78
68594;78
68651;78
68706;78
68760;78
68814;78
68870;78
68930;78
68986;78
69046;78
69102;78
69158;78
69214;78
69276;78
69332;78
69389;78
69446;78
69502;78
69557;78
69620;78
69675;78
69731;78
69786;78
69858;78
69933;78
69988;78
70041;78
70095;78
70148;78
70206;78
70262;78
70317;78
70370;78
70426;78
70482;78
70536;78
70590;78
70647;78
70701;78
70755;78
70817;78
70875;78
70932;78
70985;78
71040;78
71096;78
71152;78
71217;78
71271;78
71329;78
71392;78
71449;78
71505;78
71557;78
71610;78
71665;78
71718;78
71772;78
71825;78
71878;78
71931;78
72016;78
72070;78
72126;78
72183;78
72238;78
72292;78
72345;78
72400;78
72454;78
72509;78
72564;78
72627;78
72683;78
72745;78
72800;78
72853;78
72906;78
72961;78
73021;78
73074;78
73126;78
73179;78
73241;78
73295;78
73349;78
73402;78
73458;78
73531;78
73587;78
73642;78
73698;78
73753;78
73812;78
73868;78
73922;78
73977;78
74031;78
74089;78
74142;78
74194;78
74248;78
74300;78
74352;78
74410;78
74462;78
74517;78
74570;78
74626;78
74683;78
74738;78
74793;78
74850;78
74906;78
74961;78
75023;78
75097;78
75156;78
75211;78
75266;78
75329;78
75381;78
75435;78
75488;78
75543;78
75600;78
75654;78
75707;78
75760;78
75815;78
75867;78
75922;78
75975;78
