233;3843
366;3833
450;3660
526;3642
591;3642
737;3502
817;3455
889;3366
983;3293
1052;3217
1136;3134
1213;3106
1292;3009
1379;2944
1444;2842
1516;2842
1599;2751
1700;2751
1783;2655
1852;2654
1931;2558
1998;2558
2075;2558
2148;2500
2225;2500
2298;2425
2384;2425
2448;2425
2526;2256
2601;2248
2672;2248
2736;2140
2802;2140
2881;1866
2943;1793
3013;1793
3101;1720
3192;1647
3266;1647
3364;1612
3442;1609
3531;1588
3636;1497
3699;1454
3779;1450
3845;1450
3917;1450
3990;1429
4052;1429
4111;1429
4175;1377
4246;1357
4304;1357
4365;1313
4422;1313
4481;1313
4539;1313
4597;1313
4681;1303
4753;1303
4833;1276
4902;1207
4960;1207
5017;1100
5073;1100
5138;1100
5196;1100
5260;1100
5326;1100
5403;1100
5471;1100
5543;1033
5604;1033
5687;972
5765;972
5835;972
5919;972
6001;895
6087;822
6147;822
6211;822
6283;822
6340;822
6398;822
6462;822
6519;822
6578;822
6659;780
6740;728
6798;728
6857;717
6917;717
6980;717
7043;717
7112;717
7174;717
7248;716
7310;716
7377;716
7440;716
7498;716
7555;716
7621;716
7697;716
7789;716
7845;716
7902;716
7974;716
8035;716
8110;716
8167;716
8230;716
8289;716
8347;716
8406;716
8491;716
8549;716
8607;716
8673;633
8732;633
8790;633
8846;633
8915;633
8973;586
9032;586
9101;586
9160;586
9221;586
9289;542
9347;542
9420;542
9478;483
9537;483
9604;483
9670;483
9730;483
9795;483
9851;483
9912;483
9975;483
10034;483
10090;483
10147;483
10204;483
10263;483
10324;484
10384;484
10448;484
10505;484
10572;484
10633;484
10704;456
10770;456
10835;456
10906;456
10980;456
11052;456
11129;456
11202;456
11260;455
11315;454
11372;454
11428;454
11483;409
11562;347
11634;347
11701;347
11763;347
11828;347
11891;347
11951;347
12011;347
12070;347
12132;347
12208;347
12279;347
12351;347
12408;347
12464;347
12522;347
12586;347
12653;347
12727;347
12787;347
12852;347
12908;347
12967;347
13026;347
13087;347
13149;347
13207;347
13267;347
13325;347
13383;347
13446;347
13505;347
13562;347
13631;347
13687;347
13751;338
13814;338
13870;338
13926;338
13986;338
14045;338
14107;338
14164;338
14222;338
14281;338
14342;338
14407;338
14470;338
14527;338
14585;338
14651;338
14709;338
14773;338
14829;338
14887;338
14943;338
15008;338
15079;338
15137;338
15197;338
15257;338
15316;338
15376;338
15435;338
15493;338
15552;338
15611;338
15667;338
15723;338
15786;337
15850;337
15906;337
15971;337
16037;337
16102;337
16166;337
16225;337
16285;337
16344;337
16400;337
16463;337
16522;337
16583;337
16641;337
16710;337
16782;337
16845;337
16903;337
16961;337
17019;337
17077;337
17135;337
17207;337
17262;337
17318;337
17377;337
17432;337
17488;337
17546;337
17610;337
17684;303
17743;303
17803;303
17861;303
17919;303
17976;303
18041;303
18098;303
18154;303
18213;303
18277;303
18332;303
18388;303
18444;303
18502;303
18574;303
18633;303
18691;303
18757;303
18823;303
18892;303
18948;303
19006;303
19063;303
19127;303
19184;303
19255;303
19315;303
19371;303
19428;303
19489;303
19555;303
19623;303
19679;303
19750;303
19808;303
19872;303
19928;303
19984;303
20040;303
20103;303
20163;303
20228;303
20286;302
20347;278
20416;278
20474;278
20530;278
20609;278
20668;278
20727;278
20785;278
20840;278
20899;278
20960;278
21025;278
21083;278
21142;278
21204;278
21263;278
21318;278
21375;278
21434;278
21498;278
21563;278
21624;278
21689;278
21746;278
21804;278
21867;278
21926;278
21982;278
22054;278
22110;278
22175;278
22234;278
22304;278
22361;278
22440;278
22503;278
22567;238
22625;238
22695;238
22753;238
22816;238
22880;238
22945;238
23014;238
23072;238
23128;238
23186;238
23245;238
23307;238
23362;238
23426;238
23498;238
23559;238
23631;238
23687;238
23745;238
23803;238
23869;238
23925;238
23981;238
24037;238
24096;238
24151;238
24216;238
24272;238
24328;238
24383;238
24440;238
24504;238
24570;238
24624;238
24682;238
24751;238
24816;238
24886;238
24951;238
25007;238
25063;238
25125;238
25181;238
25237;238
25292;238
25359;238
25421;238
25492;238
25549;238
25639;238
25703;238
25760;238
25824;238
25886;238
25941;238
26004;238
26058;238
26115;238
26181;238
26243;238
26311;238
26373;238
26428;238
26498;239
26562;239
26616;239
26671;239
26734;239
26802;237
26869;237
26927;237
27002;237
27057;237
27111;237
27166;237
27222;237
27277;236
27334;236
27389;236
27451;236
27510;236
27585;235
27641;235
27698;235
27757;235
27816;235
27882;235
27938;235
28004;235
28059;235
28115;235
28177;235
28233;235
28294;235
28351;235
28411;235
28470;235
28527;235
28584;235
28642;235
28714;235
28784;235
28847;235
28918;235
28975;235
29030;235
29086;235
29156;235
29224;235
29295;235
29358;235
29416;235
29473;235
29529;235
29587;235
29646;235
29702;235
29761;235
29828;235
29904;235
29981;235
30059;235
30122;235
30180;235
30242;235
30297;235
30354;235
30412;235
30467;235
30530;235
30589;235
30653;235
30709;235
30766;235
30825;235
30884;235
30949;235
31010;235
31080;235
31186;235
31278;235
31335;235
31399;235
31475;235
31540;235
31603;235
31661;235
31727;235
31786;235
31841;235
31905;235
31967;235
32048;235
32133;235
32194;235
32253;235
32316;237
32380;237
32441;237
32504;237
32567;237
32637;237
32704;237
32761;237
32820;237
32875;237
32930;237
32996;237
33057;237
33115;237
33171;237
33232;237
33304;237
33360;237
33432;237
33487;237
33546;237
33608;237
33667;237
33724;237
33783;237
33838;237
33896;237
33959;237
34024;237
34083;237
34143;237
34215;237
34273;237
34330;237
34405;237
34459;237
34515;237
34593;237
34647;237
34704;237
34767;237
34822;237
34884;237
34942;237
35012;237
35082;237
35140;237
35207;237
35272;237
35336;237
35392;237
35454;237
35509;237
35567;237
35623;237
35678;237
35735;237
35806;237
35861;237
35920;237
35991;237
36054;237
36140;237
36203;237
36264;237
36327;237
36391;237
36465;237
36529;237
36584;237
36641;237
36697;237
36752;237
36811;237
36871;237
36930;237
36996;237
37063;237
37122;237
37193;237
37249;237
37303;237
37358;237
37416;237
37478;237
37546;237
37601;237
37686;237
37751;237
37810;237
37882;237
37942;237
38000;237
38069;237
38126;237
38187;237
38242;237
38299;237
38354;237
38410;237
38465;237
38522;237
38587;237
38647;237
38709;237
38766;237
38821;237
38878;237
38933;237
39011;237
39069;237
39126;237
39189;237
39248;237
39314;237
39374;237
39433;237
39490;237
39569;237
39623;237
39679;237
39736;237
39791;237
39846;237
39901;237
39960;237
40017;237
40089;237
40156;237
40220;237
40275;237
40345;237
40401;237
40471;237
40534;237
40592;237
40647;237
40711;237
40787;237
40845;237
40912;237
40967;237
41030;237
41087;237
41142;237
41200;237
41257;237
41315;237
41371;237
41434;237
41490;237
41545;237
41600;236
41678;236
41730;236
41781;236
41837;236
41892;236
41960;236
42031;236
42089;236
42145;236
42204;236
42291;236
42348;236
42418;236
42484;236
42547;236
42612;236
42671;236
42727;236
42778;236
42841;236
42897;236
42954;236
43008;236
43071;236
43133;236
43198;236
43260;236
43322;236
43379;236
43450;240
43504;240
43559;240
43616;240
43692;240
43754;240
43814;240
43869;240
43923;237
43979;237
44037;237
44092;237
44150;237
44225;237
44287;237
44342;237
44397;237
44456;237
44526;237
44588;237
44643;237
44697;237
44758;237
44816;237
44879;238
44936;237
44998;237
45055;237
45113;237
45170;237
45226;237
45280;237
45348;237
45404;237
45460;237
45518;237
45581;237
45640;237
45697;237
45752;237
45807;237
45870;237
45927;237
45984;237
46056;237
46111;237
46170;237
46239;237
46297;237
46352;237
46407;237
46461;237
46532;237
46595;237
46654;237
46726;237
46783;237
46863;237
46949;237
47004;237
47059;237
47116;237
47179;237
47237;237
47294;237
47348;237
47403;237
47459;237
47516;237
47575;237
47634;237
47693;237
47765;237
47820;237
47883;237
47940;237
47997;237
48061;237
48124;237
48183;237
48238;237
48296;237
48355;237
48423;237
48485;237
48552;237
48618;236
48674;236
48730;236
48790;236
48866;236
48929;236
48985;236
49043;236
49105;236
49162;236
49226;236
49288;236
49345;236
49403;236
49467;236
49537;236
49594;236
49663;236
49722;236
49794;236
49861;236
49916;236
49974;236
50038;236
50100;237
50155;238
50218;237
50280;237
50337;237
50401;237
50457;237
50514;237
50573;237
50634;237
50697;237
50759;237
50823;237
50880;237
50938;237
50995;237
51052;237
51107;237
51166;237
51232;237
51291;237
51355;237
51414;237
51477;237
51534;237
51606;237
51669;237
51736;237
51797;237
51861;237
51926;237
51987;237
52050;237
52108;237
52174;237
52245;237
52339;237
52414;237
52481;237
52561;237
52643;237
52718;237
52789;237
52846;237
52915;237
52971;237
53032;237
53090;237
53158;237
53222;237
53292;237
53347;237
53403;237
53469;237
53524;237
53582;237
53636;237
53694;237
53752;237
53813;237
53872;237
53927;237
53990;237
54045;237
54100;237
54155;237
54212;237
54269;237
54324;237
54379;237
54457;237
54566;237
54640;237
54703;237
54759;237
54817;237
54874;237
54928;237
54983;237
55038;237
55093;237
55149;237
55220;237
55274;237
55332;237
55387;237
55457;237
55512;237
55581;237
55644;237
55702;237
55771;237
55839;237
55894;237
55956;237
56013;237
56068;237
56134;237
56197;237
56254;236
56311;236
56369;236
56429;236
56496;236
56553;236
56608;236
56678;236
56732;236
56795;236
56857;236
56920;236
56986;236
57041;236
57098;236
57155;236
57211;236
57266;236
57320;236
57377;236
57434;236
57505;236
57562;236
57619;236
57676;236
57731;236
57785;236
57841;236
57909;236
57979;236
58032;237
58089;237
58146;237
58209;237
58271;237
58328;237
58383;237
58453;237
58512;237
58569;236
58627;236
58684;236
58741;236
58796;236
58853;236
58924;236
58976;236
59031;236
59087;236
59186;236
59248;236
59311;236
59366;236
59423;236
59480;236
59541;236
59596;236
59653;236
59710;236
59765;236
59822;236
59876;236
59939;236
59997;236
60054;236
60112;235
60175;235
60233;235
60287;234
60342;234
60397;234
60453;234
60516;234
60583;234
60642;234
60698;234
60760;234
60822;234
60891;234
60949;234
61006;234
61060;234
61118;234
61174;234
61229;234
61299;234
61357;234
61418;234
61486;234
61541;234
61600;234
61657;234
61714;234
61772;234
61834;234
61893;234
61950;234
62018;234
62081;234
62136;234
62193;234
62251;234
62322;234
62379;234
62436;234
62498;235
62567;235
62624;235
62681;235
62744;235
62807;235
62864;235
62927;235
62984;235
63047;235
63121;235
63187;235
63244;235
63299;235
63357;235
63428;235
63485;235
63556;235
63614;235
63672;235
63731;235
63812;235
63871;235
63926;235
63984;235
64040;235
64108;235
64166;235
64226;235
64281;235
64337;235
64392;235
64448;235
64503;235
64559;235
64620;235
64676;235
64738;235
64801;235
64864;235
64919;235
64974;235
65043;235
65101;235
65165;235
65231;235
65290;235
65369;235
65430;235
65493;235
65562;235
65619;235
65682;235
65738;235
65793;235
65848;235
65910;235
65967;235
66025;235
66082;235
66137;235
66194;235
66252;235
66314;235
66385;235
66452;235
66523;235
66591;235
66647;235
66702;235
66757;235
66812;235
66882;235
66940;235
67012;235
67073;235
67135;235
67194;235
67263;235
67320;235
67377;235
67434;235
67488;235
67544;235
67603;235
67659;235
67725;235
67782;235
67838;235
67892;235
67947;235
68002;235
68056;235
68111;235
68166;235
68223;235
68281;235
68339;235
68408;235
68467;235
68522;235
68579;235
68634;235
68689;235
68744;235
68798;235
68861;235
68916;235
68975;235
69032;235
69098;235
69156;235
69228;236
69286;236
69343;236
69406;234
69463;234
69540;234
69591;234
69650;234
69706;234
69766;234
69825;234
69896;234
69991;234
70045;234
70107;234
70169;234
70227;234
70281;234
70351;234
70408;234
70462;234
70517;234
70574;234
70634;234
70693;234
70757;234
70823;234
70885;234
70944;234
71015;234
71074;234
71133;234
71212;234
71322;234
71407;234
71517;234
71613;234
71701;234
71789;234
71881;234
71965;234
72035;234
72122;234
72196;234
72267;234
72331;234
72390;234
72448;234
72507;234
72564;234
72629;234
72687;234
72742;234
72794;234
72869;234
72926;234
72992;234
73076;234
73141;234
73195;234
73259;234
73317;234
73381;234
73437;234
73495;234
73549;234
73620;234
73678;234
73732;234
73788;234
73847;234
73903;234
73960;234
74039;234
74103;234
74160;234
74223;234
74281;234
74335;234
74393;234
74447;234
74502;234
74557;234
74623;234
74686;234
74748;234
74805;234
74876;234
74935;234
74992;234
75056;234
75115;234
75172;234
75231;234
75286;234
75348;234
75402;234
75453;234
75520;234
75578;234
75637;234
75705;234
75758;234
75817;234
75882;234
75950;234
76011;234
76083;234
76144;234
76215;234
76274;234
76348;234
76407;234
76462;234
76525;234
76581;233
76637;233
76701;233
76770;233
76822;233
76890;233
76953;233
77008;233
77063;233
77117;233
77173;233
77225;233
77282;233
77340;233
77399;233
77457;233
77520;233
77585;233
77651;233
77711;233
77780;233
77849;233
77915;233
77987;233
78063;233
78131;233
78197;233
78262;233
78320;233
78383;233
78456;233
78514;233
78570;233
78625;233
78683;233
78742;233
78800;233
78859;233
78915;233
78981;233
79038;233
79100;233
79158;233
79218;233
79286;233
79342;233
79401;233
79467;233
79521;233
79585;233
79641;233
79697;233
79771;233
79836;233
79901;233
79957;233
80013;233
80071;233
80126;233
80183;233
80239;233
80298;233
80357;233
80417;233
80475;233
80532;233
80590;233
80648;233
80715;233
80776;233
80833;233
80891;233
80948;233
81008;233
81064;233
81129;233
81194;233
81278;233
81346;233
81439;233
81523;233
81596;233
81652;233
81711;233
81774;233
81837;233
81892;233
81949;233
82003;233
82062;233
82116;233
82173;233
82236;233
82298;233
82369;233
82432;233
82498;233
82555;233
82610;233
82667;233
82729;233
82804;233
82862;233
82919;233
82978;233
83033;233
83095;233
