304;83
504;83
585;83
695;83
772;83
855;83
944;83
1036;83
1183;83
1311;83
1381;83
1445;83
1547;83
1629;83
1702;83
1776;83
1876;83
1949;83
2079;83
2210;83
2331;83
2446;83
2537;83
2622;83
2684;83
2754;83
2819;83
2888;83
2953;83
3020;83
3087;83
3155;83
3245;83
3299;83
3353;83
3417;83
3475;83
3535;83
3602;83
3656;83
3716;83
3772;83
3839;83
3906;83
3993;83
4070;83
4158;83
4236;83
4326;83
4407;83
4487;83
4567;83
4652;83
4747;83
4847;83
4963;83
5025;83
5091;83
5147;83
5203;83
5259;83
5316;83
5376;83
5432;83
5485;83
5545;83
5630;83
5725;83
5818;83
5876;83
5930;83
5987;83
6052;83
6109;83
6163;83
6221;83
6276;83
6330;83
6392;83
6447;83
6502;83
6556;83
6613;83
6669;83
6724;83
6782;83
6854;83
6920;83
6974;83
7030;83
7085;83
7139;83
7198;83
7266;83
7348;83
7431;83
7516;83
7623;83
7677;83
7731;83
7784;83
7839;83
7893;83
7947;83
8001;83
8062;83
8117;83
8172;83
8225;83
8281;83
8336;83
8390;83
8445;83
8501;83
8557;83
8620;83
8678;83
8736;83
8794;83
8848;83
8903;83
8958;83
9012;83
9076;83
9130;83
9188;83
9249;83
9304;83
9364;83
9420;83
9509;83
9597;83
9682;83
9764;83
9848;83
9933;83
10016;83
10108;83
10201;83
10303;83
10416;83
10504;83
10592;83
10688;83
10780;83
10865;83
10945;83
11024;83
11136;83
11248;83
11305;83
11362;83
11423;83
11477;83
11544;83
11668;83
11754;83
11871;83
11986;83
12102;83
12205;83
12334;83
12436;83
12551;83
12665;83
12784;83
12880;83
12951;83
13004;83
13060;83
13135;83
13229;83
13347;83
13406;83
13459;83
13516;83
13569;83
13642;83
13726;83
13798;83
13887;83
13976;83
14063;83
14153;83
14232;83
14303;83
14358;83
14416;83
14486;83
14553;83
14608;83
14674;83
14738;83
14794;83
14850;83
14911;83
14970;83
15038;83
15145;83
15224;83
15313;83
15403;83
15499;83
15575;83
15632;84
15691;84
15748;84
15803;84
15861;84
15925;84
15981;84
16038;84
16093;84
16153;84
16233;84
16323;84
16391;84
16457;84
16518;84
16572;84
16631;84
16688;84
16743;84
16801;84
16856;84
16916;84
16972;84
17035;84
17124;84
17215;84
17310;84
17383;84
17439;84
17494;84
17550;84
17604;84
17659;84
17717;84
17789;84
17876;84
17985;79
18078;79
18166;79
18260;79
18346;79
18480;79
18568;79
18657;79
18754;79
18839;79
18947;79
19048;79
19129;79
19189;79
19247;79
19305;79
19364;79
19421;79
19476;79
19533;79
19588;79
19644;79
19712;79
19770;79
19858;79
19956;79
20058;79
20126;79
20177;79
20231;79
20291;79
20348;79
20403;79
20457;78
20510;78
20566;78
20621;78
20680;78
20739;78
20802;78
20858;78
20917;78
20971;78
21029;78
21084;78
21138;78
21193;78
21249;78
21316;78
21369;78
21422;78
21477;78
21535;78
21591;78
21646;78
21701;78
21759;78
21813;78
21867;78
21929;78
21983;78
22039;78
22106;78
22161;78
22216;78
22270;78
22325;78
22380;78
22442;78
22502;78
22560;78
22618;78
22676;78
22735;78
22791;78
22846;78
22904;78
22960;78
23017;78
23073;78
23129;78
23183;78
23237;78
23299;78
23354;78
23410;78
23465;78
23522;78
23576;78
23630;78
23686;78
23743;78
23798;78
23853;78
23914;78
23969;78
24022;78
24078;78
24132;78
24186;78
24240;78
24295;78
24350;78
24404;78
24458;78
24524;78
24575;78
24631;78
24685;78
24745;78
24800;78
24856;78
24911;78
24966;78
25019;78
25077;78
25136;78
25199;78
25257;78
25310;78
25368;78
25423;78
25484;78
25543;78
25595;78
25652;78
25715;78
25774;78
25832;78
25886;78
25943;78
25997;78
26051;78
26104;78
26166;78
26221;78
26279;78
26334;78
26390;78
26449;78
26506;78
26560;78
26620;78
26684;78
26741;78
26798;78
26851;78
26913;78
26966;78
27020;78
27075;78
27132;78
27188;78
27246;78
27309;78
27360;78
27413;78
27469;78
27529;78
27583;78
27637;78
27693;78
27746;78
27800;78
27853;78
27911;78
27966;78
28019;78
28077;78
28142;78
28193;78
28244;78
28299;78
28354;78
28409;78
28463;78
28517;78
28571;78
28627;78
28686;78
28743;78
28798;78
28853;78
28907;78
28967;78
29023;78
29076;78
29128;78
29184;78
29239;78
29300;78
29353;78
29406;78
29459;78
29518;78
29572;78
29627;78
29693;78
29743;78
29795;78
29848;78
29909;78
29964;78
30018;78
30071;78
30124;78
30183;78
30238;78
30296;78
30353;78
30417;78
30468;78
30525;78
30579;78
30638;78
30697;79
30755;79
30812;79
30866;79
30923;79
30977;79
31030;79
31088;79
31145;79
31196;79
31251;79
31303;79
31360;79
31413;79
31467;79
31524;79
31578;79
31633;79
31692;79
31747;79
31803;79
31855;79
31909;79
31964;79
32017;79
32070;79
32122;79
32177;78
32233;78
32297;78
32351;78
32413;78
32464;78
32516;78
32573;78
32626;78
32681;78
32734;78
32793;78
32849;78
32907;78
32964;78
33020;78
33073;78
33133;83
33187;83
33241;83
33294;83
33348;83
33410;83
33465;83
33525;83
33585;83
33637;83
33692;83
33745;83
33804;83
33859;83
33912;83
33965;83
34020;83
34078;83
34139;83
34190;83
34242;83
34295;83
34348;83
34405;83
34463;83
34519;83
34577;83
34631;83
34699;83
34752;83
34810;83
34868;83
34924;83
34978;83
35033;83
35088;83
35142;83
35199;83
35252;83
35315;83
35371;83
35426;83
35478;83
35532;83
35585;83
35637;83
35694;83
35747;83
35801;83
35855;83
35914;83
35969;83
36022;83
36075;83
36140;83
36192;83
36245;83
36300;83
36356;83
36409;83
36462;83
36523;83
36579;83
36632;83
36685;83
36740;83
36798;83
36855;83
36917;83
36992;83
37044;83
37101;83
37159;83
37216;83
37269;83
37322;83
37376;83
37430;83
37485;83
37542;83
37593;83
37648;83
37710;83
37770;83
37843;83
37919;83
37977;83
38031;83
38086;83
38140;83
38200;83
38252;83
38312;83
38368;83
38429;83
38499;83
38565;83
38643;83
38718;83
38786;83
38853;83
38914;83
38970;83
39025;83
39090;83
39142;83
39196;83
39252;83
39307;83
39362;83
39418;83
39480;83
39549;83
39636;83
39696;83
39754;83
39811;83
39877;83
39951;83
40008;83
40067;83
40128;83
40186;83
40245;83
40304;83
40364;83
40424;83
40489;83
40547;83
40607;83
40671;83
40731;83
40800;83
40885;83
40944;83
41004;83
41063;83
41125;83
41184;83
41242;83
41306;83
41364;83
41437;83
41497;83
41557;83
41617;83
41679;83
41739;83
41805;83
41881;83
41943;83
41998;83
42054;83
42108;83
42164;83
42218;83
42271;83
42328;83
42382;83
42439;84
42500;84
42554;84
42607;84
42661;84
42716;84
42775;84
42831;84
42886;84
42940;84
42999;84
43053;84
43116;84
43169;84
43227;84
43280;84
43342;84
43393;84
43444;84
43499;84
43553;84
43606;84
43661;84
43720;84
43777;84
43832;84
43885;84
43942;84
43998;84
44051;84
44105;84
44159;84
44213;84
44266;84
44326;84
44381;84
44442;84
44494;84
44549;84
44602;84
44656;84
44711;83
44774;83
44831;83
44891;83
44945;83
45002;83
45054;83
45106;83
45161;83
45220;83
45274;83
45327;83
45381;83
45446;83
45502;83
45560;83
45618;83
45672;83
45726;83
45781;83
45835;83
45889;83
45943;83
46004;83
46072;83
46127;83
46186;83
46238;83
46294;83
46347;83
46401;83
46457;83
46512;83
46569;83
46625;83
46696;83
46749;83
46807;83
46870;83
46924;83
46977;83
47032;83
47086;83
47139;83
47193;83
47247;83
47306;83
47362;83
47418;83
47472;83
47527;83
47583;83
47636;83
47697;83
47754;83
47809;83
47862;83
47923;83
47976;83
48033;83
48087;83
48140;83
48193;83
48248;83
48308;83
48363;83
48418;83
48476;83
48533;83
48584;83
48641;83
48697;83
48752;83
48834;83
48904;83
48957;83
49011;83
49066;83
49129;83
49182;83
49236;83
49290;83
49350;83
49403;83
49456;83
49509;83
49565;83
49620;83
49675;83
49731;83
49784;83
49837;83
49895;83
49949;83
50015;83
50097;83
50193;83
50282;83
50338;83
50391;83
50446;83
50501;83
50555;83
50608;83
50664;83
50718;83
50771;83
50825;83
50905;83
51009;83
51096;83
51154;83
51207;83
51261;83
51315;83
51370;83
51426;83
51482;83
51539;83
51599;83
51654;83
51708;83
51766;83
51821;83
51875;83
51933;83
51987;83
52041;83
52103;83
52156;83
52212;83
52265;83
52318;83
52371;83
52429;83
52483;83
52536;83
52589;83
52643;83
52704;83
52757;83
52812;83
52872;83
52926;83
52981;83
53042;83
53095;83
53149;83
53203;83
53257;83
53315;83
53369;83
53425;83
53481;83
53536;83
53589;83
53649;83
53723;83
53778;83
53832;83
53891;83
53944;83
54000;83
54055;83
54113;83
54168;83
54221;83
54277;83
54329;83
54382;83
54436;83
54496;83
54561;83
54615;83
54670;83
54725;83
54779;83
54834;83
54894;83
54949;83
55002;83
55057;83
55121;83
55175;83
55231;83
55289;83
55359;78
55412;78
55466;78
55520;78
55573;78
55626;78
55685;78
55739;78
55793;78
55854;78
55905;78
55957;78
56010;78
56064;78
56125;78
56180;78
56234;78
56296;78
56359;78
56411;78
56468;78
56521;78
56574;78
56627;78
56681;78
56738;78
56814;78
56866;78
56925;78
56982;78
57038;78
57123;78
57176;78
57234;78
57288;78
57343;78
57398;78
57451;78
57508;78
57561;78
57615;78
57668;78
57722;78
57811;78
57865;78
57921;78
57990;78
58062;78
58120;78
58176;78
58229;78
58287;78
58343;78
58400;78
58458;78
58511;78
58566;78
58620;78
58677;78
58732;78
58787;78
58841;78
58900;78
58967;78
59021;78
59073;78
59126;78
59183;78
59236;78
59295;78
59349;78
59404;78
59457;78
59510;78
59572;78
59626;78
59682;78
59736;78
59797;78
59866;78
59923;78
59978;78
60031;78
60086;78
60139;78
60194;78
60248;78
60305;78
60359;78
60414;78
60468;78
60528;78
60585;78
60638;78
60694;78
60749;78
60804;78
60861;78
60919;78
60972;78
61027;78
61088;78
61141;78
61195;78
61248;78
61309;78
61362;78
61418;78
61473;78
61527;78
61588;78
61641;78
61705;78
61758;78
61811;78
61865;78
61919;78
61983;78
62133;78
62192;78
62270;78
62350;78
62403;78
62457;78
62511;78
62565;78
62623;78
62677;78
62732;78
62786;78
62841;78
62904;78
62966;78
63018;78
63075;78
63128;78
63187;78
63240;78
63295;78
63350;78
63404;78
63459;78
63519;78
63572;78
63625;78
63683;78
63745;78
63797;78
63855;78
63909;78
63965;78
64019;78
64076;78
64130;78
64184;78
64237;78
64290;78
64343;78
64397;78
64453;78
64507;78
64585;78
64661;78
64725;78
64776;78
64830;78
64885;78
64951;78
65004;78
65057;78
65110;78
65163;78
65218;78
65277;78
65333;78
65391;78
65446;78
65500;78
65557;78
65625;78
65679;78
65735;78
65790;78
65844;78
65906;78
65959;78
66015;78
66068;78
66122;78
66175;78
66228;78
66281;78
66335;78
66391;78
66448;78
66508;78
66567;78
66637;78
66715;78
66790;78
66853;78
66906;78
66966;78
67019;78
67079;78
67134;78
67187;78
67241;78
67295;78
67348;78
67405;78
67460;78
67516;78
67571;78
67624;78
67681;78
67735;78
67788;78
67842;78
67895;78
67963;78
68018;78
68074;78
68127;78
68183;78
68238;78
68301;79
68355;79
68413;79
68468;79
68521;79
68574;79
68626;79
68680;79
68733;79
68788;79
68842;79
68903;79
68960;79
69013;79
69077;79
69142;79
69216;79
69299;79
69407;79
69459;79
69518;79
69570;79
69625;79
69679;79
69732;79
69791;79
69846;79
69900;79
69955;79
70016;79
70070;79
70129;79
70182;79
70239;79
70294;79
70347;79
70401;79
70454;79
70508;79
70563;79
70619;79
70678;79
70732;79
70799;79
70850;79
70903;79
70962;79
71016;79
71071;79
71123;79
71177;79
71231;79
71330;79
71408;79
71497;79
71596;79
71693;79
71769;79
71823;79
71879;79
71936;79
71990;79
72042;79
72099;79
72153;79
72206;79
72261;79
72318;79
72396;79
72448;79
72506;79
72558;79
72611;79
72664;79
72717;79
72770;78
72824;78
72879;78
72938;78
72994;78
73047;78
73106;78
73158;78
73213;78
73266;78
73319;78
73373;78
73428;78
73485;78
73539;78
73596;78
73653;78
73720;78
73778;78
73832;78
73889;78
73944;78
73998;78
74051;78
74105;78
74163;78
74217;78
74273;78
74329;78
74383;78
74436;78
74490;78
74545;78
74599;78
74653;78
74707;78
74764;78
74819;78
74879;78
74933;78
74992;78
75049;78
75100;78
75157;78
75211;78
75264;78
75317;78
75371;78
75426;78
75484;78
75539;78
75592;78
75658;78
75712;78
75773;78
75828;78
75883;78
75942;78
76000;78
76058;78
76149;78
76242;78
76310;78
76391;78
76442;78
76494;78
76547;78
76604;78
76657;78
76719;78
76773;78
76827;78
76883;78
76936;78
76993;78
77048;78
77102;78
77156;78
77218;78
77278;78
77332;78
77386;78
77441;78
77498;78
77560;78
77613;78
77664;78
77726;78
77781;78
77834;78
77895;78
77953;78
78008;78
78064;78
78118;78
78179;78
78236;78
78292;78
78344;78
78398;78
78452;78
78511;78
78567;78
78620;78
78680;78
78739;78
78792;78
78849;78
78907;78
78961;78
79018;78
79076;78
79131;78
79185;78
79239;78
79292;78
79345;78
79400;78
79454;78
79507;78
79565;78
79619;78
79673;78
79736;78
79796;78
79847;78
79900;78
79955;78
80008;78
80064;78
80118;78
80172;78
80224;78
80281;78
80334;78
80392;78
80445;78
80498;78
80552;78
80606;78
80668;78
80726;78
80784;78
80836;78
80896;78
80949;78
81010;78
81065;78
81118;78
81173;78
81227;78
81284;78
81339;78
81392;78
81445;78
81507;78
81560;78
81615;78
81671;78
81736;78
81791;78
81842;78
81895;78
81950;78
82006;78
82060;78
82120;78
82179;78
82233;78
82286;78
82339;78
82392;78
82450;78
82505;78
82558;78
82616;78
82676;78
82731;78
82783;78
82840;78
82894;78
82955;78
83011;78
83067;78
83121;78
83176;78
83230;78
83286;78
83341;78
83395;78
83449;78
83503;78
83562;78
83615;78
83673;78
83727;78
83782;78
83838;78
83902;78
83957;78
84010;78
84072;78
84125;78
84183;78
84236;78
84291;78
84346;78
84407;78
84460;78
84524;78
84582;78
84635;78
84691;78
84745;78
84804;78
84862;78
84920;78
84973;78
85034;78
85102;78
85156;78
85209;78
85267;78
85319;78
85372;78
85425;78
85479;78
85532;78
85585;78
85643;78
85706;78
85759;78
85812;78
85867;78
85923;78
85992;78
86045;78
86097;78
86155;78
86208;78
86261;78
86318;78
86375;78
86433;78
86490;78
86544;78
86596;78
86651;78
86704;78
86764;78
86825;78
86883;78
86938;78
86992;78
87049;78
87102;78
87155;78
87210;78
87263;78
87317;78
87370;78
87448;78
87513;78
87564;78
87616;78
87674;78
87727;78
87780;78
87835;78
87893;78
87948;78
88002;78
88061;78
88125;78
88175;78
88235;78
88292;78
88345;78
88397;78
88451;78
88504;78
88557;78
88613;78
88672;78
88731;78
88788;78
88844;78
88898;78
88971;78
89037;78
89093;78
89146;78
89201;78
89256;78
89321;78
89374;78
89432;78
89483;78
89538;78
89595;78
89649;78
89703;78
89757;78
89812;78
89872;78
89929;78
89990;78
90041;78
90093;78
90146;78
90199;78
90253;78
90306;78
90368;78
90433;78
90495;78
90564;78
90614;78
90667;78
90721;78
90775;78
90828;78
90882;78
90936;78
90992;78
91054;78
91114;78
91167;78
91221;78
91276;78
91328;78
91384;78
91438;78
91494;78
91549;78
91603;78
91657;78
91718;78
91775;78
91830;78
91898;78
91949;78
92002;78
92058;78
92113;78
92166;78
92220;78
92279;78
92335;78
92389;78
92442;78
92497;78
92551;78
92605;78
92663;78
92715;78
92769;78
92824;78
92880;78
92934;78
92987;78
93045;78
93100;78
93157;78
93212;78
93265;78
93319;78
93383;78
93434;78
93488;78
93549;78
93615;78
93672;78
93729;78
93782;78
93838;78
93892;78
93945;78
93999;78
94053;78
94118;78
94173;78
94226;78
94281;78
94335;78
94390;78
94446;78
94501;78
94554;78
94608;78
94661;78
94721;78
94783;78
94841;78
94898;78
94951;78
95005;78
95083;78
95143;78
95200;78
95254;78
95315;78
95367;78
95420;78
95481;78
95534;78
95587;78
95641;78
95695;78
95749;78
95804;78
95858;78
95918;78
95971;78
96026;78
96081;78
96132;78
96185;78
96239;78
96294;78
96348;78
96402;78
96457;78
96516;78
96569;78
96635;78
96686;78
96738;78
96791;78
96848;78
96901;78
96954;78
97012;78
97068;78
97132;78
97194;78
97246;78
97306;78
97360;78
97414;78
97469;78
97526;78
97580;78
97635;78
97694;78
97751;78
97803;78
97858;78
97911;78
97965;78
98018;78
98071;78
98131;78
98188;78
98248;78
98305;78
98358;78
98410;78
98464;78
98521;78
98574;78
98635;78
98690;78
98749;78
98801;78
98854;78
98913;78
98966;78
99019;78
99074;78
99131;78
99187;78
99242;78
99295;78
99351;78
99404;78
99457;78
