1240;79
1527;79
1787;79
2035;79
2276;79
2509;79
2748;79
3028;79
3247;79
3489;79
3708;79
3948;79
4176;79
4410;79
4663;79
4947;79
5233;79
5526;79
5753;79
5987;79
6207;79
6424;79
6649;79
6898;79
7135;79
7354;79
7577;79
7798;79
8022;79
8230;79
8463;79
8750;79
9033;79
9256;79
9479;79
9690;79
9898;79
10109;79
10318;79
10537;79
10748;79
10952;79
11152;79
11352;79
11550;79
11733;79
11922;79
12108;79
12291;79
12472;79
12651;79
12819;79
12986;79
13153;79
13320;79
13494;79
13656;79
13816;79
13970;79
14124;79
14282;79
14487;77
14640;77
14782;77
14924;77
15112;75
15253;75
15391;75
15527;75
15656;75
15777;75
15942;74
16053;74
16166;74
16277;74
16387;74
16488;74
16596;74
16706;74
16810;74
16913;74
17012;74
17115;74
17212;74
17310;74
17410;74
17509;74
17607;74
17706;74
17805;74
17906;74
18006;74
18099;74
18192;74
18290;74
18386;74
18487;74
18588;74
18683;74
18780;74
18881;74
18985;74
19080;74
19180;74
19292;74
19391;74
19512;74
19606;74
19702;74
19801;74
19896;74
19998;74
20094;74
20186;74
20333;73
20430;73
20531;73
20625;73
20728;73
20898;72
20994;72
21097;72
21194;72
21341;71
21441;71
21546;71
21702;70
21801;70
21903;70
22002;70
22104;70
22203;70
22303;70
22406;70
22530;70
22698;70
22792;70
22892;70
22985;70
23090;70
23184;70
23275;70
23367;70
23473;70
23580;70
23681;70
23777;70
23879;70
23971;70
24063;70
24160;70
24260;70
24360;70
24454;70
24546;70
24643;70
24737;70
24829;70
24922;70
25023;70
25116;70
25210;70
25307;70
25405;70
25505;70
25601;70
25701;70
25797;70
25888;70
25986;70
26081;70
26173;70
26273;70
26369;70
26472;70
26564;70
26657;70
26756;70
26851;70
26950;70
27051;70
27146;70
27245;70
27339;70
27438;70
27537;70
27631;70
27732;70
27825;70
27918;70
28020;70
28115;70
28210;70
28310;70
28407;70
28510;70
28603;70
28702;70
28795;70
28889;70
28987;70
29082;70
29174;70
29273;70
29369;70
29463;70
29565;70
29662;70
29761;70
29856;70
29955;70
30057;70
30151;70
30250;70
30345;70
30454;70
30550;70
30647;70
30743;70
30836;70
30937;70
31032;70
31126;70
31225;70
31321;70
31424;70
31520;70
31629;70
31724;70
31818;70
31918;70
32013;70
32107;70
32208;70
32301;70
32395;70
32492;70
32588;70
32687;70
32780;70
32875;70
32974;70
33068;70
33170;70
33263;70
33358;70
33457;70
33552;70
33655;70
33749;70
33842;70
33939;70
34033;70
34126;70
34222;70
34324;70
34422;70
34517;70
34611;70
34706;70
34803;70
34895;70
34990;70
35089;70
35181;70
35273;70
35371;70
35462;70
35556;70
35660;70
35759;70
35857;70
35950;70
36053;70
36148;70
36247;70
36348;70
36444;70
36543;70
36634;70
36727;70
36825;70
36916;70
37009;70
37104;70
37200;70
37292;70
37397;70
37490;70
37585;70
37692;70
37785;70
37881;70
37976;70
38069;70
38168;70
38264;70
38357;70
38457;70
38550;70
38642;70
38740;70
38830;70
38923;70
39021;70
39114;70
39206;70
39303;70
39398;70
39497;70
39596;70
39704;70
39797;70
39893;70
39990;70
40082;70
40175;70
40274;70
40367;70
40462;70
40561;70
40653;70
40750;70
40850;70
40944;70
41043;70
41135;70
41228;70
41326;70
41420;70
41512;70
41608;70
41728;70
41820;70
41915;70
42008;70
42105;70
42198;70
42294;70
42397;70
42491;70
42589;70
42684;70
42780;70
42878;70
42973;70
43072;70
43168;70
43262;70
43361;70
43458;70
43557;70
43654;70
43757;70
43853;70
43948;70
44048;70
44142;70
44240;70
44342;70
44440;70
44540;70
44632;70
44728;70
44825;70
44917;70
45014;70
45111;70
45206;70
45302;70
45411;70
45510;70
45603;70
45717;70
45821;70
45920;70
46013;70
46105;70
46205;70
46302;70
46399;70
46497;70
46593;70
46695;70
46786;70
46884;70
46982;70
47079;70
47179;70
47272;70
47371;70
47468;70
47568;70
47669;70
47792;70
47886;70
47984;70
48080;70
48173;70
48274;70
48371;70
48480;70
48583;70
48683;70
48776;70
48873;70
48967;70
49065;70
49167;70
49262;70
49363;70
49458;70
49552;70
49653;70
49754;70
49857;70
49952;70
50054;70
50150;70
50244;70
50344;70
50441;70
50541;70
50635;70
50728;70
50828;70
50923;70
51015;70
51165;69
51260;69
51367;69
51463;69
51568;69
51664;69
51772;69
51869;69
51967;69
52064;69
52158;69
52258;69
52352;69
52452;69
52548;69
52641;69
52742;69
52836;69
52934;69
53030;69
53144;69
53238;69
53330;69
53430;69
53524;69
53619;69
53715;69
53833;69
53930;69
54024;69
54123;69
54219;69
54323;69
54419;69
54513;69
54616;69
54728;69
54824;69
54917;69
55016;69
55111;69
55210;69
55305;69
55399;69
55496;69
55596;69
55692;69
55795;69
55895;69
55997;69
56126;69
56257;69
56377;69
56505;69
56606;69
56702;69
56802;69
56897;69
56990;69
57090;69
57184;69
57287;69
57384;69
57485;69
57582;69
57676;69
57779;69
57880;69
57985;69
58079;69
58177;69
58270;69
58366;69
58467;69
58562;69
58659;69
58759;69
58854;69
58953;69
59053;69
59147;69
59245;69
59343;69
59444;69
59539;69
59637;69
59732;69
59845;69
59958;69
60054;69
60151;69
60251;69
60383;69
60508;69
60652;69
60797;69
60930;69
61039;69
61145;69
61249;69
61361;69
61462;69
61555;69
61655;69
61753;69
61852;69
61955;69
62054;69
62153;69
62250;69
62354;69
62453;69
62555;69
62650;69
62746;69
62847;69
62940;69
63043;69
63135;69
63231;69
63333;69
63432;69
63535;69
63629;69
63726;69
63822;69
63948;69
64043;69
64144;69
64247;69
64346;69
64441;69
64535;69
64633;69
64727;69
64827;69
64923;69
65020;69
65116;69
65210;69
65312;69
65406;69
65510;69
65605;69
65703;69
65806;69
65903;69
66011;69
66107;69
66207;69
66300;69
66404;69
66498;69
66597;69
66695;69
66789;69
66882;69
66986;69
67091;69
67190;69
67286;69
67385;69
67478;69
67586;69
67681;69
67781;69
67883;69
67985;69
68084;69
68180;69
68279;69
68374;69
68477;69
68578;69
68681;69
68776;69
68872;69
68975;69
69074;69
69176;69
69270;69
69373;69
69472;69
69574;69
69671;69
69767;69
69867;69
69968;69
70074;69
70173;69
70274;69
70371;69
70474;69
70568;69
70662;69
70762;69
70861;69
70963;69
71060;69
71160;69
71256;69
71353;69
71465;69
71564;69
71661;69
71756;69
71858;69
71958;69
72061;69
72156;69
72258;69
72354;69
72459;69
72559;69
72659;69
72761;69
72860;69
72958;69
73055;69
73159;69
73282;69
73380;69
73482;69
73575;69
73677;69
73773;69
73875;69
73979;69
74085;69
74180;69
74287;69
74385;69
74483;69
74579;69
74674;69
74789;69
74889;69
74989;69
75093;69
75187;69
75283;69
75384;69
75481;69
75585;69
75681;69
75782;69
75878;69
75978;69
76082;69
76179;69
76286;69
76386;69
76487;69
76583;69
76683;69
76777;69
76877;69
76973;69
77071;69
77173;69
77271;69
77375;69
77474;69
77573;69
77673;69
77774;69
77873;69
77979;69
78079;69
78178;69
78272;69
78372;69
78470;69
78566;69
78665;69
78763;69
78863;69
78962;69
79058;69
79159;69
79255;69
79362;69
79460;69
79558;69
79653;69
79753;69
79851;69
79945;69
80069;69
80169;69
80262;69
80360;69
80461;69
80557;69
80660;69
80754;69
80852;69
80957;69
81057;69
81153;69
81250;69
81349;69
81445;69
81545;69
81637;69
81730;69
81829;69
81924;69
82032;69
82144;69
82238;69
82334;69
82451;69
82584;69
82726;69
82825;69
82922;69
83021;69
83122;69
83218;69
83319;69
83415;69
83512;69
83611;69
83704;69
83802;69
83898;69
83999;69
84104;69
84207;69
84310;69
84421;69
84514;69
84612;69
84707;69
84800;69
84898;69
84992;69
85088;69
85188;69
85285;69
85387;69
85481;69
85595;69
85689;69
85790;69
85886;69
85985;69
86093;69
86190;69
86292;69
86388;69
86493;69
86587;69
86687;69
86783;69
86879;69
86979;69
87094;69
87188;69
87283;69
87384;69
87479;69
87580;69
87674;69
87774;69
87872;69
87968;69
88074;69
88174;69
88273;69
88369;69
88467;69
88566;69
88679;69
88774;69
88870;69
88969;69
89070;69
89170;69
89267;69
89365;69
89461;69
89560;69
89659;69
89754;69
89856;69
89953;69
90049;69
90159;69
90267;69
90362;69
90464;69
90561;69
90658;69
90756;69
90848;69
90944;69
91046;69
91142;69
91238;69
91335;69
91429;69
91526;69
91618;69
91715;69
91812;69
91903;69
92002;69
92107;69
92205;69
92305;69
92402;69
92498;69
92594;69
92692;69
92790;69
92886;69
92988;69
93082;69
93178;69
93292;69
93391;69
93489;69
93584;69
93684;69
93778;69
93879;69
93973;69
94066;69
94172;69
94275;69
94378;69
94475;69
94575;69
94671;69
94773;69
94882;69
94983;69
95080;69
95180;69
95275;69
95373;69
95472;69
95569;69
95669;69
95765;69
95861;69
95961;69
96058;69
96164;69
96258;69
96373;69
96478;69
96573;69
96670;69
96768;69
96863;69
96964;69
97059;69
97155;69
97268;69
97372;69
97471;69
97569;69
97669;69
97768;69
97867;69
97967;69
98065;69
98179;69
98281;69
98383;69
98478;69
98579;69
98679;69
98774;69
98873;69
98967;69
99064;69
99163;69
99256;69
99353;69
99457;69
99559;69
99652;69
99745;69
99842;69
99939;69
100037;69
100135;69
100245;69
100338;69
100436;69
100536;69
100630;69
100733;69
100829;69
100926;69
101028;69
101125;69
101226;69
101325;69
101429;69
101535;69
101643;69
101754;69
101873;69
101971;69
102069;69
102167;69
102265;69
102367;69
102462;69
102579;69
102682;69
102776;69
102876;69
102978;69
103073;69
103173;69
103268;69
103367;69
103464;69
103559;69
103663;69
103758;69
103861;69
103956;69
104052;69
104155;69
104258;69
104356;69
104463;69
104557;69
104654;69
104755;69
104853;69
104955;69
105049;69
105144;69
105245;69
105340;69
105441;69
105539;69
105645;69
105743;69
105843;69
105937;69
106033;69
106135;69
106235;69
106340;69
106436;69
106539;69
106636;69
106729;69
106833;69
106927;69
107029;69
107130;69
107233;69
107330;69
107431;69
107537;69
107638;69
107736;69
107837;69
107931;69
108031;69
108132;69
108242;69
108352;69
108457;69
108550;69
108650;69
108756;69
108853;69
108947;69
109047;69
109144;69
109237;69
109341;69
109438;69
109534;69
109636;69
109731;69
109833;69
109930;69
110030;69
110127;69
110238;69
110348;69
110448;69
110546;69
110649;69
110746;69
110849;69
110946;69
111048;69
111144;69
111247;69
111343;69
111439;69
111538;69
111633;69
111734;69
111833;69
111935;69
112032;69
112126;69
112226;69
112325;69
112427;69
112520;69
112614;69
112712;69
112808;69
112910;69
113005;69
113106;69
113205;69
113300;69
113410;69
113507;69
113609;69
113707;69
113806;69
113907;69
114005;69
114104;69
114198;69
114306;69
114407;69
114507;69
114602;69
114696;69
114794;69
114894;69
114996;69
115092;69
115190;69
115286;69
115383;69
115480;69
115575;69
115670;69
115768;69
115863;69
115965;69
116063;69
116163;69
116259;69
116368;69
116485;69
116635;69
116747;69
116876;69
116986;69
117082;69
117178;69
117278;69
117374;69
117478;69
117574;69
117673;69
117770;69
117866;69
117966;69
118064;69
118165;69
118264;69
118362;69
118463;69
118559;69
118658;69
118755;69
118850;69
118945;69
119039;69
119139;69
119235;69
119328;69
119429;69
119547;69
119641;69
119732;69
119831;69
119922;69
120014;69
120108;69
120209;69
120303;69
120415;69
120510;69
120614;69
120710;69
120811;69
120905;69
121003;69
121107;69
121202;69
121301;69
121409;69
121520;69
121621;69
121715;69
121811;69
121913;69
122009;69
122106;69
122204;69
122297;69
122409;69
122507;69
122607;69
122701;69
122799;69
122895;69
122989;69
123088;69
123181;69
123276;69
123379;69
123487;69
123584;69
123679;69
123781;69
123887;69
123986;69
124083;69
124190;69
124298;69
124399;69
124496;69
124592;69
124687;69
124785;69
124877;69
124976;69
125072;69
125166;69
125259;69
125357;69
125453;69
125547;69
125648;69
125745;69
125848;69
125942;69
126039;69
126139;69
126233;69
126334;69
126435;69
126535;69
126630;69
126723;69
126821;69
126920;69
127022;69
127119;69
127218;69
127319;69
127416;69
127516;69
127609;69
127708;69
127806;69
127900;69
128003;69
128099;69
