1210;75
1562;75
1798;75
2029;75
2283;75
2529;75
2758;75
3024;75
3240;75
3495;75
3805;75
4141;75
4466;75
4757;75
5224;75
5712;75
6171;75
6545;75
6783;75
7069;75
7404;75
7773;75
8194;75
8682;75
9017;75
9241;75
9461;75
9672;75
9880;75
10107;75
10366;75
10609;75
10812;75
11020;75
11228;75
11432;75
11670;75
12025;75
12240;75
12450;75
12657;75
12859;75
13055;75
13268;75
13454;75
13637;75
13818;75
14004;75
14180;75
14394;75
14657;75
14916;75
15167;75
15404;75
15631;75
15866;75
16150;75
16400;75
16724;75
17048;75
17390;75
17707;75
17954;75
18283;75
18657;75
18926;75
19319;75
19619;75
19835;74
19973;74
20089;74
20253;72
20363;72
20477;72
20658;72
20914;71
21125;71
21249;71
21405;70
21579;70
21764;70
22003;70
22138;70
22240;70
22334;70
22435;70
22535;70
22685;70
22825;70
23029;70
23172;70
23269;70
23359;70
23460;70
23612;70
23766;70
23994;70
24115;70
24238;70
24390;70
24515;70
24611;70
24730;70
24829;70
24925;70
25017;70
25110;70
25199;70
25299;70
25449;70
25592;70
25739;70
25932;70
26081;70
26278;70
26497;70
26671;70
26779;70
26872;70
26963;70
27055;70
27218;70
27359;70
27509;70
27756;70
27865;70
27957;70
28051;70
28146;70
28236;70
28327;70
28419;70
28517;70
28611;70
28753;70
28851;70
28952;70
29060;70
29156;70
29263;70
29393;70
29525;70
29620;70
29712;70
29803;70
29891;70
29993;70
30104;70
30193;70
30287;70
30384;70
30476;70
30565;70
30654;70
30747;70
30838;70
30928;70
31017;70
31111;70
31203;70
31293;70
31383;70
31499;70
31623;70
31733;70
31828;70
31923;70
32011;70
32100;70
32189;70
32282;70
32372;70
32464;70
32559;70
32654;70
32746;70
32838;70
32936;70
33026;70
33119;70
33210;70
33313;70
33408;70
33502;70
33594;70
33692;70
33782;70
33875;70
33964;70
34054;70
34149;70
34242;70
34334;70
34424;70
34514;70
34604;70
34694;70
34789;70
34886;70
34978;70
35069;70
35161;70
35250;70
35340;70
35428;70
35516;70
35606;70
35696;70
35786;70
35876;70
35965;70
36054;70
36146;70
36237;70
36331;70
36426;70
36522;70
36634;70
36772;70
36882;70
37011;70
37134;70
37232;70
37329;70
37418;70
37511;70
37601;70
37690;70
37782;70
37872;70
37968;70
38062;70
38154;70
38245;70
38336;70
38425;70
38515;70
38604;70
38697;70
38792;70
38895;70
38984;70
39072;70
39162;70
39255;70
39344;70
39438;70
39536;70
39631;70
39725;70
39817;70
39919;70
40009;70
40101;70
40197;70
40291;70
40380;70
40473;70
40568;70
40660;70
40749;70
40846;70
40941;70
41033;70
41130;70
41221;70
41309;70
41403;70
41497;70
41589;70
41681;70
41772;70
41868;70
41958;70
42046;70
42142;70
42232;70
42340;70
42433;70
42527;70
42623;70
42720;70
42812;70
42906;70
43000;70
43092;70
43184;70
43273;70
43364;70
43453;70
43544;70
43634;70
43726;70
43815;70
43908;70
43998;70
44094;70
44190;70
44283;70
44374;70
44465;70
44557;70
44650;70
44741;70
44843;70
44940;70
45032;70
45126;70
45216;70
45307;70
45399;70
45489;70
45578;70
45672;70
45769;70
45862;70
45954;70
46048;70
46141;70
46231;70
46322;70
46415;70
46506;70
46598;70
46690;70
46782;70
46877;70
46973;70
47067;70
47161;70
47260;70
47355;70
47444;70
47534;70
47624;70
47713;70
47805;70
47898;70
47992;70
48083;70
48174;70
48267;70
48360;70
48450;70
48541;70
48636;70
48735;70
48831;70
48929;70
49023;70
49117;70
49211;70
49299;70
49388;70
49478;70
49568;70
49661;70
49751;70
49843;70
49937;70
50030;70
50123;70
50222;70
50316;70
50408;70
50500;70
50591;70
50680;70
50776;70
50876;70
50977;70
51074;70
51165;70
51256;70
51349;70
51443;70
51535;70
51627;70
51723;70
51820;70
51916;70
52008;70
52101;70
52192;70
52282;70
52378;70
52468;70
52560;70
52649;70
52741;70
52832;70
52940;70
53039;70
53131;70
53220;70
53317;70
53415;70
53508;70
53599;70
53692;70
53785;70
53880;70
53969;70
54061;70
54158;70
54248;70
54341;70
54429;70
54520;70
54610;70
54699;70
54793;70
54891;70
54989;70
55081;70
55176;70
55267;70
55359;70
55450;70
55543;70
55633;70
55723;70
55811;70
55905;70
55997;70
56087;70
56177;70
56269;70
56362;70
56456;70
56549;70
56640;70
56730;70
56819;70
56916;70
57026;70
57115;70
57205;70
57295;70
57387;70
57480;70
57572;70
57663;70
57753;70
57844;70
57951;70
58047;70
58142;70
58234;70
58323;70
58416;70
58508;70
58599;70
58691;70
58790;70
58885;70
58983;70
59075;70
59171;70
59266;70
59359;70
59455;70
59551;70
59649;70
59743;70
59836;70
59931;70
60021;70
60112;70
60209;70
60306;70
60397;70
60490;70
60580;70
60673;70
60767;70
60862;70
60958;70
61060;70
61155;70
61243;70
61336;70
61429;70
61518;70
61609;70
61700;70
61792;70
61882;70
61973;70
62063;70
62157;70
62247;70
62338;70
62430;70
62526;70
62618;70
62714;70
62808;70
62900;70
62994;70
63091;70
63182;70
63273;70
63365;70
63457;70
63548;70
63637;70
63729;70
63823;70
63913;70
64005;70
64100;70
64195;70
64291;70
64392;70
64491;70
64591;70
64682;70
64771;70
64864;70
64957;70
65068;70
65165;70
65258;70
65360;70
65452;70
65543;70
65651;70
65750;70
65839;70
65936;70
66048;70
66145;70
66240;70
66331;70
66424;70
66515;70
66606;70
66700;70
66792;70
66886;70
66980;70
67077;70
67174;70
67273;70
67364;70
67455;70
67548;70
67639;70
67731;70
67822;70
67916;70
68011;70
68103;70
68194;70
68289;70
68382;70
68471;70
68566;70
68675;70
68813;70
68937;70
69072;70
69190;70
69295;70
69417;70
69511;70
69599;70
69690;70
69781;70
69872;70
69961;70
70049;70
70139;70
70232;70
70327;70
70420;70
70510;70
70601;70
70690;70
70782;70
70872;70
70962;70
71054;70
71162;70
71253;70
71343;70
71436;70
71527;70
71619;70
71708;70
71802;70
71898;70
71989;70
72080;70
72173;70
72264;70
72355;70
72446;70
72535;70
72624;70
72719;70
72810;70
72904;70
72998;70
73091;70
73184;70
73288;70
73382;70
73474;70
73566;70
73656;70
73746;70
73835;70
73931;70
74022;70
74112;70
74205;70
74295;70
74389;70
74481;70
74573;70
74666;70
74755;70
74848;70
74943;70
75046;70
75144;70
75237;70
75328;70
75422;70
75514;70
75604;70
75696;70
75786;70
75881;70
75983;70
76079;70
76171;70
76261;70
76352;70
76448;70
76547;70
76640;70
76730;70
76821;70
76918;70
77009;70
77103;70
77198;70
77288;70
77385;70
77477;70
77569;70
77660;70
77755;70
77858;70
77968;70
78075;70
78168;70
78259;70
78350;70
78440;70
78534;70
78627;70
78721;70
78815;70
78915;70
79053;70
79168;70
79308;70
79419;70
79541;70
79642;70
79748;70
79840;70
79935;70
80026;70
80116;70
80208;70
80301;70
80392;70
80483;70
80574;70
80664;70
80756;70
80845;70
80938;70
81034;70
81128;70
81222;70
81312;70
81403;70
81494;70
81588;70
81721;70
81812;70
81908;70
81998;70
82102;70
82195;70
82291;70
82383;70
82473;70
82578;70
82680;70
82774;70
82901;70
82996;70
83097;70
83193;70
83283;70
83375;70
83466;70
83554;70
83646;70
83737;70
83831;70
83923;70
84011;70
84109;70
84201;70
84314;70
84405;70
84496;70
84587;70
84681;70
84773;70
84864;70
84954;70
85047;70
85141;70
85253;70
85341;70
85429;70
85521;70
85627;70
85722;70
85816;70
85911;70
86001;70
86091;70
86186;70
86279;70
86377;70
86469;70
86561;70
86651;70
86740;70
86832;70
86930;70
87017;70
87107;70
87206;70
87301;70
87390;70
87481;70
87570;70
87661;70
87750;70
87841;70
87934;70
88024;70
88115;70
88208;70
88299;70
88389;70
88480;70
88570;70
88662;70
88759;70
88852;70
88947;70
89037;70
89127;70
89223;70
89314;70
89402;70
89492;70
89585;70
89674;70
89764;70
89885;70
89977;70
90068;70
90160;70
90255;70
90346;70
90439;70
90532;70
90627;70
90719;70
90811;70
90901;70
90991;70
91083;70
91174;70
91287;70
91381;70
91472;70
91563;70
91653;70
91747;70
91841;70
91935;70
92025;70
92117;70
92207;70
92298;70
92388;70
92478;70
92566;70
92656;70
92746;70
92838;70
92932;70
93022;70
93115;70
93209;70
93310;70
93409;70
93502;70
93593;70
93686;70
93775;70
93868;70
93962;70
94054;70
94146;70
94236;70
94327;70
94418;70
94509;70
94600;70
94694;70
94784;70
94891;70
94986;70
95081;70
95185;70
95290;70
95385;70
95473;70
95564;70
95655;70
95746;70
95836;70
95928;70
96018;70
96109;70
96201;70
96293;70
96396;70
96490;70
96581;70
96674;70
96769;70
96867;70
97003;70
97136;70
97229;70
97326;70
97420;70
97517;70
97608;70
97698;70
97789;70
97885;70
97987;70
98086;70
98179;70
98270;70
98359;70
98448;70
98539;70
98630;70
98724;70
98819;70
98913;70
99001;70
99095;70
99187;70
99283;70
99391;70
99484;70
99580;70
99673;70
99762;70
99851;70
99941;70
100032;70
100122;70
100214;70
100303;70
100396;70
100487;70
100576;70
100668;70
100758;70
100846;70
100943;70
101040;70
101136;70
101227;70
101323;70
101428;70
101518;70
101607;70
101698;70
101787;70
101877;70
101968;70
102057;70
102148;70
102237;70
102326;70
102415;70
102507;70
102601;70
102694;70
102784;70
102877;70
102968;70
103058;70
103150;70
103242;70
103342;70
103491;70
103608;70
103702;70
103792;70
103912;70
104067;70
104185;70
104282;70
104414;70
104552;70
104648;70
104741;70
104833;70
104928;70
105024;70
105121;70
105216;70
105315;70
105448;70
105585;70
105703;70
105812;70
105930;70
106027;70
106129;70
106224;70
106320;70
106416;70
106509;70
106605;70
106698;70
106796;70
106892;70
106982;70
107073;70
107165;70
107264;70
107360;70
107476;70
107570;70
107673;70
107789;70
107884;70
107979;70
108097;70
108207;70
108300;70
108396;70
108491;70
108580;70
108673;70
108773;70
108869;70
108967;70
109093;70
109265;70
109439;70
109583;70
109673;70
109767;70
109860;70
109953;70
110084;70
110219;70
110366;70
110502;70
110599;70
110690;70
110778;70
110872;70
110972;70
111066;70
111155;70
111246;70
111386;70
111528;70
111661;70
111798;70
111927;70
112020;70
112112;70
112206;70
112297;70
112389;70
112481;70
112574;70
112668;70
112761;70
112853;70
112946;70
113040;70
113133;70
113222;70
113313;70
113408;70
113525;70
113616;70
113704;70
113798;70
113896;70
113988;70
114102;70
114249;70
114386;70
114515;70
114618;70
114709;70
114800;70
114902;70
115001;70
115093;70
115184;70
115274;70
115366;70
115457;70
115550;70
115640;70
115730;70
115820;70
115911;70
116001;70
116094;70
116191;70
116288;70
116378;70
116483;70
116589;70
116715;70
116850;70
116973;70
117070;70
117161;70
117251;70
117342;70
117434;70
117549;70
117639;70
117731;70
117819;70
117911;70
118012;70
118107;70
118202;70
118294;70
118385;70
118473;70
118566;70
118659;70
118752;70
118844;70
118957;70
119092;70
119214;70
119315;70
119424;70
119576;70
119690;70
119791;70
119885;70
119979;70
120068;70
120158;70
120253;70
120341;70
120430;70
120520;70
120611;70
120701;70
120808;70
120939;70
121084;70
121209;70
121317;70
121421;70
121509;70
121608;70
121767;70
121874;70
121969;70
122090;70
122194;70
122292;70
122390;70
122489;70
122585;70
122679;70
122783;70
122877;70
122967;70
123057;70
123149;70
123239;70
123331;70
123420;70
123512;70
123607;70
123699;70
123788;70
123879;70
123969;70
124095;70
124228;70
124338;70
124429;70
124521;70
124613;70
124703;70
124799;70
124918;70
125060;70
125202;70
125338;70
125468;70
125607;70
125746;70
125881;70
126037;70
126169;70
126307;70
126438;70
126554;70
126646;70
126737;70
126831;70
126921;70
127011;70
127101;70
127194;70
127285;70
127377;70
127475;70
127569;70
127661;70
127751;70
127843;70
127938;70
128031;70
128126;70
128218;70
128308;70
128399;70
128494;70
128587;70
128681;70
128780;70
128880;70
128976;70
129071;70
129161;70
129252;70
129345;70
129499;70
129677;70
129820;70
129952;70
130048;70
130143;70
130241;70
130335;70
130431;70
130526;70
130617;70
130707;70
130800;70
130891;70
130980;70
131072;70
131161;70
131251;70
131343;70
131436;70
131527;70
131621;70
