203;4404
318;4325
413;4077
541;3981
619;3888
700;3663
778;3551
856;3551
934;3466
1014;3303
1084;3217
1165;3105
1230;3105
1296;3033
1368;2949
1434;2949
1524;2881
1609;2837
1703;2736
1782;2700
1859;2572
1926;2500
2004;2500
2084;2483
2169;2388
2232;2388
2303;2188
2374;2188
2437;2188
2542;2178
2625;2161
2703;2094
2771;2094
2841;2010
2919;1943
3029;1816
3135;1816
3219;1816
3295;1816
3385;1816
3481;1732
3559;1732
3642;1686
3710;1591
3766;1591
3820;1591
3884;1589
3961;1491
4021;1491
4076;1462
4134;1462
4205;1462
4277;1462
4337;1462
4399;1462
4473;1386
4531;1386
4591;1322
4647;1322
4711;1322
4769;1322
4832;1255
4898;1255
4955;1255
5017;1220
5080;1093
5140;1093
5204;1093
5271;1030
5330;1030
5390;1030
5447;1030
5513;1030
5578;1030
5638;1030
5704;1030
5798;1013
5875;1013
5951;1013
6067;951
6126;951
6190;908
6249;908
6312;908
6370;908
6465;896
6521;896
6576;896
6635;881
6692;881
6750;881
6809;881
6869;881
6926;881
6983;881
7047;880
7106;880
7171;880
7231;880
7289;841
7351;841
7410;841
7466;841
7521;841
7580;841
7657;841
7720;841
7779;841
7850;841
7913;789
7972;789
8039;789
8098;789
8170;789
8227;789
8292;738
8352;690
8411;690
8470;690
8530;690
8597;690
8652;690
8714;690
8769;690
8826;690
8882;690
8948;690
9005;690
9072;690
9129;690
9186;690
9259;690
9332;626
9391;626
9463;626
9520;626
9585;626
9643;626
9708;626
9767;596
9832;596
9903;595
9966;595
10021;595
10084;595
10156;595
10211;595
10274;595
10337;595
10400;595
10459;595
10552;544
10612;544
10670;544
10728;498
10792;498
10852;498
10911;498
10968;498
11027;498
11083;498
11169;498
11231;498
11286;498
11341;498
11396;498
11454;498
11508;498
11566;498
11625;498
11683;498
11755;498
11814;498
11874;498
11940;502
12000;502
12068;502
12135;502
12201;502
12257;502
12317;502
12378;502
12433;502
12491;502
12558;449
12613;449
12681;447
12736;447
12799;447
12870;451
12939;451
12998;451
13056;415
13115;415
13174;415
13233;415
13291;411
13350;411
13414;411
13488;411
13548;411
13612;411
13679;411
13751;411
13809;411
13869;411
13926;411
13985;411
14048;337
14106;337
14166;337
14223;337
14281;337
14360;337
14419;337
14476;337
14550;337
14624;337
14680;337
14738;336
14815;336
14870;336
14927;336
14982;336
15052;333
15115;333
15179;333
15237;333
15320;333
15377;333
15441;333
15500;333
15565;333
15652;239
15716;239
15787;239
15842;238
15909;238
15964;238
16022;238
16077;238
16141;238
16204;238
16268;241
16333;241
16392;241
16452;241
16516;241
16582;241
16661;241
16724;241
16780;241
16836;241
16905;241
16975;241
17032;239
17098;239
17161;239
17222;239
17280;239
17338;239
17398;239
17462;239
17521;239
17595;239
17658;239
17717;239
17775;239
17834;239
17893;239
17949;239
18008;239
18070;239
18136;239
18199;239
18259;239
18327;239
18392;239
18458;240
18528;240
18586;240
18643;240
18705;240
18773;240
18832;240
18897;240
18955;240
19011;240
19076;240
19137;240
19201;240
19271;240
19333;240
19400;240
19464;240
19532;240
19589;239
19647;239
19705;240
19764;240
19828;237
19891;237
19964;237
20056;237
20165;237
20235;236
20322;236
20398;236
20453;236
20517;236
20573;236
20628;236
20691;236
20746;236
20800;236
20859;236
20916;236
20995;236
21083;236
21154;236
21223;236
21287;236
21350;236
21414;236
21498;236
21559;236
21638;236
21705;236
21777;236
21835;236
21893;236
21958;236
22034;236
22097;236
22163;235
22221;235
22291;235
22362;235
22417;235
22472;235
22530;235
22615;235
22681;235
22741;235
22800;235
22854;235
22917;235
22972;235
23029;235
23093;235
23148;235
23203;235
23260;235
23337;235
23423;235
23482;235
23541;235
23597;235
23655;235
23713;235
23775;235
23832;235
23888;235
23949;235
24026;235
24080;235
24140;235
24218;235
24282;235
24340;235
24395;235
24458;235
24516;235
24607;235
24672;235
24729;235
24786;235
24845;235
24917;233
24987;233
25071;233
25165;233
25279;233
25435;233
25494;233
25566;234
25655;234
25762;234
25850;234
25906;234
25962;234
26025;234
26091;234
26146;234
26205;234
26262;234
26341;234
26420;234
26493;234
26625;234
26737;234
26833;234
26913;234
27031;234
27132;234
27287;234
27420;234
27514;234
27613;234
27694;234
27783;234
27907;234
28009;234
28123;234
28208;234
28303;234
28407;234
28474;234
28533;234
28590;234
28654;234
28711;234
28774;234
28845;234
28900;234
28980;234
29050;234
29110;234
29169;234
29227;234
29298;234
29369;234
29446;234
29508;234
29574;234
29642;234
29700;234
29773;234
29843;234
29911;234
29977;234
30079;234
30148;234
30202;234
30257;234
30319;234
30392;234
30462;234
30554;234
30628;234
30694;234
30775;234
30888;234
31037;234
31141;234
31208;234
31283;234
31344;234
31401;234
31455;234
31509;234
31583;234
31662;234
31740;234
31801;234
31862;234
31918;234
31978;234
32063;234
32160;234
32264;234
32333;234
32397;234
32452;234
32515;234
32570;234
32628;234
32693;234
32749;234
32814;234
32883;234
32956;234
33032;234
33095;234
33148;234
33211;234
33266;234
33329;234
33384;234
33439;234
33509;234
33565;234
33623;234
33688;234
33752;234
33809;234
33880;234
33937;234
34007;234
34061;234
34130;234
34220;234
34313;234
34383;234
34438;235
34493;235
34549;235
34613;235
34672;235
34733;235
34796;235
34852;235
34907;235
34970;235
35027;235
35085;235
35146;235
35204;235
35263;235
35321;235
35395;235
35458;235
35521;235
35585;235
35648;235
35702;235
35758;234
35813;234
35875;234
35931;234
35995;234
36055;234
36129;234
36189;234
36253;234
36310;234
36379;234
36437;234
36494;234
36549;234
36617;234
36684;234
36749;234
36812;234
36871;234
36926;234
36981;234
37036;234
37096;234
37158;234
37221;234
37296;234
37365;234
37458;234
37524;234
37592;234
37649;234
37711;234
37768;234
37823;234
37886;234
37956;234
38011;234
38082;234
38157;234
38216;234
38279;234
38338;234
38428;234
38536;234
38621;234
38702;234
38791;234
38922;234
39069;234
39174;234
39273;235
39366;235
39527;235
39683;235
39884;235
40015;235
40159;235
40298;235
40411;235
40520;235
40619;235
40757;235
40889;235
40986;235
41055;235
41110;235
41164;235
41220;235
41291;235
41381;235
41514;235
41595;235
41656;235
41721;235
41810;235
41867;235
41923;235
41992;235
42046;235
42110;235
42166;234
42222;234
42279;234
42341;234
42396;234
42452;234
42511;234
42569;234
42629;234
42683;235
42742;235
42801;235
42858;235
42915;235
42976;235
43061;235
43128;235
43185;235
43243;235
43299;235
43356;235
43424;235
43480;235
43536;235
43593;235
43655;235
43709;235
43764;235
43834;235
43888;235
43947;235
44010;235
44067;235
44130;235
44186;235
44255;235
44317;235
44375;235
44433;235
44489;235
44544;235
44599;235
44676;235
44740;235
44811;235
44879;235
44933;235
44992;235
45046;235
45100;235
45164;235
45225;235
45288;235
45343;235
45404;235
45472;235
45542;235
45613;235
45668;235
45729;236
45791;236
45844;236
45907;236
45971;236
46029;236
46092;236
46164;236
46226;236
46280;236
46347;236
46400;236
46458;236
46513;236
46567;236
46624;236
46685;236
46747;236
46808;236
46875;236
46938;236
46992;235
47048;235
47105;235
47159;235
47229;235
47288;235
47345;235
47408;235
47475;235
47542;235
47597;235
47653;235
47707;235
47761;235
47815;235
47872;235
47949;235
48003;235
48061;235
48120;235
48180;235
48267;235
48324;235
48381;235
48436;235
48491;235
48552;235
48608;235
48663;235
48731;235
48792;235
48847;235
48925;235
48981;235
49038;235
49095;235
49160;235
49214;235
49268;235
49325;235
49382;235
49437;235
49507;235
49577;235
49632;235
49687;235
49743;235
49802;235
49858;235
49932;235
49981;235
50036;235
50091;235
50146;235
50200;235
50256;235
50315;235
50373;235
50437;235
50507;235
50565;235
50629;235
50703;235
50765;235
50842;235
50896;235
50963;235
51016;234
51073;234
51138;234
51195;234
51255;234
51334;234
51391;234
51447;234
51524;234
51581;234
51643;234
51706;234
51768;234
51823;234
51902;234
51989;234
52059;234
52116;236
52178;236
52234;236
52296;236
52365;236
52422;236
52476;236
52539;236
52619;236
52672;236
52738;236
52801;236
52857;236
52919;236
52982;236
53043;236
53105;236
53162;236
53235;236
53289;236
53347;236
53403;234
53459;234
53521;234
53584;234
53642;234
53698;234
53765;234
53826;234
53893;234
53948;234
54009;234
54071;234
54126;234
54188;234
54242;234
54322;234
54377;234
54431;234
54485;234
54547;234
54602;234
54659;234
54713;234
54767;234
54830;234
54891;234
54980;234
55034;234
55102;234
55167;234
55221;234
55277;234
55339;234
55395;234
55451;234
55509;234
55573;234
55646;234
55708;234
55766;234
55821;234
55879;234
55933;234
55990;234
56044;234
56099;234
56157;234
56217;234
56274;234
56334;234
56416;234
56470;235
56524;235
56581;235
56636;235
56693;235
56750;235
56819;235
56873;235
56930;235
56990;235
57051;235
57118;235
57170;235
57232;235
57293;235
57348;235
57409;235
57463;235
57517;235
57574;235
57633;235
57689;235
57752;235
57809;235
57873;235
57929;235
57991;235
58045;235
58110;235
58165;235
58225;235
58279;235
58335;235
58390;235
58446;235
58510;235
58577;235
58651;235
58714;235
58768;235
58830;235
58884;235
58960;235
59022;235
59075;235
59131;235
59193;235
59256;235
59313;235
59386;235
59443;235
59500;235
59562;235
59617;235
59674;235
59738;235
59809;235
59871;235
59926;235
59981;235
60038;235
60097;235
60224;235
60564;235
60689;235
60745;235
60800;235
60856;235
60913;235
60967;235
61021;235
61077;235
61140;235
61195;235
61270;235
61326;235
61384;235
61443;235
61565;235
61727;235
61781;235
61837;235
61894;235
61956;235
62011;235
62073;235
62137;235
62199;235
62258;235
62326;235
62386;235
62452;235
62508;235
62567;235
62660;235
62715;235
62773;235
62836;235
62895;235
62962;235
63027;235
63093;235
63154;235
63212;235
63272;235
63333;235
63391;235
63451;235
63512;235
63623;235
63946;235
64252;235
64387;235
64446;235
64528;235
64586;235
64644;235
64701;235
64759;235
64830;235
64886;235
64943;235
65004;235
65070;235
65139;235
65202;235
65261;235
65330;235
65394;235
65455;235
65568;235
65633;235
65691;235
65759;235
65817;235
65882;235
65940;235
65995;235
66058;235
66120;235
66184;235
66246;235
66306;235
66367;235
66428;235
66497;235
66564;236
66633;236
66791;236
67097;236
67355;236
67416;236
67490;236
67548;236
67612;236
67681;236
67737;236
67794;236
67851;236
67909;236
67976;236
68045;236
68106;236
68184;236
68251;236
68310;236
68377;236
68450;236
68512;236
68575;236
68643;236
68714;236
68771;236
68830;236
68885;236
68944;236
69005;236
69063;236
69125;236
69184;236
69260;236
69321;236
69380;236
69440;236
69500;236
69560;236
69626;236
69692;236
69755;236
69818;236
69880;236
69942;236
70003;236
70062;236
70126;236
70187;236
70248;236
70316;236
70378;236
70435;236
70514;235
70572;235
70640;235
70696;235
70757;235
70821;235
70889;235
70953;235
71011;235
71075;235
71133;235
71192;235
71260;235
71314;235
71371;234
71425;234
71482;234
71538;234
71593;234
71655;234
71721;234
71791;234
71853;234
71911;234
71988;234
72069;234
72129;234
72201;234
72275;234
72339;234
72399;234
72457;234
72530;234
72598;234
72665;234
72722;234
72787;234
72844;234
72912;234
72982;234
73040;234
73113;234
73169;234
73225;234
73289;234
73348;234
73406;234
73462;234
73520;234
73587;234
73665;234
73724;234
73788;234
73859;234
73921;234
73984;234
74039;234
74103;234
74158;234
74213;234
74283;234
74339;234
74401;234
74457;234
74514;234
74570;234
74627;234
74684;234
74740;234
74796;234
74856;234
74920;234
74975;234
75038;234
75105;234
75171;234
75232;234
75288;233
75349;233
75406;233
75468;233
75529;233
75587;233
75645;233
75701;233
75759;233
75823;233
75894;233
75951;233
76009;233
76065;233
76130;233
76190;233
76244;233
76299;233
76355;233
76409;233
76463;233
76516;233
76586;233
76663;233
76722;233
76781;233
76836;233
76893;233
76950;233
77018;233
77073;233
77129;233
77186;233
77247;233
77301;233
77362;233
77419;233
77473;233
77527;233
77594;233
77651;233
77713;233
77786;233
77849;233
77907;233
77979;233
78050;233
78110;233
78169;233
78228;233
78291;233
78350;233
78414;233
78486;233
78560;233
78626;233
78691;233
78750;233
78818;233
78876;233
78934;233
79030;233
79112;233
79168;233
79232;233
79303;233
79381;233
79438;233
79493;233
79562;233
79620;233
79675;233
79765;233
79830;233
79900;233
79955;233
80014;233
80071;233
80135;233
80198;233
80254;233
80322;233
80383;233
80437;233
80494;233
80549;233
80606;233
80660;233
80714;233
80776;233
80830;233
80890;233
80958;233
81017;233
81080;233
81138;233
81196;233
81250;233
81334;233
81394;233
81457;233
81511;233
81566;233
81622;233
81679;233
81756;233
81826;233
81887;233
81954;233
82014;233
82075;233
82133;233
82210;233
82265;233
82319;233
82376;233
82434;233
82490;233
82568;233
82625;233
82712;233
82811;233
82906;233
82968;233
83022;233
83092;233
83156;233
83218;233
83273;233
83336;233
83391;233
83464;233
83545;233
83637;233
83724;233
83810;233
83909;233
83968;233
84023;233
84089;233
84151;233
84208;233
84265;233
84323;233
84408;233
84471;233
84531;233
84605;233
84675;233
84729;233
84792;233
84849;233
84903;233
84957;233
85012;233
85069;233
85125;233
85183;233
85235;233
85293;233
85353;233
85407;233
85474;233
85551;233
85630;233
85693;233
85749;233
85811;233
85869;233
85948;233
86024;233
86113;233
86189;233
86259;233
86331;233
86398;233
86453;233
86535;233
86595;233
86667;233
86729;233
86800;233
86854;233
86908;233
86961;233
87018;233
87074;233
87136;233
87219;233
87280;233
87341;233
87407;233
87461;233
87525;233
87582;233
87638;233
87699;233
87768;233
87824;233
87884;233
87947;233
88020;233
88074;233
88129;233
88201;233
88267;233
88339;233
88403;233
88496;233
88609;233
88735;233
88843;233
