279;4091
446;3950
560;3716
644;3630
714;3552
792;3392
864;3309
940;3309
1024;3212
1088;3091
1169;2977
1246;2912
1311;2809
1396;2805
1466;2805
1528;2698
1597;2698
1694;2674
1790;2674
1868;2674
1956;2470
2046;2355
2111;2355
2183;2245
2259;2208
2325;2208
2391;2208
2478;2144
2564;2001
2626;2001
2707;1954
2776;1947
2863;1875
2933;1875
3003;1876
3076;1876
3166;1876
3259;1873
3345;1873
3413;1873
3502;1873
3588;1789
3712;1728
3775;1668
3832;1668
3897;1634
3970;1606
4030;1606
4086;1606
4146;1519
4202;1519
4283;1500
4364;1439
4447;1256
4506;1256
4564;1245
4625;1220
4682;1220
4763;1220
4827;1103
4884;1103
4941;1103
4999;1103
5070;957
5128;957
5193;949
5258;948
5318;948
5379;948
5438;948
5505;864
5566;864
5628;864
5689;861
5751;861
5821;861
5911;772
6002;772
6093;772
6170;746
6241;666
6308;666
6367;666
6431;666
6496;666
6556;666
6626;625
6687;625
6745;625
6811;625
6878;625
6943;625
7010;625
7078;625
7152;625
7251;532
7319;532
7384;532
7491;531
7609;531
7712;531
7789;531
7861;531
7947;531
8027;531
8095;531
8158;531
8225;531
8285;531
8364;531
8471;531
8543;531
8612;531
8686;530
8752;527
8819;527
8880;527
8938;527
9010;445
9084;434
9153;434
9210;434
9283;434
9344;434
9436;434
9528;424
9612;424
9680;424
9738;424
9826;424
9910;424
9999;368
10101;368
10222;368
10331;368
10430;368
10515;368
10614;368
10695;368
10776;368
10843;368
10915;368
10975;368
11032;368
11089;368
11153;368
11220;368
11285;368
11343;368
11400;368
11469;368
11530;368
11588;368
11650;368
11709;368
11771;368
11833;368
11890;368
11948;368
12005;368
12065;368
12121;368
12177;368
12233;368
12291;368
12360;368
12423;368
12480;368
12539;368
12599;368
12681;368
12738;368
12795;368
12856;368
12927;368
12996;368
13061;368
13127;368
13184;368
13254;368
13312;368
13371;368
13427;368
13485;368
13541;368
13601;368
13657;368
13715;368
13774;368
13834;368
13892;368
13959;368
14019;368
14079;368
14140;368
14212;368
14271;368
14336;368
14397;368
14469;368
14539;368
14596;368
14654;368
14711;368
14783;368
14884;368
14944;368
15008;368
15069;365
15127;365
15193;365
15250;365
15308;365
15367;365
15430;365
15508;365
15563;365
15623;365
15679;365
15739;365
15803;365
15861;365
15917;365
15974;365
16047;365
16107;365
16168;365
16241;368
16306;368
16392;368
16450;368
16508;368
16574;368
16643;367
16701;367
16770;367
16829;310
16892;310
16951;310
17007;310
17063;310
17124;310
17189;310
17256;310
17313;310
17378;310
17460;310
17520;310
17581;310
17651;311
17710;311
17766;311
17827;311
17902;311
17966;311
18032;311
18097;311
18161;311
18233;311
18293;311
18354;311
18427;310
18489;310
18549;310
18605;310
18666;310
18721;310
18791;310
18849;310
18905;310
18968;310
19032;310
19091;310
19148;310
19205;310
19263;310
19322;310
19392;310
19451;310
19507;310
19566;310
19629;310
19688;310
19747;310
19804;310
19863;310
19934;310
19991;310
20052;310
20109;310
20170;310
20240;309
20294;309
20352;309
20409;309
20465;309
20522;309
20585;309
20659;309
20729;309
20791;309
20864;310
20922;310
20984;309
21046;309
21119;309
21179;309
21234;309
21293;309
21356;309
21425;309
21485;309
21541;237
21598;237
21660;237
21717;237
21782;237
21846;237
21905;237
21969;237
22033;237
22097;236
22152;236
22211;236
22266;236
22326;236
22382;236
22439;236
22502;236
22570;236
22647;236
22711;236
22768;236
22832;236
22888;236
22958;236
23022;236
23078;236
23135;236
23196;236
23257;236
23318;236
23375;236
23431;236
23502;236
23572;236
23630;236
23686;236
23741;236
23820;236
23884;236
23942;236
24001;236
24063;236
24122;236
24185;236
24244;236
24302;236
24361;236
24431;236
24488;236
24552;236
24617;236
24673;236
24738;236
24804;236
24874;234
24930;234
24992;234
25052;234
25112;234
25192;234
25261;234
25317;234
25374;234
25437;234
25502;234
25558;234
25632;234
25704;234
25761;234
25822;234
25892;234
25950;234
26013;234
26072;234
26130;234
26192;234
26251;234
26320;234
26378;235
26453;235
26512;235
26567;235
26632;235
26690;235
26745;235
26806;235
26861;235
26917;235
26998;235
27053;235
27119;235
27175;235
27232;235
27284;235
27338;235
27397;235
27460;235
27522;235
27578;235
27634;235
27712;235
27767;235
27837;235
27892;235
27951;235
28014;235
28069;235
28131;235
28189;235
28244;235
28307;235
28373;235
28433;235
28496;235
28551;235
28613;235
28695;235
28758;235
28823;236
28886;236
28950;238
29013;238
29071;238
29126;238
29182;238
29247;238
29306;238
29363;238
29418;238
29482;238
29534;238
29590;238
29651;238
29714;238
29768;238
29831;238
29885;238
29954;238
30009;238
30064;238
30121;238
30183;238
30239;238
30298;238
30358;238
30424;238
30481;239
30542;239
30602;239
30666;239
30723;239
30781;239
30836;239
30894;239
30949;239
31012;239
31068;239
31131;239
31188;239
31251;239
31312;239
31368;239
31433;239
31488;239
31543;239
31636;239
31702;239
31770;239
31827;239
31881;239
31937;239
31992;239
32049;239
32106;239
32168;239
32241;239
32303;239
32366;239
32423;239
32481;239
32536;239
32598;239
32655;239
32717;239
32782;239
32840;239
32899;239
32964;239
33029;239
33087;239
33142;239
33205;239
33280;239
33351;239
33412;239
33467;239
33522;239
33585;239
33642;239
33702;239
33758;239
33820;239
33876;239
33933;239
34000;239
34059;239
34118;239
34174;239
34233;239
34292;239
34350;239
34407;239
34465;239
34534;239
34594;239
34660;239
34723;239
34782;238
34840;238
34919;238
34975;238
35034;238
35093;238
35153;238
35222;237
35280;237
35337;237
35394;237
35449;237
35512;237
35567;237
35622;237
35678;237
35737;237
35815;237
35898;236
35955;236
36013;236
36082;236
36137;236
36195;236
36250;236
36321;236
36386;236
36445;236
36515;236
36571;236
36630;236
36698;236
36755;236
36814;236
36868;236
36936;236
36997;236
37057;236
37133;236
37214;236
37277;236
37339;236
37397;236
37452;236
37506;236
37562;236
37637;236
37704;236
37761;236
37816;236
37890;236
37946;236
38001;236
38064;236
38119;236
38184;236
38251;236
38305;236
38364;236
38419;236
38477;236
38532;236
38586;236
38645;236
38700;236
38790;236
38885;236
38948;236
39017;236
39071;236
39133;236
39191;236
39253;236
39324;236
39379;236
39458;236
39513;236
39571;236
39631;236
39694;236
39748;236
39810;236
39864;236
39922;236
39978;236
40040;236
40097;236
40151;236
40210;236
40266;236
40344;236
40398;236
40456;235
40511;235
40566;235
40639;235
40740;235
40812;235
40918;235
41017;235
41105;235
41191;235
41318;235
41383;235
41481;235
41598;236
41699;236
41771;236
41834;236
41892;236
41949;236
42030;236
42113;236
42217;236
42288;236
42377;236
42442;236
42506;236
42566;236
42631;236
42691;236
42746;236
42802;236
42870;236
42926;236
42982;236
43039;236
43097;236
43159;236
43227;236
43286;236
43349;236
43412;236
43466;236
43524;236
43581;236
43652;236
43756;236
43833;236
43930;236
44007;236
44076;236
44148;236
44226;236
44282;236
44345;236
44403;236
44471;236
44529;236
44584;236
44641;236
44699;236
44760;236
44813;236
44878;236
44938;236
44999;236
45056;236
45130;236
45220;236
45354;236
45452;236
45534;236
45628;236
45715;236
45799;236
45884;236
46004;236
46122;236
46212;236
46282;236
46388;236
46457;236
46514;236
46571;236
46637;236
46696;236
46763;236
46826;236
46884;236
46942;236
46999;236
47058;236
47116;236
47190;236
47254;236
47325;236
47384;236
47445;236
47507;236
47568;236
47634;236
47699;236
47756;236
47825;236
47921;236
48014;236
48118;236
48255;236
48349;236
48436;236
48543;235
48644;235
48710;235
48781;235
48838;236
48896;236
48956;236
49017;236
49083;236
49157;236
49222;236
49279;236
49337;236
49394;236
49450;236
49515;236
49587;236
49645;236
49702;236
49758;236
49813;236
49875;236
49930;236
49985;236
50044;236
50100;236
50160;236
50221;236
50283;236
50343;236
50400;236
50460;236
50517;236
50581;236
50639;236
50705;236
50799;236
50854;236
50909;236
50972;236
51026;236
51081;236
51136;236
51190;236
51254;236
51325;236
51378;236
51435;236
51494;236
51559;236
51619;236
51732;236
51835;236
51901;236
51995;236
52069;236
52160;236
52310;236
52408;236
52542;236
52689;236
52808;236
52902;236
53004;236
53086;236
53142;236
53197;236
53255;236
53316;236
53376;236
53436;236
53494;236
53558;236
53621;236
53686;236
53750;236
53810;236
53867;236
53928;236
54003;236
54096;236
54183;236
54281;236
54361;236
54446;236
54528;236
54608;236
54673;236
54733;236
54793;236
54854;236
54913;236
54979;236
55051;236
55108;236
55173;236
55243;236
55300;236
55367;236
55425;236
55496;236
55578;236
55675;236
55771;236
55848;236
55928;236
56002;236
56067;236
56125;236
56186;236
56256;236
56317;236
56395;236
56453;236
56514;236
56584;236
56643;236
56700;236
56766;236
56843;236
56915;236
57022;236
57111;236
57206;236
57272;236
57327;236
57388;236
57452;236
57511;236
57571;236
57632;236
57694;236
57766;236
57827;236
57885;236
57944;236
58008;236
58067;236
58141;236
58198;236
58267;236
58334;236
58393;236
58455;236
58513;236
58571;236
58623;236
58679;236
58743;236
58800;237
58860;237
58918;237
58978;237
59038;237
59108;237
59168;237
59224;237
59289;237
59344;237
59408;237
59466;237
59521;237
59575;237
59641;237
59696;237
59755;237
59814;237
59877;237
59934;237
59994;237
60055;237
60114;237
60178;237
60238;237
60294;237
60352;237
60415;237
60472;237
60540;237
60595;237
60652;237
60709;236
60764;236
60821;236
60876;236
60936;236
60996;236
61051;236
61108;236
61165;236
61221;236
61281;235
61435;235
61505;235
61564;235
61629;235
61684;235
61773;235
61856;235
61939;235
62007;235
62066;235
62122;235
62179;235
62238;235
62299;235
62362;235
62422;235
62480;235
62541;235
62599;235
62660;235
62726;235
62805;235
62888;235
62984;235
63065;234
63147;234
63230;234
63332;234
63405;234
63460;234
63533;234
63594;234
63657;234
63739;234
63824;234
63907;234
63998;234
64068;234
64127;234
64186;234
64250;234
64305;234
64361;234
64421;234
64479;234
64569;234
64655;234
64732;234
64816;234
64874;234
64931;234
65005;234
65066;234
65125;234
65183;234
65240;234
65298;234
65355;234
65412;234
65469;234
65526;234
65604;234
65660;234
65718;234
65773;234
65831;234
65886;234
65943;234
65998;234
66070;234
66133;234
66204;234
66261;234
66322;234
66382;234
66438;234
66503;234
66562;234
66622;234
66680;234
66739;234
66802;234
66859;234
66914;234
66976;234
67034;234
67091;234
67151;234
67206;234
67264;234
67335;234
67406;234
67471;234
67529;234
67593;234
67660;234
67720;234
67779;234
67836;234
67896;234
67949;234
68020;234
68086;234
68148;234
68203;234
68258;234
68320;234
68377;234
68432;234
68487;234
68551;234
68606;234
68670;234
68735;234
68799;234
68872;234
68927;234
68991;235
69048;235
69104;235
69161;234
69247;234
69326;234
69410;234
69487;234
69546;234
69617;234
69672;234
69727;234
69782;234
69839;234
69895;234
69959;234
70015;234
70087;234
70145;234
70217;234
70276;234
70349;234
70415;234
70474;234
70537;234
70599;234
70663;234
70718;234
70772;234
70830;234
70885;234
70943;234
71001;234
71072;234
71132;234
71197;234
71260;234
71333;234
71397;234
71456;234
71515;234
71578;234
71649;234
71767;234
71847;234
71927;234
72015;234
72093;234
72172;234
72255;234
72355;234
72461;234
72548;234
72651;234
72736;234
72820;234
72924;234
73045;234
73127;234
73223;234
73313;234
73397;234
73482;234
73566;234
73657;234
73726;234
73787;234
73846;234
73905;234
73975;234
74032;234
74088;234
74148;234
74213;234
74271;234
74330;234
74387;234
74446;234
74503;234
74559;234
74613;234
74672;234
74730;234
74791;234
74859;234
74958;234
75040;234
75100;234
75165;234
75235;234
75290;234
75351;234
75452;234
75558;234
75616;234
75675;234
75730;234
75786;234
75842;234
75898;234
75969;234
76031;234
76090;234
76151;234
76237;234
76348;234
76423;234
76513;234
76600;234
76687;234
76775;234
76856;234
76916;234
76980;234
77045;234
77125;234
77203;234
77261;234
77347;234
77417;234
77486;234
77557;234
77622;234
77713;234
77840;234
77947;234
78112;234
78241;234
78371;234
78489;234
78628;234
78777;234
78906;234
79064;234
79185;234
79290;234
79387;234
79475;234
79573;234
79687;234
79770;234
79848;234
79937;234
80047;234
80151;234
80261;234
80369;234
80457;234
80552;234
80670;234
80766;234
80876;234
80975;234
81073;234
81177;234
81291;234
81390;234
81480;234
81578;234
81661;234
81726;234
81785;234
81841;234
81905;234
81973;234
82042;234
82118;234
82200;234
82286;234
82342;234
82400;234
82458;234
82513;234
82571;234
82632;234
82687;234
82751;234
82807;235
82866;235
82923;235
82981;235
83046;235
83112;235
83189;235
83252;235
83379;235
83450;235
83550;235
83606;235
83667;235
83733;235
83792;235
83849;235
83908;235
83978;235
84044;235
84100;235
84162;235
84220;235
84277;235
84355;235
84419;235
84481;235
84538;235
84593;235
84654;235
84712;235
84772;235
84834;235
84896;235
84960;235
85015;235
85073;235
85132;235
85198;235
85306;235
85411;235
85500;235
85572;235
85650;235
85728;235
85853;235
85962;235
86040;235
86098;235
86156;235
86264;235
86366;235
86466;235
86526;235
86593;235
86657;235
86728;235
86787;235
86869;235
86924;235
86996;235
87085;235
87180;235
87269;235
87334;235
87414;235
87480;235
87544;235
87615;235
87674;235
87756;235
87853;235
87938;235
88015;235
88087;235
88151;235
88216;235
88293;235
88366;235
88448;235
88559;235
88653;235
88712;235
88784;235
88842;235
88903;235
88960;235
89022;235
89076;235
89135;235
89192;235
89262;235
89326;235
89385;235
89441;235
89506;235
89575;235
89638;235
89696;235
89751;235
89813;235
89871;235
89926;234
89983;234
90052;234
90127;234
90198;234
90261;234
90326;234
90390;234
90445;234
90501;234
90555;234
90626;234
90684;234
90743;234
90814;234
90870;234
90925;234
90979;234
