143;261
231;261
292;261
371;261
455;261
507;261
546;261
595;261
667;261
723;261
782;261
828;261
877;261
929;261
988;261
1051;261
1088;261
1125;261
1168;261
1204;261
1242;261
1283;261
1338;261
1399;261
1438;261
1478;261
1518;261
1557;261
1597;261
1636;261
1681;261
1739;261
1791;261
1842;261
1892;261
1950;261
2008;261
2056;261
2092;261
2128;261
2167;261
2205;261
2246;261
2283;261
2323;261
2360;261
2398;261
2442;264
2480;264
2519;264
2560;264
2609;264
2655;264
2694;264
2731;264
2767;264
2807;264
2849;264
2886;264
2925;264
2957;264
2990;264
3028;264
3063;264
3096;264
3129;264
3169;264
3215;264
3262;264
3308;264
3357;264
3416;264
3463;264
3515;264
3562;264
3593;264
3628;264
3662;264
3694;264
3725;264
3761;264
3795;264
3831;264
3864;264
3896;264
3930;264
3968;264
4000;264
4034;264
4067;264
4099;264
4132;264
4165;264
4205;264
4239;264
4277;264
4312;264
4357;264
4393;264
4434;264
4468;264
4507;264
4545;264
4578;264
4610;264
4643;264
4679;264
4712;264
4744;264
4778;264
4812;264
4846;264
4882;264
4916;264
4950;264
4981;264
5017;264
5051;264
5086;264
5119;264
5161;264
5214;264
5269;264
5318;264
5370;264
5421;264
5469;264
5519;264
5574;264
5621;264
5670;264
5721;264
5769;264
5816;264
5868;264
5900;264
5931;264
5967;264
5998;264
6030;264
6066;264
6100;264
6133;265
6165;265
6198;265
6236;265
6271;265
6310;265
6359;265
6394;265
6429;265
6470;265
6503;266
6535;266
6567;266
6604;266
6637;266
6670;266
6706;266
6738;266
6770;266
6806;266
6843;266
6884;266
6917;266
6951;266
6986;266
7019;266
7050;266
7082;266
7117;266
7165;266
7201;266
7234;266
7272;266
7309;266
7344;266
7375;266
7408;266
7450;266
7486;266
7520;266
7553;266
7585;266
7616;266
7651;266
7681;266
7714;266
7746;266
7782;266
7815;266
7853;266
7886;266
7921;266
7954;266
7986;266
8019;266
8053;266
8086;266
8118;266
8150;266
8182;266
8215;266
8255;266
8288;266
8339;263
8372;263
8409;263
8454;262
8485;262
8515;262
8552;262
8585;261
8618;261
8650;261
8686;261
8718;261
8760;261
8797;262
8834;262
8870;262
8903;262
8940;262
8972;262
9004;262
9038;262
9071;262
9103;262
9135;262
9168;262
9200;262
9233;262
9276;262
9313;262
9346;263
9383;263
9426;263
9460;263
9508;263
9543;263
9585;263
9617;262
9649;262
9691;262
9726;262
9760;262
9800;262
9832;262
9864;262
9897;262
9930;262
9964;262
10002;262
10036;262
10072;262
10104;262
10148;262
10180;262
10213;262
10246;262
10282;267
10317;267
10351;267
10383;267
10417;267
10452;267
10487;267
10521;267
10554;267
10586;266
10618;266
10654;266
10687;266
10719;266
10750;266
10782;266
10815;266
10849;266
10882;266
10913;266
10949;266
10981;266
11014;266
11049;266
11080;266
11113;266
11147;266
11181;266
11214;266
11253;266
11285;266
11318;266
11353;266
11386;266
11420;266
11461;266
11494;266
11527;266
11559;266
11596;266
11630;266
11664;266
11699;266
11734;266
11766;266
11800;266
11843;266
11879;266
11913;266
11948;266
11984;266
12019;266
12052;266
12084;266
12117;266
12155;266
12188;266
12220;266
12252;266
12287;266
12327;266
12360;266
12396;266
12435;268
12487;268
12520;268
12556;268
12590;268
12625;268
12661;268
12693;268
12726;268
12762;268
12797;268
12830;268
12862;268
12895;268
12928;268
12961;268
12993;267
13027;267
13061;268
13094;268
13130;267
13166;267
13198;267
13229;267
13265;267
13299;267
13334;267
13367;267
13404;267
13439;267
13478;267
13508;267
13543;267
13580;267
13615;267
13651;267
13687;267
13720;267
13751;267
13784;267
13819;267
13852;267
13885;267
13917;267
13965;267
13998;267
14031;267
14068;267
14105;267
14140;267
14174;267
14208;267
14244;267
14277;267
14313;267
14347;267
14380;267
14413;267
14452;267
14486;267
14524;267
14560;267
14601;267
14631;267
14666;267
14698;267
14737;267
14773;267
14809;267
14846;267
14880;267
14915;267
14950;267
14983;267
15014;267
15047;267
15080;267
15120;267
15153;267
15185;267
15231;267
15264;267
15306;267
15348;267
15382;267
15415;267
15448;267
15495;267
15528;267
15561;267
15593;267
15625;267
15661;267
15699;267
15734;267
15765;267
15795;267
15825;267
15857;267
15889;267
15922;267
15955;267
15988;267
16024;267
16057;267
16090;266
16125;266
16156;266
16188;266
16221;266
16256;266
16289;266
16325;266
16357;266
16391;266
16423;263
16460;263
16497;263
16531;263
16562;263
16594;263
16628;263
16665;263
16713;263
16746;263
16778;263
16810;263
16844;263
16883;263
16915;263
16948;263
16983;263
17016;263
17059;263
17093;263
17123;263
17156;263
17192;263
17229;263
17263;263
17297;263
17338;263
17370;263
17401;263
17435;263
17471;263
17503;263
17534;263
17569;263
17605;264
17638;264
17673;264
17711;268
17743;268
17778;268
17814;266
17849;266
17884;266
17923;263
17957;263
17990;263
18025;263
18060;263
18092;263
18133;263
18167;263
18203;263
18236;263
18268;263
18304;263
18341;263
18378;264
18413;264
18447;264
18481;264
18515;264
18548;264
18587;264
18626;264
18657;264
18694;265
18725;265
18761;265
18795;265
18837;265
18868;265
18904;265
18938;265
18974;265
19010;265
19042;262
19077;262
19115;262
19148;262
19182;262
19217;262
19249;262
19285;262
19318;262
19352;262
19386;262
19423;262
19457;262
19496;262
19529;262
19562;262
19595;262
19628;262
19662;262
19694;262
19725;262
19761;262
19794;262
19827;262
19862;262
19895;262
19932;262
19964;262
19997;262
20033;262
20070;262
20104;262
20140;262
20174;262
20205;262
20241;262
20274;262
20309;262
20345;262
20382;262
20415;262
20450;262
20483;262
20521;262
20553;262
20585;262
20615;262
20647;262
20680;262
20712;262
20747;262
20781;262
20814;262
20849;261
20886;261
20936;261
20989;261
21021;261
21057;261
21092;261
21126;261
21161;261
21195;261
21225;261
21257;261
21289;261
21322;261
21354;261
21388;261
21421;261
21454;261
21490;261
21522;261
21554;261
21585;261
21618;261
21650;261
21683;261
21713;261
21745;261
21781;261
21818;261
21855;261
21902;261
21946;261
21977;261
22012;261
22043;261
22074;261
22107;261
22138;261
22171;261
22202;261
22233;261
22265;261
22306;261
22340;261
22373;261
22404;261
22439;261
22471;261
22508;261
22546;261
22583;261
22627;261
22657;261
22690;261
22721;261
22753;261
22788;261
22821;261
22853;261
22887;261
22920;261
22952;261
22984;261
23015;261
23047;261
23079;261
23116;261
23149;261
23180;261
23211;260
23245;260
23289;260
23327;260
23364;260
23403;260
23436;260
23473;260
23505;260
23536;260
23572;260
23605;260
23637;260
23673;260
23707;260
23738;260
23770;260
23803;260
23836;260
23872;260
23908;260
23943;260
23981;260
24013;260
24045;261
24078;261
24110;261
24144;261
24176;261
24210;261
24243;261
24275;261
24307;261
24342;261
24376;261
24415;261
24454;261
24492;261
24528;261
24564;261
24610;261
24643;261
24674;261
24705;261
24738;261
24770;261
24801;261
24832;261
24865;261
24897;261
24931;261
24968;261
24999;261
25031;261
25063;261
25099;261
25135;261
25166;261
25207;261
25237;261
25270;261
25304;261
25335;261
25368;261
25400;261
25433;261
25465;261
25497;261
25535;261
25566;261
25598;261
25638;261
25675;261
25708;261
25741;261
25777;261
25807;261
25838;261
25870;261
25901;261
25932;261
25963;261
25995;261
26030;261
26061;261
26096;261
26130;261
26162;260
26205;260
26240;260
26275;260
26326;260
26362;260
26394;260
26427;260
26460;260
26493;260
26531;260
26564;260
26596;260
26626;260
26658;261
26690;261
26723;261
26755;261
26786;263
26819;263
26855;263
26887;263
26919;263
26954;263
26987;263
27018;263
27049;263
27081;263
27112;263
27147;263
27184;263
27220;263
27253;263
27288;263
27318;263
27351;263
27386;263
27418;263
27454;263
27485;263
27519;263
27551;263
27584;263
27616;263
27647;263
27679;263
27710;263
27742;263
27775;263
27818;263
27847;263
27879;263
27911;263
27944;263
27977;263
28008;263
28040;263
28075;263
28106;263
28139;263
28174;263
28209;263
28242;263
28283;263
28316;263
28351;263
28384;263
28419;263
28450;263
28481;263
28516;263
28551;263
28583;263
28615;263
28648;263
28680;263
28720;263
28752;263
28783;263
28818;263
28850;263
28889;263
28924;263
28955;263
28987;263
29019;263
29050;263
29081;263
29120;263
29151;263
29182;263
29214;260
29243;260
29277;260
29312;260
29344;260
29376;260
29409;260
29450;260
29484;260
29518;260
29550;260
29589;260
29622;260
29654;260
29687;260
29718;260
29760;260
29794;260
29826;260
29858;260
29895;260
29926;259
29964;259
29998;259
30032;259
30064;259
30095;259
30128;259
30159;259
30191;259
30223;259
30262;259
30298;259
30331;259
30364;259
30397;259
30433;259
30466;259
30501;259
30539;259
30577;259
30609;259
30640;259
30672;259
30704;259
30742;259
30773;259
30807;259
30838;259
30877;259
30911;259
30941;259
30973;259
31004;259
31035;259
31067;259
31097;259
31129;259
31165;259
31196;259
31227;258
31259;259
31291;259
31326;259
31360;259
31394;259
31425;259
31460;259
31492;259
31524;259
31556;259
31587;259
31621;259
31653;259
31689;259
31720;259
31755;259
31790;260
31821;260
31853;260
31887;260
31918;260
31952;260
31986;260
32019;260
32051;260
32082;260
32118;260
32149;260
32184;260
32216;260
32248;260
32282;260
32324;260
32360;260
32398;260
32431;260
32463;260
32498;260
32530;260
32563;260
32599;260
32638;260
32668;260
32702;260
32733;260
32764;260
32798;261
32827;261
32865;261
32896;261
32927;261
32963;261
32998;261
33033;261
33064;261
33096;261
33128;261
33163;261
33198;261
33233;261
33265;261
33301;261
33334;261
33367;261
33400;261
33433;261
33474;261
33506;261
33536;261
33568;261
33601;261
33633;261
33667;261
33698;261
33729;261
33762;261
33793;261
33827;261
33858;261
33893;261
33926;261
33962;262
33994;262
34025;266
34056;266
34091;266
34124;266
34163;266
34194;266
34226;266
34260;266
34297;266
34331;266
34365;266
34397;266
34430;266
34463;266
34496;266
34531;266
34567;266
34600;266
34631;266
34663;266
34695;266
34728;266
34767;261
34801;261
34831;261
34863;261
34897;261
34928;261
34961;261
34998;261
35028;261
35060;261
35092;261
35123;261
35157;261
35193;261
35226;261
35257;261
35293;261
35325;261
35360;261
35392;261
35424;261
35456;261
35489;261
35521;261
35553;261
35592;261
35623;261
35656;261
35687;261
35724;261
35758;261
35788;261
35819;261
35850;261
35885;261
35920;261
35952;261
35987;261
36022;261
36052;261
36084;261
36116;261
36149;261
36188;261
36220;261
36252;261
36284;261
36319;261
36358;261
36392;261
36431;261
36462;261
36495;261
36527;261
36566;261
36601;261
36635;261
36670;261
36707;261
36737;261
36768;261
36809;261
36842;261
36874;261
36902;261
36933;261
36969;261
37003;261
37052;261
37097;261
37130;261
37172;261
37209;261
37244;261
37278;261
37309;261
37342;261
37375;261
37406;261
37437;261
37471;261
37512;261
37543;261
37575;261
37606;261
37640;261
37668;261
37701;261
37740;261
37774;261
37805;261
37839;261
37873;261
37906;261
37942;261
37977;261
38015;261
38046;261
38088;261
38121;261
38155;261
38190;261
38223;261
38257;261
38290;261
38324;261
38361;261
38393;261
38424;261
38456;261
38486;261
38519;261
38551;261
38600;261
38649;261
38686;261
38720;261
38753;261
38789;261
38820;261
38851;261
38884;261
38917;261
38956;261
38988;261
39019;261
39050;261
39082;261
39114;261
39145;261
39175;261
39206;261
39238;261
39271;261
39308;261
39339;261
39377;261
39410;261
39450;261
39489;261
39522;261
39558;262
39588;262
39619;262
39652;262
39684;262
39715;262
39752;262
39787;262
39820;262
39860;262
39895;262
39927;262
39959;262
39991;262
40026;262
40059;262
40092;262
40131;262
40162;262
40193;262
40224;262
40256;262
40289;262
40332;262
40364;262
40403;262
40434;262
40467;262
40506;262
40543;262
40575;262
40608;262
40642;262
40675;262
40707;262
40740;262
40778;262
40812;262
40844;262
40879;262
40913;262
40946;262
40983;262
41025;262
41055;262
41088;262
41120;262
41153;262
41185;262
41216;262
41250;262
41281;262
41315;262
41349;262
41381;262
41412;262
41445;262
41480;262
41514;262
41544;262
41579;262
41609;262
41644;262
41679;262
41711;262
41742;262
41773;264
41810;264
41844;264
41879;264
41914;264
41945;264
41975;264
42006;264
42043;264
42074;264
42109;264
42139;264
42174;264
42212;264
42250;264
42292;264
42331;264
42366;264
42400;264
42432;264
42462;264
42496;264
42529;264
42562;264
42594;264
42636;264
42668;264
42706;264
42741;264
42777;264
42814;264
42849;264
42881;264
42912;264
42944;264
42979;264
43011;264
43042;264
43076;264
43114;264
43144;262
43175;262
43205;262
43237;262
43268;262
43300;262
43338;262
43376;262
43410;262
43445;262
43485;262
43518;262
43550;262
43582;262
43613;262
43647;262
43678;262
43715;262
43746;262
43779;262
43811;262
43844;262
43875;262
43907;262
43945;262
43977;262
44008;262
44046;262
44083;262
44112;262
44144;262
44179;262
44210;262
44241;262
44276;262
44311;262
44351;262
44384;262
44422;262
44456;262
44493;262
44523;262
44554;262
44584;262
44627;262
44681;262
44713;262
44748;262
44778;262
44810;262
44846;262
44876;262
44907;262
44941;262
44972;262
45003;262
45038;262
45069;262
45100;262
45134;262
45166;262
45201;262
45231;262
45261;262
45294;262
45330;262
45361;262
45393;262
45428;262
45466;262
45498;262
45532;262
45566;262
45598;262
45633;262
45667;262
45698;262
45730;262
45771;262
45806;262
45840;262
45878;262
45915;262
45949;262
45981;262
46013;262
46045;262
46078;262
46109;262
46144;262
46180;262
46212;262
46250;262
46291;262
46331;262
46362;262
46394;262
46426;262
46462;262
46497;262
46531;262
46562;262
46595;262
46647;262
46699;262
46735;262
46767;262
46800;262
46832;262
46865;262
46897;262
46931;262
46962;262
46996;262
47028;262
47068;262
47102;262
47135;262
47167;262
47200;262
47233;262
47264;262
47299;262
47334;262
47365;262
47397;262
47431;262
47462;262
47496;262
47534;262
47565;262
47597;262
47636;262
47670;262
47704;262
47734;262
47765;262
47797;262
47829;262
47861;262
47895;262
47928;262
47960;262
48000;262
48032;261
48065;261
48096;261
48132;261
48168;261
48201;261
48235;261
48266;261
48304;261
48342;261
48387;261
48444;261
48488;261
48552;261
48588;261
48622;261
48666;261
48714;261
48755;261
48785;261
48818;261
48856;261
48890;261
48922;261
48953;261
48994;261
49026;261
49064;261
49095;261
49123;261
49156;261
49189;261
49226;261
49259;261
49291;261
49328;261
49361;261
49397;261
49439;261
49472;261
49506;261
49537;261
49572;261
49607;261
49644;261
49676;261
49708;261
49738;261
49771;261
49803;261
49835;261
49874;261
49915;261
49950;261
49984;261
50020;261
50056;261
50089;261
50122;261
50178;261
50256;261
50305;261
50342;261
50381;261
50423;261
50478;261
50535;261
50572;261
50603;261
50639;261
50681;261
50733;261
50765;261
50796;261
50829;261
50864;261
50896;261
50934;261
50966;261
51000;261
51031;261
51065;261
51098;261
51130;261
51161;261
51196;262
51233;262
51265;262
51295;262
51328;262
51359;262
51391;262
51423;262
51455;262
51487;262
51518;262
51549;262
51581;262
51615;262
51647;262
51679;262
51716;262
51752;262
51785;262
51821;262
51852;262
51890;262
51922;262
51953;262
51986;262
52016;262
52049;262
52081;262
52114;262
52145;262
52176;262
52207;262
52241;262
52277;262
52309;262
52342;262
52385;262
52418;262
52450;262
52489;262
52522;262
52557;262
52589;262
52620;262
52654;262
52697;262
52744;262
52775;262
52811;262
52847;262
52879;262
52913;262
52947;262
52984;262
53015;262
53043;262
53080;262
53111;262
53145;262
53177;262
53210;262
53246;262
53281;262
53313;262
53345;262
53380;262
53412;262
53446;262
53478;262
53512;262
53543;262
53576;262
53608;262
53639;262
53671;262
53703;262
53735;262
53768;262
53799;262
53832;262
53867;262
53900;262
53931;261
53965;261
54001;261
54032;261
54069;261
54101;261
54135;261
54167;261
54199;261
54231;261
54263;261
54295;261
54326;261
54363;261
54396;261
54428;261
54461;261
54497;261
54531;261
54565;261
54602;261
54636;261
54669;261
54709;261
54764;261
54796;261
54828;261
54859;261
54894;261
54926;261
54964;261
54994;261
55024;261
55057;261
55090;261
55122;261
55163;261
55196;261
55227;261
55261;261
55294;261
55327;261
55360;261
55392;261
55426;261
55457;261
55488;261
55526;261
55558;261
55589;261
55620;261
55657;261
55691;261
55723;261
55757;261
55792;261
55828;261
55860;261
55891;261
55922;261
55954;261
55996;261
56033;261
56065;261
56096;261
56128;261
56162;261
56197;261
56236;261
56264;261
56298;261
56336;261
56369;261
56400;261
56433;261
56469;261
56507;261
56539;260
56575;260
56614;260
56652;260
56687;260
56729;260
56775;260
56810;260
56841;260
56873;260
56908;260
56942;260
56973;260
57004;260
57038;260
57069;260
57099;260
57130;260
57165;260
57197;260
57229;260
57261;260
57297;260
57327;260
57360;260
57395;260
57426;260
57460;259
57491;259
57529;259
57563;259
57592;259
57624;259
57658;259
57688;259
57723;259
57763;259
57794;259
57829;259
57865;259
57900;259
57932;259
57966;259
58001;259
58038;259
58076;259
58107;259
58138;259
58172;259
58206;259
