164;261
315;261
414;261
493;261
569;261
622;261
663;261
721;261
781;261
829;261
893;261
941;261
1006;261
1059;261
1114;261
1169;261
1212;261
1250;261
1287;261
1329;261
1367;261
1403;261
1458;261
1497;261
1536;261
1580;261
1621;261
1663;261
1707;261
1751;261
1793;261
1845;261
1902;261
1952;261
2016;261
2075;261
2127;261
2163;261
2199;261
2254;261
2296;261
2332;261
2371;261
2407;261
2444;261
2480;261
2517;261
2557;261
2595;261
2631;261
2685;261
2725;261
2762;261
2798;261
2834;261
2872;261
2907;261
2943;261
2977;261
3013;261
3050;261
3082;261
3117;261
3160;261
3196;261
3238;261
3283;261
3331;261
3383;261
3431;261
3478;261
3532;261
3582;261
3640;261
3677;261
3708;261
3741;261
3794;261
3827;261
3859;261
3900;261
3933;261
3970;261
4013;261
4055;261
4091;261
4130;261
4163;261
4197;261
4229;261
4261;261
4294;261
4330;261
4365;261
4398;261
4431;261
4477;261
4508;261
4546;261
4578;260
4611;260
4644;260
4682;260
4715;260
4763;260
4800;260
4832;260
4866;260
4902;260
4939;260
4975;260
5016;260
5062;260
5098;260
5134;260
5170;260
5203;260
5237;260
5271;260
5305;260
5352;260
5402;260
5454;260
5504;260
5551;260
5599;260
5655;260
5704;260
5751;265
5798;265
5844;265
5891;265
5938;265
5981;265
6014;265
6047;265
6083;265
6117;265
6153;266
6186;265
6219;266
6257;266
6290;266
6323;266
6356;266
6393;266
6428;266
6467;266
6500;266
6536;266
6572;266
6612;266
6654;266
6691;266
6736;266
6772;266
6811;266
6848;266
6892;266
6929;266
6966;266
7006;266
7044;265
7078;265
7113;265
7147;265
7181;265
7215;265
7249;265
7284;265
7322;265
7360;265
7395;265
7427;265
7460;265
7493;265
7530;265
7565;265
7599;265
7634;265
7668;265
7705;265
7740;265
7774;265
7808;265
7841;260
7873;260
7913;260
7947;260
7982;260
8018;260
8057;260
8093;260
8131;260
8164;260
8196;260
8230;260
8263;260
8298;260
8334;260
8367;260
8417;260
8451;260
8483;260
8515;260
8555;260
8591;260
8636;260
8671;260
8705;260
8738;260
8770;260
8806;260
8839;260
8875;260
8911;260
8944;260
8980;260
9020;260
9063;260
9097;260
9132;260
9165;260
9201;260
9234;260
9268;260
9300;260
9335;260
9368;260
9402;260
9439;260
9478;260
9512;260
9554;260
9592;260
9631;260
9669;260
9700;260
9736;260
9769;260
9808;260
9847;260
9879;260
9918;260
9973;260
10006;260
10038;260
10070;260
10108;260
10145;263
10182;263
10219;263
10258;263
10292;263
10325;263
10359;263
10399;263
10431;263
10464;263
10498;263
10531;263
10567;263
10604;263
10635;263
10671;263
10710;263
10743;263
10776;263
10812;263
10850;263
10883;263
10914;262
10951;262
10988;262
11023;262
11062;262
11096;262
11129;262
11161;262
11198;262
11234;262
11269;262
11300;262
11332;262
11370;262
11403;262
11436;262
11473;262
11510;262
11544;262
11579;262
11611;262
11644;262
11680;262
11718;262
11751;263
11783;262
11816;262
11847;262
11881;262
11919;262
11953;262
11989;262
12024;262
12056;262
12094;262
12128;262
12162;262
12195;262
12229;262
12264;262
12296;262
12330;262
12363;262
12397;262
12429;262
12471;262
12504;262
12539;262
12571;262
12610;262
12645;262
12679;262
12711;262
12744;262
12777;262
12809;262
12842;262
12877;262
12909;262
12945;262
12981;262
13016;262
13050;262
13082;262
13121;259
13156;259
13191;259
13227;259
13265;260
13300;260
13333;260
13367;260
13398;260
13431;260
13465;260
13498;260
13531;260
13564;260
13599;260
13634;260
13666;260
13698;260
13731;260
13763;260
13795;260
13828;260
13861;260
13894;260
13926;260
13962;260
13995;260
14029;260
14069;260
14103;260
14137;260
14169;260
14204;260
14240;260
14274;260
14307;260
14340;260
14374;260
14410;260
14442;260
14478;260
14512;260
14546;260
14584;260
14620;260
14655;264
14692;264
14730;264
14769;264
14810;264
14845;264
14882;264
14923;260
14957;260
14992;260
15025;260
15066;260
15101;260
15140;260
15173;260
15207;260
15242;260
15275;260
15308;260
15343;260
15379;260
15412;260
15448;261
15482;261
15517;261
15556;261
15589;261
15621;261
15655;261
15689;261
15723;261
15762;261
15795;261
15830;261
15861;261
15893;261
15925;261
15958;261
15993;261
16031;261
16065;261
16100;261
16136;261
16173;261
16207;261
16239;261
16282;261
16315;261
16350;261
16390;261
16422;261
16456;261
16491;261
16526;261
16558;261
16590;261
16622;261
16654;261
16686;261
16722;261
16758;261
16793;261
16830;261
16865;261
16896;261
16931;261
16965;261
16998;261
17037;261
17074;261
17107;261
17141;261
17172;261
17205;261
17244;261
17276;261
17310;261
17342;261
17374;261
17407;261
17440;261
17474;261
17507;261
17538;261
17571;261
17609;265
17649;265
17681;265
17715;265
17748;265
17781;265
17812;265
17843;265
17875;265
17906;265
17939;265
17973;265
18009;265
18049;265
18083;265
18119;265
18155;265
18190;265
18222;265
18255;265
18291;265
18325;265
18361;265
18396;265
18427;265
18462;265
18494;265
18533;265
18571;265
18607;265
18642;267
18680;267
18710;267
18746;267
18781;267
18814;267
18846;267
18878;267
18909;267
18943;267
18978;267
19011;267
19044;267
19076;267
19112;267
19147;267
19182;269
19214;268
19246;268
19278;268
19311;266
19344;266
19376;266
19411;266
19443;271
19475;269
19508;269
19543;269
19578;269
19609;269
19642;269
19675;269
19709;269
19746;269
19779;269
19814;269
19849;269
19881;269
19915;269
19955;269
19992;269
20025;269
20061;269
20093;269
20128;269
20163;269
20197;269
20235;269
20268;269
20301;269
20332;269
20371;269
20408;269
20443;269
20476;269
20513;269
20545;266
20587;266
20619;266
20658;266
20694;266
20727;266
20763;266
20796;266
20834;266
20865;266
20898;266
20933;266
20966;266
21002;266
21037;266
21075;269
21109;269
21146;269
21179;269
21211;269
21242;269
21274;264
21306;264
21351;264
21386;264
21418;264
21450;264
21485;264
21518;264
21553;257
21585;257
21617;257
21653;257
21686;257
21718;257
21752;257
21784;257
21824;257
21857;257
21890;257
21926;257
21957;257
21989;256
22035;256
22078;256
22128;256
22184;256
22230;256
22262;256
22293;256
22325;256
22359;256
22392;256
22425;256
22458;256
22491;256
22526;256
22562;256
22599;256
22634;256
22666;256
22702;256
22735;256
22767;256
22803;256
22836;256
22878;256
22915;256
22955;256
22995;256
23026;256
23059;256
23092;256
23130;256
23161;256
23193;256
23238;256
23273;256
23308;256
23342;256
23374;256
23408;256
23438;256
23471;256
23504;256
23539;256
23575;256
23611;256
23644;256
23675;256
23707;256
23769;256
23805;256
23836;256
23870;259
23903;259
23939;259
23974;259
24008;259
24046;259
24094;259
24124;256
24157;256
24193;256
24229;256
24264;256
24296;256
24334;256
24367;256
24399;256
24434;256
24467;256
24500;256
24531;256
24563;256
24598;256
24633;256
24666;256
24712;256
24749;256
24782;256
24817;256
24849;256
24882;256
24916;256
24958;256
24991;256
25027;256
25060;256
25095;256
25128;256
25165;256
25199;256
25232;256
25265;256
25305;256
25340;256
25372;256
25413;256
25448;256
25484;256
25519;256
25552;256
25583;256
25616;256
25649;256
25682;256
25715;256
25747;256
25780;256
25813;256
25846;256
25883;256
25916;256
25950;256
25979;256
26011;256
26054;256
26083;256
26119;256
26150;256
26186;256
26220;256
26257;256
26292;256
26331;256
26363;256
26395;256
26430;256
26462;256
26495;256
26532;256
26566;256
26607;256
26638;256
26670;256
26703;256
26739;256
26772;256
26806;256
26842;259
26874;259
26907;259
26942;259
26975;259
27007;259
27043;259
27079;259
27112;259
27144;259
27179;259
27215;260
27252;260
27287;260
27319;260
27355;260
27391;260
27434;260
27469;260
27508;260
27539;260
27571;260
27604;260
27637;260
27670;260
27705;260
27744;260
27779;260
27816;260
27851;260
27884;260
27926;260
27962;260
27994;260
28025;260
28058;260
28093;260
28125;260
28158;260
28192;260
28227;260
28264;260
28296;260
28330;260
28364;260
28397;260
28428;260
28467;260
28500;260
28532;260
28564;260
28595;260
28627;260
28663;260
28699;260
28736;260
28772;260
28807;260
28842;260
28876;260
28908;260
28945;260
28980;260
29014;260
29047;260
29080;260
29114;260
29149;260
29182;260
29215;260
29254;260
29286;260
29317;260
29349;260
29384;260
29419;260
29453;260
29486;260
29518;260
29550;260
29583;260
29616;260
29650;260
29683;260
29717;260
29749;260
29784;260
29815;260
29843;260
29881;260
29913;260
29951;260
29990;260
30031;260
30063;260
30094;260
30126;260
30158;260
30198;260
30247;260
30282;260
30320;260
30351;260
30384;260
30417;260
30451;260
30483;260
30515;260
30550;260
30583;260
30618;260
30653;260
30688;260
30720;260
30755;260
30790;260
30822;260
30860;260
30892;260
30929;260
30967;260
31006;260
31043;260
31076;260
31111;260
31142;260
31173;260
31206;260
31238;260
31270;260
31303;260
31338;260
31373;260
31413;260
31443;260
31475;260
31506;260
31541;260
31574;260
31611;260
31650;260
31683;260
31715;260
31749;260
31785;260
31814;260
31850;260
31882;260
31924;260
31956;260
31993;260
32028;260
32062;260
32098;260
32137;260
32168;260
32212;260
32261;260
32292;260
32323;260
32355;260
32389;260
32422;260
32457;260
32493;260
32526;260
32558;260
32596;260
32627;260
32658;260
32690;260
32723;260
32756;260
32788;260
32820;260
32852;260
32885;260
32918;260
32952;260
32985;260
33017;260
33049;260
33082;260
33121;260
33156;260
33186;260
33217;260
33252;260
33283;260
33315;260
33348;260
33380;260
33413;260
33449;260
33484;260
33519;260
33552;260
33590;260
33621;260
33660;260
33697;260
33729;260
33763;260
33804;260
33840;260
33874;260
33906;260
33942;260
33981;260
34015;257
34048;257
34080;257
34119;257
34153;257
34191;257
34236;257
34281;257
34315;257
34352;257
34384;257
34417;257
34449;256
34487;256
34519;256
34554;256
34589;256
34622;256
34656;256
34693;256
34723;256
34761;256
34796;256
34831;256
34864;256
34895;256
34930;256
34962;256
34996;256
35032;256
35070;256
35103;256
35136;256
35169;256
35201;256
35235;256
35269;256
35302;256
35340;256
35372;256
35404;256
35438;256
35472;256
35505;256
35536;256
35568;256
35603;256
35634;256
35668;256
35703;256
35737;256
35770;256
35802;256
35838;256
35871;256
35905;256
35938;256
35971;256
36018;256
36061;256
36097;256
36130;256
36168;256
36200;256
36249;256
36297;256
36333;256
36365;256
36396;256
36428;256
36464;256
36496;256
36528;256
36561;256
36593;256
36627;256
36661;256
36697;256
36736;256
36770;256
36803;256
36836;256
36870;256
36908;256
36940;256
36972;256
37004;256
37036;256
37073;256
37106;256
37139;256
37172;256
37204;256
37238;256
37276;256
37307;256
37339;256
37368;256
37404;256
37434;256
37470;256
37506;256
37556;256
37596;256
37635;256
37669;256
37701;256
37734;256
37766;256
37797;256
37831;256
37865;256
37898;256
37937;256
37969;256
38000;256
38045;256
38079;256
38112;256
38145;256
38178;256
38213;256
38249;256
38300;256
38337;256
38372;256
38404;256
38437;256
38469;256
38501;256
38539;256
38572;256
38608;256
38642;256
38674;256
38708;256
38739;256
38770;256
38806;256
38842;256
38874;256
38906;256
38942;256
38977;256
39008;256
39040;256
39073;256
39106;256
39141;258
39177;258
39208;258
39239;258
39272;258
39307;258
39341;258
39376;258
39415;258
39448;258
39479;258
39516;258
39549;258
39582;258
39615;258
39650;258
39682;258
39718;258
39750;258
39782;258
39815;258
39847;258
39881;258
39914;258
39955;258
39993;258
40028;258
40063;258
40095;258
40130;258
40164;258
40196;258
40231;258
40266;258
40301;258
40333;258
40364;258
40404;258
40438;258
40469;258
40502;258
40537;258
40571;258
40609;258
40641;258
40680;258
40716;258
40751;258
40786;258
40818;258
40847;258
40879;258
40914;258
40952;258
40985;258
41017;258
41050;258
41083;258
41116;258
41148;258
41181;258
41216;258
41257;258
41292;258
41325;258
41361;258
41395;258
41429;258
41460;258
41504;258
41542;258
41576;258
41610;258
41645;258
41692;258
41726;258
41760;258
41794;258
41826;258
41860;258
41895;258
41941;258
41978;258
42012;258
42044;258
42076;258
42115;258
42163;258
42197;258
42234;258
42269;258
42306;258
42337;258
42369;258
42404;258
42437;258
42475;258
42507;258
42539;258
42575;258
42618;258
42651;258
42682;258
42718;258
42750;258
42783;258
42816;258
42857;258
42889;258
42924;258
42970;258
43005;258
43039;258
43075;258
43110;260
43145;260
43178;260
43209;260
43241;260
43275;260
43307;260
43343;260
43380;260
43412;260
43443;260
43477;260
43512;260
43545;260
43578;260
43610;260
43645;260
43696;260
43729;260
43762;260
43795;260
43823;260
43869;260
43904;260
43937;260
43971;260
44005;260
44044;260
44075;260
44105;260
44138;260
44169;260
44203;260
44236;260
44268;260
44305;261
44338;261
44370;261
44406;261
44441;262
44477;262
44512;262
44546;260
44578;260
44611;260
44648;260
44683;260
44714;260
44746;260
44780;260
44813;260
44850;260
44883;260
44914;260
44948;260
44981;260
45015;260
45058;260
45094;260
45125;260
45167;260
45208;260
45252;260
45288;260
45320;260
45352;260
45385;260
45421;260
45453;260
45485;260
45520;257
45551;257
45586;257
45624;257
45663;257
45694;257
45730;257
45763;257
45804;257
45837;257
45873;257
45906;257
45939;257
45974;257
46007;257
46045;257
46078;257
46113;257
46146;257
46179;257
46211;257
46243;258
46275;258
46309;258
46346;258
46380;258
46415;258
46447;258
46480;258
46514;258
46546;258
46588;258
46619;258
46651;258
46683;258
46716;258
46750;258
46783;258
46818;258
46851;258
46886;258
46919;258
46958;258
46992;258
47025;258
47057;258
47089;258
47128;258
47161;258
47192;258
47222;258
47255;258
47290;258
47324;258
47356;258
47390;258
47426;258
47460;258
47493;258
47526;258
47559;258
47591;258
47630;258
47663;258
47695;258
47730;258
47762;258
47793;258
47833;258
47869;258
47903;258
47936;257
47969;257
48013;257
48052;257
48088;257
48119;257
48151;257
48186;257
48220;257
48252;257
48286;257
48322;257
48359;257
48392;257
48424;257
48458;257
48495;257
48528;257
48559;257
48594;257
48629;257
48661;257
48692;257
48725;257
48758;257
48791;257
48826;257
48862;257
48893;257
48925;257
48964;257
48998;257
49031;257
49067;257
49105;257
49139;257
49172;257
49207;257
49239;257
49270;257
49302;257
49334;257
49367;257
49400;257
49439;257
49471;257
49503;257
49538;257
49573;257
49605;257
49638;257
49670;257
49711;257
49749;257
49780;257
49823;257
49855;257
49887;257
49923;257
49955;257
49987;257
50019;257
50052;257
50088;257
50125;257
50157;257
50187;257
50219;257
50254;257
50285;257
50316;257
50349;257
50382;257
50415;257
50448;257
50481;257
50513;257
50548;257
50580;257
50618;257
50653;257
50686;257
50719;257
50752;257
50789;257
50826;257
50856;257
50890;257
50921;257
50953;256
50988;256
51027;256
51097;256
51152;256
51212;256
51249;256
51280;256
51316;257
51350;257
51384;257
51418;257
51450;257
51491;257
51527;257
51570;257
51632;257
51687;257
51725;257
51763;257
51800;257
51851;257
51914;257
51966;257
52000;257
52040;257
52072;257
52108;257
52142;257
52174;257
52212;257
52247;257
52280;257
52312;257
52348;257
52383;257
52418;257
52451;257
52483;256
52519;256
52550;256
52581;256
52614;256
52644;256
52681;256
52719;256
52753;256
52789;256
52821;256
52854;256
52895;256
52927;256
52968;256
53000;256
53032;256
53067;256
53102;256
53141;256
53173;256
53205;256
53238;256
53277;256
53314;256
53350;256
53383;256
53417;256
53451;256
53483;256
53515;256
53546;256
53582;256
53620;256
53652;256
53687;256
53723;256
53755;256
53787;256
53833;256
53867;256
53897;256
53929;256
53961;256
53994;256
54025;256
54058;256
54092;256
54125;256
54161;256
54194;256
54225;256
54258;256
54291;256
54343;256
54377;256
54414;256
54448;256
54481;256
54512;256
54550;256
54583;256
54622;256
54656;256
54690;256
54722;256
54754;256
54792;256
54827;256
54860;256
54892;256
54923;256
54958;256
54993;256
55024;256
55059;256
55091;256
55123;256
55155;256
55187;256
55222;256
55254;256
55292;256
55323;256
55357;256
55394;256
55426;256
55459;256
55496;256
55528;256
55564;256
55598;256
55633;256
55669;256
55703;256
55734;256
55767;256
55800;256
55835;256
55867;256
55906;256
55955;256
55993;256
56025;256
56057;256
56093;256
56129;256
56165;256
56198;256
56233;256
56268;256
56304;256
56336;256
56371;256
56408;256
56441;256
56473;256
56514;256
56545;256
56578;256
56611;256
56644;256
56677;256
56709;256
56740;256
56776;256
56809;256
56842;256
56877;256
56908;256
56945;256
56979;256
57013;256
57045;256
57079;256
57111;256
57143;256
57181;256
57213;256
57249;256
57281;256
57317;256
57352;256
57383;256
57418;256
57451;256
57486;256
57517;256
57551;256
57589;256
57622;256
57664;256
57697;256
57729;256
57761;256
57794;256
57827;256
57860;256
57893;256
57926;256
57965;256
58004;256
58040;256
58076;256
58105;256
58139;256
58172;256
58203;256
58238;256
58272;256
58307;256
58342;256
58377;256
58414;256
58450;256
58482;256
58517;256
58550;256
58583;256
58614;256
58650;256
58682;256
58715;256
58759;256
58796;256
58831;256
58866;256
58908;256
58946;256
58979;256
59020;256
59053;256
59086;256
