1348;70
1712;70
2120;70
2462;70
2810;70
3150;70
3506;70
3849;70
4251;70
4661;70
5037;70
5362;70
5700;70
6016;70
6341;70
6681;70
7004;70
7349;70
7750;70
8138;70
8481;70
8801;70
9137;70
9465;70
9909;70
10261;70
10591;70
10925;70
11247;70
11570;70
11895;70
12213;70
12525;70
12853;70
13163;70
13479;70
13790;70
14095;70
14406;70
14711;70
15007;70
15294;70
15587;70
15887;70
16170;70
16455;70
16729;70
16991;70
17258;70
17519;70
17769;70
18015;70
18253;70
18498;70
18732;70
18965;70
19198;70
19420;70
19637;70
19849;70
20064;70
20271;70
20482;70
20690;70
20982;68
21175;68
21462;67
21665;67
21938;66
22118;66
22391;65
22664;61
22838;61
23011;61
23178;61
23351;61
23519;61
23684;61
23844;61
23999;61
24181;61
24331;61
24481;61
24628;61
24869;60
25017;60
25160;60
25301;60
25448;60
25587;60
25729;60
25868;60
26009;60
26157;60
26299;60
26439;60
26588;60
26731;60
26874;60
27016;60
27158;60
27303;60
27441;60
27581;60
27720;60
27863;60
28015;60
28158;60
28297;60
28438;60
28578;60
28725;60
28865;60
29011;60
29152;60
29293;60
29435;60
29589;60
29729;60
29871;60
30010;60
30153;60
30291;60
30434;60
30574;60
30711;60
30855;60
30998;60
31140;60
31284;60
31424;60
31576;60
31715;60
31858;60
32008;60
32150;60
32292;60
32436;60
32578;60
32726;60
32867;60
33008;60
33144;60
33282;60
33420;60
33561;60
33700;60
33841;60
33978;60
34117;60
34266;60
34405;60
34544;60
34687;60
34826;60
34966;60
35104;60
35245;60
35385;60
35525;60
35670;60
35810;60
35952;60
36091;60
36228;60
36368;60
36511;60
36650;60
36786;60
36929;60
37072;60
37218;60
37361;60
37504;60
37646;60
37787;60
37928;60
38067;60
38210;60
38350;60
38490;60
38631;60
38775;60
38915;60
39056;60
39200;60
39349;60
39490;60
39633;60
39777;60
39916;60
40058;60
40198;60
40340;60
40484;60
40631;60
40775;60
40915;60
41060;60
41202;60
41344;60
41491;60
41633;60
41773;60
41919;60
42059;60
42201;60
42341;60
42490;60
42632;60
42775;60
42913;60
43054;60
43197;60
43341;60
43480;60
43623;60
43764;60
43911;60
44048;60
44191;60
44332;60
44471;60
44614;60
44755;60
44903;60
45045;60
45188;60
45329;60
45471;60
45615;60
45755;60
45900;60
46037;60
46176;60
46313;60
46458;60
46599;60
46741;60
46880;60
47024;60
47165;60
47303;60
47442;60
47583;60
47722;60
47859;60
48013;60
48153;60
48293;60
48433;60
48571;60
48707;60
48851;60
48990;60
49130;60
49268;60
49409;60
49553;60
49695;60
49835;60
49975;60
50116;60
50262;60
50407;60
50546;60
50691;60
50832;60
50974;60
51119;60
51259;60
51399;60
51544;60
51698;60
51850;60
51989;60
52127;60
52269;60
52405;60
52545;60
52689;60
52830;60
52970;60
53109;60
53248;60
53387;60
53528;60
53664;60
53804;60
53945;60
54087;60
54224;60
54368;60
54509;60
54652;60
54792;60
54932;60
55075;60
55218;60
55359;60
55498;60
55641;60
55779;60
55921;60
56062;60
56201;60
56341;60
56479;60
56623;60
56766;60
56905;60
57046;60
57188;60
57325;60
57468;60
57606;60
57751;60
57889;60
58030;60
58170;60
58311;60
58452;60
58594;60
58743;60
58886;60
59049;60
59234;60
59424;60
59562;60
59723;60
59875;60
60016;60
60155;60
60298;60
60440;60
60579;60
60718;60
60863;60
61004;60
61144;60
61283;60
61421;60
61562;60
61706;60
61860;60
62003;60
62141;60
62281;60
62424;60
62569;60
62713;60
62856;60
62997;60
63138;60
63279;60
63421;60
63555;60
63692;60
63837;60
63975;60
64117;60
64255;60
64394;60
64539;60
64682;60
64821;60
64964;60
65102;60
65238;60
65376;60
65512;60
65655;60
65791;60
65928;60
66073;60
66210;60
66349;60
66493;60
66631;60
66769;60
66907;60
67049;60
67186;60
67326;60
67467;60
67607;60
67748;60
67888;60
68027;60
68171;60
68313;60
68452;60
68593;60
68735;60
68877;60
69018;60
69155;60
69293;60
69436;60
69578;60
69771;60
69953;60
70093;60
70236;60
70378;60
70523;60
70664;60
70804;60
70943;60
71086;60
71227;60
71364;60
71510;60
71651;60
71793;60
71929;60
72069;60
72208;60
72347;60
72501;60
72645;60
72787;60
72925;60
73066;60
73206;60
73342;60
73485;60
73625;60
73766;60
73905;60
74050;60
74191;60
74332;60
74471;60
74616;60
74757;60
74898;60
75035;60
75176;60
75319;60
75458;60
75599;60
75738;60
75880;60
76016;60
76155;60
76294;60
76433;60
76573;60
76716;60
76859;60
77001;60
77155;60
77293;60
77432;60
77579;60
77718;60
77859;60
77996;60
78133;60
78276;60
78417;60
78561;60
78716;60
78854;60
78994;60
79134;60
79275;60
79415;60
79554;60
79696;60
79838;60
79980;60
80119;60
80262;60
80400;60
80542;60
80681;60
80821;60
80961;60
81100;60
81241;60
81385;60
81527;60
81669;60
81814;60
81956;60
82096;60
82236;60
82375;60
82518;60
82663;60
82803;60
82946;60
83092;60
83236;60
83383;60
83521;60
83668;60
83808;60
83948;60
84084;60
84222;60
84362;60
84506;60
84649;60
84790;60
84934;60
85074;60
85214;60
85351;60
85491;60
85634;60
85777;60
85916;60
86055;60
86196;60
86339;60
86480;60
86623;60
86762;60
86904;60
87041;60
87180;60
87318;60
87458;60
87598;60
87735;60
87879;60
88020;60
88163;60
88306;60
88446;60
88586;60
88728;60
88869;60
89008;60
89147;60
89286;60
89438;60
89589;60
89731;60
89874;60
90013;60
90157;60
90301;60
90444;60
90586;60
90732;60
90873;60
91018;60
91156;60
91294;60
91442;60
91585;60
91725;60
91869;60
92005;60
92146;60
92286;60
92425;60
92570;60
92721;60
92862;60
93002;60
93142;60
93283;60
93422;60
93568;60
93709;60
93851;60
93995;60
94139;60
94278;60
94423;60
94564;60
94706;60
94843;60
94984;60
95128;60
95270;60
95411;60
95557;60
95700;60
95839;60
95980;60
96120;60
96260;60
96400;60
96541;60
96683;60
96821;60
96957;60
97104;60
97244;60
97383;60
97523;60
97669;60
97811;60
97956;60
98102;60
98257;60
98400;60
98542;60
98700;60
98842;60
98985;60
99129;60
99273;60
99416;60
99554;60
99698;60
99835;60
99974;60
100110;60
100269;60
100410;60
100550;60
100695;60
100836;60
100972;60
101115;60
101256;60
101397;60
101544;60
101693;60
101839;60
101983;60
102129;60
102269;60
102416;60
102556;60
102700;60
102840;60
102983;60
103126;60
103271;60
103416;60
103558;60
103695;60
103837;60
103981;60
104120;60
104264;60
104401;60
104543;60
104689;60
104829;60
104974;60
105112;60
105247;60
105389;60
105528;60
105668;60
105808;60
105950;60
106087;60
106226;60
106374;60
106516;60
106657;60
106797;60
106935;60
107079;60
107216;60
107356;60
107498;60
107639;60
107779;60
107933;60
108071;60
108209;60
108350;60
108490;60
108631;60
108772;60
108911;60
109051;60
109190;60
109334;60
109479;60
109621;60
109763;60
109906;60
110052;60
110186;60
110327;60
110465;60
110608;60
110753;60
110902;60
111041;60
111180;60
111320;60
111465;60
111604;60
111749;60
111886;60
112027;60
112167;60
112306;60
112452;60
112594;60
112733;60
112871;60
113008;60
113146;60
113285;60
113425;60
113562;60
113706;60
113853;60
114000;60
114148;60
114289;60
114425;60
114568;60
114705;60
114845;60
114989;60
115130;60
115272;60
115415;60
115556;60
115696;60
115835;60
115974;60
116111;60
116250;60
116389;60
116528;60
116671;60
116811;60
116951;60
117097;60
117235;60
117374;60
117514;60
117653;60
117789;60
117928;60
118069;60
118208;60
118352;60
118491;60
118639;60
118782;60
118924;60
119100;60
119308;60
119472;60
119613;60
119752;60
119893;60
120035;60
120176;60
120321;60
120460;60
120600;60
120741;60
120883;60
121024;60
121164;60
121305;60
121449;60
121591;60
121741;60
121880;60
122018;60
122158;60
122297;60
122437;60
122575;60
122719;60
122855;60
122997;60
123138;60
123287;60
123428;60
123575;60
123714;60
123858;60
123995;60
124134;60
124271;60
124409;60
124551;60
124696;60
124835;60
124976;60
125117;60
125256;60
125395;60
125535;60
125679;60
125821;60
125962;60
126104;60
126248;60
126386;60
126527;60
126668;60
126808;60
126951;60
127090;60
127232;60
127370;60
127510;60
127651;60
127793;60
127934;60
128082;60
128224;60
128365;60
128502;60
128646;60
128784;60
128927;60
129066;60
129204;60
129357;60
129502;60
129649;60
129890;60
130031;60
130166;60
130309;60
130447;60
130589;60
130733;60
130889;60
131034;60
131172;60
131313;60
131456;60
131600;60
131740;60
131887;60
132027;60
132172;60
132312;60
132462;60
132604;60
132748;60
132888;60
133027;60
133165;60
133306;60
133445;60
133593;60
133732;60
133874;60
134013;60
134152;60
134289;60
134425;60
134567;60
134706;60
134848;60
134987;60
135131;60
135268;60
135411;60
135554;60
135695;60
135838;60
135980;60
136120;60
136264;60
136402;60
136541;60
136680;60
136820;60
136960;60
137102;60
137246;60
137385;60
137527;60
137671;60
137815;60
137955;60
138095;60
138235;60
138379;60
138520;60
138662;60
138799;60
138940;60
139077;60
139219;60
139359;60
139501;60
139641;60
139779;60
139923;60
140067;60
140209;60
140353;60
140494;60
140635;60
140783;60
140922;60
141061;60
141198;60
141339;60
141481;60
141629;60
141766;60
141907;60
142044;60
142184;60
142323;60
142465;60
142602;60
142741;60
142886;60
143029;60
143173;60
143317;60
143455;60
143598;60
143741;60
143885;60
144025;60
144165;60
144303;60
144443;60
144586;60
144741;60
144881;60
145020;60
145161;60
145300;60
145442;60
145582;60
145731;60
145871;60
146013;60
146153;60
146304;60
146442;60
146581;60
146720;60
146862;60
147000;60
147141;60
147283;60
147420;60
147565;60
147707;60
147853;60
147994;60
148134;60
148273;60
148414;60
148560;60
148698;60
148839;60
148981;60
149121;60
149261;60
149408;60
149546;60
149691;60
149833;60
149971;60
150110;60
150249;60
150394;60
150530;60
150668;60
150810;60
150952;60
151094;60
151238;60
151379;60
151525;60
151666;60
151809;60
151947;60
152089;60
152229;60
152371;60
152515;60
152654;60
152795;60
152937;60
153077;60
153219;60
153359;60
153498;60
153637;60
153780;60
153936;60
154073;60
154214;60
154351;60
154493;60
154631;60
154776;60
154916;60
155061;60
155202;60
155345;60
155489;60
155636;60
155777;60
155917;60
156058;60
156202;60
156342;60
156483;60
156621;60
156764;60
156904;60
157048;60
157187;60
157330;60
157472;60
157615;60
157755;60
157895;60
158039;60
158178;60
158319;60
158456;60
158613;60
158749;60
158890;60
159031;60
159173;60
159316;60
159466;60
159606;60
159749;60
159890;60
160038;60
160182;60
160320;60
160462;60
160603;60
160743;60
160888;60
161030;60
161174;60
161318;60
161468;60
161612;60
161750;60
161892;60
162030;60
162169;60
162307;60
162446;60
162588;60
162728;60
162869;60
163007;60
163150;60
163287;60
163426;60
163564;60
163705;60
163846;60
163987;60
164131;60
164271;60
164412;60
164556;60
164703;60
164844;60
164986;60
165127;60
165269;60
165409;60
165551;60
165693;60
165836;60
165978;60
166123;60
166269;60
166414;60
166555;60
166697;60
166835;60
166978;60
167118;60
167260;60
167398;60
167539;60
167677;60
167822;60
167965;60
168108;60
168248;60
168389;60
168528;60
168675;60
168810;60
168957;60
169094;60
169234;60
169377;60
169512;60
169658;60
169796;60
169940;60
170078;60
170220;60
170361;60
170502;60
170642;60
170785;60
170924;60
171064;60
171203;60
171345;60
171489;60
171630;60
171770;60
171914;60
172054;60
172196;60
172340;60
172483;60
172623;60
172763;60
172901;60
173041;60
173186;60
173327;60
173464;60
173601;60
173742;60
173895;60
174037;60
174175;60
174317;60
174459;60
174599;60
174739;60
174880;60
175023;60
175171;60
175310;60
175456;60
175595;60
175740;60
175885;60
176028;60
176178;60
176320;60
176464;60
176610;60
176749;60
176888;60
177032;60
177171;60
177308;60
177447;60
177588;60
177729;60
177870;60
178009;60
178150;60
178287;60
178428;60
178572;60
178716;60
178855;60
179001;60
179198;60
179384;60
179538;60
179679;60
179821;60
179962;60
180106;60
180248;60
180390;60
180531;60
180676;60
180822;60
180960;60
181102;60
181241;60
181387;60
181538;60
181683;60
181824;60
181963;60
182102;60
182241;60
182383;60
182525;60
182666;60
182804;60
182946;60
183091;60
183233;60
