1039;76
1270;76
1593;76
1844;76
2044;76
2245;76
2448;76
2713;76
2919;76
3131;76
3320;76
3527;76
3737;76
3927;76
4167;76
4472;76
4732;76
4983;76
5172;76
5373;76
5574;76
5782;76
5975;76
6194;76
6451;76
6645;76
6836;76
7028;76
7252;76
7489;76
7700;76
7959;76
8327;76
8509;76
8705;76
8892;76
9073;76
9256;76
9436;76
9613;76
9784;76
9958;76
10135;76
10333;76
10494;76
10663;76
10828;76
10984;76
11140;76
11295;76
11451;76
11599;76
11763;76
11930;76
12094;76
12258;76
12445;76
12592;76
12737;76
12867;76
12997;76
13129;76
13273;76
13420;76
13559;76
13717;76
13890;75
14007;75
14118;75
14236;75
14353;75
14526;73
14645;73
14764;73
14888;73
15075;72
15173;72
15264;72
15353;72
15492;70
15581;70
15669;70
15758;70
15846;70
15930;70
16025;70
16109;70
16192;70
16274;70
16364;70
16451;70
16587;69
16679;69
16762;69
16846;69
16932;69
17014;69
17097;69
17186;69
17270;69
17358;69
17440;69
17523;69
17607;69
17693;69
17791;69
17875;69
17973;69
18056;69
18139;69
18221;69
18304;69
18399;69
18482;69
18570;69
18657;69
18742;69
18825;69
18908;69
18997;69
19079;69
19162;69
19244;69
19327;69
19413;69
19510;69
19598;69
19681;69
19764;69
19850;69
19933;69
20017;69
20099;69
20190;69
20284;69
20373;69
20456;69
20539;69
20622;69
20708;69
20804;69
20886;69
20969;69
21054;69
21138;69
21220;69
21304;69
21393;69
21475;69
21558;69
21642;69
21725;69
21809;69
21893;69
21983;69
22068;69
22159;69
22250;69
22333;69
22428;69
22517;69
22605;69
22697;69
22786;69
22881;69
22964;69
23049;69
23140;69
23229;69
23320;69
23403;69
23485;69
23567;69
23651;69
23741;69
23826;69
23911;69
23995;69
24082;69
24171;69
24255;69
24344;69
24437;69
24519;69
24605;69
24694;69
24779;69
24870;69
24994;69
25111;69
25218;69
25332;69
25416;69
25498;69
25599;69
25686;69
25775;69
25857;69
25942;69
26024;69
26106;69
26194;69
26278;69
26360;69
26448;69
26529;69
26615;69
26700;69
26791;69
26874;69
26957;69
27041;69
27129;69
27215;69
27298;69
27387;69
27478;69
27562;69
27648;69
27730;69
27816;69
27907;69
27994;69
28076;69
28161;69
28259;69
28342;69
28430;69
28513;69
28596;69
28692;69
28778;69
28863;69
28948;69
29038;69
29120;69
29204;69
29293;69
29378;69
29469;69
29560;69
29645;69
29728;69
29811;69
29901;69
29983;69
30066;69
30150;69
30237;69
30321;69
30407;69
30499;69
30584;69
30667;69
30748;69
30834;69
30916;69
31001;69
31085;69
31173;69
31257;69
31340;69
31424;69
31505;69
31588;69
31673;69
31764;69
31848;69
31939;69
32030;69
32115;69
32196;69
32280;69
32362;69
32455;69
32553;69
32644;69
32731;69
32821;69
32905;69
32989;69
33071;69
33160;69
33244;69
33330;69
33420;69
33502;69
33592;69
33676;69
33764;69
33853;69
33936;69
34019;69
34109;69
34193;69
34284;69
34373;69
34480;69
34574;69
34658;69
34742;69
34843;69
34930;69
35013;69
35098;69
35189;69
35274;69
35360;69
35450;69
35543;69
35628;69
35720;69
35806;69
35920;69
36005;69
36097;69
36190;69
36290;69
36377;69
36475;69
36572;69
36673;69
36758;69
36844;69
36927;69
37018;69
37102;69
37187;69
37269;69
37353;69
37444;69
37530;69
37624;69
37717;69
37805;69
37899;69
37989;69
38075;69
38168;69
38260;69
38346;69
38437;69
38534;69
38616;69
38701;69
38786;69
38886;69
38980;69
39064;69
39150;69
39240;69
39323;69
39421;69
39505;69
39599;69
39696;69
39780;69
39865;69
39948;69
40030;69
40121;69
40204;69
40286;69
40378;69
40472;69
40582;69
40667;69
40760;69
40852;69
40948;69
41031;69
41127;69
41223;69
41333;69
41426;69
41507;69
41591;69
41681;69
41765;69
41856;69
41939;69
42022;69
42112;69
42203;69
42288;69
42378;69
42477;69
42592;69
42692;69
42786;69
42876;69
42961;69
43052;69
43137;69
43231;69
43323;69
43408;69
43490;69
43575;69
43665;69
43756;69
43842;69
43924;69
44014;69
44105;69
44189;69
44273;69
44365;69
44449;69
44535;69
44620;69
44705;69
44789;69
44871;69
44962;69
45048;69
45143;69
45228;69
45318;69
45402;69
45493;69
45590;69
45674;69
45758;69
45848;69
45931;69
46013;69
46098;69
46187;69
46275;69
46363;69
46456;69
46549;69
46649;69
46741;69
46848;69
46938;69
47023;69
47109;69
47194;69
47282;69
47366;69
47448;69
47533;69
47615;69
47700;69
47793;69
47881;69
47965;69
48055;69
48153;69
48236;69
48319;69
48412;69
48494;69
48590;69
48694;69
48793;69
48879;69
48964;69
49048;69
49136;69
49227;69
49310;69
49392;69
49477;69
49568;69
49660;69
49753;69
49839;69
49924;69
50007;69
50093;69
50187;69
50271;69
50356;69
50441;69
50523;69
50612;69
50697;69
50787;69
50897;69
51057;69
51169;69
51253;69
51343;69
51426;69
51512;69
51596;69
51683;69
51770;69
51855;69
51945;69
52029;69
52121;69
52209;69
52293;69
52377;69
52459;69
52542;69
52639;69
52736;69
52831;69
52918;69
53014;69
53097;69
53180;69
53272;69
53356;69
53439;69
53523;69
53609;69
53693;69
53778;69
53869;69
53952;69
54036;69
54119;69
54202;69
54288;69
54369;69
54457;69
54540;69
54639;69
54721;69
54807;69
54890;69
54973;69
55062;69
55147;69
55230;69
55313;69
55395;69
55480;69
55562;69
55649;69
55732;69
55816;69
55898;69
55982;69
56065;69
56147;69
56231;69
56322;69
56405;69
56488;69
56570;69
56660;69
56744;69
56828;69
56919;69
57001;69
57084;69
57168;69
57249;69
57333;69
57415;69
57504;69
57587;69
57668;69
57752;69
57840;69
57926;69
58009;69
58097;69
58179;69
58260;69
58343;69
58426;69
58509;69
58591;69
58685;69
58767;69
58852;69
58933;69
59017;69
59100;69
59182;69
59271;69
59360;69
59450;69
59535;69
59619;69
59705;69
59788;69
59877;69
59961;69
60043;69
60125;69
60211;69
60294;69
60379;69
60469;69
60552;69
60645;69
60746;69
60829;69
60915;69
60999;69
61087;69
61169;69
61253;69
61337;69
61420;69
61503;69
61585;69
61674;69
61757;69
61843;69
61926;69
62012;69
62095;69
62178;69
62267;69
62353;69
62438;69
62522;69
62606;69
62702;69
62786;69
62875;69
62957;69
63041;69
63127;69
63209;69
63292;69
63376;69
63464;69
63555;69
63640;69
63724;69
63816;69
63913;69
64000;69
64092;69
64179;69
64273;69
64364;69
64454;69
64538;69
64631;69
64733;69
64822;69
64916;69
65009;69
65101;69
65197;69
65281;69
65375;69
65467;69
65564;69
65655;69
65739;69
65824;69
65906;69
65998;69
66081;69
66166;69
66251;69
66341;69
66424;69
66509;69
66592;69
66686;69
66774;69
66860;69
66948;69
67035;69
67120;69
67205;69
67295;69
67379;69
67462;69
67543;69
67626;69
67711;69
67809;69
67890;69
67981;69
68066;69
68157;69
68263;69
68353;69
68447;69
68540;69
68638;69
68749;69
68845;69
68939;69
69022;69
69119;69
69208;69
69307;69
69392;69
69483;69
69570;69
69656;69
69749;69
69834;69
69925;69
70009;69
70095;69
70190;69
70292;69
70386;69
70478;69
70566;69
70658;69
70778;69
70869;69
70955;69
71041;69
71133;69
71218;69
71302;69
71386;69
71470;69
71553;69
71650;69
71738;69
71824;69
71908;69
71991;69
72076;69
72162;69
72245;69
72333;69
72416;69
72498;69
72580;69
72669;69
72766;69
72869;69
72952;69
73035;69
73130;69
73220;69
73306;69
73388;69
73484;69
73586;69
73689;69
73778;69
73873;69
73978;69
74076;69
74161;69
74251;69
74334;69
74421;69
74507;69
74590;69
74682;69
74781;69
74867;69
74956;69
75050;69
75135;69
75217;69
75310;69
75398;69
75490;69
75583;69
75690;69
75784;69
75872;69
75962;69
76052;69
76137;69
76238;69
76328;69
76412;69
76506;69
76592;69
76677;69
76772;69
76868;69
76959;69
77042;69
77126;69
77211;69
77312;69
77404;69
77489;69
77582;69
77672;69
77761;69
77846;69
77942;69
78030;69
78122;69
78213;69
78297;69
78381;69
78463;69
78555;69
78644;69
78736;69
78833;69
78920;69
79013;69
79097;69
79180;69
79269;69
79371;69
79459;69
79543;69
79631;69
79721;69
79815;69
79904;69
79996;69
80081;69
80171;69
80263;69
80353;69
80438;69
80534;69
80617;69
80708;69
80809;69
80918;69
80999;69
81091;69
81179;69
81263;69
81354;69
81438;69
81520;69
81608;69
81696;69
81780;69
81862;69
81945;69
82028;69
82112;69
82195;69
82286;69
82369;69
82457;69
82540;69
82623;69
82714;69
82804;69
82933;69
83018;69
83100;69
83187;69
83270;69
83354;69
83445;69
83529;69
83620;69
83714;69
83808;69
83900;69
83988;69
84072;69
84171;69
84264;69
84349;69
84439;69
84521;69
84618;69
84707;69
84794;69
84889;69
85024;69
85163;69
85286;69
85373;69
85460;69
85553;69
85652;69
85742;69
85827;69
85918;69
86002;69
86085;69
86183;69
86273;69
86366;69
86455;69
86541;69
86627;69
86714;69
86801;69
86908;69
87008;69
87092;69
87177;69
87266;69
87357;69
87443;69
87533;69
87617;69
87702;69
87795;69
87878;69
87969;69
88061;69
88150;69
88234;69
88316;69
88399;69
88483;69
88586;69
88669;69
88751;69
88837;69
88945;69
89028;69
89117;69
89200;69
89282;69
89366;69
89450;69
89532;69
89615;69
89701;69
89788;69
89873;69
89956;69
90042;69
90129;69
90213;69
90306;69
90389;69
90478;69
90560;69
90652;69
90741;69
90825;69
90930;69
91032;69
91122;69
91214;69
91304;69
91390;69
91473;69
91557;69
91671;69
91756;69
91862;69
91947;69
92032;69
92116;69
92199;69
92289;69
92376;69
92466;69
92554;69
92651;69
92739;69
92830;69
92925;69
93020;69
93108;69
93197;69
93280;69
93365;69
93461;69
93552;69
93643;69
93738;69
93831;69
93916;69
94009;69
94093;69
94187;69
94284;69
94369;69
94458;69
94543;69
94633;69
94728;69
94819;69
94902;69
95016;69
95098;69
95184;69
95281;69
95370;69
95454;69
95544;69
95632;69
95723;69
95813;69
95899;69
95981;69
96069;69
96163;69
96256;69
96340;69
96423;69
96506;69
96597;69
96680;69
96763;69
96849;69
96934;69
97025;69
97109;69
97199;69
97282;69
97366;69
97449;69
97532;69
97616;69
97701;69
97794;69
97886;69
97970;69
98053;69
98135;69
98219;69
98301;69
98390;69
98472;69
98565;69
98653;69
98735;69
98821;69
98909;69
98995;69
99096;69
99181;69
99274;69
99362;69
99444;69
99527;69
99609;69
99699;69
99785;69
99869;69
99953;69
100036;69
100120;69
100204;69
100293;69
100378;69
100461;69
100547;69
100632;69
100724;69
100833;69
100922;69
101017;69
101118;69
101203;69
101286;69
101379;69
101477;69
101568;69
101654;69
101738;69
101823;69
101913;69
102005;69
102090;69
102180;69
102266;69
102358;69
102443;69
102533;69
102630;69
102723;69
102815;69
102909;69
102995;69
103084;69
103166;69
103263;69
103347;69
103431;69
103516;69
103607;69
103693;69
103783;69
103867;69
103964;69
104050;69
104135;69
104223;69
104307;69
104393;69
104476;69
104560;69
104646;69
104729;69
104820;69
104903;69
104990;69
105099;69
105180;69
105265;69
105350;69
105442;69
105526;69
105613;69
105705;69
105790;69
105882;69
105965;69
106047;69
106136;69
106227;69
106318;69
106403;69
106487;69
106579;69
106668;69
106753;69
106847;69
106932;69
107021;69
107107;69
107194;69
107280;69
107365;69
107453;69
107538;69
107623;69
107706;69
107792;69
107879;69
107962;69
108052;69
108137;69
108230;69
108313;69
108395;69
108483;69
108567;69
108650;69
108735;69
108826;69
108910;69
108992;69
109081;69
109178;69
109273;69
109357;69
109448;69
109531;69
109613;69
109707;69
109808;69
109892;69
109984;69
110080;69
110165;69
110256;69
110346;69
110430;69
110513;69
110603;69
110687;69
110768;69
110864;69
111011;69
111126;69
111215;69
111298;69
111382;69
111465;69
111549;69
111634;69
111720;69
111812;69
111894;69
111979;69
112062;69
112145;69
112229;69
112312;69
112398;69
112481;69
112562;69
112666;69
112757;69
112843;69
112927;69
113008;69
113103;69
113210;69
113294;69
113378;69
113458;69
113541;69
113627;69
113713;69
113803;69
113895;69
113981;69
114065;69
114152;69
114251;69
114335;69
114419;69
