1550;289
1832;289
2195;289
2550;289
2822;289
3112;289
3385;289
3621;289
3845;289
4167;289
4370;289
4572;289
4876;289
5197;289
5562;289
5789;289
6046;289
6295;289
6495;289
6702;289
6926;289
7122;289
7330;289
7544;289
7743;289
7954;289
8240;289
8529;289
8746;289
8944;289
9143;289
9347;289
9546;289
9757;289
9974;289
10233;289
10418;289
10619;289
10792;289
10959;289
11126;289
11302;289
11468;289
11638;289
11805;289
11967;289
12128;289
12289;289
12449;289
12609;289
12779;289
12991;289
13287;289
13503;289
13743;289
13934;289
14110;289
14290;289
14472;289
14650;289
14820;289
14988;289
15192;289
15357;289
15522;289
15834;289
16052;289
16255;289
16464;289
16682;289
16904;289
17161;289
17461;289
17855;280
17995;280
18224;280
18662;276
19028;274
19242;268
19384;268
19522;268
19797;265
19993;260
20145;260
20321;260
20485;259
20673;258
20848;258
21003;258
21132;258
21269;258
21379;258
21488;258
21598;258
21713;258
21818;258
21958;258
22183;258
22356;258
22634;258
23214;257
23435;257
23595;257
23793;257
23975;257
24198;257
24474;257
24737;257
24960;257
25174;257
25372;257
25683;257
25934;257
26143;257
26310;257
26455;257
26597;257
26715;257
26829;257
26946;257
27055;257
27164;257
27273;257
27382;257
27483;257
27590;257
27691;257
27803;257
27917;257
28022;257
28127;257
28236;257
28344;257
28453;257
28564;257
28668;257
28778;257
28895;257
29007;257
29110;257
29219;257
29319;257
29438;257
29714;257
30048;257
30255;257
30448;257
30662;257
30884;257
31134;257
31403;257
31625;257
31830;257
31969;257
32086;257
32197;257
32308;257
32410;257
32519;257
32626;257
32733;257
32843;257
32952;257
33057;257
33168;257
33277;257
33384;257
33488;257
33594;257
33705;257
33810;257
33919;257
34035;257
34141;257
34359;257
34535;257
34866;257
35108;257
35345;257
35544;257
35768;257
36027;257
36271;257
36470;257
36820;257
37091;257
37316;257
37516;257
37655;257
37770;257
37880;257
38003;257
38156;257
38313;257
38515;257
38738;257
38881;257
38996;257
39112;257
39244;257
39501;257
39765;257
39972;257
40219;257
40416;257
40653;257
40938;257
41110;257
41254;257
41427;257
41631;257
41836;257
41963;257
42071;257
42169;257
42264;257
42361;257
42457;257
42548;257
42641;257
42758;257
42894;257
43061;257
43253;257
43395;257
43496;257
43598;257
43741;257
43839;257
43943;257
44051;257
44149;257
44248;257
44342;257
44439;257
44544;257
44647;257
44747;257
44861;257
44967;257
45061;257
45155;257
45251;257
45345;257
45438;257
45530;257
45625;257
45722;257
45824;257
45922;257
46016;257
46110;257
46207;257
46299;257
46394;257
46486;257
46579;257
46672;257
46768;257
46859;257
46952;257
47045;257
47138;257
47229;257
47338;257
47436;257
47534;257
47626;257
47728;257
47820;257
47916;257
48011;257
48105;257
48218;257
48322;257
48415;257
48510;257
48603;257
48697;257
48792;257
48887;257
48982;257
49078;257
49172;257
49266;257
49361;257
49454;257
49547;257
49645;257
49738;257
49832;257
49927;257
50020;257
50114;257
50223;257
50333;257
50429;257
50526;257
50619;257
50711;257
50803;257
50896;257
50987;257
51080;257
51172;257
51265;257
51359;257
51450;257
51542;257
51635;257
51727;257
51819;257
51915;257
52011;257
52106;257
52200;257
52320;257
52448;257
52575;257
52675;257
52777;257
52910;257
53042;257
53145;257
53236;257
53334;257
53428;257
53531;257
53627;257
53725;257
53820;257
53913;257
54006;257
54102;257
54196;257
54318;257
54412;257
54507;257
54600;257
54693;257
54786;257
54915;257
55013;257
55110;257
55207;257
55303;257
55398;257
55490;257
55584;257
55678;257
55776;257
55870;257
55967;257
56061;257
56156;257
56256;257
56354;257
56451;257
56562;257
56662;257
56762;257
56863;257
56957;257
57053;257
57148;257
57243;257
57338;257
57432;257
57525;257
57618;257
57714;257
57809;257
57903;257
57998;257
58095;257
58194;257
58309;257
58414;257
58507;257
58600;257
58695;257
58792;257
58887;257
58984;257
59077;257
59172;257
59296;256
59392;256
59487;256
59636;256
59770;256
59868;256
59989;256
60131;256
60272;256
60396;256
60489;256
60624;256
60750;256
60848;256
60942;256
61051;256
61183;256
61295;256
61398;256
61498;256
61589;256
61680;256
61777;256
61869;256
61961;256
62054;256
62147;256
62238;256
62333;256
62456;256
62550;256
62643;256
62741;256
62838;256
62930;256
63043;256
63146;256
63244;256
63347;256
63440;256
63537;256
63631;256
63729;256
63863;256
63993;256
64168;256
64373;256
64552;256
64685;256
64780;256
64871;256
64966;256
65066;256
65212;256
65352;256
65499;256
65639;256
65738;256
65834;256
65938;256
66098;256
66246;256
66390;256
66536;256
66632;256
66729;256
66824;256
66983;256
67129;256
67275;256
67413;256
67511;256
67664;256
67810;256
67952;256
68098;256
68197;256
68299;256
68465;256
68616;256
68763;256
68891;256
68992;256
69120;256
69415;256
69676;256
69850;256
69952;256
70082;256
70215;256
70346;256
70461;256
70587;256
70684;256
70783;256
70876;256
70971;256
71066;256
71158;256
71252;256
71345;256
71436;256
71530;256
71625;256
71724;256
71818;256
71911;256
72004;256
72101;256
72196;256
72288;256
72379;256
72490;256
72591;256
72683;256
72775;256
72864;256
72955;256
73049;256
73140;256
73230;256
73324;256
73416;256
73507;256
73602;256
73700;256
73792;256
73884;256
73977;256
74066;256
74158;256
74250;256
74343;256
74435;256
74558;256
74649;256
74743;256
74833;256
74925;256
75018;256
75116;256
75211;256
75306;256
75398;256
75488;256
75579;256
75671;256
75763;256
75853;256
75945;256
76036;256
76131;256
76224;256
76316;256
76407;256
76502;256
76597;256
76709;256
76805;256
76899;256
76990;256
77083;256
77177;256
77269;256
77364;256
77455;256
77548;256
77640;256
77735;256
77836;256
77928;256
78021;256
78116;256
78225;256
78324;256
78417;256
78512;256
78606;256
78703;256
78794;256
78893;256
78985;256
79078;256
79171;256
79261;256
79352;256
79443;256
79536;256
79628;256
79726;256
79824;256
79916;256
80009;256
80102;256
80196;256
80292;256
80386;256
80480;256
80584;256
80677;256
80772;256
80863;256
80956;256
81050;256
81142;256
81238;256
81339;256
81434;256
81529;256
81621;256
81715;256
81808;256
81900;256
81995;256
82086;256
82179;256
82272;256
82364;256
82460;256
82569;256
82675;256
82770;256
82871;256
82964;256
83056;256
83152;256
83244;256
83335;256
83428;256
83522;256
83612;256
83720;256
83862;256
83969;256
84103;256
84195;256
84290;256
84405;256
84504;256
84599;256
84695;256
84792;256
84884;256
84978;256
85073;256
85165;256
85258;256
85353;256
85446;256
85538;256
85632;256
85727;256
85821;256
85919;256
86014;256
86107;256
86200;256
86294;256
86386;256
86482;256
86575;256
86672;256
86767;256
86860;256
86951;256
87045;256
87138;256
87231;256
87326;256
87424;256
87520;256
87616;256
87709;256
87803;256
87897;256
87991;256
88085;256
88178;256
88273;256
88366;256
88458;256
88550;256
88669;256
88764;256
88857;256
88967;256
89063;256
89157;256
89251;256
89343;256
89434;256
89527;256
89618;256
89715;256
89813;256
89909;256
90004;256
90099;256
90193;256
90288;256
90385;256
90478;256
90574;256
90677;256
90771;256
90865;256
90958;256
91051;256
91144;256
91239;256
91333;256
91429;256
91525;256
91618;256
91716;256
91810;256
91904;256
91997;256
92100;256
92196;256
92295;256
92389;256
92482;256
92579;256
92705;256
92801;256
92898;256
92992;256
93086;256
93198;256
93333;256
93468;256
93566;256
93666;256
93762;256
93857;256
93953;256
94046;256
94139;256
94234;256
94331;256
94423;256
94514;256
94610;256
94719;256
94812;256
94907;256
95000;256
95101;256
95197;256
95297;256
95390;256
95481;256
95574;256
95667;256
95760;256
95855;256
95949;256
96041;256
96138;256
96233;256
96324;256
96419;256
96513;256
96606;256
96774;256
96911;256
97010;256
97151;256
97291;256
97387;256
97519;256
97661;256
97763;256
97862;256
97956;256
98058;256
98173;256
98286;256
98387;256
98480;256
98585;256
98681;256
98789;256
98899;256
98997;256
99133;256
99282;256
99379;256
99518;256
99673;256
99834;256
100006;256
100141;256
100248;256
100360;256
100462;256
100619;256
100798;256
100897;256
100993;256
101089;256
101184;256
101280;256
101382;256
101476;256
101573;256
101667;256
101763;256
101859;256
101949;256
102048;256
102151;256
102260;256
102353;256
102466;256
102571;256
102669;256
102787;256
102893;256
102997;256
103097;256
103203;256
103308;256
103413;256
103504;256
103595;256
103692;256
103786;256
103886;256
103979;256
104074;256
104177;256
104288;256
104437;256
104577;256
104740;256
104913;256
105014;256
105113;256
105210;256
105305;256
105403;256
105496;256
105590;256
105687;256
105782;256
105875;256
106009;256
106187;256
106315;256
106418;256
106556;256
106714;256
106835;256
106944;256
107052;256
107145;256
107241;256
107335;256
107427;256
107528;256
107639;256
107754;256
107857;256
107957;256
108053;256
108148;256
108241;256
108337;256
108436;256
108535;256
108629;256
108722;256
108821;256
108927;256
109032;256
109129;256
109225;256
109318;256
109411;256
109507;256
109605;256
109709;256
109803;256
109900;256
109998;256
110094;256
110201;256
110300;256
110397;256
110490;256
110586;256
110686;256
110788;256
110892;256
110994;256
111091;256
111185;256
111278;256
111376;256
111477;256
111574;256
111667;256
111760;256
111854;256
111948;256
112051;256
112151;256
112249;256
112346;256
112438;256
112532;256
112634;256
112740;256
112842;256
112959;256
113051;256
113145;256
113248;256
113346;256
113444;256
113539;256
113636;256
113740;256
113839;256
113938;256
114038;256
114140;256
114234;256
114334;256
114437;256
114536;256
114632;256
114741;256
114842;256
114943;256
115038;256
115139;256
115249;256
115348;256
115457;256
115560;256
115657;256
115761;256
115859;256
115967;256
116070;256
116170;256
116273;256
116377;256
116481;256
116583;256
116680;256
116796;256
116903;256
117009;256
117114;256
117222;256
117317;256
117415;256
117516;256
117620;256
117724;256
117822;256
117928;256
118032;256
118127;256
118223;256
118325;256
118420;256
118515;256
118617;256
118713;256
118807;256
118903;256
119002;256
119095;256
119195;256
119293;256
119389;256
119482;256
119578;256
119671;256
119773;256
119879;256
119976;256
120072;256
120166;256
120262;256
120365;256
120467;256
120574;256
120671;256
120774;256
120881;256
120991;256
121091;256
121194;256
121291;256
121396;256
121494;256
121589;256
121684;256
121780;256
121874;256
121975;256
122072;256
122168;256
122262;256
122357;256
122450;256
122544;256
122646;256
122752;256
122854;256
122972;256
123078;256
123176;256
123282;256
123380;256
123485;256
123586;256
123685;256
123795;256
123958;256
124079;256
124183;256
124280;256
124377;256
124483;256
124577;256
124681;256
124778;256
124882;256
125014;256
125120;256
125218;256
125326;256
125424;256
125528;256
125630;256
125736;256
125841;256
125938;256
126049;256
126146;256
126243;256
126337;256
126434;256
126529;256
126623;256
126725;256
126829;256
126926;256
127050;256
127152;256
127247;256
127355;256
127453;256
127562;256
127656;256
127753;256
127854;256
127950;256
128050;256
128159;256
128254;256
128351;256
128445;256
128537;256
128629;256
128724;256
128823;256
128919;256
129016;256
129128;256
129222;256
129314;256
129419;256
129514;256
129606;256
129706;256
129799;256
129892;256
129996;256
130090;256
130194;256
130292;256
130388;256
130480;256
130577;256
130676;256
130778;256
130875;256
130967;256
131089;256
131181;256
131277;256
131374;256
131470;256
131567;256
131657;256
131753;256
131849;256
131943;256
132043;256
132145;256
132249;256
132352;256
132448;256
132543;256
132635;256
132731;256
132826;256
132926;256
133031;256
133128;256
133222;256
133317;256
133407;256
133509;256
133606;256
133703;256
133804;256
133898;256
133991;256
134085;256
134186;256
134285;256
134379;256
134486;256
134586;256
134689;256
134794;256
134900;256
134996;256
135124;256
135240;256
135342;256
135435;256
135527;256
135620;256
135727;256
135835;256
135932;256
136037;256
136133;256
136232;256
136334;256
136433;256
136535;256
136631;256
136744;256
136850;256
136954;256
137054;256
137169;256
137264;256
137358;256
137453;256
137553;256
137647;256
137749;256
137847;256
137954;256
138049;256
138154;256
138258;256
138375;256
138475;256
138575;256
138689;256
138794;256
138899;256
138995;256
139102;256
139206;256
139309;256
139404;256
139502;256
139610;256
139707;256
139812;256
139922;256
140018;256
140123;256
140231;256
140348;256
140453;256
140549;256
140654;256
140754;256
140857;256
140951;256
141051;256
141155;256
141266;256
141368;256
141487;256
141593;256
141692;256
141788;256
141885;256
141987;256
142090;256
142191;256
142293;256
142398;256
142499;256
142610;256
142708;256
142813;256
142915;256
