239;1776
354;1670
455;1660
546;1613
641;1489
719;1399
796;1315
866;1270
941;1122
1023;1104
1103;1059
1172;1059
1247;972
1325;972
1413;846
1489;846
1558;846
1624;784
1699;769
1769;681
1839;681
1906;681
1983;681
2088;681
2187;681
2253;681
2325;681
2389;681
2459;661
2523;548
2592;547
2662;525
2748;525
2835;525
2898;525
2962;488
3027;488
3096;488
3159;488
3223;476
3287;469
3344;464
3407;455
3463;455
3530;455
3611;455
3694;455
3777;455
3854;455
3933;455
4010;455
4089;455
4165;455
4248;452
4314;379
4376;287
4433;287
4488;287
4546;287
4601;287
4656;287
4713;285
4770;285
4824;285
4880;285
4936;285
4992;285
5048;285
5107;285
5167;285
5227;285
5285;285
5343;285
5413;285
5480;227
5536;227
5591;227
5648;227
5704;227
5763;227
5819;227
5876;175
5931;175
5987;175
6045;175
6104;175
6161;175
6229;175
6289;175
6346;175
6403;175
6461;175
6519;175
6593;139
6668;139
6744;139
6830;139
6911;139
6997;139
7059;139
7115;139
7174;139
7229;139
7283;139
7340;139
7395;139
7451;139
7506;139
7565;139
7620;139
7677;139
7735;139
7792;139
7853;139
7913;139
7977;83
8034;83
8092;83
8150;83
8208;83
8264;83
8324;83
8380;83
8449;83
8503;83
8559;83
8616;83
8673;83
8729;83
8785;83
8842;83
8897;83
8953;83
9009;83
9064;83
9123;83
9193;83
9299;83
9410;83
9519;83
9581;83
9639;83
9695;83
9753;83
9811;83
9872;83
9930;83
9991;83
10050;83
10109;83
10166;83
10223;83
10281;83
10337;83
10394;83
10449;83
10506;83
10561;83
10615;83
10671;83
10728;83
10788;78
10846;78
10906;79
10963;79
11021;79
11076;79
11133;79
11190;79
11248;79
11312;79
11372;79
11431;79
11493;79
11553;79
11609;79
11664;79
11720;79
11775;79
11830;79
11886;79
11942;79
11998;79
12052;79
12108;79
12163;79
12219;79
12275;79
12333;79
12390;79
12446;79
12504;79
12565;79
12621;79
12682;79
12738;79
12796;79
12854;79
12914;79
12987;78
13041;78
13100;78
13155;78
13210;78
13265;78
13325;78
13385;78
13440;78
13495;78
13549;78
13605;78
13661;78
13717;78
13774;78
13831;78
13890;78
13953;78
14012;78
14069;78
14126;78
14185;78
14243;78
14299;78
14356;78
14415;78
14473;78
14528;78
14586;78
14645;78
14703;78
14759;78
14815;78
14873;78
14928;78
14983;78
15039;78
15094;78
15155;78
15219;78
15276;78
15333;78
15391;78
15450;78
15507;78
15565;78
15622;78
15679;78
15736;78
15794;78
15852;78
15907;78
15965;78
16029;78
16089;78
16147;78
16208;78
16265;78
16321;78
16377;78
16433;78
16492;78
16549;78
16606;78
16664;78
16724;78
16782;78
16842;78
16898;78
16955;78
17017;78
17075;78
17132;78
17190;78
17246;78
17300;78
17357;78
17412;78
17471;78
17530;78
17586;78
17642;78
17698;78
17754;78
17810;78
17865;78
17921;78
17980;78
18036;78
18092;78
18149;78
18204;78
18261;78
18318;78
18382;78
18436;78
18492;78
18547;78
18602;78
18659;78
18717;79
18771;79
18828;79
18884;79
18939;79
18995;79
19055;79
19112;79
19168;79
19225;78
19285;78
19340;78
19396;78
19454;78
19511;78
19575;78
19629;78
19683;78
19739;78
19795;78
19857;78
19916;78
19971;78
20026;78
20081;78
20135;78
20193;78
20256;78
20314;78
20374;78
20430;78
20487;78
20545;78
20603;78
20660;78
20722;78
20778;78
20842;78
20898;78
20954;78
21010;78
21065;78
21121;78
21179;78
21234;78
21291;78
21347;78
21403;78
21460;78
21518;78
21579;78
21634;78
21692;78
21748;78
21809;78
21865;78
21923;78
21979;78
22034;78
22093;78
22149;78
22208;78
22263;78
22319;78
22375;78
22434;78
22491;78
22551;78
22610;78
22666;78
22722;78
22778;78
22841;78
22897;78
22952;78
23009;78
23065;78
23120;78
23176;78
23231;78
23286;78
23343;78
23402;78
23464;78
23531;78
23584;78
23645;78
23704;78
23761;78
23822;78
23882;78
23937;78
23995;78
24051;78
24106;78
24164;78
24227;78
24283;78
24339;78
24394;78
24449;78
24504;78
24564;78
24624;78
24685;78
24742;78
24808;78
24864;78
24917;78
24973;78
25035;78
25090;78
25147;78
25205;78
25259;78
25314;78
25369;78
25426;78
25481;78
25540;78
25597;78
25658;78
25714;78
25770;78
25824;78
25888;78
25941;78
25995;78
26049;78
26102;78
26164;78
26217;78
26271;78
26327;78
26382;78
26437;78
26499;78
26554;78
26610;78
26678;78
26737;78
26791;78
26846;78
26906;78
26959;78
27013;78
27067;78
27121;78
27177;78
27237;78
27302;78
27354;78
27408;78
27462;78
27518;78
27573;78
27627;78
27684;78
27739;78
27796;78
27851;78
27905;78
27962;78
28018;78
28078;78
28132;78
28186;78
28243;78
28299;78
28354;78
28414;78
28470;78
28526;78
28583;78
28637;78
28695;78
28750;78
28811;78
28867;78
28922;78
28977;78
29033;78
29086;78
29143;78
29201;78
29259;78
29314;78
29368;78
29422;78
29478;78
29536;78
29593;78
29651;78
29710;78
29768;78
29824;78
29880;78
29937;78
29992;78
30048;78
30107;78
30162;78
30220;78
30278;78
30332;78
30386;78
30440;78
30496;78
30550;78
30604;78
30667;78
30724;78
30779;78
30839;78
30899;78
30954;78
31008;78
31063;78
31118;78
31175;78
31233;78
31289;78
31345;78
31403;78
31462;78
31518;78
31573;78
31631;78
31687;78
31741;78
31795;78
31853;78
31907;78
31962;78
32021;78
32076;78
32131;78
32184;78
32239;78
32293;78
32349;78
32404;78
32460;78
32513;78
32573;78
32626;78
32680;78
32734;78
32793;78
32852;78
32907;78
32961;78
33016;78
33078;78
33130;78
33184;78
33239;78
33294;78
33350;78
33405;78
33459;78
33513;78
33567;78
33623;78
33677;78
33730;78
33784;78
33841;78
33907;78
33977;79
34034;79
34095;79
34151;79
34206;79
34262;79
34318;79
34379;79
34433;79
34489;79
34544;79
34599;79
34655;79
34710;79
34764;79
34819;79
34875;79
34932;79
34988;79
35045;79
35100;79
35155;79
35209;79
35263;79
35317;79
35372;79
35441;79
35497;79
35556;79
35612;79
35665;79
35723;79
35778;79
35842;79
35898;79
35954;79
36010;79
36065;79
36121;79
36177;79
36232;79
36287;79
36358;79
36411;79
36467;79
36522;79
36577;79
36631;79
36685;79
36739;79
36794;79
36851;79
36905;79
36973;79
37030;79
37083;79
37137;79
37191;79
37244;79
37298;79
37352;79
37408;79
37466;79
37520;79
37576;79
37632;79
37689;79
37746;79
37800;79
37857;79
37912;78
37970;78
38026;78
38084;78
38138;78
38193;78
38251;78
38306;78
38362;78
38421;78
38476;78
38533;78
38592;78
38658;78
38712;78
38766;78
38824;78
38881;78
38937;78
38995;78
39049;78
39103;78
39164;78
39217;78
39272;78
39327;78
39385;78
39441;78
39499;78
39555;78
39611;78
39685;78
39741;78
39794;78
39849;78
39907;78
39961;78
40016;78
40072;78
40128;78
40182;78
40235;78
40293;78
40349;78
40405;78
40467;78
40523;78
40578;78
40635;78
40690;78
40748;78
40825;78
40881;78
40935;78
40990;78
41045;78
41099;78
41155;78
41211;78
41265;78
41319;78
41382;78
41439;78
41496;78
41552;78
41609;78
41664;78
41719;78
41775;78
41832;78
41896;78
41962;78
42025;78
42078;78
42132;78
42188;78
42245;78
42298;78
42351;78
42405;78
42459;78
42513;78
42571;78
42630;78
42686;78
42742;78
42800;78
42857;78
42913;78
42968;78
43027;78
43087;78
43154;78
43231;78
43325;78
43432;78
43487;78
43544;78
43599;78
43660;78
43715;78
43772;78
43829;78
43892;78
43947;78
44002;78
44056;78
44113;78
44170;78
44229;78
44285;78
44343;78
44406;78
44465;78
44521;78
44578;78
44634;78
44689;78
44745;78
44811;78
44870;78
44926;78
44980;78
45034;78
45108;78
45162;78
45219;78
45273;78
45327;78
45382;78
45436;78
45493;78
45551;78
45607;78
45663;78
45719;78
45775;78
45832;78
45888;78
45944;78
45999;78
46058;78
46114;78
46170;78
46259;78
46387;78
46450;78
46504;78
46568;78
46634;78
46689;78
46745;78
46799;78
46854;78
46916;78
46970;78
47027;78
47083;78
47141;78
47199;78
47254;78
47311;78
47366;78
47423;78
47479;78
47535;78
47591;78
47648;78
47708;78
47767;78
47832;78
47885;78
47943;78
47996;78
48055;78
48111;78
48167;78
48221;78
48275;78
48330;78
48382;78
48435;78
48490;78
48550;78
48604;78
48662;78
48718;78
48772;78
48832;78
48889;78
48948;78
49005;78
49061;78
49116;78
49174;78
49231;78
49290;78
49345;78
49399;78
49491;78
49547;78
49602;78
49657;78
49713;78
49791;78
49851;78
49907;78
49964;78
50024;78
50081;78
50139;78
50194;78
50250;78
50309;78
50369;78
50426;78
50481;78
50540;78
50595;78
50650;78
50709;78
50774;78
50830;78
50887;78
50944;78
51001;78
51059;78
51119;78
51172;78
51229;78
51290;78
51344;78
51398;78
51454;78
51513;78
51568;78
51625;78
51681;78
51739;78
51796;78
51852;78
51908;78
51965;78
52021;78
52076;78
52135;78
52189;78
52248;78
52301;78
52355;78
52409;78
52464;78
52517;78
52571;78
52625;78
52679;78
52735;78
52793;78
52848;78
52903;78
52958;78
53016;78
53080;78
53179;78
53278;78
53336;78
53392;78
53449;78
53504;78
53559;78
53614;78
53678;78
53732;78
53786;78
53842;78
53896;78
53949;78
54002;78
54056;78
54112;78
54167;78
54221;78
54284;78
54339;78
54396;78
54452;78
54512;78
54568;78
54625;78
54682;78
54737;78
54794;78
54853;78
54908;78
54971;78
55024;78
55080;78
55133;78
55187;78
55241;78
55296;78
55350;78
55403;78
55458;78
55513;78
55568;78
55624;78
55683;78
55739;78
55797;78
55855;78
55911;78
55967;78
56023;78
56079;78
56134;78
56192;78
56253;78
56306;78
56361;78
56414;78
56468;78
56523;78
56577;78
56631;78
56685;78
56740;78
56794;78
56851;78
56906;78
56962;78
57026;78
57085;78
57142;78
57198;78
57254;78
57315;78
57372;78
57430;78
57485;78
57540;78
57596;78
57653;78
57706;78
57760;78
57813;78
57870;78
57923;78
57977;78
58033;78
58086;78
58143;78
58200;78
58255;78
58310;78
58366;78
58421;78
58476;78
58535;78
58593;78
58649;78
58703;78
58757;78
58812;78
58878;78
58933;78
58987;78
59040;78
59096;78
59151;78
59210;78
59267;78
59322;78
59380;78
59436;78
59492;78
59550;78
59613;78
59666;78
59720;78
59775;78
59829;78
59883;78
59940;78
59995;78
60051;78
60104;78
60158;78
60213;78
60270;78
60327;78
60388;78
60449;78
60507;78
60565;78
60629;78
60683;78
60737;78
60790;78
60844;78
60900;78
60954;78
61009;78
61063;78
61119;78
61173;78
61227;78
61284;78
61341;78
61397;78
61454;78
61509;78
61565;78
61622;78
61675;78
61731;78
61788;78
61842;78
61897;78
61954;78
62008;78
62064;78
62121;78
62178;78
62233;78
62288;78
62347;78
62403;78
62458;78
62524;78
62581;78
62643;78
62697;78
62752;78
62806;78
62861;78
62915;78
62969;78
63028;78
63086;78
63140;78
63198;78
63256;78
63312;78
63367;78
63429;78
63487;78
63541;78
63602;78
63659;78
63714;78
63769;78
63824;78
63878;78
63933;78
63986;78
64041;78
64097;78
64153;78
64209;78
64270;78
64325;78
64379;78
64432;78
64487;78
64540;78
64595;78
64650;78
64704;78
64760;78
64814;78
64870;78
64926;78
64988;78
65046;78
65103;78
65157;78
65211;78
65268;78
65321;78
65375;78
65429;78
65486;78
65540;78
65593;78
65648;78
65704;78
65761;78
65834;78
65886;78
65939;78
65993;78
66047;78
66101;78
66155;78
66212;78
66270;79
66323;79
66378;79
66439;79
66493;79
66551;79
66610;78
66665;78
66718;78
66775;78
66833;78
66887;78
66942;78
66996;78
67051;78
67104;78
67162;78
67219;78
67281;78
67333;78
67387;78
67442;78
67497;78
67552;78
67611;78
67664;78
67720;78
67775;78
67833;78
67892;78
67954;78
68009;78
68082;78
68140;78
68195;78
68249;78
68303;78
68357;78
68411;78
68464;78
68518;78
68573;78
68632;78
68687;78
68740;78
68795;78
68850;78
68905;78
68961;78
69016;78
69070;78
69123;78
69177;78
69234;78
69291;78
69346;78
69400;78
69453;78
69507;78
69563;78
69638;78
69692;78
69746;78
69804;78
69860;78
69914;78
69968;78
70022;78
70080;78
70134;78
70187;78
70241;78
70295;78
70356;78
70409;78
70465;78
70520;78
70576;78
70629;78
70683;78
70745;78
70803;78
70858;78
70918;78
70972;78
71026;78
71083;78
71155;78
71211;78
71265;78
71320;78
71373;78
71434;78
71485;78
71538;78
71593;78
71648;78
71702;78
71756;78
71810;78
71865;78
71922;78
71975;78
72029;78
72087;78
72141;78
72199;78
72253;78
72306;78
72366;78
72419;78
72474;78
72533;78
72590;78
72650;78
72713;78
72771;78
72838;78
72893;78
72960;78
73016;78
73075;78
73132;78
73185;78
73244;78
73301;78
73355;78
73419;78
73473;78
73528;78
73584;78
73639;78
73695;78
73752;78
73807;78
73862;78
73919;78
73973;78
74041;78
74094;78
74149;78
74204;78
74259;78
74315;78
74368;78
74430;78
74485;78
74540;78
74594;78
74648;78
74704;78
74760;78
74826;78
74880;78
74934;78
74988;78
75043;78
75097;78
75150;78
75206;78
75260;78
75319;78
75373;78
75429;78
75486;78
75545;78
75603;78
75659;78
75718;78
75792;78
75847;78
75901;78
75956;78
76011;78
76066;78
76120;78
76173;78
76227;78
76282;78
76335;78
76389;78
76445;78
76503;78
76560;78
76618;78
76674;78
76731;78
76785;78
76841;78
76908;78
76961;78
77018;78
77073;78
77126;78
77179;78
77233;78
77308;78
