2865;67
3466;67
4046;67
4686;67
5220;67
5784;67
6299;67
6948;67
7627;67
8157;67
8679;67
9189;67
9891;67
10581;67
11183;67
11732;67
12354;67
13106;67
13691;67
14193;67
14698;67
15160;67
15605;67
16136;67
16818;67
17319;67
17782;67
18261;67
18779;67
19280;67
19729;67
20222;67
20877;67
21506;67
22100;67
22783;67
23450;67
24055;67
24674;67
25288;67
25974;67
26595;67
27196;67
27732;67
28422;67
29086;67
29656;67
30278;67
30662;67
30938;67
31203;67
31458;67
31710;67
31964;67
32218;67
32464;67
32705;67
32947;67
33180;67
33404;67
33632;67
33880;67
34148;67
34396;67
34626;67
34831;67
35050;67
35253;67
35623;64
35898;62
36101;62
36276;62
36449;62
36625;62
36802;62
37088;62
37251;62
37415;62
37576;62
37731;62
37885;62
38041;62
38206;62
38357;62
38504;62
38652;62
38795;62
38937;62
39084;62
39227;62
39377;62
39518;62
39668;62
39809;62
39954;62
40112;62
40335;62
40478;62
40762;62
40903;62
41104;62
41248;62
41389;62
41532;62
41673;62
41818;62
42150;62
42372;62
42513;62
42659;62
42800;62
42942;62
43106;62
43250;62
43393;62
43533;62
43691;62
43833;62
43973;62
44119;62
44264;62
44409;62
44550;62
44693;62
44834;62
44993;62
45137;62
45275;62
45417;62
45559;62
45703;62
45845;62
45994;62
46143;62
46294;62
46446;62
46588;62
46765;62
46919;62
47063;62
47206;62
47351;62
47500;62
47651;62
47795;62
47937;62
48081;62
48224;62
48363;62
48504;62
48642;62
48788;62
48933;62
49080;62
49223;62
49367;62
49508;62
49650;62
49791;62
49935;62
50082;62
50223;62
50381;62
50521;62
50667;62
50809;62
50954;62
51099;62
51246;62
51390;62
51534;62
51678;62
51822;62
51969;62
52116;62
52258;62
52414;62
52554;62
52698;62
52838;62
52980;62
53129;62
53274;62
53419;62
53563;62
53706;62
53848;62
53989;62
54138;62
54281;62
54423;62
54567;62
54712;62
54857;62
55004;62
55154;62
55304;62
55451;62
55598;62
55742;62
55889;62
56038;62
56183;62
56328;62
56474;62
56617;62
56762;62
56907;62
57051;62
57198;62
57343;62
57485;62
57629;62
57772;62
57922;62
58074;62
58226;62
58368;62
58506;62
58652;62
58819;62
58986;62
59142;62
59350;62
59550;62
59764;62
59915;62
60111;62
60265;62
60407;62
60549;62
60692;62
60832;62
61018;62
61228;62
61473;62
61658;62
61863;62
62076;62
62301;62
62478;62
62628;62
62772;62
62917;62
63061;62
63206;62
63350;62
63490;62
63633;62
63776;62
63921;62
64067;62
64216;62
64361;62
64503;62
64646;62
64786;62
64933;62
65075;62
65217;62
65359;62
65503;62
65646;62
65789;62
65935;62
66081;62
66224;62
66366;62
66513;62
66655;62
66797;62
66940;62
67085;62
67228;62
67373;62
67512;62
67653;62
67796;62
67938;62
68085;62
68225;62
68365;62
68508;62
68652;62
68799;62
68942;62
69091;62
69230;62
69372;62
69513;62
69659;62
69801;62
69942;62
70094;62
70243;62
70385;62
70527;62
70669;62
70809;62
70953;62
71176;62
71407;62
71550;62
71702;62
71965;62
72189;62
72372;62
72532;62
72691;62
72884;62
73054;62
73223;62
73410;62
73579;62
73734;62
73878;62
74037;62
74184;62
74405;62
74616;62
74758;62
74911;62
75062;62
75208;62
75351;62
75495;62
75638;62
75788;62
75984;62
76177;62
76330;62
76497;62
76676;62
76862;62
77005;62
77152;62
77300;62
77447;62
77591;62
77734;62
77876;62
78026;62
78167;62
78331;62
78482;62
78642;62
78818;62
78981;62
79163;62
79311;62
79462;62
79617;62
79759;62
79904;62
80063;62
80237;62
80395;62
80568;62
80713;62
80860;62
81005;62
81154;62
81301;62
81470;62
81618;62
81807;62
81978;62
82153;62
82323;62
82522;62
82722;62
82873;62
83019;62
83165;62
83306;62
83453;62
83596;62
83742;62
83886;62
84031;62
84258;62
84465;62
84625;62
84768;62
84910;62
85067;62
85222;62
85365;62
85508;62
85651;62
85806;62
85947;62
86090;62
86231;62
86373;62
86514;62
86660;62
86804;62
86946;62
87092;62
87237;62
87384;62
87524;62
87665;62
87808;62
87948;62
88101;62
88246;62
88388;62
88532;62
88672;62
88817;62
88962;62
89108;62
89248;62
89392;62
89535;62
89678;62
89819;62
89963;62
90111;62
90251;62
90396;62
90536;62
90678;62
90820;62
90962;62
91109;62
91251;62
91402;62
91551;62
91693;62
91842;62
91991;62
92145;62
92293;62
92437;62
92581;62
92728;62
92877;62
93034;62
93183;62
93337;62
93484;62
93627;62
93776;62
93921;62
94087;62
94237;62
94379;62
94521;62
94663;62
94805;62
94951;62
95105;62
95248;62
95401;62
95542;62
95686;62
95833;62
95973;62
96122;62
96263;62
96405;62
96562;62
96708;62
96850;62
96992;62
97141;62
97281;62
97425;62
97568;62
97712;62
97853;62
97998;62
98148;62
98293;62
98442;62
98586;62
98728;62
98873;62
99015;62
99154;62
99297;62
99438;62
99589;62
99733;62
99878;62
100018;62
100239;62
100464;62
100606;62
100750;62
100892;62
101040;62
101182;62
101325;62
101467;62
101614;62
101757;62
101903;62
102049;62
102195;62
102338;62
102482;62
102628;62
102771;62
102915;62
103062;62
103207;62
103355;62
103496;62
103636;62
103779;62
103922;62
104067;62
104214;62
104359;62
104504;62
104646;62
104786;62
104927;62
105071;62
105212;62
105358;62
105500;62
105648;62
105795;62
105938;62
106102;62
106246;62
106388;62
106533;62
106676;62
106821;62
106960;62
107114;62
107260;62
107405;62
107548;62
107690;62
107834;62
107976;62
108120;62
108266;62
108407;62
108548;62
108690;62
108847;62
108991;62
109138;62
109282;62
109425;62
109567;62
109708;62
109853;62
109994;62
110144;62
110290;62
110435;62
110577;62
110720;62
110864;62
111007;62
111152;62
111293;62
111437;62
111581;62
111724;62
111881;62
112029;62
112180;62
112325;62
112470;62
112619;62
112760;62
112907;62
113064;62
113205;62
113352;62
113494;62
113637;62
113781;62
113923;62
114069;62
114206;62
114350;62
114491;62
114634;62
114782;62
114936;62
115094;62
115238;62
115380;62
115524;62
115666;62
115807;62
115952;62
116099;62
116240;62
116384;62
116542;62
116683;62
116827;62
116966;62
117111;62
117253;62
117396;62
117536;62
117676;62
117818;62
117962;62
118113;62
118260;62
118406;62
118546;62
118693;62
118836;62
118984;62
119134;62
119289;62
119433;62
119581;62
119730;62
119877;62
120024;62
120181;62
120320;62
120465;62
120608;62
120747;62
120888;62
121039;62
121193;62
121337;62
121480;62
121621;62
121766;62
121911;62
122060;62
122205;62
122351;62
122494;62
122641;62
122783;62
122924;62
123070;62
123211;62
123355;62
123494;62
123638;62
123780;62
123923;62
124067;62
124212;62
124355;62
124497;62
124642;62
124782;62
124926;62
125070;62
125212;62
125355;62
125497;62
125643;62
125785;62
125927;62
126073;62
126212;62
126355;62
126494;62
126637;62
126777;62
126921;62
127067;62
127225;62
127368;62
127511;62
127653;62
127797;62
127939;62
128087;62
128233;62
128377;62
128519;62
128664;62
128812;62
128959;62
129105;62
129248;62
129390;62
129534;62
129679;62
129824;62
129978;62
130126;62
130273;62
130416;62
130557;62
130703;62
130847;62
130995;62
131142;62
131291;62
131435;62
131577;62
131725;62
131876;62
132026;62
132176;62
132316;62
132460;62
132601;62
132741;62
132885;62
133032;62
133191;62
133345;62
133488;62
133630;62
133771;62
133916;62
134060;62
134202;62
134345;62
134489;62
134631;62
134772;62
134920;62
135063;62
135207;62
135348;62
135491;62
135631;62
135775;62
135917;62
136079;62
136227;62
136367;62
136513;62
136659;62
136803;62
136946;62
137093;62
137237;62
137384;62
137526;62
137668;62
137812;62
137968;62
138120;62
138261;62
138408;62
138548;62
138693;62
138836;62
138979;62
139130;62
139274;62
139422;62
139569;62
139713;62
139860;62
140003;62
140152;62
140297;62
140442;62
140586;62
140730;62
140877;62
141030;62
141176;62
141328;62
141470;62
141615;62
141762;62
141912;62
142075;62
142221;62
142365;62
142510;62
142667;62
142812;62
142958;62
143106;62
143251;62
143397;62
143540;62
143688;62
143836;62
143976;62
144169;62
144362;62
144541;62
144687;62
144829;62
144972;62
145121;62
145265;62
145408;62
145551;62
145697;62
145843;62
145988;62
146141;62
146287;62
146440;62
146586;62
146727;62
146868;62
147017;62
147162;62
147309;62
147456;62
147598;62
147740;62
147884;62
148030;62
148176;62
148321;62
148463;62
148610;62
148753;62
148896;62
149042;62
149184;62
149328;62
149468;62
149609;62
149751;62
149895;62
150040;62
150180;62
150325;62
150469;62
150612;62
150757;62
150897;62
151044;62
151187;62
151332;62
151475;62
151618;62
151761;62
151909;62
152057;62
152203;62
152345;62
152493;62
152636;62
152780;62
152924;62
153072;62
153216;62
153365;62
153511;62
153658;62
153803;62
153949;62
154117;62
154259;62
154403;62
154546;62
154693;62
154836;62
154984;62
155133;62
155276;62
155420;62
155569;62
155713;62
155855;62
156000;62
156148;62
156289;62
156435;62
156581;62
156722;62
156863;62
157004;62
157156;62
157296;62
157438;62
157581;62
157724;62
157867;62
158025;62
158167;62
158307;62
158449;62
158594;62
158733;62
158873;62
159021;62
159165;62
159308;62
159453;62
159596;62
159738;62
159881;62
160020;62
160242;62
160473;62
160620;62
160767;62
160911;62
161074;62
161216;62
161363;62
161508;62
161651;62
161796;62
161945;62
162090;62
162233;62
162373;62
162521;62
162672;62
162817;62
162960;62
163109;62
163253;62
163397;62
163540;62
163683;62
163825;62
163966;62
164119;62
164265;62
164409;62
164553;62
164696;62
164838;62
164982;62
165125;62
165265;62
165408;62
165548;62
165696;62
165837;62
165980;62
166124;62
166267;62
166410;62
166553;62
166697;62
166841;62
166987;62
167134;62
167281;62
167423;62
167565;62
167711;62
167852;62
167997;62
168148;62
168294;62
168439;62
168582;62
168733;62
168882;62
169031;62
169176;62
169319;62
169460;62
169609;62
169755;62
169899;62
170046;62
170189;62
170339;62
170483;62
170627;62
170769;62
170913;62
171055;62
171201;62
171346;62
171491;62
171631;62
171782;62
171931;62
172095;62
172235;62
172381;62
172526;62
172672;62
172815;62
172958;62
173113;62
173255;62
173411;62
173557;62
173699;62
173844;62
173986;62
174139;62
174283;62
174430;62
174578;62
174720;62
174871;62
175015;62
175184;62
175328;62
175473;62
175612;62
175752;62
175892;62
176036;62
176176;62
176319;62
176463;62
176605;62
176747;62
176895;62
177039;62
177180;62
177321;62
177462;62
177603;62
177748;62
177892;62
178043;62
178190;62
178336;62
178478;62
178619;62
178761;62
178899;62
179046;62
179188;62
179333;62
179486;62
179630;62
179772;62
179911;62
180055;62
180197;62
180341;62
180483;62
180629;62
180773;62
180916;62
181080;62
181226;62
181369;62
181515;62
181661;62
181808;62
181970;62
182128;62
182270;62
182417;62
182582;62
182739;62
182894;62
183040;62
183197;62
183379;62
183533;62
183682;62
183870;62
184017;62
184178;62
184335;62
184513;62
184668;62
184831;62
185007;62
185155;62
185329;62
185478;62
185631;62
185788;62
185945;62
186095;62
186241;62
186426;62
186584;62
186737;62
186918;62
187071;62
187234;62
187416;62
187566;62
187723;62
187927;62
188088;62
188231;62
188390;62
188539;62
188689;62
188841;62
189020;62
189166;62
189318;62
189516;62
189672;62
189816;62
189968;62
190122;62
190281;62
190483;62
190677;62
190854;62
191026;62
191170;62
191315;62
191462;62
191691;62
191920;62
192169;62
192333;62
192505;62
192648;62
192790;62
192935;62
193087;62
193230;62
193378;62
193522;62
193669;62
193812;62
193963;62
194110;62
194250;62
194395;62
194536;62
194680;62
194823;62
194967;62
195121;62
195266;62
195410;62
195552;62
195697;62
195840;62
195985;62
196137;62
196280;62
196428;62
196569;62
196713;62
196857;62
197005;62
197153;62
197295;62
197439;62
197584;62
197729;62
197871;62
198017;62
198165;62
198306;62
198447;62
198590;62
198740;62
198884;62
199028;62
199182;62
199323;62
199471;62
199610;62
199757;62
199899;62
200041;62
200185;62
200328;62
200469;62
200611;62
200752;62
200896;62
201051;62
201197;62
201345;62
201492;62
201633;62
201779;62
201925;62
202084;62
202230;62
202370;62
202519;62
202659;62
202801;62
202947;62
203097;62
203243;62
203382;62
203524;62
203667;62
203811;62
203953;62
204116;62
204311;62
204492;62
204638;62
204785;62
204931;62
