1157;253
1498;253
1844;253
2158;253
2461;253
2756;253
3066;253
3462;253
3865;253
4193;253
4510;253
4861;253
5272;253
5618;253
5953;253
6269;253
6656;253
6955;253
7261;253
7554;253
7857;253
8171;253
8462;253
8746;253
9025;253
9312;253
9596;253
9906;253
10221;253
10602;253
10957;253
11254;253
11567;253
11874;253
12184;253
12481;253
12769;253
13083;253
13378;253
13669;253
13961;253
14262;253
14552;253
14840;253
15123;253
15397;253
15683;253
15989;253
16278;253
16560;253
16838;253
17133;253
17391;253
17660;253
17967;253
18220;253
18466;253
18712;253
18960;253
19197;253
19443;253
19680;253
19921;253
20155;253
20377;253
20601;253
20826;253
21051;253
21267;253
21535;253
21790;253
22065;253
22316;253
22632;251
22878;251
23167;250
23442;248
23729;243
23957;243
24204;243
24485;241
24784;240
25001;240
25322;239
25540;239
25771;239
26031;239
26244;239
26443;239
26648;239
26844;239
27042;239
27244;239
27439;239
27684;238
27898;238
28115;238
28321;238
28518;238
28745;238
28961;238
29172;238
29402;238
29608;238
29819;238
30030;238
30309;236
30516;236
30725;236
30950;236
31154;236
31361;236
31579;236
31774;236
31998;236
32206;236
32418;236
32624;236
32835;236
33028;236
33240;236
33429;236
33631;236
33811;236
34040;236
34351;235
34598;234
34792;234
34990;234
35207;234
35416;234
35621;234
35828;234
36041;234
36261;234
36471;234
36723;233
36923;233
37123;233
37315;233
37505;233
37700;233
37892;233
38144;232
38342;232
38541;232
38736;232
38933;232
39144;232
39352;232
39560;232
39768;232
39985;232
40185;232
40380;232
40572;232
40773;232
40975;232
41185;232
41379;232
41590;232
41772;232
41961;232
42215;231
42432;231
42637;231
42896;230
43100;230
43303;230
43530;230
43722;230
43911;230
44126;230
44319;230
44514;230
44706;230
44891;230
45079;230
45257;230
45444;230
45648;230
45840;230
46028;230
46219;230
46399;230
46590;230
46786;230
46970;230
47156;230
47353;230
47556;230
47735;230
47921;230
48112;230
48302;230
48486;230
48680;230
48865;230
49046;230
49238;230
49418;230
49601;230
49789;230
49976;230
50168;230
50357;230
50542;230
50728;230
50906;230
51099;230
51283;230
51513;229
51713;229
51904;229
52089;229
52284;229
52474;229
52656;229
52845;229
53028;229
53215;229
53408;229
53589;229
53783;229
53997;229
54203;229
54426;229
54653;229
54844;229
55024;229
55222;229
55426;229
55633;229
55875;229
56077;229
56269;229
56463;229
56660;229
56923;229
57186;229
57457;229
57658;229
57843;229
58027;229
58224;229
58408;229
58594;229
58784;229
58964;229
59149;229
59332;229
59550;229
59727;229
59907;229
60096;229
60283;229
60465;229
60657;229
60844;229
61027;229
61218;229
61397;229
61581;229
61763;229
61949;229
62127;229
62315;229
62499;229
62682;229
62859;229
63049;229
63234;229
63423;229
63613;229
63789;229
63973;229
64152;229
64354;229
64529;229
64710;229
64892;229
65077;229
65259;229
65445;229
65627;229
65809;229
65991;229
66171;229
66352;229
66538;229
66718;229
66902;229
67082;229
67278;229
67461;229
67641;229
67829;229
68008;229
68186;229
68373;229
68577;229
68765;229
68951;229
69138;229
69321;229
69505;229
69686;229
69895;229
70088;229
70278;229
70522;229
70740;229
70946;229
71134;229
71314;229
71515;229
71707;229
71907;229
72105;229
72329;229
72526;229
72713;229
72890;229
73109;229
73303;229
73501;229
73690;229
73866;229
74060;229
74236;229
74425;229
74614;229
74802;229
74991;229
75176;229
75363;229
75546;229
75729;229
75928;229
76128;229
76307;229
76499;229
76696;229
76877;229
77060;229
77242;229
77425;229
77610;229
77800;229
77998;229
78187;229
78405;229
78605;229
78803;229
78998;229
79197;229
79391;229
79580;229
79764;229
79953;229
80141;229
80325;229
80516;229
80700;229
80890;229
81153;229
81387;229
81582;229
81777;229
81999;229
82253;229
82489;229
82718;229
82909;229
83118;229
83303;229
83494;229
83693;229
83894;229
84078;229
84266;229
84453;229
84643;229
84833;229
85018;229
85205;229
85399;229
85597;229
85780;229
85971;229
86165;229
86347;229
86556;229
86747;229
86927;229
87127;229
87328;229
87515;229
87697;229
87885;229
88063;229
88252;229
88450;229
88647;229
88851;229
89048;229
89238;229
89427;229
89626;229
89810;229
89996;229
90182;229
90376;229
90569;229
90768;229
90964;229
91160;229
91338;229
91526;229
91718;229
91918;229
92102;229
92307;229
92512;229
92689;229
92884;229
93083;229
93296;229
93498;229
93696;229
93895;229
94098;229
94325;229
94520;229
94715;229
94904;229
95118;229
95305;229
95497;229
95696;229
95900;229
96086;229
96280;229
96494;229
96692;229
96890;229
97095;229
97283;229
97485;229
97665;229
97860;229
98082;229
98262;229
98467;229
98677;229
98877;229
99078;229
99271;229
99472;229
99666;229
99866;229
100050;229
100238;229
100427;229
100642;229
100820;229
101007;229
101190;229
101374;229
101553;229
101739;229
101922;229
102119;229
102321;229
102514;229
102708;229
102888;229
103077;229
103269;229
103458;229
103660;229
103861;229
104057;229
104260;229
104467;229
104669;229
104869;229
105065;229
105258;229
105464;229
105649;229
105852;229
106054;229
106243;229
106423;229
106621;229
106817;229
106997;229
107189;229
107375;229
107555;229
107740;229
107931;229
108115;229
108304;229
108491;229
108720;229
108901;229
109085;229
109272;229
109456;229
109634;229
109825;229
110013;229
110193;229
110402;229
110586;229
110796;229
110984;229
111162;229
111349;229
111535;229
111724;229
111913;229
112097;229
112284;229
112466;229
112653;229
112851;229
113033;229
113222;229
113426;229
113607;229
113791;229
113986;229
114171;229
114358;229
114541;229
114741;229
114936;229
115125;229
115306;229
115490;229
115673;229
115866;229
116045;229
116229;229
116409;229
116597;229
116797;229
117005;229
117212;229
117415;229
117637;229
117834;229
118023;229
118209;229
118391;229
118570;229
118759;229
118941;229
119131;229
119329;229
119520;229
119714;229
119909;229
120126;229
120330;229
120514;229
120704;229
120902;229
121108;229
121304;229
121496;229
121700;229
121884;229
122075;229
122255;229
122442;229
122652;229
122864;229
123071;229
123254;229
123460;229
123654;229
123851;229
124072;229
124256;229
124456;229
124636;229
124841;229
125031;229
125209;229
125396;229
125583;229
125793;229
125987;229
126179;229
126366;229
126558;229
126755;229
126943;229
127125;229
127323;229
127510;229
127697;229
127888;229
128067;229
128268;229
128454;229
128640;229
128844;229
129033;229
129216;229
129435;229
129628;229
129807;229
129999;229
130181;229
130378;229
130625;229
130862;229
131082;229
131266;229
131443;229
131629;229
131806;229
131996;229
132179;229
132363;229
132543;229
132725;229
132931;229
133128;229
133308;229
133496;229
133673;229
133857;229
134054;229
134237;229
134424;229
134604;229
134795;229
135005;229
135187;229
135368;229
135549;229
135726;229
135916;229
136104;229
136286;229
136470;229
136650;229
136826;229
137041;229
137228;229
137407;229
137591;229
137777;229
137960;229
138149;229
138332;229
138520;229
138697;229
138888;229
139077;229
139263;229
139452;229
139635;229
139820;229
140001;229
140195;229
140378;229
140562;229
140749;229
140931;229
141128;229
141321;229
141503;229
141690;229
141875;229
142061;229
142255;229
142455;229
142668;229
142861;229
143079;229
143273;229
143468;229
143657;229
143856;229
144042;229
144251;229
144437;229
144618;229
144808;229
144989;229
145215;229
145397;229
145581;229
145798;229
146007;229
146216;229
146403;229
146594;229
146776;229
146969;229
147181;229
147379;229
147572;229
147781;229
147971;229
148161;229
148351;229
148539;229
148718;229
148911;229
149094;229
149276;229
149454;229
149638;229
149815;229
150005;229
150185;229
150378;229
150557;229
150756;229
150955;229
151175;229
151357;229
151537;229
151722;229
151913;229
152100;229
152289;229
152475;229
152661;229
152845;229
153034;229
153289;229
153540;229
153774;229
154015;229
154272;229
154457;229
154635;229
154853;229
155083;229
155302;229
155490;229
155676;229
155867;229
156056;229
156243;229
156426;229
156618;229
156810;229
156989;229
157211;229
157392;229
157573;229
157759;229
157947;229
158146;229
158326;229
158510;229
158690;229
158884;229
159088;229
159286;229
159466;229
159684;229
159865;229
160052;229
160238;229
160418;229
160601;229
160818;229
161078;229
161316;229
161537;229
161755;229
161971;229
162165;229
162343;229
162531;229
162729;229
162914;229
163102;229
163321;229
163583;229
163788;229
163978;229
164174;229
164371;229
164574;229
164766;229
164944;229
165144;229
165335;229
165566;229
165801;229
166048;229
166252;229
166438;229
166621;229
166829;229
167065;229
167479;229
167771;229
168015;229
168261;229
168447;229
168635;229
168819;229
169016;229
169288;229
169589;229
169804;229
170009;229
170290;229
170528;229
170711;229
170895;229
171076;229
171259;229
171442;229
171624;229
171806;229
172011;229
172204;229
172403;229
172600;229
172795;229
172999;229
173180;229
173370;229
173569;229
173749;229
173928;229
174114;229
174291;229
174473;229
174656;229
174837;229
175014;229
175215;229
175431;229
175619;229
175850;229
176036;229
176220;229
176402;229
176583;229
176770;229
176950;229
177135;229
177318;229
177507;229
177696;229
177877;229
178058;229
178245;229
178431;229
178610;229
178796;229
178983;229
179174;229
179370;229
179560;229
179741;229
179947;229
180150;229
180345;229
180545;229
180736;229
180916;229
181119;229
181312;229
181502;229
181688;229
181865;229
182048;229
182236;229
182417;229
182596;229
182813;229
183026;229
183251;229
183461;229
183659;229
183847;229
184094;229
184284;229
184479;229
184655;229
184833;229
185020;229
185214;229
185393;229
185587;229
185780;229
185990;229
186185;229
186406;229
186635;229
186868;229
187086;229
187270;229
187496;229
187794;229
188145;229
188509;229
188771;229
188973;229
189176;229
189366;229
189640;229
189877;229
190068;229
190245;229
190467;229
190715;229
190946;229
191127;229
191306;229
191487;229
191673;229
191863;229
192050;229
192236;229
192420;229
192613;229
192791;229
192994;229
193191;229
193376;229
193607;229
193821;229
194011;229
194211;229
194405;229
194595;229
194799;229
195011;229
195256;229
195588;229
195902;229
196104;229
196293;229
196489;229
196716;229
196998;229
197305;229
197518;229
197736;229
198023;229
198402;229
198709;229
198946;229
199132;229
199312;229
199523;229
199791;229
200124;229
200398;229
200599;229
200800;229
201007;229
201223;229
201460;229
201804;229
202023;229
202237;229
202443;229
202685;229
202956;229
203279;229
203505;229
203718;229
203918;229
204165;229
204476;229
204802;229
205049;229
205240;229
205446;229
205750;229
206036;229
206220;229
206405;229
206593;229
206777;229
206963;229
207145;229
207332;229
207509;229
207702;229
207891;229
208077;229
208256;229
208447;229
208631;229
208807;229
209002;229
209180;229
209367;229
209547;229
209741;229
209940;229
210116;229
210302;229
210487;229
210673;229
210880;229
211083;229
211274;229
211465;229
211661;229
211884;229
212070;229
212252;229
212453;229
212645;229
212843;229
213050;229
213238;229
213429;229
213629;229
213818;229
214068;229
214280;229
214461;229
214656;229
214852;229
215054;229
215253;229
215436;229
215632;229
215832;229
216023;229
216240;229
216438;229
216620;229
216800;229
216983;229
217174;229
217370;229
217648;229
217849;229
218047;229
218258;229
218517;229
218713;229
218906;229
219118;229
219332;229
219520;229
219740;229
220014;229
220215;229
220406;229
220589;229
220769;229
220954;229
221140;229
221324;229
221513;229
221734;229
221933;229
222121;229
222318;229
222502;229
222696;229
222885;229
223073;229
223272;229
223479;229
223677;229
223872;229
224068;229
224277;229
224477;229
224677;229
224870;229
225059;229
225239;229
225432;229
225625;229
225836;229
226027;229
226210;229
226388;229
226574;229
226752;229
226936;229
227121;229
227308;229
227500;229
227688;229
227889;229
228088;229
228287;229
228481;229
228691;229
228892;229
229085;229
229297;229
229578;229
229809;229
230023;229
230206;229
230392;229
230597;229
230790;229
230991;229
231179;229
231362;229
231574;229
231849;229
232097;229
232301;229
232592;229
232886;229
233125;229
233349;229
233597;229
233933;229
234256;229
234470;229
234660;229
234843;229
235028;229
235212;229
235396;229
235579;229
235771;229
235962;229
236170;229
236359;229
236535;229
236718;229
236910;229
237099;229
237278;229
237463;229
237647;229
237830;229
238033;229
238220;229
238402;229
238590;229
238783;229
238973;229
239151;229
239336;229
239520;229
239701;229
239885;229
240088;229
240289;229
240473;229
240649;229
240830;229
241015;229
241206;229
241388;229
241660;229
241854;229
242033;229
242218;229
242469;229
242677;229
242857;229
243041;229
243217;229
243412;229
243594;229
243770;229
243955;229
244138;229
244313;229
244505;229
244690;229
244870;229
245060;229
245238;229
245422;229
245600;229
245791;229
245974;229
246180;229
246372;229
246557;229
246735;229
246920;229
247099;229
247279;229
247462;229
247640;229
