1743;74
2154;74
2569;74
3004;74
3393;74
3804;74
4182;74
4579;74
5036;74
5489;74
5862;74
6238;74
6623;74
7011;74
7384;74
7757;74
8149;74
8544;74
9131;74
9506;74
9969;74
10339;74
10716;74
11109;74
11487;74
11878;74
12239;74
12611;74
12988;74
13376;74
13742;74
14115;74
14492;74
14861;74
15223;74
15598;74
15972;74
16323;74
16690;74
17042;74
17405;74
17735;74
18083;74
18439;74
18772;74
19108;74
19414;74
19731;74
20043;74
20352;74
20656;74
20948;74
21238;74
21521;74
21798;74
22077;74
22351;74
22693;70
22962;70
23224;70
23501;70
23766;70
24022;70
24272;70
24520;70
24770;70
25013;70
25328;70
25697;68
26018;67
26405;63
26610;63
26810;63
26998;63
27192;63
27380;63
27663;62
27846;62
28044;62
28329;61
28510;61
28690;61
28861;61
29032;61
29211;61
29376;61
29538;61
29710;61
29877;61
30038;61
30201;61
30362;61
30524;61
30690;61
30945;60
31106;60
31292;60
31449;60
31610;60
31767;60
31942;60
32105;60
32271;60
32432;60
32596;60
32756;60
32924;60
33086;60
33247;60
33405;60
33562;60
33729;60
33893;60
34057;60
34220;60
34385;60
34545;60
34709;60
34867;60
35026;60
35190;60
35351;60
35512;60
35672;60
35833;60
35997;60
36172;60
36397;60
36559;60
36717;60
36875;60
37036;60
37197;60
37359;60
37537;60
37696;60
37856;60
38020;60
38184;60
38342;60
38502;60
38660;60
38817;60
38990;60
39153;60
39313;60
39476;60
39639;60
39806;60
39968;60
40131;60
40292;60
40453;60
40616;60
40780;60
40939;60
41102;60
41266;60
41429;60
41589;60
41750;60
41912;60
42086;60
42250;60
42410;60
42570;60
42729;60
42889;60
43050;60
43210;60
43371;60
43530;60
43703;60
43864;60
44022;60
44184;60
44346;60
44508;60
44671;60
44830;60
44992;60
45175;60
45339;60
45496;60
45657;60
45824;60
45977;60
46138;60
46296;60
46457;60
46617;60
46785;60
46950;60
47110;60
47281;60
47443;60
47601;60
47761;60
47932;60
48101;60
48271;60
48429;60
48590;60
48753;60
48916;60
49079;60
49242;60
49406;60
49570;60
49731;60
49896;60
50056;60
50223;60
50383;60
50544;60
50704;60
50864;60
51022;60
51184;60
51347;60
51507;60
51667;60
51830;60
51992;60
52151;60
52319;60
52478;60
52634;60
52792;60
52969;60
53129;60
53282;60
53442;60
53603;60
53765;60
53927;60
54090;60
54253;60
54426;60
54583;60
54742;60
54902;60
55064;60
55226;60
55390;60
55553;60
55711;60
55873;60
56050;60
56217;60
56379;60
56533;60
56701;60
56863;60
57027;60
57188;60
57350;60
57512;60
57678;60
57834;60
58007;60
58172;60
58335;60
58498;60
58662;60
58821;60
58984;60
59152;60
59314;60
59474;60
59635;60
59791;60
59950;60
60113;60
60281;60
60445;60
60619;60
60780;60
60942;60
61103;60
61269;60
61431;60
61593;60
61755;60
61918;60
62081;60
62252;60
62415;60
62575;60
62740;60
62900;60
63059;60
63215;60
63377;60
63536;60
63704;60
63867;60
64024;60
64189;60
64350;60
64508;60
64670;60
64831;60
64987;60
65148;60
65312;60
65471;60
65634;60
65791;60
65947;60
66110;60
66269;60
66428;60
66589;60
66754;60
66915;60
67077;60
67242;60
67413;60
67580;60
67742;60
67906;60
68075;60
68243;60
68411;60
68582;60
68750;60
68908;60
69066;60
69229;60
69389;60
69551;60
69709;60
69875;60
70036;60
70198;60
70359;60
70523;60
70684;60
70847;60
71008;60
71177;60
71340;60
71506;60
71664;60
71826;60
71986;60
72149;60
72312;60
72475;60
72651;60
72811;60
72987;60
73145;60
73303;60
73463;60
73615;60
73774;60
73937;60
74096;60
74259;60
74430;60
74595;60
74754;60
74915;60
75082;60
75243;60
75417;60
75583;60
75742;60
75904;60
76071;60
76236;60
76397;60
76561;60
76720;60
76882;60
77046;60
77210;60
77374;60
77538;60
77707;60
77867;60
78031;60
78191;60
78353;60
78514;60
78682;60
78850;60
79010;60
79198;60
79360;60
79529;60
79689;60
79847;60
80007;60
80170;60
80336;60
80502;60
80681;60
80839;60
80997;60
81159;60
81318;60
81480;60
81640;60
81802;60
81961;60
82123;60
82288;60
82450;60
82610;60
82768;60
82928;60
83090;60
83252;60
83411;60
83573;60
83737;60
83897;60
84053;60
84222;60
84383;60
84535;60
84699;60
84857;60
85013;60
85174;60
85346;60
85519;60
85773;60
86031;60
86202;60
86363;60
86523;60
86683;60
86849;60
87013;60
87178;60
87354;60
87516;60
87677;60
87834;60
88013;60
88175;60
88355;60
88519;60
88678;60
88838;60
88996;60
89160;60
89321;60
89483;60
89645;60
89807;60
89973;60
90140;60
90301;60
90463;60
90621;60
90784;60
90945;60
91106;60
91266;60
91434;60
91593;60
91749;60
91910;60
92073;60
92239;60
92399;60
92562;60
92722;60
92883;60
93057;60
93216;60
93379;60
93541;60
93702;60
93861;60
94024;60
94187;60
94345;60
94519;60
94682;60
94843;60
95007;60
95168;60
95330;60
95490;60
95697;60
95863;60
96036;60
96222;60
96440;60
96603;60
96763;60
96929;60
97089;60
97249;60
97413;60
97577;60
97741;60
97905;60
98074;60
98241;60
98398;60
98561;60
98722;60
98884;60
99051;60
99224;60
99390;60
99556;60
99721;60
99885;60
100042;60
100205;60
100365;60
100527;60
100691;60
100855;60
101017;60
101181;60
101341;60
101504;60
101666;60
101826;60
101991;60
102154;60
102318;60
102479;60
102639;60
102800;60
102964;60
103129;60
103292;60
103459;60
103621;60
103790;60
103951;60
104124;60
104285;60
104448;60
104613;60
104778;60
104939;60
105097;60
105257;60
105417;60
105590;60
105748;60
105907;60
106070;60
106231;60
106389;60
106547;60
106707;60
106875;60
107037;60
107207;60
107364;60
107524;60
107687;60
107847;60
108017;60
108178;60
108340;60
108507;60
108663;60
108824;60
108985;60
109153;60
109312;60
109474;60
109634;60
109796;60
109959;60
110126;60
110286;60
110451;60
110611;60
110774;60
110935;60
111098;60
111258;60
111429;60
111600;60
111757;60
111915;60
112074;60
112239;60
112398;60
112561;60
112719;60
112881;60
113044;60
113208;60
113368;60
113531;60
113692;60
113851;60
114012;60
114174;60
114334;60
114497;60
114661;60
114821;60
114980;60
115150;60
115308;60
115471;60
115632;60
115794;60
115954;60
116132;60
116296;60
116463;60
116629;60
116792;60
116960;60
117125;60
117290;60
117448;60
117629;60
117791;60
117954;60
118128;60
118292;60
118451;60
118612;60
118775;60
118934;60
119097;60
119262;60
119421;60
119582;60
119741;60
119902;60
120062;60
120220;60
120378;60
120539;60
120701;60
120861;60
121023;60
121181;60
121339;60
121514;60
121678;60
121841;60
122003;60
122178;60
122348;60
122504;60
122671;60
122831;60
122995;60
123154;60
123311;60
123475;60
123638;60
123814;60
123980;60
124146;60
124308;60
124475;60
124636;60
124792;60
124949;60
125128;60
125289;60
125453;60
125614;60
125775;60
125933;60
126089;60
126248;60
126404;60
126567;60
126728;60
126892;60
127057;60
127217;60
127382;60
127539;60
127697;60
127856;60
128023;60
128183;60
128342;60
128503;60
128658;60
128816;60
128978;60
129138;60
129297;60
129462;60
129629;60
129791;60
129954;60
130124;60
130279;60
130435;60
130595;60
130753;60
130913;60
131074;60
131239;60
131398;60
131567;60
131727;60
131887;60
132049;60
132214;60
132375;60
132535;60
132697;60
132857;60
133024;60
133187;60
133357;60
133520;60
133684;60
133850;60
134010;60
134171;60
134343;60
134499;60
134675;60
134838;60
134998;60
135163;60
135323;60
135483;60
135646;60
135810;60
135971;60
136137;60
136301;60
136465;60
136624;60
136788;60
136947;60
137112;60
137276;60
137438;60
137600;60
137768;60
137931;60
138100;60
138263;60
138426;60
138590;60
138752;60
138913;60
139079;60
139259;60
139421;60
139583;60
139744;60
139903;60
140063;60
140225;60
140390;60
140557;60
140726;60
140888;60
141052;60
141225;60
141395;60
141554;60
141721;60
141884;60
142048;60
142213;60
142383;60
142542;60
142714;60
142873;60
143037;60
143195;60
143361;60
143521;60
143674;60
143837;60
144000;60
144159;60
144322;60
144485;60
144646;60
144807;60
144967;60
145133;60
145294;60
145474;60
145679;60
145863;60
146070;60
146229;60
146393;60
146559;60
146719;60
146886;60
147048;60
147239;60
147424;60
147584;60
147762;60
147927;60
148097;60
148268;60
148502;60
148666;60
148840;60
149000;60
149153;60
149308;60
149532;60
149701;60
149940;60
150137;60
150289;60
150443;60
150584;60
150725;60
150864;60
151006;60
151183;60
151351;60
151494;60
151656;60
151813;60
151964;60
152108;60
152252;60
152395;60
152538;60
152686;60
152828;60
152984;60
153146;60
153296;60
153445;60
153613;60
153773;60
153948;60
154093;60
154239;60
154380;60
154528;60
154686;60
154843;60
154986;60
155134;60
155276;60
155424;60
155574;60
155721;60
155866;60
156020;60
156191;60
156402;60
156551;60
156696;60
156843;60
156990;60
157134;60
157312;60
157465;60
157606;60
157762;60
157941;60
158089;60
158236;60
158382;60
158528;60
158704;60
158849;60
158994;60
159177;60
159348;60
159492;60
159643;60
159795;60
159957;60
160127;60
160283;60
160436;60
160587;60
160733;60
160881;60
161025;60
161178;60
161328;60
161471;60
161625;60
161769;60
161923;60
162072;60
162249;60
162405;60
162553;60
162693;60
162833;60
162976;60
163120;60
163261;60
163403;60
163545;60
163689;60
163833;60
163992;60
164136;60
164280;60
164423;60
164566;60
164714;60
164857;60
164996;60
165142;60
165281;60
165444;60
165631;60
165779;60
165927;60
166077;60
166260;60
166407;60
166549;60
166695;60
166837;60
166985;60
167212;60
167379;60
167562;60
167738;60
167881;60
168027;60
168173;60
168323;60
168472;60
168612;60
168759;60
168902;60
169045;60
169187;60
169332;60
169470;60
169614;60
169756;60
169897;60
170055;60
170200;60
170345;60
170489;60
170631;60
170783;60
170924;60
171069;60
171222;60
171394;60
171584;60
171758;60
171925;60
172098;60
172272;60
172443;60
172619;60
172797;60
172962;60
173120;60
173270;60
173406;60
173548;60
173685;60
173826;60
173967;60
174108;60
174254;60
174392;60
174534;60
174683;60
174822;60
174966;60
175106;60
175258;60
175397;60
175542;60
175683;60
175827;60
175968;60
176122;60
176268;60
176409;60
176551;60
176695;60
176837;60
176977;60
177124;60
177264;60
177410;60
177551;60
177707;60
177848;60
177995;60
178139;60
178280;60
178426;60
178575;60
178720;60
178865;60
179009;60
179153;60
179308;60
179449;60
179597;60
179748;60
179895;60
180047;60
180204;60
180368;60
180520;60
180669;60
180820;60
180976;60
181129;60
181272;60
181420;60
181565;60
181716;60
181862;60
182013;60
182158;60
182304;60
182446;60
182590;60
182733;60
182873;60
183013;60
183158;60
183297;60
183440;60
183580;60
183723;60
183866;60
184008;60
184148;60
184296;60
184433;60
184573;60
184712;60
184857;60
184997;60
185138;60
185280;60
185426;60
185565;60
185707;60
185875;60
186050;60
186194;60
186340;60
186483;60
186627;60
186771;60
186918;60
187060;60
187204;60
187344;60
187487;60
187625;60
187768;60
187907;60
188051;60
188202;60
188349;60
188493;60
188637;60
188777;60
188922;60
189067;60
189208;60
189350;60
189493;60
189639;60
189777;60
189919;60
190060;60
190205;60
190346;60
190487;60
190625;60
190765;60
190903;60
191044;60
191188;60
191330;60
191474;60
191616;60
191757;60
191896;60
192033;60
192176;60
192319;60
192458;60
192597;60
192738;60
192877;60
193025;60
193171;60
193310;60
193452;60
193597;60
193741;60
193884;60
194027;60
194173;60
194314;60
194460;60
194604;60
194745;60
194887;60
195028;60
195171;60
195318;60
195459;60
195605;60
195747;60
195889;60
196028;60
196186;60
196327;60
196471;60
196614;60
196759;60
196905;60
197045;60
197192;60
197334;60
197476;60
197621;60
197765;60
197908;60
198052;60
198194;60
198340;60
198486;60
198629;60
198773;60
198914;60
199053;60
199206;60
199348;60
199484;60
199630;60
199772;60
199914;60
200055;60
200199;60
200336;60
200486;60
200625;60
200779;60
200919;60
201064;60
201221;60
201367;60
201509;60
201650;60
201793;60
201937;60
202077;60
202227;60
202375;60
202520;60
202661;60
202804;60
202946;60
203090;60
203237;60
203379;60
203523;60
203666;60
203822;60
203966;60
204111;60
204257;60
204404;60
204549;60
204697;60
204844;60
204988;60
205132;60
205271;60
205417;60
205580;60
205799;60
205997;60
206147;60
