422;62
633;62
776;62
923;62
1044;62
1211;62
1370;62
1490;62
1621;62
1764;62
1909;62
2139;62
2275;62
2396;62
2519;62
2635;62
2815;62
2921;62
3041;62
3146;62
3280;62
3518;62
3893;62
4442;62
4993;62
5560;62
6075;62
6182;62
6290;62
6408;62
6518;62
6635;62
6745;62
6884;62
6998;62
7115;62
7232;62
7422;62
7524;62
7640;62
7765;62
7885;62
7999;62
8125;62
8248;62
8370;62
8496;62
8627;62
9040;62
9557;62
9951;62
10076;63
10178;63
10283;63
10386;63
10502;63
10629;63
10763;63
10872;63
10981;63
11093;63
11207;63
11329;63
11443;63
11554;63
11690;63
11796;63
11902;63
12051;63
12173;63
12314;63
12429;63
12539;63
12689;63
12860;63
12993;63
13103;63
13226;63
13345;63
13447;63
13555;63
13665;63
13790;63
13903;63
14025;62
14136;62
14270;63
14376;63
14497;63
14611;63
14795;63
14898;63
15007;63
15126;63
15234;63
15381;63
15488;63
15621;63
15737;63
15873;63
15985;63
16111;63
16229;63
16339;63
16455;63
16576;63
16711;63
16815;63
16937;63
17053;63
17159;63
17269;63
17378;63
17484;63
17595;63
17704;63
17817;63
17929;63
18063;63
18165;64
18268;64
18379;64
18495;64
18647;64
18761;63
18870;63
18986;63
19098;63
19208;63
19323;63
19467;63
19575;63
19687;63
19794;63
19899;63
20030;63
20138;63
20257;63
20370;63
20480;63
20623;64
20731;64
20848;64
20956;64
21109;64
21224;64
21347;64
21496;64
21614;64
21732;64
21847;64
21977;64
22084;64
22196;64
22317;64
22428;64
22553;64
22684;64
22789;64
22897;64
23034;64
23138;63
23253;63
23366;63
23481;63
23589;63
23704;63
23817;63
23929;63
24069;64
24206;64
24309;63
24426;63
24535;63
24640;63
24763;63
24877;63
25032;63
25197;63
25360;63
25504;63
25645;63
25759;63
25870;63
25977;63
26086;63
26307;63
26477;63
26682;63
26898;63
27127;63
27247;63
27358;63
27465;63
27584;63
27693;63
27807;63
27948;63
28052;63
28156;63
28259;63
28369;63
28495;63
28611;63
28729;63
28843;63
28949;63
29065;63
29178;63
29291;63
29421;63
29522;63
29629;63
29741;63
29846;63
29964;63
30084;63
30190;63
30297;63
30471;63
30584;63
30690;63
30808;63
30967;63
31079;63
31185;63
31289;63
31419;62
31561;62
31665;62
31773;62
31883;62
32006;62
32120;62
32233;62
32352;62
32492;62
32616;62
32735;62
32846;62
32976;64
33089;64
33210;64
33325;64
33433;64
33547;64
33658;64
33786;64
33893;64
34103;64
34208;64
34329;64
34432;64
34538;64
34660;64
34775;64
34883;64
34988;63
35112;63
35226;63
35339;63
35450;63
35560;63
35681;63
35793;63
35898;63
36005;63
36114;63
36226;63
36353;63
36465;63
36582;63
36691;63
36806;63
36961;63
37086;63
37205;63
37315;63
37444;63
37553;63
37673;63
37789;63
37898;63
38012;63
38124;63
38250;63
38368;63
38475;63
38598;63
38718;63
38823;63
38930;63
39044;63
39183;63
39295;63
39407;63
39523;63
39640;63
39748;63
39859;63
40003;63
40133;63
40239;63
40347;63
40450;63
40556;63
40663;63
40775;63
40887;63
41000;63
41112;63
41232;63
41343;63
41449;63
41561;63
41668;63
41790;63
41900;63
42008;63
42122;63
42230;63
42361;67
42468;67
42578;67
42686;67
42801;67
42927;67
43048;67
43161;67
43276;67
43382;67
43487;67
43595;67
43715;67
43828;67
43931;67
44050;67
44165;67
44284;67
44416;67
44536;67
44651;67
44765;67
44867;67
44970;67
45078;67
45198;67
45306;67
45422;67
45530;67
45641;67
45773;67
45901;67
46019;67
46123;67
46226;67
46330;67
46443;67
46557;67
46670;67
46784;67
46898;67
47022;67
47172;67
47308;67
47412;67
47539;67
47649;67
47769;67
47878;67
47986;67
48102;67
48209;67
48335;67
48444;67
48565;67
48771;67
48891;67
48997;67
49101;67
49234;67
49356;67
49464;67
49580;67
49690;67
49815;67
49941;64
50049;64
50159;64
50341;64
50440;64
50547;64
50651;64
50758;64
50864;64
50970;64
51080;64
51223;64
51377;64
51506;64
51616;64
51731;64
51846;64
51963;62
52068;62
52175;62
52311;65
52423;65
52537;65
52652;65
52772;65
52911;65
53027;65
53143;65
53285;65
53394;65
53507;65
53615;65
53716;65
53832;65
53939;65
54062;65
54175;65
54284;65
54413;64
54532;64
54650;64
54766;64
54874;64
55004;64
55114;64
55272;64
55391;64
55508;64
55637;64
55746;64
55856;64
55964;64
56075;64
56202;64
56316;64
56473;64
56587;64
56704;65
56809;65
56929;65
57029;65
57151;65
57272;65
57417;65
57526;65
57650;65
57773;65
57886;65
58000;65
58109;65
58222;65
58328;65
58441;65
58556;65
58662;65
58772;65
58880;65
58986;65
59123;65
59232;65
59366;65
59486;65
59601;65
59733;65
59841;65
59960;65
60068;65
60172;65
60296;65
60408;65
60514;65
60638;65
60747;65
60860;65
60973;65
61082;65
61194;65
61313;65
61426;65
61530;65
61650;65
61767;65
61877;65
61986;65
62119;65
62228;65
62339;65
62477;66
62595;66
62700;66
62809;66
62910;66
63027;66
63149;66
63258;66
63369;66
63481;66
63594;66
63703;66
63822;65
63933;65
64037;65
64141;65
64242;65
64364;65
64482;65
64600;65
64724;65
64829;65
64940;65
65054;65
65167;65
65274;65
65409;65
65514;65
65624;65
65742;63
65844;63
65952;63
66059;63
66166;63
66291;63
66413;62
66541;62
66680;62
66794;62
66903;62
67012;62
67119;62
67240;62
67359;62
67507;62
67617;62
67730;62
67837;62
67939;62
68088;62
68246;62
68356;62
68466;62
68582;62
68694;62
68815;62
68932;62
69040;62
69158;62
69277;62
69437;62
69554;62
69687;62
69807;62
69931;62
70036;62
70140;62
70249;62
70362;62
70465;62
70599;63
70719;63
70819;63
70922;63
71035;63
71155;63
71265;63
71375;63
71488;63
71600;63
71718;63
71820;63
71929;63
72033;63
72150;63
72258;63
72373;63
72481;63
72599;63
72757;63
72914;63
73023;63
73131;63
73243;63
73350;63
73500;63
73607;63
73712;63
73817;63
73920;63
74047;63
74155;63
74338;63
74470;63
74575;63
74678;63
74800;63
74905;63
75021;63
75137;63
75241;63
75362;63
75500;63
75622;63
75733;63
75844;63
75952;63
76059;63
76168;63
76273;63
76378;63
76483;63
76597;63
76711;63
76822;63
76926;63
77037;63
77157;63
77262;63
77368;63
77514;63
77629;63
77735;63
77851;63
77961;63
78061;63
78172;63
78277;63
78394;63
78499;63
78630;63
78732;63
78847;63
78948;63
79056;63
79160;63
79273;63
79383;63
79519;63
79640;63
79746;63
79851;63
79970;63
80077;63
80233;63
80344;63
80458;63
80573;63
80685;63
80805;63
80921;63
81025;63
81125;63
81226;63
81353;63
81495;64
81613;65
81721;65
81832;65
81944;65
82058;65
82158;65
82263;65
82370;65
82481;65
82588;65
82694;65
82808;65
82925;65
83029;65
83149;65
83273;65
83379;65
83488;65
83602;65
83710;64
83819;64
83937;64
84053;64
84156;63
84266;63
84379;63
84491;63
84601;63
84714;63
84844;63
84949;63
85057;63
85167;63
85352;63
85510;63
85667;63
85782;63
85904;63
86028;67
86143;67
86245;67
86352;67
86457;67
86574;67
86697;67
86806;67
86919;67
87050;67
87164;67
87273;67
87383;67
87486;67
87602;67
87715;67
87834;67
87946;67
88051;67
88156;67
88265;67
88368;67
88472;67
88592;67
88701;67
88811;67
88921;67
89038;67
89143;67
89248;67
89359;67
89466;67
89579;67
89694;67
89802;67
89914;67
90022;67
90125;67
90228;67
90336;67
90445;67
90555;67
90674;67
90787;67
90889;67
91009;67
91110;67
91229;67
91342;66
91451;66
91558;66
91668;66
91775;66
91877;66
92001;66
92118;66
92262;66
92370;66
92477;65
92588;65
92703;65
92867;65
93020;65
93148;65
93253;65
93369;65
93473;65
93646;65
93753;65
93869;65
93989;65
94113;65
94232;65
94362;65
94473;65
94585;65
94685;65
94790;65
94898;65
95009;65
95120;65
95243;65
95368;65
95477;65
95583;65
95692;65
95796;65
95915;65
96026;65
96132;65
96243;65
96365;65
96468;65
96579;65
96689;65
96808;65
96921;65
97036;65
97147;65
97253;65
97361;65
97475;65
97599;65
97749;65
97849;65
97966;65
98074;65
98185;65
98292;65
98419;65
98524;65
98649;65
98760;65
98870;65
98978;65
99083;65
99188;65
99297;65
99420;65
99530;65
99666;65
99815;65
99916;65
100034;65
100142;65
100244;65
100393;65
100501;65
100613;65
100742;65
100871;65
100973;65
101088;65
101216;65
101327;65
101433;65
101540;65
101663;65
101817;65
101917;65
102025;65
102143;65
102243;65
102353;65
102479;65
102595;65
102706;65
102842;65
102947;65
103053;65
103163;65
103272;65
103386;65
103493;65
103624;65
103767;65
103903;65
104011;65
104151;65
104256;65
104357;65
104467;65
104583;65
104691;65
104799;65
104930;65
105065;65
105167;65
105271;65
105387;65
105492;65
105609;65
105723;65
105845;65
105960;65
106085;65
106206;65
106309;65
106415;65
106524;65
106636;65
106748;65
106870;65
106979;65
107113;65
107282;65
107386;65
107487;65
107594;65
107697;65
107819;65
107929;65
108038;65
108156;65
108280;65
108397;65
108927;65
109027;65
109144;65
109262;65
109364;65
109485;65
109604;65
109718;65
109833;65
109975;65
110111;65
110232;65
110501;65
110619;65
110752;65
110886;65
111009;65
111149;65
111346;65
111547;65
111740;65
111952;65
112149;65
112442;65
112569;65
112710;65
112825;65
112947;65
113068;65
113191;65
113328;65
113434;65
113548;65
113666;65
113814;65
113921;65
114265;65
114586;65
114695;65
114818;65
114930;65
115035;65
115145;65
115249;65
115361;65
115485;65
115609;65
115735;65
115905;65
116037;65
116176;65
116290;65
116418;66
116536;66
116658;66
116823;66
116944;66
117085;65
117250;65
117475;65
117620;65
117735;65
117891;65
118023;65
118144;65
118258;65
118371;65
118482;65
118609;65
118737;65
118880;65
119002;65
119124;65
119234;65
119345;65
119454;65
119564;65
119703;65
119822;65
119946;65
120046;65
120152;65
120259;65
120372;65
120494;65
120650;65
120757;65
120880;65
120996;65
121104;65
121217;63
121343;63
121459;63
121569;63
121670;63
121782;63
121900;63
122011;63
122126;63
122238;63
122360;63
122477;63
122590;63
122715;63
122849;63
122966;63
123078;63
123180;63
123285;63
123401;63
123517;63
123632;63
123738;63
123850;63
123972;63
124082;63
124190;63
124296;63
124404;63
124515;63
124629;63
124740;63
124852;63
124960;63
125076;63
125185;63
125296;63
125400;63
125513;63
125622;63
125738;63
125904;63
126004;63
126110;63
126217;63
126328;63
126455;63
126584;63
126692;63
126814;63
126922;63
127033;63
127195;63
127322;64
127451;64
127719;64
127826;64
127972;63
128085;63
128213;63
128339;63
128446;63
128581;63
128688;63
128815;63
128940;63
129062;63
129182;63
129296;63
129404;63
129525;63
129650;63
129770;63
129901;63
130055;63
130162;63
130272;63
130382;63
130490;63
130600;63
130716;63
130848;63
130951;63
131058;63
131172;63
131301;63
131418;63
131530;63
131647;63
131780;63
131902;63
132040;63
132148;63
132259;63
132401;63
132530;63
132644;63
132836;63
132948;63
133056;63
133162;63
133265;63
133394;63
133501;63
133624;63
133731;63
133839;63
133953;63
134078;63
134187;63
134299;63
134405;63
134517;63
134634;63
134740;63
134850;63
134956;63
135062;63
135172;63
135282;63
135397;63
135515;63
135630;63
135735;63
135868;63
135981;63
136092;63
136203;63
136327;63
136443;63
136553;63
136694;63
136818;62
136944;62
137052;62
137181;62
137297;62
137435;62
137542;62
137662;63
137783;63
137903;63
138016;63
138126;63
138240;63
138350;63
138454;63
138579;63
138684;63
138796;63
138907;63
139021;63
139134;63
139244;63
139356;63
139481;63
139598;63
139733;63
139841;63
139947;63
140062;63
140179;63
140318;63
140430;63
140558;63
140674;63
140806;63
140912;63
141017;63
141118;63
141223;63
141343;63
141451;63
141563;63
141674;63
141793;63
141912;63
142026;63
142131;63
142233;63
142340;63
142451;63
142592;63
142698;63
142812;63
142920;63
143030;63
143134;63
143243;63
143363;63
143475;63
143587;63
143692;63
143802;63
143916;63
144033;63
144135;63
144252;63
144369;63
144499;63
144617;63
144731;63
144841;63
144966;63
145082;63
145214;63
145392;63
145546;63
145655;63
145765;63
145873;63
145979;63
146109;63
146242;63
146364;63
146468;63
146580;63
146691;63
146799;63
146910;63
147017;63
147122;63
147230;63
147338;63
147444;63
147555;63
147667;63
147790;63
147903;61
148015;61
148125;61
148239;61
148344;61
148454;61
148557;61
148687;61
148817;61
148927;61
149044;61
149171;61
149305;61
149436;61
149543;61
149680;61
149818;61
149963;61
150079;61
150194;61
150315;61
150419;61
150522;61
150652;61
150775;61
150911;61
151022;61
151132;61
151242;61
151354;61
151482;61
151594;61
151695;61
151804;61
151918;61
152032;61
152176;61
152289;61
152406;61
152538;61
152708;61
152812;61
152916;61
153049;61
153162;61
153271;61
153384;61
153499;61
153636;61
153742;61
153850;61
153957;61
154087;61
154201;61
154307;61
154418;61
154549;61
154659;61
154791;61
154905;61
155010;61
155137;61
155242;61
155367;61
155475;61
155582;61
155697;61
155818;61
155937;61
156042;61
156203;61
156307;61
156417;61
156531;61
156640;61
156778;61
156900;61
157035;61
157141;61
157248;61
157354;61
157460;61
157575;61
157699;61
157808;61
157916;61
158034;61
158148;61
158280;61
158399;61
158502;61
158620;61
158724;61
158840;61
159015;61
159119;61
159229;61
159336;61
159441;61
159557;61
159672;61
159779;61
159903;61
160011;61
160148;61
160250;61
160353;61
160464;61
160578;61
160718;65
160843;65
160960;65
161071;65
161179;65
161292;65
161414;65
161519;65
161643;61
161785;61
161910;61
162029;61
162169;61
162278;61
162390;61
162502;61
162617;61
162744;61
162860;61
162969;61
163084;61
163210;61
163312;61
163426;61
163533;61
163649;61
163757;61
163881;61
164010;61
164123;61
164262;61
164370;61
164481;61
164608;61
164714;61
164840;61
164975;61
165080;61
165187;61
165294;61
165425;61
165598;61
165741;61
165852;61
165957;61
166062;61
166167;61
166281;61
166402;61
166518;61
166631;61
166745;61
166851;61
166962;61
167073;61
167248;61
167357;61
167462;61
167582;61
167692;61
167814;61
167942;61
168073;61
168191;61
168321;61
168435;61
168546;61
168663;61
169029;61
169136;61
169255;61
169361;61
169481;61
169641;61
169748;61
169917;61
170027;61
170197;61
170315;61
170447;61
170554;61
170711;61
170821;61
170946;61
171057;61
171197;61
171323;61
171453;61
171560;61
171702;61
171825;61
171950;61
172080;61
172194;61
172339;61
172446;61
172567;61
172691;61
172799;61
172929;61
173037;61
173162;61
173274;61
173397;61
173530;61
173637;61
173752;61
173866;61
174008;61
174110;61
174238;61
174343;61
174452;61
174582;61
174692;61
174811;61
174927;61
175040;61
175157;61
175269;61
175375;61
175509;61
175639;61
175759;61
175894;61
176032;61
176140;61
176252;61
176360;61
176464;61
176578;61
176687;61
176805;61
176936;61
177092;61
177217;61
177330;61
177438;61
177544;61
177653;61
177786;61
177918;61
178028;61
178165;61
178284;61
178399;61
178529;61
178664;61
178776;61
178887;61
179008;61
179139;61
179246;61
179363;61
179475;61
179592;61
179704;61
179815;61
179927;61
180032;61
180154;61
180332;61
180437;61
180547;61
180668;61
180779;61
180894;61
181004;61
181143;61
181248;61
181379;61
181488;61
181624;61
181739;61
181884;61
181995;61
182107;61
182219;61
182336;61
182470;61
182581;61
182690;61
182803;61
182928;61
183053;61
183161;61
183274;61
183406;61
183519;61
183634;61
183741;61
183850;61
183975;61
184085;61
184190;61
184302;61
184413;61
184551;61
184665;61
184772;61
184885;61
185036;61
185141;61
185310;61
185428;61
185554;61
185663;61
185779;61
185883;61
186042;61
186151;61
186287;61
186400;61
186521;61
186637;61
186747;61
186852;61
186983;61
187108;61
187237;61
187351;61
187472;61
187584;61
187692;61
187797;61
187909;61
188036;61
188147;61
188270;61
188397;61
188517;61
188657;61
188768;61
188884;61
188993;61
189110;61
189280;61
189403;61
189537;61
189654;61
189809;61
189913;61
190022;61
190128;61
190249;61
190363;61
190473;61
190589;61
190703;61
190838;61
190955;61
191078;61
191193;61
191316;61
191419;61
191525;61
191628;61
191737;61
191845;61
191949;61
192064;61
192195;61
192306;61
192441;61
192570;61
192766;61
192947;61
193070;61
193191;61
193302;61
193413;61
193524;61
193640;61
193753;61
193873;61
193999;61
194129;61
194259;61
194371;61
194473;61
194589;61
194700;61
194813;61
194917;61
195026;61
195135;61
195253;61
195359;61
195497;61
195615;61
195758;61
195883;61
196010;61
196119;61
196227;61
196333;61
196456;61
196567;61
196679;61
196784;61
196892;61
197018;61
197129;61
197244;61
197354;61
197473;61
197582;61
197690;61
197798;61
197903;61
198010;61
198137;61
198271;61
198389;61
198515;61
198648;61
198768;61
198879;61
199009;61
199139;61
199253;61
199362;61
199470;61
199599;61
199722;61
199896;61
200001;61
200135;61
200270;61
200380;61
200498;61
200617;61
200724;61
200835;61
200944;61
201065;61
201188;61
201308;61
201416;61
201523;61
201635;61
201750;61
201874;61
