1553;262
1966;262
2322;262
2953;262
3297;262
3647;262
4423;262
5506;262
6157;262
6486;262
6813;262
7207;262
7536;262
7900;262
8372;262
9222;262
9562;262
9881;262
10210;262
10545;262
10877;262
11206;262
11527;262
11860;262
12196;262
12540;262
12862;262
13194;262
13520;262
13849;262
14256;262
14703;262
15112;262
15553;262
15969;262
16344;262
16663;262
16973;262
17295;262
17616;262
17918;262
18227;262
18525;262
18840;262
19177;262
19475;262
19773;262
20069;262
20367;262
20666;262
20945;262
21230;262
21509;262
21797;262
22077;262
22366;262
22637;262
22903;262
23185;262
23458;262
23725;262
23991;262
24256;262
24514;262
24784;262
25036;262
25289;262
25546;262
25805;262
26059;262
26360;259
26664;255
26950;254
27188;254
27467;253
27797;249
28065;248
28436;242
28645;242
28865;242
29074;242
29299;242
29559;239
29778;239
29994;239
30244;238
30448;238
30691;237
30891;237
31146;237
31490;234
31696;234
31887;234
32079;234
32273;234
32459;234
32645;234
32832;234
33017;234
33206;234
33406;234
33663;233
33858;233
34091;232
34282;232
34467;232
34653;232
34835;232
35016;232
35203;232
35386;232
35571;232
35762;232
35951;232
36146;232
36334;232
36573;231
36763;231
36954;231
37147;231
37342;231
37527;231
37711;231
37899;231
38102;231
38296;231
38482;231
38675;231
38869;231
39058;231
39250;231
39441;231
39634;231
39820;231
40009;231
40195;231
40380;231
40569;231
40752;231
40938;231
41130;231
41314;231
41552;230
41766;230
41974;230
42164;230
42346;230
42537;230
42719;230
42913;230
43109;230
43297;230
43480;230
43668;230
43855;230
44042;230
44238;230
44422;230
44604;230
44788;230
44974;230
45160;230
45347;230
45538;230
45728;230
45915;230
46106;230
46299;230
46486;230
46670;230
46873;230
47056;230
47243;230
47430;230
47614;230
47806;230
48002;230
48193;230
48393;230
48582;230
48763;230
48944;230
49131;230
49324;230
49521;230
49709;230
49903;230
50096;230
50350;230
50542;230
50736;230
50936;230
51154;230
51352;230
51548;230
51731;230
51922;230
52113;230
52301;230
52487;230
52681;230
52870;230
53061;230
53257;230
53445;230
53630;230
53821;230
54008;230
54204;230
54390;230
54575;230
54757;230
54944;230
55137;230
55327;230
55521;230
55710;230
55897;230
56092;230
56288;230
56478;230
56668;230
56872;230
57067;230
57264;230
57453;230
57631;230
57824;230
58015;230
58200;230
58390;230
58582;230
58774;230
58974;230
59178;230
59398;230
59637;230
59861;230
60016;230
60853;230
61006;230
61162;230
61366;229
61519;229
61691;229
61867;229
62043;229
62241;229
62428;229
62605;229
62762;229
62916;229
63080;229
63246;229
63400;229
63554;229
63711;229
63868;229
64021;229
64179;229
64332;229
64484;229
64639;229
64792;229
64945;229
65105;229
65259;229
65416;229
65571;229
65724;229
65878;229
66032;229
66187;229
66343;229
66497;229
66649;229
66806;229
66970;229
67123;229
67280;229
67434;229
67591;229
67747;229
67901;229
68056;229
68214;229
68371;229
68528;229
68684;229
68838;229
68993;229
69152;229
69306;229
69459;229
69611;229
69766;229
69920;229
70091;229
70249;229
70415;229
70589;229
70759;229
70914;229
71068;229
71226;229
71381;229
71538;229
71692;229
71846;229
72007;229
72169;229
72325;229
72479;229
72649;229
72802;229
72958;229
73119;229
73276;229
73431;229
73592;229
73749;229
73904;229
74064;229
74240;229
74395;229
74550;229
74708;229
74864;229
75021;229
75182;229
75335;229
75493;229
75645;229
75803;229
75956;229
76113;229
76272;229
76426;229
76581;229
76736;229
76888;229
77043;229
77200;229
77353;229
77505;229
77666;229
77822;229
77975;229
78140;229
78300;229
78457;229
78610;229
78765;229
78918;229
79075;229
79233;229
79388;229
79541;229
79694;229
79851;229
80004;229
80181;229
80335;229
80486;229
80639;229
80813;229
80969;229
81126;229
81280;229
81434;229
81594;229
81749;229
81901;229
82060;229
82219;229
82380;229
82536;229
82693;229
82849;229
83003;229
83163;229
83319;229
83473;229
83629;229
83796;229
83954;229
84112;229
84267;229
84419;229
84575;229
84730;229
84884;229
85038;229
85198;229
85356;229
85511;229
85665;229
85820;229
85979;229
86150;229
86306;229
86462;229
86617;229
86775;229
86935;229
87092;229
87246;229
87402;229
87555;229
87714;229
87868;229
88023;229
88179;229
88333;229
88494;229
88649;229
88804;229
88960;229
89119;229
89275;229
89432;229
89586;229
89739;229
89893;229
90058;229
90216;229
90370;229
90521;229
90676;229
90833;229
90987;229
91142;229
91295;229
91450;229
91663;229
91871;229
92031;229
92191;229
92346;229
92503;229
92657;229
92811;229
92967;229
93124;229
93279;229
93432;229
93584;229
93737;229
93898;229
94051;229
94205;229
94371;229
94526;229
94680;229
94835;229
94991;229
95167;229
95321;229
95475;229
95629;229
95784;229
95940;229
96111;229
96268;229
96424;229
96577;229
96732;229
96887;229
97042;229
97198;229
97354;229
97509;229
97678;229
97835;229
97989;229
98166;229
98319;229
98474;229
98627;229
98783;229
98941;229
99099;229
99257;229
99413;229
99566;229
99724;229
99880;229
100035;229
100189;229
100345;229
100499;229
100655;229
100811;229
100965;229
101125;229
101280;229
101434;229
101590;229
101746;229
101900;229
102061;229
102218;229
102375;229
102530;229
102686;229
102855;229
103009;229
103170;229
103327;229
103484;229
103640;229
103813;229
103967;229
104129;229
104286;229
104441;229
104595;229
104754;229
104906;229
105062;229
105215;229
105377;229
105528;229
105682;229
105836;229
105987;229
106143;229
106297;229
106451;229
106605;229
106758;229
106916;229
107079;229
107239;229
107393;229
107544;229
107698;229
107853;229
108009;229
108166;229
108322;229
108479;229
108634;229
108788;229
108941;229
109097;229
109252;229
109408;229
109562;229
109716;229
109885;229
110046;229
110263;229
110491;229
110646;229
110800;229
110953;229
111112;229
111270;229
111442;229
111598;229
111754;229
111909;229
112068;229
112224;229
112414;229
112597;229
112781;229
112946;229
113142;229
113308;229
113464;229
113621;229
113781;229
113940;229
114106;229
114261;229
114418;229
114575;229
114729;229
114885;229
115039;229
115197;229
115353;229
115510;229
115668;229
115824;229
115977;229
116160;229
116314;229
116471;229
116624;229
116779;229
116934;229
117091;229
117245;229
117397;229
117550;229
117706;229
117861;229
118014;229
118166;229
118320;229
118473;229
118627;229
118781;229
118936;229
119102;229
119266;229
119422;229
119575;229
119733;229
119886;229
120040;229
120196;229
120351;229
120514;229
120675;229
120833;229
120996;229
121157;229
121312;229
121466;229
121619;229
121783;229
121944;229
122103;229
122264;229
122419;229
122574;229
122733;229
122890;229
123047;229
123204;229
123362;229
123516;229
123670;229
123831;229
123988;229
124156;229
124307;229
124462;229
124622;229
124776;229
124932;229
125090;229
125247;229
125401;229
125555;229
125705;229
125864;229
126018;229
126176;229
126331;229
126485;229
126639;229
126810;229
126966;229
127121;229
127278;229
127437;229
127589;229
127743;229
127897;229
128059;229
128214;229
128379;229
128532;229
128688;229
128845;229
128999;229
129156;229
129310;229
129462;229
129618;229
129772;229
129931;229
130086;229
130239;229
130394;229
130547;229
130706;229
130861;229
131015;229
131178;229
131334;229
131492;229
131650;229
131805;229
131963;229
132124;229
132277;229
132431;229
132586;229
132739;229
132892;229
133064;229
133217;229
133380;229
133535;229
133689;229
133844;229
133999;229
134156;229
134309;229
134463;229
134616;229
134773;229
134926;229
135083;229
135235;229
135388;229
135543;229
135695;229
135848;229
136004;229
136162;229
136314;229
136469;229
136620;229
136771;229
136923;229
137079;229
137238;229
137390;229
137546;229
137699;229
137852;229
138009;229
138168;229
138321;229
138481;229
138634;229
138787;229
138939;229
139100;229
139253;229
139411;229
139562;229
139712;229
139866;229
140017;229
140192;229
140350;229
140501;229
140657;229
140811;229
140966;229
141119;229
141273;229
141424;229
141584;229
141737;229
141891;229
142046;229
142203;229
142359;229
142511;229
142664;229
142815;229
142971;229
143130;229
143285;229
143440;229
143593;229
143762;229
143916;229
144078;229
144230;229
144384;229
144536;229
144689;229
144844;229
144996;229
145151;229
145321;229
145474;229
145626;229
145779;229
145934;229
146092;229
146247;229
146402;229
146556;229
146709;229
146880;229
147033;229
147196;229
147350;229
147504;229
147661;229
147815;229
147967;229
148131;229
148287;229
148445;229
148601;229
148758;229
148915;229
149085;229
149251;229
149408;229
149561;229
149716;229
149879;229
150035;229
150216;229
150375;229
150528;229
150685;229
150840;229
150996;229
151152;229
151363;229
151648;229
151936;229
152205;229
152406;229
152606;229
152806;229
153004;229
153198;229
153392;229
153589;229
153788;229
153983;229
154180;229
154406;229
154599;229
154796;229
154982;229
155174;229
155369;229
155562;229
155756;229
155945;229
156142;229
156330;229
156510;229
156702;229
156894;229
157082;229
157272;229
157460;229
157665;229
157857;229
158050;229
158273;229
158465;229
158656;229
158857;229
159043;229
159258;229
159453;229
159644;229
159839;229
160032;229
160234;229
160439;229
160672;229
160891;229
161110;229
161330;229
161520;229
161711;229
161903;229
162100;229
162294;229
162482;229
162674;229
162875;229
163072;229
163269;229
163453;229
163645;229
163846;229
164032;229
164241;229
164433;229
164622;229
164811;229
165009;229
165208;229
165407;229
165605;229
165803;229
165995;229
166185;229
166377;229
166575;229
166767;229
166958;229
167165;229
167366;229
167553;229
167743;229
167937;229
168132;229
168330;229
168525;229
168714;229
168913;229
169112;229
169300;229
169487;229
169678;229
169869;229
170081;229
170359;229
170551;229
170742;229
170938;229
171139;229
171333;229
171528;229
171727;229
171926;229
172128;229
172324;229
172512;229
172705;229
172896;229
173095;229
173296;229
173494;229
173684;229
173875;229
174069;229
174258;229
174451;229
174640;229
174830;229
175020;229
175219;229
175419;229
175619;229
175818;229
176013;229
176215;229
176404;229
176601;229
176797;229
176999;229
177201;229
177396;229
177596;229
177801;229
177992;229
178192;229
178380;229
178571;229
178767;229
178964;229
179165;229
179373;229
179559;229
179741;229
179944;229
180148;229
180343;229
180534;229
180721;229
180910;229
181104;229
181298;229
181494;229
181679;229
181875;229
182071;229
182277;229
182469;229
182660;229
182847;229
183039;229
183239;229
183431;229
183618;229
183810;229
184006;229
184202;229
184394;229
184579;229
184767;229
184950;229
185141;229
185328;229
185517;229
185705;229
185896;229
186082;229
186270;229
186453;229
186643;229
186835;229
187032;229
187227;229
187412;229
187601;229
187785;229
187971;229
188160;229
188343;229
188534;229
188725;229
188911;229
189102;229
189295;229
189479;229
189680;229
189877;229
190074;229
190269;229
190455;229
190645;229
190845;229
191050;229
191245;229
191438;229
191629;229
191810;229
191997;229
192186;229
192374;229
192566;229
192751;229
192941;229
193138;229
193336;229
193528;229
193712;229
193904;229
194095;229
194285;229
194478;229
194671;229
194866;229
195058;229
195254;229
195448;229
195640;229
195823;229
196005;229
196197;229
196385;229
196571;229
196755;229
196939;229
197132;229
197321;229
197522;229
197718;229
197907;229
198110;229
198303;229
198493;229
198686;229
198876;229
199065;229
199271;229
199459;229
199650;229
199846;229
200047;229
200254;229
200450;229
200641;229
200836;229
201028;229
201224;229
201421;229
201613;229
201812;229
202008;229
202196;229
202382;229
202573;229
202750;229
202939;229
203130;229
203315;229
203502;229
203685;229
203875;229
204073;229
204261;229
204445;229
204636;229
204830;229
205021;229
205205;229
205389;229
205579;229
205767;229
205951;229
206148;229
206342;229
206532;229
206721;229
206912;229
207110;229
207296;229
207479;229
207665;229
207845;229
208031;229
208221;229
208410;229
208611;229
208798;229
209000;229
209203;229
209397;229
209583;229
209778;229
209973;229
210172;229
210368;229
210558;229
210745;229
210937;229
211134;229
211338;229
211534;229
211723;229
211918;229
212120;229
212381;229
212634;229
212822;229
213012;229
213216;229
213400;229
213586;229
213774;229
213959;229
214146;229
214339;229
214563;229
214748;229
214936;229
215126;229
215323;229
215508;229
215696;229
215880;229
216081;229
216276;229
216463;229
216658;229
216857;229
217054;229
217243;229
217434;229
217621;229
217815;229
218005;229
218201;229
218390;229
218578;229
218763;229
218951;229
219146;229
219341;229
219535;229
219720;229
219914;229
220115;229
220299;229
220483;229
220677;229
220876;229
221071;229
221274;229
221465;229
221651;229
221838;229
222035;229
222236;229
222441;229
222626;229
222817;229
223010;229
223198;229
223388;229
223577;229
223769;229
223962;229
224167;229
224357;229
224555;229
224744;229
224931;229
225127;229
225325;229
225516;229
225707;229
225896;229
226088;229
226281;229
226474;229
