1004;282
1203;282
1430;282
1636;282
1816;282
2028;282
2264;282
2443;282
2625;282
2811;282
2988;282
3163;282
3373;282
3621;282
3869;282
4077;282
4254;282
4429;282
4607;282
4780;282
4955;282
5128;282
5301;282
5473;282
5654;282
5825;282
6023;282
6247;282
6432;282
6608;282
6775;282
6944;282
7117;282
7287;282
7454;282
7630;282
7804;282
7971;282
8131;282
8295;282
8459;282
8624;282
8788;282
8947;282
9105;282
9261;282
9417;282
9575;282
9734;282
9890;282
10041;282
10194;282
10342;282
10491;282
10636;282
10782;282
10928;282
11071;282
11212;282
11353;282
11492;282
11634;282
11776;282
11909;282
12039;282
12169;282
12300;282
12426;282
12556;282
12679;282
12802;282
12925;282
13067;281
13190;281
13307;281
13453;276
13571;276
13712;271
13821;271
13953;270
14058;270
14189;269
14340;265
14472;264
14572;264
14670;264
14800;263
14903;263
15024;258
15119;258
15214;258
15314;258
15409;258
15526;258
15689;257
15806;257
15919;257
16008;257
16097;257
16190;257
16290;257
16380;257
16470;257
16560;257
16649;257
16748;257
16838;257
16926;257
17017;257
17105;257
17196;257
17285;257
17374;257
17462;257
17549;257
17642;257
17754;257
17846;257
17934;257
18023;257
18111;257
18199;257
18290;257
18377;257
18465;257
18554;257
18643;257
18733;257
18821;257
18910;257
18999;257
19088;257
19177;257
19264;257
19359;257
19446;257
19537;257
19625;257
19720;257
19808;257
19897;257
19986;257
20075;257
20163;257
20253;257
20342;257
20431;257
20521;257
20622;257
20724;257
20813;257
20906;257
20993;257
21083;257
21179;257
21274;257
21363;257
21452;257
21549;257
21640;257
21736;257
21826;257
21921;257
22060;257
22180;257
22312;257
22464;257
22599;257
22707;257
22808;257
22898;257
22987;257
23075;257
23164;257
23257;257
23347;257
23438;257
23527;257
23616;257
23710;257
23820;257
23979;257
24132;257
24278;257
24446;257
24586;257
24726;257
24825;257
24914;257
25004;257
25092;257
25187;257
25311;257
25460;257
25602;257
25748;257
25852;257
25941;257
26082;257
26207;257
26300;257
26389;257
26479;257
26569;257
26658;257
26748;257
26840;257
26929;257
27021;257
27125;257
27213;257
27304;257
27394;257
27486;257
27576;257
27665;257
27757;257
27847;257
27936;257
28026;257
28115;257
28205;257
28294;257
28383;257
28473;257
28563;257
28663;257
28752;257
28841;257
28932;257
29022;257
29109;257
29199;257
29288;257
29379;257
29469;257
29562;257
29657;257
29751;257
29842;257
29931;257
30019;257
30112;257
30217;257
30310;257
30406;257
30506;257
30603;257
30693;257
30783;257
30875;257
30985;257
31080;257
31170;257
31259;257
31349;257
31438;257
31536;257
31624;257
31718;257
31812;257
31901;257
31992;257
32081;257
32171;257
32261;257
32350;257
32441;257
32532;257
32623;257
32712;257
32803;257
32892;257
32984;257
33073;257
33163;257
33255;257
33345;257
33434;257
33523;257
33613;257
33702;257
33796;257
33887;257
34007;257
34195;257
34344;257
34535;257
34701;257
34870;257
35031;257
35167;257
35288;257
35407;257
35538;257
35698;257
35871;257
36059;257
36196;257
36289;257
36381;257
36477;257
36570;257
36660;257
36758;257
36866;257
37034;257
37173;257
37275;257
37425;257
37597;257
37738;257
37897;257
38039;257
38180;257
38325;257
38466;257
38603;257
38706;257
38821;257
38931;257
39031;257
39139;257
39264;257
39398;257
39519;257
39624;257
39728;257
39867;257
40013;257
40142;257
40247;257
40346;257
40450;257
40552;257
40659;257
40791;257
40929;257
41042;257
41146;257
41252;257
41352;257
41460;257
41561;257
41666;257
41768;257
41879;257
41986;257
42087;257
42193;257
42293;257
42399;257
42518;257
42620;257
42728;257
42854;257
42990;257
43120;257
43222;257
43332;257
43434;257
43551;257
43659;257
43757;257
43870;257
43991;257
44093;257
44217;257
44348;257
44475;257
44576;257
44678;257
44776;257
44879;257
44982;257
45100;257
45234;257
45362;257
45467;257
45574;257
45683;257
45786;257
45893;257
45998;257
46102;257
46209;257
46310;257
46415;257
46548;257
46692;257
46805;257
46909;257
47010;257
47116;257
47233;257
47367;257
47496;257
47600;257
47734;257
47879;257
48009;257
48117;257
48226;257
48373;257
48504;257
48609;257
48735;257
48879;257
48996;257
49099;257
49201;257
49338;257
49471;257
49580;257
49685;257
49799;257
49913;257
50059;257
50200;257
50307;257
50409;257
50508;257
50614;257
50717;257
50839;257
50973;257
51091;257
51192;257
51296;257
51401;257
51507;257
51613;257
51714;257
51822;257
51927;257
52036;257
52144;257
52259;257
52359;257
52464;257
52567;257
52674;257
52774;257
52884;257
52989;257
53089;257
53194;257
53297;257
53401;257
53513;257
53614;257
53717;257
53818;257
53924;257
54036;257
54138;257
54242;257
54344;257
54449;257
54552;257
54658;257
54759;257
54866;257
54971;257
55071;257
55174;257
55275;257
55378;257
55483;257
55587;257
55686;257
55791;257
55890;257
56001;257
56107;257
56208;257
56311;257
56436;257
56537;257
56641;257
56742;257
56845;257
56944;257
57046;257
57146;257
57253;257
57355;257
57460;257
57564;257
57667;257
57774;257
57875;257
57985;257
58090;257
58193;257
58294;257
58398;257
58503;257
58604;257
58710;257
58813;257
58917;257
59017;257
59123;257
59223;257
59328;257
59430;257
59545;257
59683;257
59835;257
59972;257
60089;257
60190;257
60295;257
60403;257
60516;257
60619;257
60727;257
60826;257
60930;257
61045;257
61152;257
61255;257
61355;257
61459;257
61559;257
61664;257
61763;257
61872;257
61970;257
62084;257
62188;257
62289;257
62392;257
62490;257
62602;257
62702;257
62808;257
62912;257
63014;257
63120;257
63219;257
63322;257
63422;257
63527;257
63628;257
63731;257
63829;257
63931;257
64044;257
64161;257
64267;257
64370;257
64474;257
64577;257
64677;257
64781;257
64882;257
64989;257
65089;257
65194;257
65293;257
65399;257
65499;257
65603;257
65706;257
65811;257
65912;257
66015;257
66144;257
66249;257
66351;257
66456;257
66561;257
66666;257
66771;257
66872;257
66980;257
67082;257
67193;257
67294;257
67399;257
67506;257
67605;257
67711;257
67811;257
67915;257
68015;257
68127;257
68229;257
68357;257
68497;257
68622;257
68732;257
68830;257
68933;257
69033;257
69136;257
69236;257
69368;257
69512;257
69650;257
69787;257
69888;257
69993;257
70096;257
70203;257
70309;257
70409;257
70514;257
70612;257
70717;257
70817;257
70945;257
71087;257
71225;257
71405;256
71525;256
71626;256
71732;256
71836;256
71974;254
72073;254
72211;254
72316;254
72420;254
72524;254
72628;254
72730;254
72835;254
72937;254
73041;254
73140;254
73246;254
73362;254
73461;254
73566;254
73664;254
73765;254
73866;254
73969;254
74069;254
74196;254
74300;254
74405;254
74508;254
74616;254
74726;254
74834;254
74946;254
75048;254
75150;254
75258;254
75357;254
75463;254
75562;254
75667;254
75768;254
75874;254
76020;254
76196;254
76350;254
76467;254
76572;254
76678;254
76777;254
76882;254
76980;254
77081;254
77182;254
77286;254
77387;254
77492;254
77590;254
77695;254
77795;254
77900;254
78005;254
78111;254
78220;254
78320;254
78424;254
78524;254
78627;254
78727;254
78831;254
78930;254
79036;254
79135;254
79240;254
79337;254
79444;254
79549;254
79654;254
79753;254
79858;254
79957;254
80062;254
80164;254
80276;254
80382;254
80486;254
80590;254
80689;254
80792;254
80890;254
80994;254
81095;254
81204;254
81304;254
81406;254
81511;254
81621;254
81742;254
81847;254
81947;254
82052;254
82153;254
82262;254
82364;254
82469;254
82586;254
82719;254
82854;254
82954;254
83057;254
83158;254
83263;254
83362;254
83465;254
83591;254
83692;254
83796;254
83896;254
84000;254
84101;254
84219;254
84334;254
84439;254
84540;254
84649;254
84750;254
84859;254
84964;254
85067;254
85175;254
85277;254
85383;254
85493;254
85595;254
85704;254
85805;254
85910;254
86010;254
86114;254
86225;254
86329;254
86435;254
86538;254
86645;254
86744;254
86848;254
86957;254
87057;254
87161;254
87267;254
87373;254
87474;254
87578;254
87680;254
87783;254
87886;254
87986;254
88084;254
88188;254
88318;254
88424;254
88524;254
88629;254
88737;254
88840;254
88942;254
89041;254
89142;254
89244;254
89344;254
89447;254
89548;254
89652;254
89754;254
89853;254
89959;254
90062;254
90167;254
90287;254
90392;254
90499;254
90598;254
90703;254
90804;254
90909;254
91008;254
91113;254
91216;254
91320;254
91428;254
91529;254
91635;254
91749;254
91871;254
91970;254
92075;254
92176;254
92281;254
92385;254
92489;254
92591;254
92694;254
92792;254
92897;254
92999;254
93106;254
93209;254
93308;254
93414;254
93512;254
93616;254
93724;254
93834;254
93941;254
94042;254
94146;254
94244;254
94354;254
94452;254
94561;254
94666;254
94766;254
94866;254
94974;254
95078;254
95178;254
95281;254
95379;254
95487;254
95586;254
95687;254
95786;254
95892;254
95990;254
96093;254
96191;254
96304;254
96430;254
96537;254
96637;254
96744;254
96850;254
96955;254
97063;254
97164;254
97268;254
97383;254
97487;254
97590;254
97690;254
97799;254
97905;254
98012;254
98117;254
98218;254
98328;254
98451;254
98553;254
98655;254
98755;254
98856;254
98958;254
99064;254
99166;254
99271;254
99377;254
99478;254
99588;254
99687;254
99790;254
99891;254
99995;254
100094;254
100203;254
100307;254
100412;254
100515;254
100614;254
100718;254
100816;254
100915;254
101020;254
101137;254
101242;254
101341;254
101445;254
101550;254
101656;254
101758;254
101864;254
101974;254
102081;254
102194;254
102299;254
102405;254
102513;254
102633;254
102732;254
102846;254
102957;254
103059;254
103165;254
103267;254
103371;254
103479;254
103582;254
103687;254
103787;254
103891;254
103991;254
104099;254
104234;254
104341;254
104472;254
104593;254
104701;254
104803;254
104908;254
105009;254
105113;254
105213;254
105318;254
105418;254
105522;254
105627;254
105733;254
105837;254
105937;254
106044;254
106141;254
106245;254
106345;254
106478;254
106578;254
106683;254
106783;254
106887;254
106988;254
107096;254
107200;254
107322;254
107428;254
107535;254
107637;254
107741;254
107843;254
107945;254
108045;254
108149;254
108250;254
108355;254
108459;254
108567;254
108672;254
108773;254
108879;254
108977;254
109081;254
109182;254
109285;254
109383;254
109486;254
109592;254
109694;254
109793;254
109898;254
109999;254
110102;254
110202;254
110304;254
110412;254
110520;254
110627;254
110726;254
110833;254
110934;254
111037;254
111144;254
111243;254
111348;254
111447;254
111555;254
111657;254
111762;254
111864;254
111970;254
112073;254
112176;254
112283;254
112385;254
112496;254
112598;254
112705;254
112808;254
112908;254
113012;254
113109;254
113212;254
113313;254
113420;254
113522;254
113628;254
113729;254
113837;254
113939;254
114041;254
114144;254
114244;254
114347;254
114450;254
114561;254
114663;254
114769;254
114871;254
114991;254
115099;254
115199;254
115304;254
115410;254
115517;254
115623;254
115729;254
115832;254
115935;254
116037;254
116142;254
116244;254
116353;254
116456;254
116588;254
116688;254
116796;254
116898;254
117005;254
117111;254
117212;254
117321;254
117430;254
117535;254
117640;254
117740;254
117842;254
117941;254
118046;254
118146;254
118248;254
118347;254
118452;254
118573;254
118676;254
118780;254
118880;254
118985;254
119087;254
119190;254
119290;254
119394;254
119496;254
119647;254
119799;254
119908;254
120014;254
120115;254
120220;254
120319;254
120424;254
120526;254
120632;254
120739;254
120839;254
120945;254
121043;254
121150;254
121249;254
121352;254
121450;254
121559;254
121657;254
121759;254
121858;254
121963;254
122061;254
122167;254
122265;254
122372;254
122479;254
122605;254
122711;254
122819;254
122922;254
123023;254
123130;254
123229;254
123334;254
123432;254
123532;254
123638;254
123743;254
123842;254
123945;254
124045;254
124152;254
124258;254
124364;254
124470;254
124577;254
124696;254
124801;254
124901;254
125008;254
125107;254
125212;254
125311;254
125413;254
125523;254
125626;254
125736;254
125840;254
125947;254
126048;254
126154;254
126259;254
126360;254
126465;254
126571;254
126680;254
126781;254
126888;254
126992;254
127092;254
127197;254
127299;254
127403;254
127515;254
127617;254
127714;254
127818;254
127918;254
128019;254
128117;254
128221;254
128319;254
128420;254
128520;254
128638;254
128751;254
128852;254
128957;254
129064;254
129164;254
129268;254
129369;254
129475;254
129575;254
129678;254
129776;254
129879;254
129977;254
130081;254
130180;254
130289;254
130394;254
130496;254
130601;254
130705;254
130810;254
130909;254
131019;254
131119;254
131227;254
131337;254
131437;254
131544;254
131644;254
131754;254
131855;254
131960;254
132064;254
132163;254
132268;254
132367;254
132471;254
132575;254
132682;254
