675;294
1060;294
1386;294
1721;294
2024;294
2346;294
2830;294
3531;294
3840;294
4101;294
4297;294
4488;294
4687;294
4953;294
5241;294
5499;294
5761;294
5986;294
6178;294
6375;294
6564;294
6842;294
7143;294
7396;294
7590;294
7779;294
8024;294
8391;294
8715;294
9008;294
9407;294
9690;294
9885;294
10089;294
10291;294
10487;294
10674;294
10861;294
11067;294
11250;294
11436;294
11691;294
11943;294
12127;294
12302;294
12478;294
12652;294
12837;294
13098;294
13287;294
13463;294
13631;294
13801;294
13974;294
14153;294
14323;294
14491;294
14667;294
14826;294
14986;294
15148;294
15319;294
15566;294
15734;294
15882;294
16055;294
16209;294
16361;294
16521;294
16865;291
17021;291
17216;282
17404;282
17628;280
17769;280
17932;277
18057;277
18298;269
18465;269
18589;269
18770;264
18962;264
19119;264
19241;264
19358;264
19574;263
19732;263
19879;262
20017;260
20123;260
20259;259
20416;259
20557;259
20665;259
20807;259
20947;259
21076;259
21199;259
21330;257
21433;257
21543;257
21645;257
21745;257
21847;257
21948;257
22051;257
22158;257
22267;257
22377;257
22478;257
22580;257
22679;257
22784;257
22886;257
22988;257
23089;257
23214;257
23313;257
23413;257
23519;257
23620;257
23724;257
23829;257
23931;257
24032;257
24131;257
24233;257
24334;257
24433;257
24537;257
24639;257
24745;257
24848;257
24948;257
25052;257
25157;257
25259;257
25373;257
25476;257
25575;257
25674;257
25775;257
25876;257
25977;257
26078;257
26175;257
26276;257
26382;257
26492;257
26602;257
26702;257
26802;257
26907;257
27010;257
27108;257
27215;257
27314;257
27415;257
27516;257
27619;257
27719;257
27822;257
27920;257
28024;257
28123;257
28223;257
28325;257
28433;257
28542;257
28643;257
28745;257
28845;257
28944;257
29046;257
29152;257
29272;257
29374;257
29478;257
29582;257
29689;257
29800;257
29937;257
30111;257
30220;257
30324;257
30457;257
30620;257
30779;257
30932;257
31037;257
31137;257
31263;257
31365;257
31466;257
31571;257
31673;257
31778;257
31881;257
31989;257
32092;257
32241;257
32365;257
32505;257
32643;257
32752;257
32889;257
33027;257
33184;257
33342;257
33482;257
33624;257
33763;257
33901;257
34037;257
34149;257
34249;257
34352;257
34453;257
34554;257
34660;257
34764;257
34867;257
34969;257
35070;257
35172;257
35299;257
35401;257
35506;257
35609;257
35720;257
35824;257
35930;257
36033;257
36136;257
36242;257
36344;257
36447;257
36557;257
36666;257
36775;257
36878;257
36982;257
37084;257
37186;257
37294;257
37394;257
37495;257
37598;257
37700;257
37807;257
37911;257
38014;257
38115;257
38218;257
38321;257
38427;257
38530;257
38631;257
38736;257
38843;257
38946;257
39045;257
39146;257
39250;257
39361;257
39466;257
39567;257
39668;257
39770;257
39872;257
39979;257
40081;257
40187;257
40288;257
40391;257
40494;257
40597;257
40699;257
40804;257
40905;257
41010;257
41112;257
41215;257
41321;257
41423;257
41528;257
41636;257
41741;257
41842;257
41945;257
42045;257
42144;257
42245;257
42349;257
42452;257
42557;257
42657;257
42764;257
42865;257
42970;257
43111;257
43264;257
43421;257
43554;257
43660;257
43764;257
43868;257
43977;257
44080;257
44179;257
44280;257
44379;257
44505;257
44643;257
44753;257
44855;257
44958;257
45059;257
45161;257
45262;257
45389;257
45498;257
45601;257
45702;257
45805;257
45907;257
46026;257
46169;257
46272;257
46373;257
46474;257
46577;257
46684;257
46801;257
46946;257
47058;257
47195;257
47340;257
47463;257
47565;257
47665;257
47769;257
47877;257
47992;257
48138;257
48278;257
48420;257
48569;257
48725;257
48877;257
49033;257
49183;257
49332;257
49497;257
49637;257
49785;257
49934;257
50081;257
50246;257
50404;257
50551;257
50712;257
50825;257
50929;257
51029;257
51130;257
51228;257
51328;257
51453;257
51553;257
51683;257
51836;257
51975;257
52118;257
52242;257
52371;257
52473;257
52574;257
52676;257
52779;257
52882;257
52987;257
53089;257
53196;257
53306;257
53419;257
53555;257
53740;257
53919;257
54091;257
54260;257
54438;257
54603;257
54721;257
54854;256
54958;256
55062;256
55163;256
55273;256
55389;256
55503;256
55675;256
55856;256
56006;256
56108;256
56211;256
56316;256
56418;256
56533;256
56702;256
56878;256
57047;256
57148;256
57253;256
57360;256
57473;256
57600;256
57758;256
57940;256
58118;256
58299;256
58414;256
58517;256
58619;256
58725;256
58823;256
58924;256
59026;256
59126;256
59224;256
59327;256
59429;256
59535;256
59636;256
59738;256
59837;256
59949;256
60091;256
60269;256
60444;256
60601;256
60703;256
60814;256
60933;256
61038;256
61140;256
61278;256
61452;256
61631;256
61785;256
61885;256
61993;256
62094;256
62198;256
62298;256
62406;256
62510;256
62611;256
62712;256
62814;256
62914;256
63019;256
63119;256
63218;256
63321;256
63420;256
63535;256
63647;256
63749;256
63849;256
63953;256
64059;256
64159;256
64260;256
64360;256
64465;256
64592;256
64693;256
64799;256
64902;256
65004;256
65106;256
65208;256
65314;256
65415;256
65542;256
65695;256
65812;256
65952;256
66054;256
66155;256
66256;256
66355;256
66456;256
66557;256
66659;256
66762;256
66865;256
66966;256
67073;256
67171;256
67275;256
67374;256
67477;256
67589;256
67694;256
67808;256
67960;256
68090;256
68236;256
68430;256
68598;256
68704;256
68811;256
68914;256
69022;256
69152;256
69252;256
69356;256
69480;256
69633;256
69808;256
69986;256
70112;256
70251;256
70398;256
70555;256
70703;256
70816;256
70985;256
71165;256
71284;256
71441;256
71584;256
71738;256
71920;256
72100;256
72256;256
72429;256
72597;256
72873;256
73067;256
73314;256
73477;256
73586;256
73732;256
73893;256
74025;256
74239;256
74460;256
74696;256
74957;256
75151;256
75267;256
75368;256
75470;256
75573;256
75689;256
75804;256
75911;256
76010;256
76112;256
76215;256
76315;256
76422;256
76524;256
76627;256
76729;256
76831;256
76935;256
77035;256
77141;256
77242;256
77346;256
77445;256
77549;256
77649;256
77760;256
77862;256
77990;256
78136;256
78292;256
78477;256
78642;256
78762;256
78911;256
79063;256
79245;256
79428;256
79559;256
79714;256
80014;256
80185;256
80296;256
80435;256
80605;256
80826;256
81059;256
81190;256
81294;256
81395;256
81496;256
81594;256
81697;256
81825;256
81934;256
82038;256
82149;256
82267;256
82373;256
82476;256
82580;256
82690;256
82831;256
82974;256
83101;256
83206;256
83310;256
83412;256
83517;256
83618;256
83723;256
83829;256
83937;256
84048;256
84205;256
84342;256
84469;256
84639;256
84815;256
84955;256
85098;256
85272;256
85514;256
85706;256
85827;256
85930;256
86038;256
86184;256
86327;256
86441;256
86630;256
86844;256
87041;256
87254;256
87447;256
87572;256
87677;256
87793;256
87908;256
88008;256
88111;256
88213;256
88323;256
88432;256
88535;256
88635;256
88760;256
88877;256
88981;256
89098;256
89211;256
89311;256
89415;256
89516;256
89619;256
89720;256
89830;256
89932;256
90033;256
90134;256
90237;256
90341;256
90450;256
90594;256
90727;256
90826;256
90971;256
91161;256
91311;256
91419;256
91530;256
91634;256
91740;256
91851;256
91958;256
92061;256
92163;256
92280;256
92383;256
92484;256
92595;256
92705;256
92830;256
92938;256
93061;256
93234;256
93416;256
93558;256
93663;256
93772;256
93905;256
94015;256
94132;256
94245;256
94373;256
94519;256
94664;256
94771;256
94928;256
95145;256
95340;256
95524;256
95696;256
95891;256
96151;256
96293;256
96400;256
96501;256
96635;256
96776;256
96881;256
96985;256
97104;256
97211;256
97314;256
97418;256
97517;256
97621;256
97722;256
97823;256
97924;256
98029;256
98135;256
98236;256
98337;256
98438;256
98542;256
98648;256
98808;256
98979;256
99122;256
99225;256
99330;256
99434;256
99539;256
99645;256
99749;256
99851;256
99959;256
100076;256
100179;256
100286;256
100391;256
100494;256
100657;256
100842;256
100965;256
101136;256
101308;256
101475;256
101670;256
101899;256
102167;256
102392;256
102582;256
102786;256
102972;256
103156;256
103385;256
103612;256
103848;256
104065;256
104248;256
104427;256
104614;256
104795;256
105002;256
105194;256
105347;256
105522;256
105709;256
105919;256
106131;256
106326;256
106441;256
106544;256
106680;256
106856;256
107087;256
107257;256
107364;256
107477;256
107586;256
107725;256
107866;256
108009;256
108178;256
108302;256
108416;256
108523;256
108660;256
108810;256
108959;256
109083;256
109185;256
109327;256
109465;256
109581;256
109684;256
109786;256
109886;256
109985;256
110086;256
110211;256
110309;256
110411;256
110511;256
110617;256
110718;256
110821;256
110926;256
111028;256
111132;256
111233;256
111335;256
111439;256
111539;256
111640;256
111747;256
111847;256
111951;256
112050;256
112164;256
112281;256
112428;256
112565;256
112702;256
112823;256
112926;256
113028;256
113134;256
113235;256
113337;256
113439;256
113541;256
113648;256
113751;256
113852;256
113954;256
114056;256
114158;256
114284;256
114386;256
114485;256
114588;256
114689;256
114799;256
114898;256
114998;256
115100;256
115218;256
115320;256
115420;256
115523;256
115623;256
115724;256
115824;256
115927;256
116029;256
116133;256
116252;256
116393;256
116528;256
116632;256
116753;256
116857;256
116959;256
117063;256
117165;256
117268;256
117368;256
117470;256
117571;256
117676;256
117780;256
117882;256
117983;256
118088;256
118194;256
118315;256
118416;256
118520;256
118622;256
118725;256
118827;256
118930;256
119032;256
119133;256
119237;256
119339;256
119440;256
119545;256
119648;256
119751;256
119858;256
119977;256
120085;256
120191;256
120313;256
120415;256
120518;256
120621;256
120732;256
120833;256
120937;256
121041;256
121143;256
121246;256
121351;256
121457;256
121559;256
121662;256
121764;256
121873;256
121976;256
122077;256
122180;256
122285;256
122389;256
122490;256
122595;256
122699;256
122802;256
122909;256
123013;256
123120;256
123222;256
123324;256
123426;256
123527;256
123628;256
123732;256
123834;256
123939;256
124042;256
124145;256
124250;256
124357;256
124464;256
124568;256
124673;256
124776;256
124879;256
124983;256
125087;256
125194;256
125297;256
125398;256
125504;256
125661;256
125778;256
125917;256
126023;256
126126;256
126226;256
126331;256
126430;256
126575;256
126698;256
126799;256
126897;256
127027;256
127169;256
127277;256
127389;256
127502;256
127614;256
127724;256
127834;256
127948;256
128061;256
128167;256
128281;256
128395;256
128505;256
128616;256
128735;256
128856;256
128970;256
129087;256
129208;256
129324;256
129447;256
129559;256
129686;256
129813;256
129931;256
130052;256
130160;256
130277;256
130424;256
130539;256
130667;256
130783;256
130896;256
131007;256
131121;256
131253;256
131381;256
131495;256
131610;256
131724;256
131871;256
131984;256
132103;256
132224;256
132364;256
132485;256
132627;256
132798;256
132951;256
133101;256
133246;256
133395;256
133559;256
133739;256
133900;256
134060;256
134179;256
134299;256
134491;256
134675;256
134822;256
134940;256
135059;256
135173;256
135306;256
135436;256
135599;256
135770;256
135955;256
136136;256
136307;256
136493;256
136668;256
136843;256
136963;256
137081;256
137195;256
137314;256
137438;256
137558;256
137677;256
137799;256
137919;256
138043;256
138162;256
138279;256
138403;256
138525;256
138650;256
138769;256
138888;256
139009;256
139126;256
139252;256
139368;256
139483;256
139600;256
139712;256
139836;256
139953;256
140070;256
140188;256
140305;256
140421;256
140555;256
140688;256
140814;256
140928;256
141053;256
141170;256
141287;256
141416;256
141535;256
141662;256
141782;256
141901;256
142017;256
142138;256
142268;256
142384;256
142506;256
142623;256
142752;256
142878;256
143002;256
143119;256
143272;256
143442;256
143622;256
143740;256
143853;256
143977;256
144108;256
144375;256
144563;256
144786;256
145005;256
145143;256
145247;256
145346;256
145445;256
145546;256
145655;256
145782;256
145882;256
145993;256
146112;256
146253;256
146353;256
146452;256
146561;256
146702;256
146844;256
146983;256
147121;256
147269;256
147374;256
147480;256
147622;256
147770;256
147925;256
148157;256
148372;256
148591;256
148831;256
149050;256
149240;256
149477;256
149680;256
149843;256
149977;256
150108;256
150221;256
150341;256
150460;256
150595;256
150795;256
151034;256
151314;256
151554;256
151785;256
151958;256
152066;256
152170;256
152274;256
152373;256
152469;256
152568;256
152667;256
152778;256
152874;256
152973;256
153068;256
153165;256
153262;256
153357;256
153464;256
153578;256
153683;256
153839;256
153959;256
154111;256
154236;256
154361;256
154470;256
154574;256
154704;256
154820;256
154951;256
155103;256
155272;256
155426;256
155606;256
155883;256
156032;256
156185;256
156342;256
156453;256
156560;256
156686;256
156800;256
156898;256
157001;256
157105;256
157207;256
157305;256
157409;256
