1131;248
1480;248
1788;248
2102;248
2422;248
2722;248
3013;248
3316;248
4780;248
5298;248
5590;248
5873;248
6181;248
6477;248
6755;248
7042;248
8296;248
8657;248
8954;248
9237;248
9536;248
9837;248
10125;248
10408;248
10702;248
11004;248
11305;248
11604;248
11892;248
12206;248
12499;248
12792;248
13086;248
13374;248
13661;248
13939;248
14219;248
14534;248
14832;248
15116;248
15422;248
15743;248
16019;248
16300;248
16583;248
16861;248
17152;248
17423;248
17695;248
17949;248
18208;248
18469;248
18738;248
19075;248
19324;248
19594;248
19844;248
20082;248
20321;248
20559;248
20793;248
21034;248
21273;248
21508;248
21757;248
21989;248
22210;248
22425;248
22641;248
22855;248
23068;248
23271;248
23474;248
23677;248
23871;248
24066;248
24260;248
24445;248
24720;243
24915;243
25158;242
25369;242
25642;237
25838;237
26021;237
26198;237
26394;237
26562;237
26774;235
26941;235
27109;235
27274;235
27479;233
27653;233
27828;233
28031;233
28188;233
28344;233
28525;233
28682;233
28846;233
29504;233
29687;233
29860;233
30028;233
30204;233
30390;233
30610;233
30830;232
31010;232
31179;232
31400;231
31580;231
32039;231
32212;231
32373;231
32554;231
32722;231
32888;231
33102;231
33263;231
33424;231
33602;231
33780;231
33951;231
34126;231
34304;231
34465;231
34633;231
34801;231
34968;231
35132;231
35288;231
35459;231
35641;231
35796;231
35959;231
36122;231
36275;231
36427;231
36586;231
36744;231
36918;231
37081;231
37247;231
37403;231
37580;231
37757;231
37933;231
38095;231
38262;231
38424;231
38596;231
38776;231
38942;231
39097;231
39274;231
39450;231
39608;231
39779;231
39952;231
40126;231
40302;231
40455;231
40638;231
40795;231
40962;231
41123;231
41288;231
41458;231
41614;231
41791;231
41954;231
42109;231
42299;231
42470;231
42623;231
42786;231
42944;231
43099;231
43258;231
43494;230
43672;230
43838;230
44013;230
44171;230
44341;230
44510;230
44681;230
44845;230
45021;230
45178;230
45335;230
45523;230
45684;230
45843;230
46008;230
46164;230
46345;230
46517;230
46672;230
46833;230
47005;230
47164;230
47320;230
47482;230
47643;230
47805;230
47966;230
48121;230
48283;230
48443;230
48598;230
48761;230
48919;230
49083;230
49239;230
49406;230
49567;230
49728;230
49886;230
50044;230
50205;230
50359;230
50513;230
50676;230
50847;230
51013;230
51177;230
51337;230
51510;230
51676;230
51878;230
52041;230
52202;230
52382;230
52556;230
52716;230
52890;230
53061;230
53233;230
53402;230
53567;230
53751;230
53935;230
54094;230
54272;230
54429;230
54584;230
54748;230
54923;230
55081;230
55235;230
55396;230
55560;230
55716;230
55879;230
56040;230
56197;230
56354;230
56508;230
56670;230
56828;230
56983;230
57150;230
57308;230
57480;230
57683;230
57911;230
58079;230
58231;230
58385;230
58552;230
58720;230
58875;230
59034;230
59194;230
59348;230
59504;230
59659;230
59849;230
60006;230
60163;230
60319;230
60478;230
60639;230
60795;230
60955;230
61109;230
61261;230
61416;230
61579;230
61739;230
61904;230
62060;230
62223;230
62386;230
62544;230
62700;230
62863;230
63019;230
63178;230
63334;230
63496;230
63654;230
63817;230
64002;230
64158;230
64313;230
64467;230
64628;230
64790;230
64945;230
65102;230
65266;230
65422;230
65586;230
65744;230
65912;230
66067;230
66228;230
66393;230
66548;230
66703;230
66860;230
67022;230
67180;230
67338;230
67496;230
67660;230
67821;230
67988;230
68151;230
68310;230
68467;230
68623;230
68789;230
68946;230
69103;230
69261;230
69440;230
69597;230
69755;230
69942;230
70104;230
70259;230
70414;230
70579;230
70741;230
70903;230
71060;230
71223;230
71379;230
71536;230
71692;230
71857;230
72023;230
72182;230
72344;230
72600;230
72846;230
73085;230
73318;230
73511;230
73680;230
73858;230
74071;230
74296;230
74496;230
74682;230
74883;230
75075;230
75294;230
75555;230
75803;230
76001;230
76180;230
76359;230
76550;230
76766;230
76941;230
77146;230
77368;230
77592;230
77781;230
77988;230
78214;230
78402;230
78589;230
78850;230
79143;230
79379;230
79567;230
79749;230
79930;230
80154;230
80343;230
80522;230
80710;230
80900;230
81074;230
81252;230
81441;230
81641;230
81866;230
82035;230
82189;230
82346;230
82500;230
82664;230
82832;230
82988;230
83238;230
83425;230
83588;230
83747;230
83908;230
84075;230
84233;230
84397;230
84556;230
84713;230
84877;230
85041;230
85196;230
85352;230
85508;230
85670;230
85828;230
85985;230
86146;230
86315;230
86479;230
86634;230
86804;230
86960;230
87116;230
87271;230
87433;230
87588;230
87746;230
87911;230
88081;230
88237;230
88394;230
88555;230
88711;230
88869;230
89026;230
89189;230
89347;230
89506;230
89663;230
89828;230
89987;230
90152;230
90309;230
90472;230
90637;230
90797;230
90965;230
91123;230
91306;230
91461;230
91623;230
91780;230
91952;230
92128;230
92327;230
92528;230
92705;230
92886;230
93055;230
93218;230
93379;230
93536;230
93691;230
93852;230
94019;230
94182;230
94342;230
94495;230
94658;230
94814;230
94971;230
95133;230
95293;230
95447;230
95607;230
95769;230
95925;230
96084;230
96253;230
96421;230
96576;230
96733;230
96893;230
97056;230
97213;230
97372;230
97530;230
97691;230
97848;230
98005;230
98171;230
98327;230
98487;230
98647;230
98810;230
98966;230
99125;230
99280;230
99442;230
99599;230
99755;230
99914;230
100077;230
100240;230
100400;230
100558;230
100722;230
100882;230
101036;230
101199;230
101356;230
101513;230
101669;230
101832;230
101989;230
102147;230
102307;230
102469;230
102625;230
102785;230
102943;230
103105;230
103266;230
103428;230
103599;230
103755;230
103910;230
104066;230
104237;230
104393;230
104548;230
104702;230
104877;230
105033;230
105190;230
105348;230
105508;230
105684;230
105843;230
106001;230
106175;230
106357;230
106527;230
106692;230
106859;230
107032;230
107197;230
107359;230
107515;230
107679;230
107859;230
108032;230
108199;230
108376;230
108549;230
108718;230
108891;230
109058;230
109225;230
109400;230
109556;230
109719;230
109879;230
110035;230
110204;230
110363;230
110519;230
110681;230
110844;230
111003;230
111159;230
111316;230
111481;230
111661;230
111840;230
112022;230
112189;230
112361;230
112549;230
112724;230
112898;230
113069;230
113236;230
113403;230
113567;230
113746;230
113919;230
114094;230
114270;230
114440;230
114616;230
114782;230
114955;230
115128;230
115293;230
115458;230
115642;230
115816;230
115990;230
116166;230
116347;230
116528;230
116684;230
116850;230
117042;230
117219;230
117422;230
117633;230
117858;230
118053;230
118217;230
118400;230
118560;230
118730;230
118889;230
119046;230
119201;230
119363;230
119519;230
119679;230
119837;230
120002;230
120166;230
120352;230
120515;230
120685;230
120865;230
121031;230
121195;230
121375;230
121546;230
121710;230
121901;230
122072;230
122241;230
122426;230
122582;230
122756;230
122927;230
123094;230
123269;230
123450;230
123616;230
123780;230
123946;230
124103;230
124271;230
124447;230
124626;230
124809;230
125000;230
125182;230
125364;230
125582;230
125808;230
126002;230
126181;230
126362;230
126529;230
126710;230
126888;230
127047;230
127225;230
127387;230
127551;230
127721;230
127909;230
128066;230
128229;230
128391;230
128554;230
128709;230
128866;230
129023;230
129183;230
129341;230
129501;230
129659;230
129826;230
130014;230
130171;230
130354;230
130520;230
130708;230
130885;230
131056;230
131222;230
131390;230
131548;230
131713;230
131874;230
132039;230
132198;230
132383;230
132565;230
132737;230
132902;230
133065;230
133223;230
133379;230
133536;230
133714;230
133873;230
134053;230
134210;230
134365;230
134530;230
134694;230
134855;230
135014;230
135180;230
135341;230
135517;230
135673;230
135851;230
136020;230
136190;230
136349;230
136521;230
136681;230
136841;230
136996;230
137167;230
137329;230
137499;230
137656;230
137837;230
138001;230
138166;230
138324;230
138489;230
138651;230
138823;230
139084;230
139262;230
139467;230
139652;230
139843;230
140037;230
140247;230
140436;230
140654;230
140853;230
141038;230
141220;230
141405;230
141590;230
141774;230
141962;230
142164;230
142370;230
142600;230
142812;230
143064;230
143306;230
143513;230
143710;230
143909;230
144179;230
144441;230
144701;230
144941;230
145141;230
145336;230
145534;230
145746;230
145958;230
146182;230
146416;230
146613;230
146801;230
146993;230
147174;230
147367;230
147546;230
147727;230
147930;230
148103;230
148279;230
148461;230
148671;230
148847;230
149037;230
149214;230
149414;230
149603;230
149800;230
149996;230
150181;230
150378;230
150571;230
150764;230
150957;230
151143;230
151335;230
151520;230
151704;230
151884;230
152085;230
152272;230
152473;230
152693;230
152896;230
153079;230
153258;230
153446;230
153630;230
153813;230
153994;230
154187;230
154370;230
154562;230
154751;230
154941;230
155165;230
155357;230
155549;230
155731;230
155924;230
156104;230
156288;230
156475;230
156665;230
156846;230
157028;230
157210;230
157389;230
157568;230
157767;230
157962;230
158151;230
158334;230
158525;230
158738;230
158931;230
159137;230
159330;230
159513;230
159756;230
159951;230
160160;230
160368;230
160558;230
160756;230
160937;230
161142;230
161335;230
161547;230
161770;230
161976;230
162177;230
162378;230
162568;230
162784;230
162983;230
163173;230
163380;230
163574;230
163759;230
163958;230
164144;230
164322;230
164516;230
164703;230
164911;230
165109;230
165296;230
165484;230
165689;230
165890;230
166073;230
166265;230
166470;230
166653;230
166846;230
167037;230
167222;230
167408;230
167595;230
167783;230
167971;230
168158;230
168350;230
168540;230
168723;230
168921;230
169107;230
169301;230
169492;230
169675;230
169868;230
170076;230
170258;230
170449;230
170643;230
170838;230
171038;230
171219;230
171405;230
171585;230
171766;230
171959;230
172146;230
172332;230
172542;230
172734;230
172962;230
173214;230
173463;230
173688;230
173955;230
174251;230
174542;230
174806;230
174992;230
175179;230
175433;230
175700;230
175985;230
176216;230
176451;230
176725;230
176982;230
177295;230
177578;230
177746;230
177954;230
178258;230
178520;230
178675;230
178844;230
179004;230
179156;230
179312;230
179468;230
179624;230
179778;230
179932;230
180088;230
180245;230
180404;230
180559;230
180722;230
180887;230
181044;230
181200;230
181357;230
181510;230
181666;230
181823;230
181978;230
182135;230
182289;230
182445;230
182600;230
182756;230
182943;230
183099;230
183257;230
183418;230
183574;230
183731;230
183891;230
184047;230
184205;230
184360;230
184518;230
184674;230
184834;230
184999;230
185156;230
185313;230
185468;230
185627;230
185784;230
185941;230
186098;230
186255;230
186429;230
186586;230
186760;230
186951;230
187113;230
187268;230
187424;230
187580;230
187735;230
187894;230
188056;230
188263;229
188420;229
188595;229
188750;229
188937;229
189118;229
189281;229
189439;229
189603;229
189766;229
189935;229
190095;229
190253;229
190409;229
190563;229
190729;229
190888;229
191054;229
191210;229
191369;229
191524;229
191681;229
191840;229
191996;229
192151;229
192308;229
192465;229
192626;229
192785;229
192945;229
193105;229
193262;229
193422;229
193575;229
193734;229
193891;229
194050;229
194210;229
194369;229
194526;229
194683;229
194843;229
195035;229
195190;229
195345;229
195500;229
195660;229
195816;229
195971;229
196128;229
196283;229
196439;229
196593;229
196749;229
196905;229
197069;229
197231;229
197386;229
197544;229
197699;229
197857;229
198014;229
198169;229
198327;229
198492;229
198665;229
198837;229
199129;229
199287;229
199445;229
199602;229
199759;229
199916;229
200077;229
200238;229
200396;229
200554;229
200719;229
200878;229
201041;229
201202;229
201361;229
201517;229
201674;229
201836;229
201997;229
202160;229
202321;229
202479;229
202637;229
202796;229
202960;229
203130;229
203294;229
203475;229
203647;229
203817;229
203981;229
204147;229
204301;229
204457;229
204626;229
204862;229
205056;229
205248;229
205405;229
205561;229
205719;229
205883;229
206042;229
206197;229
206356;229
206530;229
206685;229
206843;229
207002;229
207171;229
207327;229
207482;229
207651;229
207807;229
207967;229
208126;229
208286;229
208441;229
208598;229
208754;229
208914;229
209071;229
209249;229
209406;229
209569;229
209726;229
209889;229
210051;229
210206;229
210362;229
210516;229
210695;229
210852;229
211013;229
211181;229
211346;229
211501;229
211657;229
211816;229
211979;229
212134;229
212288;229
212454;229
212621;229
212782;229
212938;229
213099;229
213262;229
213418;229
213576;229
213736;229
213893;229
214064;229
214231;229
214386;229
214544;229
214699;229
214863;229
215020;229
215181;229
215339;229
215499;229
215667;229
215832;229
215988;229
216149;229
216304;229
216461;229
216638;229
216799;229
216955;229
217128;229
217301;229
217459;229
217614;229
217771;229
217934;229
218090;229
218248;229
218404;229
218570;229
218732;229
218894;229
219060;229
219247;229
219404;229
219561;229
219724;229
219884;229
220043;229
