1949;247
2447;247
2924;247
3367;247
3773;247
4203;247
4611;247
5250;247
5835;247
6239;247
6667;247
7157;247
7603;247
8139;247
8569;247
9457;247
9859;247
10271;247
10678;247
11088;247
11497;247
11899;247
12310;247
12746;247
13171;247
13589;247
14003;247
14419;247
14809;247
15217;247
15606;247
15994;247
16393;247
16794;247
17258;247
17643;247
18031;247
18469;247
18881;247
19298;247
19695;247
20090;247
20475;247
20853;247
21244;247
21631;247
22014;247
22392;247
22761;247
23141;247
23534;247
23954;247
24331;247
24702;247
25062;247
25425;247
25789;247
26147;247
26507;247
26888;247
27239;247
27587;247
27955;247
28312;247
28675;247
29147;247
29467;247
29850;247
30237;247
30554;247
30876;247
31179;247
31527;247
31829;247
32214;242
32514;242
32808;242
33127;242
33473;242
33766;242
34116;241
34499;238
34774;238
35054;238
35348;238
35612;238
35935;238
36204;238
36460;238
36718;238
37038;237
37278;237
37519;237
37763;237
38020;237
38381;237
38746;236
39053;236
39314;236
39578;236
39856;236
40123;236
40392;236
40653;236
40922;236
41195;236
41468;236
41738;236
42008;236
42264;236
42521;236
42845;234
43129;234
43429;234
43804;234
44092;234
44347;234
44607;234
44863;234
45119;234
45370;234
45629;234
45889;234
46274;234
46534;234
46793;234
47044;234
47431;234
47789;234
48047;234
48300;234
48569;234
48863;234
49173;234
49437;234
49698;234
49940;234
50195;234
50445;234
50711;234
50972;234
51228;234
51480;234
51730;234
51991;234
52243;234
52506;234
52763;234
53030;234
53284;234
53570;234
53854;234
54133;234
54387;234
54645;234
54899;234
55151;234
55404;234
55658;234
55915;234
56178;234
56425;234
56671;234
56931;234
57191;234
57445;234
57696;234
57951;234
58209;234
58482;234
58767;234
59144;234
59399;234
59650;234
59901;234
60166;234
60417;234
60677;234
60944;234
61207;234
61460;234
61717;234
61981;234
62238;234
62489;234
62738;234
62996;234
63286;234
63565;234
63843;234
64107;234
64357;234
64615;234
64881;234
65152;234
65410;234
65666;234
65927;234
66206;234
66472;234
66725;234
66988;234
67247;234
67502;234
67756;234
68042;234
68302;234
68553;234
68810;234
69149;234
69430;234
69708;234
69977;234
70238;234
70510;234
70767;234
71032;234
71299;234
71544;234
71799;234
72057;234
72317;234
72581;234
72847;234
73115;234
73377;234
73649;234
73999;234
74260;234
74507;234
74759;234
75019;234
75275;234
75536;234
75793;234
76047;234
76301;234
76572;234
76830;234
77134;234
77401;234
77653;234
77914;234
78179;234
78451;234
78716;234
79071;234
79331;234
79586;234
79840;234
80113;234
80375;234
80633;234
80890;234
81155;234
81419;234
81678;234
81957;234
82216;234
82474;234
82729;234
82988;234
83257;234
83536;234
83818;234
84085;234
84356;234
84633;234
84918;234
85183;234
85431;234
85690;234
85948;234
86220;234
86489;234
86766;234
87029;234
87303;234
87569;234
87833;234
88118;234
88387;234
88654;234
88946;234
89253;234
89533;234
89873;234
90222;234
90551;234
90806;234
91070;234
91334;234
91600;234
91862;234
92131;234
92396;234
92667;234
92926;234
93208;234
93485;234
93784;234
94050;234
94316;234
94565;234
94815;234
95095;234
95349;234
95598;234
95902;234
96171;234
96423;234
96683;234
96940;234
97204;234
97479;234
97737;234
98004;234
98271;234
98539;234
98821;234
99178;234
99447;234
99715;234
99993;234
100250;234
100508;234
100770;234
101036;234
101295;234
101554;234
101821;234
102098;234
102364;234
102626;234
102898;234
103164;234
103434;234
103708;234
104081;234
104392;234
104654;234
104937;234
105221;234
105516;234
105767;234
106085;234
106338;234
106594;234
106933;234
107326;234
107692;234
107950;234
108217;234
108474;234
108721;234
109038;234
109319;234
109609;234
109889;234
110167;234
110416;234
110664;234
110915;234
111183;234
111443;234
111715;234
111979;234
112244;234
112503;234
112758;234
113041;234
113307;234
113564;234
113819;234
114101;234
114371;234
114729;234
115008;234
115258;234
115507;234
115761;234
116041;234
116309;234
116567;234
116822;234
117148;234
117402;234
117665;234
117925;234
118182;234
118440;234
118696;234
119056;234
119350;234
119622;234
119902;234
120155;234
120407;234
120680;234
120950;234
121216;234
121470;234
121738;234
122037;234
122335;234
122610;234
122871;234
123138;234
123400;234
123674;234
123961;234
124234;234
124514;234
124784;234
125042;234
125304;234
125578;234
125856;234
126125;234
126388;234
126652;234
126925;234
127196;234
127463;234
127740;234
128023;234
128292;234
128557;234
128819;234
129167;234
129449;234
129733;234
130057;234
130334;234
130585;234
130851;234
131140;234
131413;234
131723;234
131979;234
132244;234
132525;234
132804;234
133075;234
133344;234
133607;234
133865;234
134129;234
134417;234
134703;234
134985;234
135335;234
135591;234
135843;234
136101;234
136364;234
136620;234
136877;234
137157;234
137422;234
137686;234
137960;234
138226;234
138501;234
138747;234
139058;234
139371;234
139657;234
139936;234
140202;234
140461;234
140722;234
140994;234
141260;234
141525;234
141781;234
142035;234
142334;234
142607;234
142872;234
143138;234
143394;234
143644;234
143894;234
144169;234
144438;234
144694;234
144948;234
145225;234
145492;234
145763;234
146063;234
146327;234
146578;234
146835;234
147104;234
147376;234
147632;234
147896;234
148199;234
148492;234
148790;234
149113;234
149380;234
149664;234
149982;234
150353;234
150626;234
150894;234
151146;234
151410;234
151666;234
151934;234
152214;234
152496;234
152762;234
153032;234
153296;234
153572;234
153824;234
154093;234
154345;234
154609;234
154881;234
155178;234
155440;234
155698;234
155954;234
156224;234
156506;234
156796;234
157057;234
157322;234
157578;234
157848;234
158172;234
158462;234
158712;234
159009;234
159266;234
159521;234
159793;234
160053;234
160309;234
160585;234
160864;234
161168;234
161438;234
161709;234
161975;234
162240;234
162505;234
162782;234
163042;234
163296;234
163556;234
163813;234
164078;234
164364;234
164634;234
164946;234
165215;234
165493;234
165779;234
166055;234
166308;234
166565;234
166817;234
167101;234
167555;234
167859;234
168114;234
168381;234
168645;234
168939;234
169232;234
169483;234
169745;234
170018;234
170292;234
170586;234
170858;234
171111;234
171360;234
171612;234
171866;234
172122;234
172379;234
172625;234
172885;234
173158;234
173425;234
173692;234
173949;234
174214;234
174479;234
174741;234
175026;234
175314;234
175594;234
175856;234
176122;234
176383;234
176643;234
176913;234
177173;234
177431;234
177696;234
177964;234
178238;234
178506;234
178769;234
179073;234
179332;234
179602;234
179881;234
180191;234
180456;234
180728;234
181009;234
181267;234
181531;234
181794;234
182064;234
182321;234
182580;234
182854;234
183136;234
183399;234
183662;234
183920;234
184173;234
184433;234
184714;234
184980;234
185267;234
185537;234
185805;234
186064;234
186335;234
186591;234
186848;234
187109;234
187354;234
187610;234
187883;234
188160;234
188426;234
188683;234
189014;234
189300;234
189559;234
189834;234
190138;234
190409;234
190689;234
190960;234
191228;234
191483;234
191751;234
192013;234
192313;234
192583;234
192849;234
193113;234
193374;234
193635;234
193902;234
194184;234
194443;234
194700;234
194972;234
195235;234
195519;234
195777;234
196031;234
196279;234
196538;234
196789;234
197135;234
197419;234
197666;234
197966;234
198230;234
198488;234
198768;234
199120;234
199394;234
199649;234
199910;234
200198;234
200470;234
200743;234
201015;234
201271;234
201533;234
201813;234
202114;234
202392;234
202649;234
202917;234
203190;234
203455;234
203721;234
204002;234
204277;234
204537;234
204825;234
205158;234
205443;234
205730;234
206011;234
206282;234
206549;234
206800;234
207063;234
207329;234
207593;234
207853;234
208119;234
208381;234
208641;234
208934;234
209262;234
209519;234
209869;234
210228;234
210517;234
210800;234
211064;234
211327;234
211587;234
211852;234
212132;234
212390;234
212661;234
212926;234
213196;234
213451;234
213719;234
213983;234
214245;234
214496;234
214753;234
215014;234
215283;234
215539;234
215810;234
216080;234
216363;234
216643;234
216924;234
217178;234
217461;234
217724;234
217999;234
218271;234
218537;234
218799;234
219158;234
219412;234
219666;234
219944;234
220210;234
220582;234
220871;234
221154;234
221402;234
221651;234
221908;234
222168;234
222433;234
222690;234
222949;234
223207;234
223473;234
223732;234
223988;234
224253;234
224519;234
224770;234
225047;234
225314;234
225571;234
225845;234
226108;234
226390;234
226676;234
226927;234
227306;234
227634;234
227881;234
228132;234
228391;234
228648;234
228954;234
229254;234
229526;234
229780;234
230033;234
230305;234
230576;234
230870;234
231164;234
231455;234
231709;234
231971;234
232229;234
232487;234
232747;234
233017;234
233286;234
233549;234
233805;234
234069;234
234342;234
234621;234
234894;234
235166;234
235422;234
235682;234
236013;234
236318;234
236598;234
236872;234
237148;234
237416;234
237680;234
237943;234
238203;234
238454;234
238719;234
239057;234
239330;234
239588;234
239839;234
240100;234
240357;234
240616;234
240869;234
241148;234
241425;234
241688;234
241934;234
242208;234
242464;234
242718;234
242977;234
243246;234
243514;234
243807;234
244069;234
244321;234
244574;234
244824;234
245097;234
245368;234
245626;234
245886;234
246194;234
246486;234
246778;234
247039;234
247290;234
247543;234
247806;234
248075;234
248357;234
248606;234
248881;234
249207;234
249528;234
249789;234
250067;234
250320;234
250575;234
250832;234
251135;234
251414;234
251686;234
251944;234
252211;234
252469;234
252722;234
252987;234
253258;234
253521;234
253789;234
254055;234
254321;234
254591;234
254850;234
255110;234
255378;234
255637;234
255897;234
256239;234
256513;234
256803;234
257085;234
257337;234
257585;234
257902;234
258159;234
258413;234
258670;234
258995;234
259270;234
259537;234
259806;234
260083;234
260336;234
260594;234
260862;234
261168;234
261453;234
261723;234
261987;234
262241;234
262510;234
262770;234
263034;234
263299;234
263560;234
263847;234
264159;234
264424;234
264700;234
264976;234
265239;234
265494;234
265753;234
266021;234
266303;234
266585;234
266845;234
267117;234
267388;234
267650;234
267906;234
268180;234
268438;234
268706;234
269036;234
269319;234
269576;234
269930;234
270318;234
270576;234
270827;234
271094;234
271348;234
271636;234
271923;234
272206;234
272466;234
272722;234
272984;234
273258;234
273522;234
273787;234
274056;234
274339;234
274607;234
274867;234
275234;234
275493;234
275752;234
276011;234
276269;234
276537;234
276805;234
277076;234
277333;234
277598;234
277857;234
278137;234
278394;234
278659;234
278950;234
279240;234
279518;234
279774;234
280037;234
280308;234
280577;234
280838;234
281106;234
281382;234
281660;234
281941;234
282211;234
282474;234
282747;234
283020;234
283284;234
283548;234
283818;234
284095;234
284378;234
284641;234
284892;234
285181;234
285443;234
285725;234
285992;234
286291;234
286574;234
286831;234
287127;234
287570;234
287812;234
288061;234
288316;234
288573;234
288814;234
289132;234
289384;234
289645;234
289897;234
290170;234
290421;234
290675;234
290920;234
291164;234
291416;234
291673;234
291947;234
292210;234
292493;234
292774;234
293038;234
293293;234
293566;234
293955;234
294217;234
294480;234
294737;234
294993;234
295258;234
295520;234
295782;234
296053;234
296375;234
296639;234
296910;234
297179;234
297448;234
297708;234
297967;234
298240;234
298494;234
298749;234
299054;234
299324;234
299587;234
299900;234
300293;234
300570;234
300830;234
301086;234
301351;234
301606;234
301879;234
302169;234
302447;234
302715;234
302986;234
303256;234
303521;234
303781;234
304040;234
304294;234
304576;234
304848;234
305119;234
305381;234
305661;234
305931;234
306206;234
306462;234
306728;234
306990;234
307267;234
307547;234
307854;234
308137;234
308396;234
308653;234
308936;234
309260;234
309527;234
309789;234
310058;234
310323;234
310588;234
310854;234
311124;234
311377;234
311632;234
311893;234
312180;234
312463;234
312730;234
312983;234
313236;234
313497;234
313763;234
314045;234
314298;234
314563;234
314820;234
315079;234
315346;234
315603;234
315865;234
316123;234
316390;234
316646;234
316910;234
317186;234
317462;234
317741;234
318078;234
318365;234
318632;234
318911;234
319192;234
319445;234
319704;234
319969;234
320233;234
320490;234
320745;234
321008;234
321269;234
321534;234
321798;234
322066;234
322336;234
322609;234
322888;234
323165;234
323413;234
323667;234
323938;234
324204;234
324457;234
324732;234
324988;234
325265;234
325519;234
325774;234
326025;234
326291;234
326538;234
326800;234
327062;234
327331;234
327616;234
327893;234
328154;234
328423;234
328678;234
328983;234
329286;234
329557;234
329933;234
330289;234
330554;234
330818;234
331087;234
331340;234
331600;234
331863;234
332142;234
332435;234
332708;234
332968;234
333220;234
333480;234
333746;234
334041;234
334315;234
334572;234
334831;234
335110;234
335372;234
335638;234
335899;234
336156;234
336421;234
336688;234
336955;234
337252;234
337532;234
337796;234
338068;234
338339;234
338605;234
