1417;66
1774;66
2144;66
2472;66
2819;66
3214;66
3621;66
3942;66
4260;66
4979;66
6404;66
6721;66
7045;66
7362;66
7689;66
8024;66
8340;66
8681;66
8995;66
9750;66
10350;66
10661;66
10971;66
11294;66
11624;66
11936;66
12248;66
12560;66
12878;66
13188;66
13504;66
13817;66
14136;66
14451;66
14758;66
15085;66
15387;66
15693;66
16001;66
16300;66
16604;66
16906;66
17200;66
17485;66
17766;66
18105;66
18425;66
18689;66
18967;66
19239;66
19490;66
19744;66
19998;66
20243;66
20482;66
20720;66
20951;66
21180;66
21400;66
21630;66
21861;66
22074;66
22284;66
22490;66
22700;66
22900;66
23094;66
23292;66
23495;66
23769;64
24035;62
24224;62
24478;61
24651;61
24816;61
24990;61
25154;61
25308;61
25463;61
25622;61
25802;61
25953;61
26104;61
26261;61
26405;61
26550;61
26697;61
26845;61
26989;61
27136;61
27278;61
27421;61
27563;61
27712;61
27852;61
27995;61
28145;61
28287;61
28427;61
28571;61
28727;61
28869;61
29012;61
29159;61
29304;61
29450;61
29596;61
29743;61
29891;61
30037;61
30183;61
30326;61
30467;61
30606;61
30755;61
30897;61
31040;61
31191;61
31334;61
31478;61
31620;61
31766;61
31908;61
32055;61
32202;61
32346;61
32484;61
32634;61
32781;61
32922;61
33065;61
33214;61
33357;61
33499;61
33658;61
33800;61
33943;61
34088;61
34236;61
34378;61
34520;61
34668;61
34809;61
34950;61
35089;61
35238;61
35382;61
35520;61
35664;61
35812;61
35955;61
36096;61
36245;61
36390;61
36531;61
36679;61
36822;61
36966;61
37106;61
37259;61
37399;61
37540;61
37683;61
37826;61
37973;61
38111;61
38258;61
38400;61
38538;61
38686;61
38828;61
38974;61
39118;61
39259;61
39400;61
39543;61
39689;61
39833;61
39975;61
40114;61
40278;61
40424;61
40566;61
40711;61
40854;61
41000;61
41147;61
41287;61
41429;61
41570;61
41716;61
41861;61
42009;61
42153;61
42294;61
42435;61
42574;61
42721;61
42861;61
43006;61
43156;61
43297;61
43440;61
43581;61
43728;61
43871;61
44018;61
44167;61
44309;61
44452;61
44590;61
44740;61
44891;61
45059;61
45204;61
45347;61
45488;61
45633;61
45779;61
45924;61
46068;61
46212;61
46357;61
46515;61
46662;61
46807;61
46950;61
47095;61
47245;61
47390;61
47533;61
47680;61
47827;61
47979;61
48133;61
48280;61
48421;61
48561;61
48710;61
48851;61
48994;61
49137;61
49285;61
49427;61
49583;61
49726;61
49870;61
50013;61
50159;61
50306;61
50446;61
50588;61
50735;61
50881;61
51028;61
51186;61
51329;61
51478;61
51619;61
51769;61
51910;61
52053;61
52199;61
52337;61
52481;61
52631;61
52784;61
52929;61
53068;61
53214;61
53357;61
53501;61
53640;61
53784;61
53926;61
54071;61
54234;61
54375;61
54517;61
54661;61
54805;61
54949;61
55095;61
55245;61
55385;61
55530;61
55674;61
55819;61
55960;61
56102;61
56248;61
56389;61
56529;61
56678;61
56818;61
56977;61
57124;61
57275;61
57417;61
57561;61
57708;61
57848;61
57997;61
58139;61
58287;61
58431;61
58574;61
58723;61
58870;61
59013;61
59152;61
59299;61
59444;61
59586;61
59735;61
59886;61
60034;61
60182;61
60329;61
60472;61
60614;61
60765;61
60907;61
61051;61
61200;61
61344;61
61483;61
61626;61
61773;61
61920;61
62067;61
62215;61
62359;61
62502;61
62645;61
62798;61
62941;61
63083;61
63229;61
63370;61
63516;61
63714;61
63905;61
64048;61
64200;61
64341;61
64483;61
64627;61
64770;61
64912;61
65054;61
65201;61
65342;61
65483;61
65624;61
65771;61
65911;61
66059;61
66204;61
66349;61
66489;61
66630;61
66774;61
66918;61
67062;61
67209;61
67352;61
67491;61
67635;61
67780;61
67928;61
68070;61
68215;61
68355;61
68497;61
68636;61
68784;61
68925;61
69069;61
69218;61
69357;61
69498;61
69641;61
69789;61
69929;61
70073;61
70220;61
70363;61
70505;61
70646;61
70793;61
70935;61
71078;61
71224;61
71364;61
71504;61
71644;61
71792;61
71936;61
72089;61
72238;61
72380;61
72521;61
72667;61
72811;61
72960;61
73099;61
73247;61
73387;61
73529;61
73668;61
73817;61
73958;61
74104;61
74254;61
74394;61
74537;61
74681;61
74824;61
74970;61
75114;61
75261;61
75403;61
75546;61
75697;61
75843;61
75985;61
76130;61
76276;61
76416;61
76556;61
76702;61
76843;61
76987;61
77132;61
77282;61
77425;61
77569;61
77719;61
77868;61
78060;61
78258;61
78404;61
78545;61
78693;61
78837;61
78987;61
79133;61
79280;61
79421;61
79563;61
79713;61
79858;61
80004;61
80144;61
80305;61
80446;61
80587;61
80734;61
80880;61
81028;61
81172;61
81317;61
81457;61
81597;61
81746;61
81902;61
82043;61
82192;61
82333;61
82479;61
82622;61
82770;61
82915;61
83055;61
83203;61
83357;61
83500;61
83645;61
83794;61
83962;61
84106;61
84261;61
84404;61
84546;61
84686;61
84833;61
84984;61
85129;61
85279;61
85424;61
85569;61
85719;61
85860;61
86007;61
86150;61
86297;61
86445;61
86588;61
86736;61
86883;61
87031;61
87174;61
87323;61
87470;61
87613;61
87767;61
87908;61
88056;61
88202;61
88346;61
88488;61
88633;61
88779;61
88922;61
89062;61
89206;61
89346;61
89495;61
89636;61
89783;61
89929;61
90074;61
90221;61
90361;61
90505;61
90644;61
90791;61
90932;61
91082;61
91225;61
91369;61
91511;61
91653;61
91797;61
91937;61
92086;61
92234;61
92377;61
92518;61
92662;61
92807;61
92955;61
93097;61
93245;61
93385;61
93522;61
93666;61
93813;61
93960;61
94103;61
94248;61
94388;61
94527;61
94666;61
94814;61
94953;61
95095;61
95242;61
95383;61
95523;61
95667;61
95812;61
95958;61
96098;61
96246;61
96389;61
96531;61
96672;61
96820;61
96967;61
97112;61
97261;61
97402;61
97544;61
97688;61
97834;61
97980;61
98122;61
98269;61
98410;61
98552;61
98703;61
98848;61
98997;61
99137;61
99287;61
99430;61
99573;61
99715;61
99861;61
100007;61
100151;61
100304;61
100447;61
100589;61
100734;61
100878;61
101020;61
101161;61
101308;61
101449;61
101590;61
101737;61
101881;61
102026;61
102168;61
102320;61
102473;61
102626;61
102774;61
102918;61
103062;61
103206;61
103354;61
103497;61
103636;61
103785;61
103931;61
104076;61
104219;61
104361;61
104503;61
104645;61
104797;61
104946;61
105089;61
105235;61
105374;61
105516;61
105657;61
105800;61
105947;61
106088;61
106232;61
106375;61
106517;61
106659;61
106809;61
106955;61
107098;61
107245;61
107388;61
107536;61
107674;61
107822;61
107973;61
108117;61
108263;61
108404;61
108545;61
108688;61
108834;61
108983;61
109128;61
109277;61
109431;61
109575;61
109717;61
109865;61
110005;61
110146;61
110298;61
110440;61
110583;61
110727;61
110873;61
111028;61
111171;61
111318;61
111460;61
111598;61
111744;61
111887;61
112030;61
112170;61
112315;61
112458;61
112610;61
112758;61
112898;61
113038;61
113180;61
113327;61
113470;61
113611;61
113757;61
113905;61
114055;61
114201;61
114371;61
114517;61
114659;61
114807;61
114954;61
115096;61
115241;61
115381;61
115525;61
115668;61
115815;61
115963;61
116102;61
116247;61
116389;61
116529;61
116672;61
116819;61
116965;61
117114;61
117265;61
117404;61
117547;61
117688;61
117834;61
117982;61
118125;61
118276;61
118416;61
118558;61
118713;61
118859;61
119001;61
119141;61
119285;61
119429;61
119571;61
119711;61
119863;61
120009;61
120152;61
120304;61
120450;61
120591;61
120736;61
120886;61
121030;61
121172;61
121319;61
121464;61
121604;61
121757;61
121902;61
122045;61
122189;61
122340;61
122483;61
122628;61
122776;61
122927;61
123086;61
123228;61
123377;61
123537;61
123725;61
123910;61
124055;61
124195;61
124340;61
124481;61
124623;61
124768;61
124917;61
125059;61
125202;61
125347;61
125490;61
125633;61
125785;61
125933;61
126078;61
126219;61
126372;61
126513;61
126656;61
126805;61
126951;61
127098;61
127238;61
127384;61
127527;61
127669;61
127813;61
127957;61
128098;61
128241;61
128390;61
128533;61
128674;61
128821;61
128969;61
129113;61
129263;61
129412;61
129554;61
129697;61
129850;61
129991;61
130132;61
130280;61
130426;61
130569;61
130711;61
130858;61
131004;61
131145;61
131293;61
131433;61
131573;61
131724;61
131872;61
132017;61
132161;61
132304;61
132447;61
132589;61
132731;61
132877;61
133021;61
133165;61
133311;61
133458;61
133599;61
133742;61
133886;61
134031;61
134177;61
134322;61
134463;61
134606;61
134746;61
134891;61
135036;61
135177;61
135326;61
135465;61
135608;61
135753;61
135899;61
136039;61
136182;61
136325;61
136468;61
136610;61
136753;61
136898;61
137044;61
137188;61
137335;61
137480;61
137620;61
137767;61
137910;61
138101;61
138285;61
138427;61
138570;61
138715;61
138861;61
139005;61
139147;61
139291;61
139434;61
139575;61
139714;61
139863;61
140009;61
140151;61
140303;61
140446;61
140588;61
140729;61
140880;61
141028;61
141170;61
141321;61
141464;61
141605;61
141766;61
141908;61
142050;61
142193;61
142340;61
142487;61
142627;61
142772;61
142911;61
143056;61
143213;61
143362;61
143507;61
143648;61
143792;61
143942;61
144090;61
144235;61
144385;61
144526;61
144669;61
144819;61
144964;61
145105;61
145245;61
145392;61
145537;61
145680;61
145828;61
145972;61
146113;61
146255;61
146405;61
146551;61
146695;61
146841;61
146989;61
147131;61
147278;61
147420;61
147561;61
147703;61
147853;61
147997;61
148137;61
148284;61
148426;61
148569;61
148711;61
148860;61
149004;61
149145;61
149290;61
149436;61
149579;61
149718;61
149872;61
150036;61
150181;61
150333;61
150475;61
150620;61
150765;61
150916;61
151067;61
151210;61
151356;61
151499;61
151638;61
151786;61
151928;61
152075;61
152223;61
152375;61
152519;61
152662;61
152809;61
152961;61
153104;61
153246;61
153396;61
153539;61
153681;61
153828;61
153977;61
154120;61
154266;61
154415;61
154557;61
154702;61
154854;61
155000;61
155141;61
155289;61
155432;61
155577;61
155724;61
155880;61
156025;61
156169;61
156315;61
156459;61
156605;61
156750;61
156898;61
157057;61
157200;61
157348;61
157505;61
157647;61
157797;61
157948;61
158092;61
158238;61
158391;61
158531;61
158675;61
158821;61
158984;61
159125;61
159266;61
159413;61
159555;61
159695;61
159849;61
159997;61
160142;61
160283;61
160435;61
160583;61
160725;61
160881;61
161027;61
161167;61
161313;61
161454;61
161596;61
161737;61
161883;61
162048;61
162189;61
162338;61
162483;61
162624;61
162768;61
162916;61
163065;61
163210;61
163356;61
163499;61
163644;61
163810;61
163956;61
164098;61
164241;61
164388;61
164531;61
164670;61
164819;61
164968;61
165112;61
165257;61
165405;61
165548;61
165690;61
165836;61
165982;61
166123;61
166269;61
166420;61
166563;61
166708;61
166860;61
167009;61
167151;61
167297;61
167440;61
167586;61
167731;61
167885;61
168037;61
168183;61
168328;61
168475;61
168615;61
168758;61
168905;61
169051;61
169194;61
169347;61
169489;61
169635;61
169777;61
169931;61
170073;61
170217;61
170371;61
170526;61
170668;61
170823;61
170980;61
171124;61
171269;61
171419;61
171593;61
171738;61
171880;61
172034;61
172180;61
172323;61
172473;61
172635;61
172808;61
172959;61
173106;61
173276;61
173448;61
173588;61
173730;61
173890;61
174098;61
174263;61
174469;61
174631;61
174787;61
174952;61
175106;61
175261;61
175417;61
175576;61
175734;61
175887;61
176056;61
176214;61
176370;61
176531;61
176691;61
176887;61
177106;61
177300;61
177502;61
177700;61
177926;61
178126;61
178288;61
178488;61
178648;61
178805;61
179000;61
179191;61
179375;61
179628;61
179878;61
180125;61
180297;61
180464;61
180636;61
180800;61
180966;61
181136;61
181311;61
181473;61
181643;61
181867;61
182056;61
182304;61
182571;61
182723;61
182899;61
183040;61
183182;61
183320;61
183461;61
183650;61
183827;61
183982;61
184118;61
184306;61
184507;61
184711;61
184884;61
185088;61
185339;61
185475;61
185623;61
185790;61
185930;61
186098;61
186237;61
186377;61
186517;61
186656;61
186790;61
186935;61
187072;61
187210;61
187386;61
187622;61
187842;61
188023;61
188244;61
188429;61
188565;61
188703;61
188843;61
188986;61
189137;61
189299;61
189492;61
189640;61
189865;61
190016;61
190153;61
190315;61
190576;61
190729;61
190869;61
191030;61
191291;61
191490;61
191675;61
191812;61
