1361;291
1606;291
1869;291
2095;291
2316;291
2540;291
2914;291
3123;291
3333;291
3560;291
3769;291
3989;291
4289;291
4598;291
4894;291
5118;291
5307;291
5518;291
5724;291
5920;291
6117;291
6308;291
6491;291
6682;291
6864;291
7048;291
7312;291
7594;291
7797;291
7996;291
8195;291
8390;291
8588;291
8778;291
8975;291
9161;291
9352;291
9547;291
9733;291
9910;291
10092;291
10275;291
10456;291
10630;291
10805;291
10977;291
11143;291
11320;291
11489;291
11656;291
11834;291
11996;291
12164;291
12327;291
12502;291
12662;291
12816;291
12969;291
13131;291
13286;291
13440;291
13590;291
13756;291
13905;291
14048;291
14195;291
14346;291
14496;291
14638;291
14777;291
14928;291
15059;291
15203;291
15400;283
15563;278
15702;278
15853;271
15981;271
16124;268
16242;268
16395;266
16510;266
16626;266
16770;263
16902;262
17011;262
17149;261
17258;261
17362;261
17476;261
17578;261
17717;260
17824;260
17935;260
18045;260
18155;260
18311;258
18441;258
18597;258
18754;258
18906;258
19050;258
19206;258
19357;258
19513;258
19674;258
19841;258
19981;258
20097;258
20209;258
20322;258
20441;258
20581;257
20694;257
20802;257
20910;257
21040;257
21147;257
21254;257
21362;257
21468;257
21602;257
21709;257
21817;257
21923;257
22034;257
22159;257
22271;257
22386;257
22489;257
22588;257
22688;257
22790;257
22891;257
22990;257
23091;257
23189;257
23288;257
23392;257
23493;257
23589;257
23688;257
23789;257
23891;257
23996;257
24098;257
24199;257
24310;257
24413;257
24517;257
24633;257
24741;257
24855;257
24959;257
25060;257
25176;257
25283;257
25385;257
25485;257
25586;257
25693;257
25805;257
25905;257
26003;257
26101;257
26198;257
26298;257
26410;257
26509;257
26605;257
26702;257
26801;257
26900;257
27005;257
27112;257
27215;257
27317;257
27414;257
27512;257
27614;257
27714;257
27815;257
27912;257
28010;257
28105;257
28214;257
28313;257
28412;257
28508;257
28605;257
28705;257
28812;257
28907;257
29003;257
29102;257
29200;257
29298;257
29399;257
29503;257
29596;257
29691;257
29788;257
29890;257
29996;257
30093;257
30193;257
30296;257
30396;257
30493;257
30602;257
30700;257
30797;257
30895;257
30990;257
31088;257
31191;257
31291;257
31387;257
31481;257
31578;257
31675;257
31783;257
31887;257
31987;257
32084;257
32186;257
32282;257
32389;257
32488;257
32586;257
32684;257
32781;257
32882;257
33014;257
33128;257
33235;257
33352;257
33453;257
33555;257
33654;257
33750;257
33851;257
33949;257
34045;257
34147;257
34246;257
34342;257
34437;257
34530;257
34626;257
34722;257
34835;257
34945;257
35043;257
35140;257
35236;257
35333;257
35445;257
35543;257
35646;257
35744;257
35850;257
35960;257
36081;257
36188;257
36294;257
36395;257
36501;257
36616;257
36712;257
36812;257
36909;257
37007;257
37105;257
37216;257
37315;257
37412;257
37510;257
37604;257
37701;257
37805;257
37917;257
38028;257
38123;257
38223;257
38320;257
38423;257
38524;257
38620;257
38717;257
38814;257
38911;257
39015;257
39115;257
39214;257
39310;257
39406;257
39507;257
39615;257
39713;257
39812;257
39933;257
40032;257
40128;257
40250;257
40423;257
40541;257
40649;257
40745;257
40848;257
40952;257
41062;257
41170;257
41278;257
41379;257
41484;257
41593;257
41701;257
41804;257
41912;257
42022;257
42132;257
42238;257
42344;257
42453;257
42563;257
42684;257
42782;257
42887;257
42993;257
43099;257
43205;257
43301;257
43395;257
43492;257
43587;257
43683;257
43796;257
43895;257
43997;257
44096;257
44202;257
44301;257
44415;257
44515;257
44625;257
44729;257
44825;257
44921;257
45017;257
45112;257
45212;257
45319;257
45425;257
45527;257
45638;257
45758;257
45888;257
46024;257
46139;257
46253;257
46366;257
46488;257
46606;257
46721;257
46833;257
46946;257
47056;257
47167;257
47279;257
47386;257
47494;257
47611;257
47726;257
47839;257
47941;257
48056;257
48163;257
48265;257
48370;257
48483;257
48592;257
48700;257
48812;257
48917;257
49032;257
49139;257
49247;257
49351;257
49461;257
49565;257
49669;257
49768;257
49864;257
49969;257
50087;257
50190;257
50295;257
50395;257
50498;257
50594;257
50690;257
50793;257
50897;257
50996;257
51098;257
51198;257
51297;257
51413;257
51520;257
51618;257
51726;257
51838;257
51942;257
52070;257
52165;257
52261;257
52365;257
52464;257
52560;257
52657;257
52764;257
52862;257
52971;257
53068;257
53177;257
53272;257
53367;257
53471;257
53567;257
53662;257
53761;257
53860;257
53958;257
54057;257
54162;257
54261;257
54365;257
54462;257
54560;257
54654;257
54750;257
54847;257
54963;257
55062;257
55164;257
55262;257
55361;257
55459;257
55567;257
55667;257
55770;257
55866;257
55964;257
56089;257
56191;257
56289;257
56387;257
56499;257
56601;257
56714;257
56827;257
56925;257
57024;257
57119;257
57217;257
57316;257
57420;257
57546;257
57644;257
57741;257
57841;257
57938;257
58051;257
58160;257
58262;257
58363;257
58463;257
58568;257
58670;257
58773;257
58872;257
58970;257
59070;257
59179;257
59284;257
59387;257
59489;257
59590;257
59691;257
59799;257
59899;257
60003;257
60106;257
60209;257
60308;257
60424;257
60586;257
60720;257
60853;257
60956;257
61052;257
61163;257
61262;257
61419;257
61533;257
61676;257
61791;257
61893;257
62002;257
62119;257
62227;257
62328;257
62430;257
62536;257
62632;257
62743;257
62850;257
62950;257
63058;257
63156;257
63252;257
63348;257
63443;257
63543;257
63652;257
63750;257
63848;257
63946;257
64042;257
64145;257
64253;257
64355;257
64453;257
64553;257
64650;257
64747;257
64850;257
64948;257
65045;257
65142;257
65239;257
65341;257
65438;257
65534;257
65631;257
65736;257
65838;257
65935;257
66028;257
66131;257
66230;257
66328;257
66422;257
66517;257
66611;257
66706;257
66801;257
66894;257
66989;257
67086;257
67180;257
67277;257
67375;257
67474;257
67568;257
67662;257
67775;257
67885;257
67981;257
68087;257
68203;257
68307;257
68407;257
68519;257
68618;257
68722;257
68834;257
68934;257
69028;257
69120;257
69221;257
69320;257
69423;257
69522;257
69638;257
69740;257
69850;257
69950;257
70050;257
70150;257
70253;257
70361;257
70459;257
70555;257
70652;257
70755;257
70859;257
70954;257
71052;257
71148;257
71244;257
71341;257
71447;257
71547;257
71643;257
71742;257
71838;257
71938;257
72046;257
72144;257
72271;257
72364;257
72457;257
72560;257
72657;257
72760;257
72856;257
72952;257
73051;257
73161;257
73260;257
73362;257
73464;257
73574;257
73669;257
73767;257
73865;257
73961;257
74061;257
74166;257
74273;257
74373;257
74470;257
74569;257
74671;257
74773;257
74877;257
74977;257
75082;257
75179;257
75276;257
75381;257
75490;257
75591;257
75694;257
75802;257
75901;257
75999;257
76093;257
76214;257
76318;257
76433;257
76553;257
76661;257
76757;257
76867;257
76977;257
77078;257
77194;257
77294;257
77402;257
77511;257
77606;257
77712;257
77811;257
77918;257
78014;257
78126;257
78245;257
78373;257
78482;257
78592;257
78704;257
78821;257
78934;257
79041;257
79152;257
79262;257
79373;257
79473;257
79583;257
79713;257
79822;257
79929;257
80039;257
80154;257
80269;257
80396;257
80495;257
80601;257
80700;257
80797;257
80894;257
80991;257
81090;257
81216;257
81314;257
81412;257
81508;257
81605;257
81701;257
81806;257
81906;257
82001;257
82099;257
82204;257
82316;257
82429;257
82524;257
82644;257
82787;257
82916;257
83016;257
83125;257
83224;257
83324;257
83419;257
83519;257
83623;257
83721;257
83818;257
83914;257
84012;257
84107;257
84218;257
84341;257
84453;257
84550;257
84648;257
84753;257
84859;257
84956;257
85052;257
85152;257
85249;257
85359;257
85460;257
85567;257
85667;257
85774;257
85885;257
85996;257
86103;257
86206;257
86322;257
86444;257
86543;257
86644;257
86756;257
86866;257
86968;257
87074;257
87190;257
87296;257
87411;257
87507;257
87602;257
87711;257
87825;257
87925;257
88027;257
88133;257
88237;257
88351;257
88458;257
88565;257
88670;257
88779;257
88889;257
89002;257
89110;257
89224;257
89327;257
89447;257
89544;257
89652;257
89754;257
89866;257
89978;257
90093;257
90207;257
90310;257
90451;257
90549;257
90658;257
90757;257
90857;257
90955;257
91054;257
91153;257
91257;257
91358;257
91455;257
91554;257
91652;257
91750;257
91859;257
91966;257
92070;257
92174;257
92272;257
92370;257
92479;257
92580;257
92678;257
92781;257
92879;257
92982;257
93089;257
93187;257
93283;257
93383;257
93482;257
93592;257
93691;257
93792;257
93891;257
93992;257
94097;257
94201;257
94310;257
94412;257
94514;257
94621;257
94723;257
94820;257
94926;257
95048;257
95158;257
95265;257
95371;257
95479;257
95587;257
95682;257
95778;257
95874;257
95983;257
96093;257
96205;257
96308;257
96407;257
96529;257
96651;257
96751;257
96847;257
96947;257
97050;257
97186;257
97286;257
97384;257
97490;257
97588;257
97697;257
97807;257
97907;257
98015;257
98113;257
98224;257
98323;257
98419;257
98544;257
98638;257
98748;257
98846;257
98945;257
99040;257
99141;257
99237;257
99342;257
99437;257
99531;257
99631;257
99743;257
99841;257
99944;257
100046;257
100153;257
100286;257
100416;257
100576;257
100680;257
100780;257
100875;257
100971;257
101077;257
101178;257
101281;257
101385;257
101486;257
101585;257
101688;257
101791;257
101898;257
102004;257
102112;257
102225;257
102340;257
102450;257
102566;257
102679;257
102790;257
102907;257
103020;257
103129;257
103241;257
103346;257
103452;257
103556;257
103661;257
103762;257
103870;257
103977;257
104071;257
104175;257
104294;257
104397;257
104493;257
104614;257
104710;257
104815;257
104919;257
105022;257
105127;257
105245;257
105343;257
105453;257
105553;257
105660;257
105765;257
105878;257
105997;257
106105;257
106214;257
106314;257
106417;257
106514;257
106614;257
106711;257
106813;257
106916;257
107012;257
107108;257
107206;257
107312;257
107418;257
107521;257
107625;257
107726;257
107824;257
107920;257
108016;257
108108;257
108220;257
108320;257
108414;257
108508;257
108632;257
108730;257
108831;257
108932;257
109034;257
109132;257
109229;257
109324;257
109431;257
109534;257
109634;257
109728;257
109828;257
109922;257
110017;257
110124;257
110227;257
110335;257
110434;257
110535;257
110650;257
110741;257
110838;257
110940;257
111043;257
111151;257
111252;257
111356;257
111468;257
111580;257
111675;257
111794;257
111896;257
111994;257
112099;257
112205;257
112307;257
112401;257
112495;257
112593;257
112689;257
112796;257
112896;257
112995;257
113092;257
113191;257
113290;257
113398;257
113498;257
113602;257
113703;257
113807;257
113905;257
114010;257
114107;257
114227;257
114327;257
114423;257
114517;257
114628;257
114748;257
114844;257
114942;257
115043;257
115167;257
115271;257
115366;257
115472;257
115569;257
115670;257
115777;257
115888;257
115992;257
116091;257
116204;257
116312;257
116415;257
116510;257
116612;257
116738;257
116836;257
116938;257
117040;257
117152;257
117260;257
117360;257
117459;257
117564;257
117676;257
117782;257
117896;257
117995;257
118090;257
118201;257
118305;257
118417;257
118523;257
118627;257
118769;257
118869;257
118968;257
119064;257
119164;257
119260;257
119366;257
119463;257
119558;257
119658;257
119762;257
119876;257
119988;257
120093;257
120191;257
120290;257
120388;257
120486;257
120597;257
120698;257
120799;257
120895;257
120994;257
121087;257
121195;257
121305;257
121458;257
121571;257
121704;257
121811;257
121910;257
122010;257
122109;257
122214;257
122327;257
122433;257
122528;257
122628;257
122751;257
122860;257
122964;257
123063;257
123161;257
123260;257
123355;257
123448;257
123551;257
123652;257
123755;257
123856;257
123956;257
124054;257
124161;257
124260;257
124375;257
124477;257
124573;257
124672;257
124810;257
124915;257
125016;257
125114;257
125217;257
125317;257
125425;257
125522;257
125621;257
125720;257
125820;257
125931;257
126035;257
126135;257
126235;257
126330;257
126425;257
126530;257
126632;257
126728;257
126837;257
126935;257
127032;257
127134;257
127237;257
127335;257
127450;257
127547;257
127649;257
127757;257
127867;257
127965;257
128067;257
128170;257
128270;257
128383;257
128480;257
128578;257
128674;257
128773;257
128874;257
128988;257
129101;257
129233;257
129379;257
129496;257
129609;257
129716;257
129822;257
129921;257
130017;257
130116;257
130217;257
130324;257
130426;257
130526;257
130627;257
130726;257
130832;257
130939;257
131040;257
131139;257
131241;257
131340;257
131440;257
131543;257
131644;257
131738;257
131834;257
131939;257
132037;257
132155;257
132255;257
132352;257
132446;257
132554;257
132651;257
132748;257
132850;257
132958;257
133057;257
133176;257
133284;257
133389;257
133493;257
133606;257
133716;257
