1067;257
1376;257
1712;257
2079;257
2366;257
2654;257
2938;257
3823;257
5570;257
6109;257
6387;257
6672;257
6973;257
7261;257
7539;257
7812;257
8512;257
9968;257
10237;257
10515;257
10794;257
11076;257
11349;257
11619;257
11891;257
12205;257
12511;257
12797;257
13069;257
13346;257
13662;257
13946;257
14314;257
14609;257
14878;257
15143;257
15412;257
15677;257
15940;257
16205;257
16464;257
16729;257
16983;257
17240;257
17494;257
17746;257
17995;257
18243;257
18498;257
18744;257
18990;257
19237;257
19474;257
19711;257
19946;257
20181;257
20413;257
20649;257
20919;257
21177;257
21403;257
21624;257
21848;257
22067;257
22284;257
22497;257
22718;257
22929;257
23131;257
23336;257
23578;256
23778;256
23975;256
24167;256
24420;248
24613;248
24844;246
25075;245
25258;245
25481;243
25664;243
25844;243
26079;242
26305;241
26525;240
26701;240
26932;239
27154;237
27328;237
27566;236
27735;236
27901;236
28067;236
28280;235
28485;234
28656;234
28862;233
29032;233
29198;233
29362;233
29547;233
29719;233
29891;233
30058;233
30223;233
30383;233
30549;233
30708;233
30868;233
31025;233
31181;233
31339;233
31498;233
31656;233
31816;233
31972;233
32133;233
32305;233
32470;233
32639;233
32806;233
33054;233
33226;233
33392;233
33554;233
33849;232
34026;232
34188;232
34347;232
34574;232
34746;232
34918;232
35078;232
35306;232
35488;232
35670;232
35852;232
36031;232
36203;232
36378;232
36542;232
36716;232
36886;232
37102;232
37276;232
37440;232
37623;232
37796;232
37972;232
38142;232
38318;232
38499;232
38691;232
38863;232
39035;232
39219;232
39384;232
39555;232
39732;232
39891;232
40098;232
40265;232
40432;232
40594;232
40774;232
40935;232
41119;232
41378;232
41554;232
41726;232
41912;232
42074;232
42236;232
42395;232
42558;232
42854;229
43055;229
43249;229
43412;229
43573;229
43862;229
44030;229
44209;229
44370;229
44526;229
44739;229
44988;229
45178;229
45392;229
45562;229
45730;229
45928;229
46108;229
46330;229
46512;229
46686;229
46857;229
47023;229
47196;229
47376;229
47556;229
47717;229
47873;229
48042;229
48272;229
48437;229
48594;229
48765;229
48925;229
49100;229
49293;229
49449;229
49673;229
49881;229
50037;229
50191;229
50362;229
50572;229
50784;229
50971;229
51138;229
51302;229
51471;229
51630;229
51816;229
52010;229
52169;229
52344;229
52530;229
52706;229
52892;229
53051;229
53207;229
53376;229
53580;229
53737;229
53937;229
54168;229
54362;229
54555;229
54735;229
54922;229
55102;229
55258;229
55413;229
55587;229
55766;229
55928;229
56081;229
56234;229
56399;229
56575;229
56756;229
56914;229
57070;229
57225;229
57398;229
57553;229
57708;229
57865;229
58059;229
58254;229
58431;229
58613;229
58816;229
58992;229
59157;229
59327;229
59530;229
59720;229
59886;229
60043;229
60202;229
60380;229
60535;229
60690;229
60857;229
61013;229
61175;229
61355;229
61512;229
61708;229
61909;229
62101;229
62281;229
62502;229
62672;229
62842;229
63011;229
63172;229
63331;229
63491;229
63645;229
63814;229
63969;229
64126;229
64283;229
64455;229
64623;229
64831;229
65059;229
65216;229
65371;229
65547;229
65702;229
65867;229
66031;229
66195;229
66351;229
66507;229
66665;229
66822;229
67052;229
67259;229
67435;229
67594;229
67757;229
67970;229
68132;229
68289;229
68458;229
68615;229
68786;229
68956;229
69117;229
69272;229
69442;229
69646;229
69854;229
70019;229
70177;229
70340;229
70501;229
70665;229
70823;229
71000;229
71220;229
71428;229
71588;229
71748;229
71924;229
72084;229
72242;229
72401;229
72560;229
72720;229
72877;229
73039;229
73195;229
73351;229
73506;229
73672;229
73843;229
74003;229
74159;229
74313;229
74470;229
74637;229
74810;229
75001;229
75162;229
75318;229
75474;229
75630;229
75789;229
75952;229
76110;229
76266;229
76425;229
76581;229
76744;229
76906;229
77066;229
77220;229
77381;229
77535;229
77688;229
77844;229
78000;229
78165;229
78319;229
78475;229
78633;229
78787;229
78944;229
79105;229
79259;229
79413;229
79572;229
79729;229
79884;229
80039;229
80193;229
80353;229
80508;229
80662;229
80852;229
81059;229
81219;229
81374;229
81530;229
81687;229
81844;229
82001;229
82158;229
82316;229
82525;229
82834;229
83082;229
83238;229
83483;229
83667;229
83828;229
84016;229
84170;229
84328;229
84486;229
84642;229
84830;229
85092;229
85328;229
85561;229
85783;229
86036;229
86223;229
86389;229
86568;229
86724;229
86882;229
87047;229
87211;229
87371;229
87530;229
87684;229
87842;229
88087;229
88330;229
88534;229
88780;229
88965;229
89174;229
89333;229
89490;229
89646;229
89804;229
89968;229
90156;229
90359;229
90524;229
90678;229
90845;229
91026;229
91185;229
91377;229
91537;229
91699;229
91863;229
92024;229
92189;229
92364;229
92536;229
92700;229
92899;229
93077;229
93266;229
93422;229
93594;229
93772;229
93958;229
94116;229
94284;229
94443;229
94607;229
94774;229
94935;229
95115;229
95299;229
95454;229
95617;229
95797;229
95962;229
96127;229
96289;229
96445;229
96604;229
96760;229
96926;229
97102;229
97304;229
97464;229
97653;229
97870;229
98028;229
98193;229
98352;229
98513;229
98670;229
98826;229
98982;229
99140;229
99309;229
99467;229
99633;229
99795;229
99954;229
100111;229
100267;229
100425;229
100582;229
100741;229
100895;229
101056;229
101220;229
101377;229
101534;229
101689;229
101851;229
102007;229
102167;229
102326;229
102486;229
102643;229
102812;229
102978;229
103140;229
103312;229
103486;229
103670;229
103854;229
104024;229
104194;229
104356;229
104513;229
104668;229
104824;229
104987;229
105142;229
105304;229
105462;229
105661;229
105832;229
106003;229
106158;229
106317;229
106479;229
106640;229
106798;229
106954;229
107141;229
107344;229
107524;229
107689;229
107860;229
108017;229
108172;229
108328;229
108489;229
108645;229
108804;229
108965;229
109121;229
109281;229
109459;229
109616;229
109770;229
109926;229
110084;229
110239;229
110398;229
110556;229
110712;229
110868;229
111025;229
111185;229
111365;229
111569;229
111735;229
111910;229
112085;229
112245;229
112401;229
112608;229
112792;229
112954;229
113111;229
113274;229
113465;229
113629;229
113790;229
113951;229
114109;229
114264;229
114423;229
114581;229
114740;229
114900;229
115064;229
115223;229
115386;229
115545;229
115703;229
115863;229
116022;229
116179;229
116335;229
116493;229
116654;229
116811;229
116968;229
117123;229
117281;229
117442;229
117602;229
117761;229
117918;229
118090;229
118247;229
118402;229
118568;229
118724;229
118885;229
119044;229
119201;229
119359;229
119525;229
119685;229
119844;229
120001;229
120155;229
120313;229
120470;229
120627;229
120788;229
120943;229
121107;229
121262;229
121434;229
121605;229
121837;229
122034;229
122190;229
122347;229
122499;229
122667;229
122824;229
122980;229
123138;229
123294;229
123458;229
123613;229
123770;229
123925;229
124082;229
124241;229
124402;229
124558;229
124715;229
124869;229
125031;229
125185;229
125341;229
125503;229
125658;229
125828;229
125988;229
126144;229
126303;229
126459;229
126614;229
126772;229
126927;229
127086;229
127245;229
127401;229
127562;229
127723;229
127877;229
128036;229
128195;229
128351;229
128507;229
128665;229
128840;229
128997;229
129154;229
129310;229
129467;229
129628;229
129789;229
129946;229
130118;229
130282;229
130450;229
130621;229
130779;229
130936;229
131103;229
131262;229
131425;229
131597;229
131759;229
131923;229
132079;229
132243;229
132404;229
132564;229
132723;229
132879;229
133039;229
133196;229
133354;229
133517;229
133678;229
133834;229
133994;229
134159;229
134316;229
134472;229
134630;229
134791;229
134964;229
135123;229
135284;229
135443;229
135631;229
135797;229
135965;229
136132;229
136293;229
136452;229
136608;229
136772;229
136930;229
137088;229
137246;229
137406;229
137568;229
137728;229
137889;229
138066;229
138224;229
138383;229
138540;229
138697;229
138855;229
139014;229
139169;229
139330;229
139488;229
139678;229
139834;229
139990;229
140148;229
140305;229
140467;229
140624;229
140789;229
141024;229
141195;229
141355;229
141517;229
141687;229
141844;229
142011;229
142173;229
142337;229
142496;229
142679;229
142842;229
143006;229
143163;229
143326;229
143484;229
143648;229
143806;229
143964;229
144134;229
144292;229
144453;229
144613;229
144770;229
144929;229
145082;229
145242;229
145395;229
145551;229
145742;229
145896;229
146054;229
146211;229
146367;229
146520;229
146681;229
146844;229
147015;229
147194;229
147373;229
147541;229
147729;229
147884;229
148040;229
148198;229
148354;229
148512;229
148666;229
148829;229
148987;229
149146;229
149302;229
149460;229
149616;229
149802;229
149959;229
150116;229
150275;229
150434;229
150590;229
150751;229
150908;229
151064;229
151220;229
151375;229
151534;229
151696;229
151861;229
152020;229
152176;229
152335;229
152492;229
152653;229
152813;229
152968;229
153126;229
153286;229
153447;229
153605;229
153773;229
153931;229
154086;229
154246;229
154405;229
154564;229
154722;229
154887;229
155050;229
155203;229
155364;229
155517;229
155675;229
155842;229
155997;229
156158;229
156314;229
156472;229
156636;229
156793;229
156953;229
157111;229
157276;229
157434;229
157591;229
157782;229
157942;229
158103;229
158258;229
158413;229
158572;229
158727;229
158884;229
159039;229
159198;229
159365;229
159523;229
159677;229
159864;229
160026;229
160180;229
160337;229
160494;229
160649;229
160807;229
160963;229
161123;229
161280;229
161436;229
161592;229
161756;229
161935;229
162091;229
162247;229
162404;229
162575;229
162736;229
162891;229
163047;229
163204;229
163360;229
163517;229
163675;229
163839;229
163996;229
164157;229
164312;229
164470;229
164628;229
164786;229
164941;229
165096;229
165258;229
165414;229
165575;229
165741;229
165902;229
166059;229
166213;229
166369;229
166526;229
166684;229
166843;229
167000;229
167172;229
167329;229
167486;229
167642;229
167801;229
167962;229
168116;229
168272;229
168429;229
168586;229
168748;229
168903;229
169060;229
169215;229
169372;229
169527;229
169684;229
169848;229
170006;229
170165;229
170325;229
170482;229
170646;229
170805;229
170962;229
171121;229
171277;229
171436;229
171592;229
171763;229
171927;229
172086;229
172242;229
172398;229
172555;229
172715;229
172870;229
173026;229
173183;229
173344;229
173500;229
173656;229
173813;229
173975;229
174130;229
174287;229
174446;229
174601;229
174760;229
174920;229
175076;229
175233;229
175389;229
175546;229
175705;229
175866;229
176029;229
176184;229
176352;229
176511;229
176668;229
176826;229
176983;229
177138;229
177298;229
177455;229
177611;229
177766;229
177943;229
178097;229
178253;229
178409;229
178564;229
178723;229
178879;229
179037;229
179193;229
179352;229
179515;229
179669;229
179828;229
180014;229
180169;229
180327;229
180484;229
180641;229
180800;229
180962;229
181120;229
181278;229
181434;229
181592;229
181823;229
182043;229
182199;229
182358;229
182517;229
182676;229
182833;229
182989;229
183145;229
183301;229
183458;229
183620;229
183776;229
183935;229
184097;229
184254;229
184411;229
184565;229
184721;229
184879;229
185035;229
185188;229
185345;229
185500;229
185671;229
185829;229
185989;229
186145;229
186302;229
186460;229
186616;229
186774;229
186932;229
187091;229
187250;229
187408;229
187566;229
187724;229
187880;229
188068;229
188223;229
188380;229
188537;229
188713;229
188878;229
189039;229
189197;229
189350;229
189507;229
189664;229
189821;229
189978;229
190135;229
190292;229
190447;229
190600;229
190753;229
190913;229
191070;229
191224;229
191380;229
191533;229
191712;229
191876;229
192056;229
192215;229
192370;229
192524;229
192680;229
192838;229
192992;229
193145;229
193305;229
193460;229
193616;229
193770;229
193928;229
194115;229
194271;229
194427;229
194582;229
194739;229
194898;229
195052;229
195206;229
195363;229
195520;229
195674;229
195831;229
195987;229
196151;229
196309;229
196465;229
196621;229
196778;229
196934;229
197089;229
197245;229
197403;229
197559;229
197717;229
197879;229
198036;229
198199;229
198358;229
198519;229
198675;229
198832;229
198988;229
199146;229
199302;229
199474;229
199629;229
199786;229
199941;229
200103;229
200260;229
200416;229
200574;229
200731;229
200942;229
201164;229
201321;229
201477;229
201635;229
201792;229
201949;229
202113;229
202270;229
202426;229
202589;229
202748;229
202906;229
203061;229
203218;229
203375;229
203535;229
203691;229
203849;229
204009;229
204169;229
204328;229
204493;229
204651;229
204808;229
204965;229
205121;229
205277;229
205433;229
205605;229
205760;229
205916;229
206074;229
206258;229
206413;229
206571;229
206727;229
206883;229
207041;229
207200;229
207358;229
207517;229
207673;229
207831;229
207987;229
208159;229
208331;229
208487;229
208645;229
208803;229
208958;229
209117;229
209274;229
209428;229
209584;229
209741;229
209899;229
210053;229
210243;229
210398;229
210555;229
210712;229
210868;229
211026;229
211182;229
211339;229
211497;229
211658;229
