1011;259
1315;259
1618;259
1907;259
2189;259
2464;259
2766;259
3042;259
3420;259
3760;259
4030;259
4311;259
4621;259
4910;259
5178;259
5445;259
5746;259
6120;259
6387;259
6657;259
6921;259
7186;259
7451;259
7720;259
7987;259
8256;259
8527;259
8795;259
9068;259
9334;259
9597;259
9862;259
10157;259
10426;259
10707;259
10988;259
11246;259
11511;259
11768;259
12026;259
12287;259
12545;259
12806;259
13064;259
13321;259
13575;259
13828;259
14076;259
14321;259
14569;259
14820;259
15068;259
15312;259
15554;259
15793;259
16032;259
16268;259
16501;259
16738;259
16976;259
17204;259
17430;259
17654;259
17876;259
18099;259
18324;259
18537;259
18755;259
18964;259
19253;259
19511;255
19716;255
19962;247
20169;247
20363;247
20563;247
20806;242
21044;241
21281;238
21471;238
21659;238
21839;238
22070;237
22253;237
22479;235
22658;235
22840;235
23017;235
23235;234
23406;234
23571;234
23745;234
23910;234
24074;234
24242;234
24409;234
24572;234
24759;234
24927;234
25091;234
25262;234
25430;234
25596;234
25762;234
25953;234
26118;234
26283;234
26446;234
26611;234
26781;234
26946;234
27110;234
27275;234
27439;234
27608;234
27774;234
27937;234
28105;234
28269;234
28441;234
28600;234
28774;234
28937;234
29106;234
29270;234
29435;234
29597;234
29760;234
29922;234
30086;234
30257;234
30419;234
30586;234
30755;234
30926;234
31091;234
31255;234
31420;234
31584;234
31748;234
31913;234
32080;234
32244;234
32409;234
32576;234
32767;234
32937;234
33104;234
33268;234
33433;234
33612;234
33775;234
33941;234
34107;234
34271;234
34436;234
34602;234
34773;234
34941;234
35107;234
35278;234
35442;234
35606;234
35774;234
35937;234
36102;234
36268;234
36431;234
36596;234
36767;234
36937;234
37102;234
37264;234
37429;234
37596;234
37761;234
37926;234
38089;234
38254;234
38417;234
38584;234
38750;234
38916;234
39083;234
39245;234
39410;234
39573;234
39744;234
39908;234
40072;234
40239;234
40402;234
40567;234
40732;234
40911;234
41080;234
41249;234
41416;234
41582;234
41746;234
41916;234
42082;234
42248;234
42415;234
42583;234
42748;234
42949;234
43116;234
43279;234
43444;234
43609;234
43773;234
43937;234
44101;234
44268;234
44433;234
44595;234
44759;234
44951;234
45118;234
45282;234
45447;234
45613;234
45777;234
45944;234
46109;234
46273;234
46437;234
46599;234
46763;234
46957;234
47124;234
47290;234
47459;234
47624;234
47789;234
47961;234
48130;234
48315;234
48486;234
48654;234
48824;234
48998;234
49164;234
49328;234
49493;234
49658;234
49821;234
49987;234
50152;234
50317;234
50484;234
50649;234
50814;234
51014;234
51180;234
51346;234
51510;234
51675;234
51841;234
52010;234
52178;234
52343;234
52510;234
52676;234
52841;234
53012;234
53179;234
53342;234
53511;234
53676;234
53841;234
54007;234
54171;234
54334;234
54499;234
54663;234
54829;234
55021;234
55188;234
55351;234
55516;234
55677;234
55838;234
56003;234
56166;234
56333;234
56497;234
56664;234
56832;234
57008;234
57171;234
57341;234
57504;234
57668;234
57830;234
57998;234
58163;234
58325;234
58489;234
58652;234
58813;234
58981;234
59146;234
59314;234
59569;234
59778;234
59942;234
60109;234
60273;234
60434;234
60598;234
60761;234
60930;234
61101;234
61267;234
61432;234
61596;234
61762;234
61925;234
62088;234
62252;234
62413;234
62577;234
62743;234
62905;234
63073;234
63237;234
63400;234
63565;234
63727;234
63892;234
64062;234
64229;234
64396;234
64561;234
64725;234
64888;234
65060;234
65227;234
65388;234
65551;234
65716;234
65885;234
66072;234
66235;234
66399;234
66563;234
66728;234
66892;234
67062;234
67225;234
67391;234
67554;234
67719;234
67885;234
68050;234
68215;234
68381;234
68544;234
68706;234
68874;234
69046;234
69212;234
69377;234
69542;234
69707;234
69872;234
70037;234
70202;234
70371;234
70548;234
70721;234
70892;234
71083;234
71253;234
71417;234
71585;234
71755;234
71920;234
72087;234
72252;234
72413;234
72582;234
72745;234
72908;234
73081;234
73244;234
73408;234
73576;234
73739;234
73903;234
74067;234
74229;234
74396;234
74561;234
74724;234
74889;234
75067;234
75235;234
75398;234
75561;234
75724;234
75887;234
76051;234
76217;234
76379;234
76546;234
76712;234
76877;234
77042;234
77234;234
77399;234
77563;234
77725;234
77888;234
78069;234
78232;234
78395;234
78562;234
78726;234
78891;234
79066;234
79303;234
79469;234
79638;234
79802;234
79968;234
80134;234
80302;234
80467;234
80632;234
80799;234
80968;234
81140;234
81309;234
81474;234
81639;234
81803;234
81993;234
82158;234
82324;234
82489;234
82658;234
82825;234
82990;234
83159;234
83325;234
83492;234
83657;234
83822;234
83987;234
84151;234
84320;234
84484;234
84647;234
84812;234
84975;234
85144;234
85334;234
85500;234
85664;234
85833;234
85998;234
86163;234
86326;234
86490;234
86657;234
86821;234
86994;234
87159;234
87354;234
87520;234
87684;234
87855;234
88019;234
88184;234
88347;234
88512;234
88674;234
88854;234
89020;234
89186;234
89357;234
89520;234
89688;234
89852;234
90015;234
90180;234
90360;234
90522;234
90685;234
90854;234
91017;234
91180;234
91351;234
91518;234
91678;234
91850;234
92020;234
92184;234
92349;234
92514;234
92677;234
92840;234
93009;234
93174;234
93346;234
93514;234
93679;234
93846;234
94012;234
94179;234
94344;234
94510;234
94673;234
94844;234
95016;234
95183;234
95354;234
95521;234
95686;234
95851;234
96016;234
96182;234
96345;234
96514;234
96678;234
96848;234
97016;234
97181;234
97378;234
97540;234
97704;234
97868;234
98037;234
98202;234
98366;234
98532;234
98697;234
98861;234
99029;234
99191;234
99384;234
99551;234
99713;234
99876;234
100040;234
100204;234
100370;234
100533;234
100700;234
100871;234
101035;234
101201;234
101394;234
101565;234
101727;234
101890;234
102053;234
102222;234
102385;234
102550;234
102717;234
102882;234
103046;234
103210;234
103385;234
103550;234
103713;234
103879;234
104041;234
104208;234
104371;234
104535;234
104697;234
104860;234
105025;234
105190;234
105370;234
105546;234
105713;234
105876;234
106041;234
106203;234
106367;234
106532;234
106704;234
106868;234
107033;234
107197;234
107365;234
107529;234
107693;234
107858;234
108021;234
108185;234
108348;234
108513;234
108679;234
108847;234
109009;234
109172;234
109334;234
109505;234
109668;234
109831;234
109995;234
110157;234
110324;234
110487;234
110651;234
110816;234
110989;234
111153;234
111318;234
111518;234
111682;234
111860;234
112025;234
112187;234
112355;234
112520;234
112682;234
112845;234
113055;232
113219;232
113408;232
113594;232
113809;230
113972;230
114134;230
114299;230
114460;230
114622;230
114784;230
114953;230
115115;230
115275;230
115439;230
115601;230
115761;230
115923;230
116082;230
116241;230
116406;230
116566;230
116725;230
116886;230
117045;230
117207;230
117366;230
117534;230
117702;230
117867;230
118039;230
118208;230
118384;230
118563;230
118740;230
118920;230
119097;230
119310;230
119572;230
119845;230
120096;230
120346;230
120593;230
120771;230
120956;230
121152;230
121327;230
121488;230
121653;230
121814;230
121975;230
122137;230
122299;230
122462;230
122644;230
122805;230
122964;230
123127;230
123287;230
123464;230
123643;230
123821;230
123997;230
124168;230
124333;230
124498;230
124657;230
124817;230
124979;230
125143;230
125305;230
125465;230
125633;230
125797;230
125959;230
126120;230
126281;230
126442;230
126601;230
126766;230
126924;230
127087;230
127264;230
127422;230
127589;230
127748;230
127910;230
128070;230
128232;230
128391;230
128549;230
128709;230
128885;230
129049;230
129210;230
129372;230
129533;230
129711;230
129875;230
130039;230
130206;230
130370;230
130529;230
130688;230
130857;230
131018;230
131181;230
131342;230
131502;230
131668;230
131829;230
131990;230
132151;230
132308;230
132469;230
132632;230
132794;230
132954;230
133114;230
133271;230
133450;230
133632;230
133806;230
133966;230
134193;230
134387;230
134549;230
134708;230
134873;230
135039;230
135203;230
135361;230
135523;230
135712;230
135876;230
136035;230
136194;230
136354;230
136517;230
136677;230
136838;230
137000;230
137160;230
137320;230
137479;230
137650;230
137830;230
137995;230
138155;230
138315;230
138476;230
138638;230
138798;230
138961;230
139190;230
139428;230
139673;230
139869;230
140073;230
140314;230
140493;230
140668;230
140852;230
141044;230
141222;230
141399;230
141573;230
141780;230
141956;230
142134;230
142292;230
142455;230
142618;230
142776;230
142939;230
143098;230
143259;230
143419;230
143580;230
143743;230
143904;230
144063;230
144227;230
144386;230
144546;230
144706;230
144864;230
145024;230
145183;230
145341;230
145501;230
145665;230
145830;230
145994;230
146156;230
146318;230
146479;230
146640;230
146803;230
146964;230
147128;230
147295;230
147456;230
147616;230
147806;230
147966;230
148128;230
148291;230
148455;230
148617;230
148780;230
148941;230
149100;230
149262;230
149422;230
149584;230
149752;230
149935;230
150097;230
150263;230
150424;230
150586;230
150749;230
150918;230
151079;230
151239;230
151398;230
151560;230
151721;230
151918;230
152078;230
152239;230
152399;230
152562;230
152721;230
152882;230
153044;230
153207;230
153371;230
153531;230
153690;230
153858;230
154020;230
154183;230
154346;230
154505;230
154664;230
154827;230
155014;230
155181;230
155341;230
155501;230
155660;230
155825;230
155991;230
156149;230
156308;230
156473;230
156634;230
156793;230
156954;230
157113;230
157272;230
157440;230
157604;230
157761;230
157944;230
158106;230
158265;230
158425;230
158584;230
158742;230
158904;230
159064;230
159224;230
159389;230
159551;230
159712;230
159878;230
160042;230
160203;230
160364;230
160526;230
160685;230
160852;230
161020;230
161182;230
161343;230
161505;230
161714;229
161883;229
162046;229
162208;229
162368;229
162533;229
162695;229
162854;229
163015;229
163176;229
163338;229
163502;229
163664;229
163824;229
163998;229
164162;229
164321;229
164482;229
164642;229
164800;229
164960;229
165123;229
165283;229
165444;229
165609;229
165771;229
165958;229
166116;229
166278;229
166438;229
166600;229
166760;229
166923;229
167094;229
167256;229
167415;229
167578;229
167738;229
167906;229
168087;229
168253;229
168419;229
168585;229
168754;229
168913;229
169072;229
169229;229
169388;229
169550;229
169709;229
169873;229
170038;229
170200;229
170359;229
170518;229
170677;229
170845;229
171005;229
171171;229
171330;229
171488;229
171645;229
171807;229
171974;229
172133;229
172293;229
172454;229
172616;229
172774;229
172934;229
173094;229
173262;229
173427;229
173587;229
173745;229
173906;229
174094;229
174256;229
174414;229
174574;229
174731;229
174906;229
175069;229
175236;229
175395;229
175553;229
175714;229
175874;229
176063;229
176224;229
176386;229
176545;229
176705;229
176864;229
177022;229
177182;229
177340;229
177502;229
177661;229
177823;229
177985;229
178150;229
178309;229
178470;229
178634;229
178793;229
178953;229
179117;229
179278;229
179528;229
179737;229
179896;229
180062;229
180225;229
180384;229
180545;229
180706;229
180871;229
181036;229
181195;229
181353;229
181514;229
181673;229
181831;229
181992;229
182156;229
182315;229
182477;229
182639;229
182799;229
182960;229
183120;229
183282;229
183439;229
183601;229
183759;229
183919;229
184121;229
184281;229
184439;229
184598;229
184757;229
184917;229
185077;229
185239;229
185400;229
185565;229
185723;229
185883;229
186046;229
186212;229
186370;229
186529;229
186687;229
186847;229
187009;229
187175;229
187335;229
187494;229
187654;229
187813;229
187987;229
188158;229
188321;229
188482;229
188647;229
188808;229
188969;229
189134;229
189292;229
189452;229
189613;229
189775;229
189935;229
190113;229
190290;229
190450;229
190610;229
190773;229
190939;229
191103;229
191264;229
191425;229
191586;229
191748;229
191906;229
192070;229
192235;229
192396;229
192560;229
192722;229
192881;229
193044;229
193206;229
193368;229
193534;229
193695;229
193859;229
194021;229
194184;229
194346;229
194504;229
194671;229
194833;229
194996;229
195155;229
195313;229
195470;229
195628;229
195787;229
195947;229
196106;229
196277;229
196436;229
196595;229
196755;229
196914;229
197076;229
197235;229
197394;229
197555;229
197713;229
197875;229
198034;229
198200;229
198359;229
198521;229
198682;229
198842;229
198999;229
199238;229
199402;229
199563;229
199727;229
199885;229
200046;229
200235;229
200400;229
200558;229
200718;229
200888;229
201050;229
201210;229
201375;229
201536;229
201696;229
201857;229
202019;229
202181;229
202371;229
202532;229
202694;229
202855;229
203018;229
203178;229
203336;229
203492;229
203654;229
203814;229
203975;229
204135;229
204325;229
204485;229
204644;229
204802;229
204960;229
205121;229
205282;229
205444;229
205610;229
205772;229
205934;229
206095;229
206261;229
206422;229
206588;229
206750;229
206911;229
207090;229
207250;229
207411;229
207570;229
207731;229
207893;229
208054;229
208217;229
