317;235
443;235
526;235
665;235
780;235
858;235
928;235
999;235
1090;235
1159;235
1229;235
1298;235
1387;235
1473;235
1560;235
1654;235
1736;235
1818;235
1889;235
1957;235
2023;235
2100;235
2172;235
2233;235
2312;235
2381;235
2443;235
2504;236
2576;236
2647;236
2724;236
2785;236
2862;236
2957;236
3056;236
3150;236
3229;236
3309;236
3388;236
3468;236
3548;236
3619;236
3685;236
3753;236
3823;236
3882;236
3941;236
4001;236
4062;236
4124;236
4198;236
4260;236
4338;236
4396;236
4469;236
4529;236
4601;236
4681;236
4746;236
4827;236
4887;236
4955;236
5016;236
5084;236
5143;236
5211;236
5270;236
5332;236
5399;236
5461;236
5520;236
5582;236
5652;236
5730;236
5808;236
5889;236
5992;236
6049;236
6116;236
6186;236
6246;236
6304;236
6365;236
6432;236
6495;236
6559;236
6620;236
6708;236
6773;236
6832;236
6891;236
6952;236
7015;235
7074;235
7144;235
7220;235
7289;235
7355;235
7415;235
7475;235
7543;235
7612;235
7679;235
7740;235
7808;235
7869;235
7930;235
8015;235
8073;235
8131;235
8190;235
8249;235
8312;235
8382;235
8440;235
8502;235
8561;235
8628;235
8705;235
8773;235
8833;235
8918;235
8994;235
9055;235
9122;235
9193;235
9261;235
9320;235
9388;235
9448;235
9507;235
9587;235
9647;235
9708;235
9769;235
9831;235
9890;235
9955;235
10012;235
10084;235
10155;235
10220;235
10281;235
10340;235
10398;235
10483;235
10544;235
10603;235
10670;235
10773;235
10846;235
10907;235
10969;235
11037;235
11098;235
11168;235
11223;235
11281;235
11339;235
11403;235
11470;235
11528;235
11589;235
11650;235
11717;235
11778;235
11838;235
11900;235
11963;235
12025;235
12086;235
12148;235
12208;235
12280;235
12338;235
12395;235
12467;235
12526;235
12607;235
12667;235
12756;235
12819;235
12879;235
12938;235
12998;235
13056;235
13123;235
13192;235
13252;235
13316;235
13380;235
13446;235
13504;235
13563;235
13631;235
13690;235
13750;235
13812;235
13873;235
13935;235
14003;235
14071;235
14144;235
14204;235
14273;235
14337;235
14416;235
14472;235
14539;235
14597;235
14657;235
14729;235
14812;235
14881;235
14942;235
15025;235
15083;235
15142;235
15209;235
15270;235
15342;235
15404;235
15466;235
15523;235
15590;235
15651;235
15713;235
15773;235
15833;235
15892;235
15952;235
16019;235
16086;235
16148;235
16210;235
16271;235
16346;235
16403;235
16469;235
16527;235
16585;235
16653;235
16723;235
16818;235
16880;235
16947;235
17005;235
17064;235
17122;235
17183;235
17260;235
17315;235
17392;235
17451;235
17518;235
17581;235
17640;235
17700;235
17758;235
17819;235
17882;235
17952;235
18031;235
18091;235
18166;235
18223;235
18282;235
18341;235
18400;235
18458;235
18518;235
18584;235
18643;235
18702;235
18779;235
18847;235
18908;235
18970;235
19030;235
19097;235
19165;235
19231;235
19290;235
19348;235
19409;235
19468;235
19527;235
19585;235
19652;235
19740;235
19806;235
19864;235
19925;235
19987;235
20048;235
20115;235
20174;235
20246;235
20305;235
20366;235
20428;235
20498;235
20558;235
20617;235
20678;235
20746;235
20832;235
20910;235
20976;235
21062;235
21120;235
21182;235
21248;235
21306;235
21364;235
21425;235
21509;235
21575;235
21642;235
21700;235
21767;235
21828;235
21891;235
21951;235
22019;235
22078;235
22143;235
22206;235
22273;235
22334;235
22392;235
22453;235
22519;235
22576;235
22641;235
22700;235
22765;235
22848;235
22915;235
22973;235
23031;235
23090;235
23155;235
23220;235
23281;235
23349;235
23410;235
23471;235
23531;235
23598;235
23657;235
23720;235
23779;235
23838;235
23899;235
23972;235
24033;235
24100;235
24159;236
24226;236
24290;236
24348;236
24406;236
24478;236
24536;236
24600;236
24668;236
24729;236
24818;236
24887;236
24954;236
25012;236
25073;236
25132;236
25206;236
25264;236
25340;236
25403;236
25470;236
25531;236
25608;236
25670;236
25730;236
25806;236
25869;236
25930;236
25999;236
26067;236
26135;236
26200;236
26263;236
26347;236
26415;238
26474;238
26541;238
26607;238
26668;238
26725;238
26782;238
26847;238
26905;238
26979;239
27040;239
27102;239
27160;239
27218;239
27276;239
27342;239
27400;239
27458;239
27518;239
27586;239
27651;239
27715;239
27799;239
27859;239
27919;239
27979;239
28037;239
28096;239
28160;239
28220;239
28281;239
28348;239
28406;239
28465;239
28523;239
28606;237
28665;237
28732;237
28805;237
28877;237
28934;237
28998;236
29057;236
29117;236
29177;236
29237;236
29296;236
29367;236
29433;236
29492;236
29565;236
29628;236
29712;236
29775;236
29836;236
29912;236
29978;236
30045;236
30106;236
30167;236
30234;236
30293;236
30353;236
30411;236
30482;236
30543;236
30623;236
30682;236
30742;236
30802;235
30865;236
30936;236
31004;236
31064;236
31123;236
31190;236
31248;236
31309;236
31376;236
31436;236
31511;236
31571;236
31640;236
31725;236
31809;236
31890;236
31963;236
32020;236
32079;236
32153;236
32211;236
32268;236
32329;236
32394;236
32455;236
32522;236
32589;236
32649;236
32707;236
32765;236
32824;236
32885;236
32943;236
33007;236
33067;236
33133;236
33203;236
33259;236
33321;236
33378;236
33437;236
33512;236
33576;236
33643;236
33701;236
33761;236
33819;236
33877;236
33935;236
33993;236
34050;236
34108;236
34171;236
34229;236
34314;236
34389;236
34445;236
34502;236
34560;236
34626;236
34688;236
34748;236
34813;236
34878;236
34937;236
34995;236
35054;236
35121;236
35196;236
35256;236
35341;236
35406;236
35473;236
35540;236
35598;236
35669;236
35724;236
35790;236
35857;236
35917;236
35982;236
36049;236
36108;236
36169;236
36257;236
36315;236
36375;236
36433;236
36491;236
36544;236
36608;236
36668;236
36735;236
36794;236
36860;236
36935;236
37004;236
37071;236
37169;236
37228;236
37299;236
37366;236
37441;236
37508;236
37569;236
37631;236
37690;236
37765;236
37825;236
37883;236
37955;236
38012;236
38079;236
38136;236
38195;236
38262;238
38335;238
38404;238
38464;238
38521;238
38579;238
38645;238
38702;238
38785;238
38842;238
38907;238
38967;239
39028;239
39088;239
39145;239
39204;239
39265;239
39329;239
39399;239
39477;239
39537;239
39602;239
39669;239
39729;239
39786;239
39854;239
39921;239
39979;239
40039;239
40099;237
40164;237
40231;237
40288;237
40349;237
40408;237
40475;237
40542;237
40609;237
40663;237
40719;237
40782;237
40842;237
40912;237
40970;237
41027;237
41098;237
41157;237
41223;239
41284;239
41342;239
41407;239
41464;239
41531;239
41589;239
41655;239
41721;239
41786;239
41844;239
41911;239
41977;238
42038;238
42097;238
42158;238
42216;238
42273;238
42341;238
42401;238
42459;238
42519;238
42583;238
42640;238
42711;238
42778;238
42836;238
42897;238
42966;238
43024;238
43096;238
43160;238
43228;238
43287;238
43348;238
43414;238
43471;238
43531;238
43601;238
43666;238
43733;238
43797;238
43854;238
43915;238
43975;238
44033;238
44092;238
44164;238
44221;238
44288;238
44345;238
44420;237
44486;237
44570;237
44631;237
44686;237
44744;237
44807;237
44874;237
44945;237
45010;237
45067;239
45127;239
45199;239
45259;239
45326;239
45383;239
45453;239
45515;239
45579;239
45639;239
45696;239
45763;239
45824;239
45881;239
45947;239
46005;239
46072;239
46139;239
46202;239
46262;239
46329;239
46399;239
46464;239
46522;239
46580;239
46637;239
46696;239
46760;239
46821;239
46882;239
46944;239
47004;239
47065;239
47122;239
47195;239
47261;239
47332;239
47402;239
47463;239
47522;239
47580;239
47639;239
47700;239
47767;239
47827;239
47888;239
47950;239
48012;239
48070;239
48128;239
48195;239
48261;239
48318;239
48378;239
48445;239
48514;239
48579;239
48647;239
48701;239
48758;239
48815;239
48882;239
48970;239
49037;239
49095;239
49168;239
49253;238
49320;238
49386;238
49446;238
49502;238
49569;238
49627;238
49693;238
49757;238
49817;238
49901;238
49958;238
50046;238
50117;238
50173;238
50230;238
50287;238
50345;238
50407;238
50491;238
50551;238
50609;238
50676;238
50756;238
50812;238
50888;238
50988;239
51046;239
51106;239
51164;239
51221;239
51282;239
51349;239
51413;239
51482;239
51545;239
51615;239
51673;239
51733;239
51793;239
51864;239
51925;239
52003;239
52058;239
52116;239
52198;239
52273;239
52330;239
52388;238
52445;238
52503;238
52567;238
52631;238
52689;238
52746;238
52809;238
52867;238
52941;238
53019;238
53092;238
53165;238
53242;238
53329;238
53438;238
53504;238
53562;238
53622;238
53680;238
53739;238
53799;238
53864;238
53922;238
53987;238
54049;238
54120;238
54181;238
54253;238
54321;238
54382;238
54455;238
54519;238
54593;238
54652;238
54712;238
54770;238
54847;238
54907;238
54978;238
55054;238
55116;238
55185;238
55244;238
55305;238
55365;238
55432;238
55490;238
55547;238
55605;238
55676;238
55735;238
55799;238
55858;238
55917;238
55975;238
56033;238
56099;238
56184;238
56249;238
56315;238
56380;238
56447;238
56513;238
56566;238
56626;238
56691;238
56760;238
56819;238
56877;238
56938;238
57031;238
57091;238
57176;238
57239;238
57297;238
57355;238
57416;238
57475;238
57533;238
57596;238
57665;238
57720;238
57785;238
57845;238
57903;238
57971;238
58028;238
58100;238
58163;238
58230;238
58287;238
58362;238
58420;238
58486;238
58544;238
58601;238
58659;238
58716;238
58784;238
58842;238
58913;238
58971;238
59043;238
59108;238
59187;238
59279;238
59360;238
59428;238
59524;238
59585;238
59645;238
59706;238
59774;238
59838;238
59897;238
59980;238
60052;238
60113;238
60173;238
60244;238
60302;238
60374;238
60441;238
60498;238
60563;238
60624;238
60691;238
60774;238
60839;238
60896;238
60954;238
61029;238
61097;238
61168;238
61226;238
61285;238
61352;238
61413;238
61470;238
61555;238
61630;238
61688;238
61746;238
61816;238
61874;238
61932;238
61990;238
62057;238
62115;238
62173;238
62233;238
62323;238
62389;238
62455;239
62515;239
62574;239
62640;239
62702;239
62758;240
62816;240
62873;240
62934;240
62999;240
63061;240
63122;240
63198;240
63256;240
63316;240
63377;240
63438;240
63498;240
63574;240
63634;240
63701;240
63759;240
63838;240
63896;240
63954;240
64014;240
64072;240
64130;240
64193;240
64254;240
64330;240
64394;240
64465;240
64522;240
64607;240
64665;240
64732;239
64797;239
64857;239
64930;239
64987;239
65058;239
65130;239
65196;239
65265;239
65349;239
65422;239
65489;239
65556;239
65622;239
65689;239
65749;239
65807;239
65865;239
65928;239
65989;239
66047;239
66105;239
66166;239
66227;239
66298;239
66365;238
66423;238
66482;238
66550;238
66629;238
66693;238
66753;238
66820;238
66884;238
66956;238
67028;238
67107;238
67200;238
67260;238
67319;238
67379;238
67438;238
67495;238
67553;238
67611;238
67678;238
67736;238
67799;238
67865;238
67927;238
67990;238
68060;238
68118;238
68179;238
68246;238
68317;238
68381;238
68456;238
68514;238
68581;238
68645;238
68709;238
68776;238
68833;238
68894;238
68964;238
69025;238
69086;238
69148;238
69218;238
69277;237
69336;237
69402;237
69462;237
69520;237
69587;237
69645;237
69705;237
69781;237
69838;237
69896;237
69953;237
70031;237
70089;237
70150;237
70211;237
70275;237
70331;237
70397;237
70457;237
70517;237
70575;237
70633;237
70691;237
70771;237
70828;237
70887;237
70946;237
71013;237
71083;237
71143;237
71201;237
71259;237
71319;237
71395;237
71451;237
71509;237
71572;237
71642;237
71700;237
71760;237
71827;237
71904;237
71985;237
72042;237
72100;237
72180;237
72239;237
72300;237
72359;237
72419;237
72477;237
72542;237
72606;237
72664;237
72722;237
72780;237
72837;237
72899;237
72956;237
73018;237
73104;238
73169;238
73228;238
73288;238
73346;238
73403;238
73460;238
73518;238
73580;238
73637;238
73697;238
73767;240
73830;240
73888;240
73949;240
74009;240
74067;240
74124;240
74191;240
74252;240
74311;240
74375;240
74433;240
74495;240
74588;240
74653;240
74709;240
74766;240
74827;240
74899;240
74960;240
75017;240
75092;240
75165;240
75237;240
75294;240
75368;240
75426;240
75483;240
75559;240
75618;240
75684;240
75741;240
75826;240
75886;240
75947;240
76019;240
76090;240
76151;240
76229;240
76301;240
76359;240
76419;240
76484;240
76541;240
76613;240
76671;240
76731;240
76798;240
76868;240
76935;240
77017;240
77124;240
77188;240
77257;240
77317;240
77391;240
77448;240
77513;240
77589;240
77658;240
77721;240
77799;240
77865;240
77936;240
78003;240
78061;240
78121;240
78182;240
78247;240
78304;240
78361;240
78420;240
78486;240
78543;240
78608;240
78675;240
78743;240
78799;240
78856;240
78913;239
78980;239
79038;239
79103;239
79191;239
79249;239
79320;239
79374;239
79432;239
79492;239
79552;239
79611;239
79669;239
79737;239
79807;239
79866;239
79923;239
79999;239
80064;239
80131;239
80188;239
80272;239
80358;239
80419;239
80478;239
80536;239
80597;239
80654;239
80714;239
80772;239
80847;239
80907;239
80970;238
81028;238
81088;238
81151;238
81213;238
81273;238
81333;236
81391;236
81449;237
81507;237
81589;237
81646;237
81711;237
81769;237
81829;237
81891;237
81952;237
82011;237
82069;237
82127;237
82190;237
82278;237
82336;237
82400;237
82456;236
82532;236
82591;236
82658;236
82712;236
82776;236
82837;236
82897;236
82955;236
83015;236
83073;236
83140;236
83198;236
83255;236
83315;236
83380;236
83438;236
83495;236
83562;236
83622;236
83689;236
83748;236
83840;236
83905;236
83969;236
84027;236
84085;236
84146;236
84204;236
84271;236
84338;236
84396;236
84458;236
84528;236
84599;236
84657;236
84717;236
84775;236
84858;236
84933;236
85000;236
85071;236
85129;235
85203;235
85261;235
85339;235
85397;235
85456;235
85516;235
85573;235
85657;235
85717;235
85782;235
85852;235
85911;235
85972;235
86029;235
86087;235
86147;235
86208;235
86281;235
86339;235
86407;235
86475;235
86536;235
86603;235
86661;235
86718;236
86778;236
86854;236
86922;236
86991;236
87049;236
87109;236
87205;236
87263;236
87324;236
87383;236
87450;236
87524;236
87594;236
87651;236
87714;236
87773;236
87834;236
87891;236
87953;236
88014;236
88077;236
88133;236
88205;236
88265;236
88332;236
88408;236
88468;236
88526;236
88588;236
88647;236
88714;236
88787;236
88845;236
88903;236
88961;236
89029;236
89101;236
89160;236
89230;236
89297;236
89361;236
89421;236
89481;236
89544;236
89603;236
89669;236
89730;236
89815;236
89873;236
89944;236
90007;236
90069;236
90127;236
90195;236
90255;236
90322;236
90380;236
90439;236
90506;236
90578;236
90641;236
90701;236
90759;236
90817;236
90874;236
90932;236
90993;236
91060;236
91126;236
91207;236
91265;236
91323;236
91389;236
91449;236
91509;236
91580;236
91637;236
91695;236
91757;236
91825;236
91889;236
91947;236
92007;236
92073;236
92133;236
92192;236
92263;236
92326;236
92398;236
92458;236
92516;236
92584;236
92648;236
92707;236
92764;236
92822;236
92880;236
92940;236
93007;236
93068;236
93126;236
93187;236
93250;236
93360;236
93415;236
93474;236
93541;236
93630;236
93688;236
93748;236
93807;236
93867;236
93927;236
93994;236
94055;236
94118;236
94180;236
94239;236
94296;236
94358;236
94429;236
94494;236
94576;236
94637;236
94712;236
94775;236
94842;236
94897;236
94958;236
95024;236
95085;236
95142;236
95212;236
95272;236
95338;236
95409;236
95475;236
95535;235
95601;235
95666;235
95724;236
95790;236
95844;236
95904;236
95968;236
96043;236
96125;236
96192;236
96261;236
96339;236
96390;236
96474;236
96534;236
96605;236
96666;236
96738;236
96796;236
96854;236
96914;236
96972;235
97044;235
97102;235
97196;235
97287;235
97344;235
97403;235
97470;235
97537;235
97614;235
97682;235
97740;235
97802;235
97859;235
97918;235
97977;235
98038;235
98098;235
98166;235
98239;235
98297;235
98361;235
98419;235
98480;235
98547;235
98604;235
98664;235
98731;235
98802;235
98863;235
98924;235
99001;235
99057;235
99117;235
99181;235
99261;235
99322;235
99379;235
99436;235
99508;235
99583;235
99643;235
99701;235
99761;235
99840;235
99905;235
99972;235
100039;235
100098;235
100162;235
100222;235
100289;235
100349;235
100416;235
100473;235
100531;235
100595;235
100667;235
100734;235
100801;235
100861;235
100919;235
100976;235
101044;235
101119;235
101175;235
101237;235
101306;235
101377;235
101443;235
101509;235
101567;235
101626;235
101683;235
101743;235
101801;235
101868;235
101926;235
101999;235
102069;235
102135;235
102195;235
102268;235
102327;235
102389;235
102450;235
102517;235
102584;235
102651;235
102720;235
102786;235
102853;235
102920;235
102981;235
103044;235
103106;235
103178;235
103249;235
103316;235
103391;235
103451;235
103508;235
103566;235
103625;235
103686;235
103768;235
103835;235
103893;235
103960;235
104020;235
104097;235
104150;235
104207;235
104279;235
104351;235
104412;235
104470;235
104528;235
104604;235
104662;235
104722;235
104782;235
104840;235
104901;235
104968;235
105053;235
105110;235
105172;235
105250;235
105314;235
105375;235
105435;235
105494;235
105554;235
105615;235
105673;235
105740;235
105797;235
105858;235
105923;235
105992;235
106057;235
106123;235
106201;235
106256;235
106313;235
106371;235
106447;235
106505;235
106576;235
106643;235
106719;235
106810;235
106868;235
106940;235
107020;235
107099;235
107168;235
107226;235
107288;235
107367;235
107427;235
107485;235
107538;235
107598;235
107669;235
107728;235
107785;235
107842;235
107913;235
