125;3070
266;2977
323;2977
376;2966
424;2861
473;2800
511;2786
585;2699
620;2699
658;2699
704;2469
740;2469
790;2400
827;2400
882;2293
931;2258
971;2167
1009;2161
1050;2125
1084;2125
1119;2081
1177;2081
1212;2058
1251;2058
1295;1988
1339;1806
1375;1806
1417;1739
1456;1655
1497;1597
1535;1597
1572;1523
1613;1519
1658;1496
1697;1458
1732;1458
1781;1343
1819;1342
1866;1170
1900;1170
1941;1170
1981;1154
2022;1070
2062;1017
2098;987
2133;987
2167;987
2208;914
2245;914
2287;914
2333;913
2368;913
2410;868
2447;826
2481;826
2515;826
2550;826
2584;826
2621;765
2655;765
2689;748
2724;748
2759;748
2807;587
2841;587
2878;587
2917;587
2958;587
3008;587
3064;587
3113;585
3162;585
3211;585
3260;585
3308;585
3358;551
3425;499
3469;499
3522;499
3552;499
3586;499
3617;499
3648;499
3683;499
3715;499
3747;499
3777;499
3811;499
3841;499
3872;499
3901;499
3932;499
3964;499
3997;499
4028;499
4063;498
4103;498
4137;498
4168;498
4201;486
4232;486
4262;486
4293;486
4324;486
4358;486
4389;486
4427;486
4464;486
4494;486
4529;486
4562;486
4595;486
4627;486
4659;486
4693;486
4730;486
4760;486
4790;486
4821;486
4851;486
4881;486
4910;486
4943;486
4974;462
5014;462
5046;462
5077;462
5113;462
5144;462
5175;462
5209;462
5243;461
5276;461
5310;461
5344;461
5378;461
5419;461
5463;461
5509;461
5555;461
5600;461
5645;458
5692;458
5741;458
5780;458
5811;458
5842;458
5872;440
5902;440
5941;440
5974;440
6010;440
6040;440
6071;440
6101;440
6131;440
6164;440
6196;440
6226;440
6257;440
6287;440
6317;440
6352;440
6383;440
6424;440
6460;440
6498;440
6539;440
6569;440
6604;440
6636;440
6670;440
6704;440
6738;440
6772;440
6804;440
6836;440
6868;440
6903;440
6939;437
6987;437
7021;365
7055;365
7091;365
7121;365
7151;361
7185;361
7216;361
7250;361
7279;361
7310;361
7341;361
7371;361
7403;361
7433;361
7463;361
7494;361
7524;361
7554;361
7588;361
7622;361
7652;361
7684;361
7715;361
7746;361
7782;361
7816;361
7849;361
7879;361
7917;361
7948;361
7979;361
8011;361
8042;361
8073;361
8105;361
8137;361
8184;361
8214;361
8254;361
8285;361
8315;361
8346;361
8375;361
8409;261
8440;261
8470;261
8504;261
8544;261
8579;261
8610;261
8641;261
8671;261
8701;261
8735;261
8768;261
8799;261
8830;261
8861;261
8893;261
8924;261
8956;261
8987;261
9021;261
9055;260
9088;260
9120;260
9152;260
9186;260
9218;260
9254;261
9285;261
9327;261
9368;261
9403;261
9436;261
9470;261
9506;261
9537;261
9567;261
9598;261
9628;261
9658;261
9692;261
9722;261
9754;261
9788;261
9818;261
9850;261
9884;261
9921;261
9952;261
9982;261
10017;261
10051;261
10090;261
10123;261
10154;261
10186;261
10218;261
10249;261
10283;261
10314;261
10344;261
10375;261
10421;261
10455;261
10487;261
10532;261
10562;261
10593;261
10628;261
10662;261
10693;261
10726;264
10756;264
10787;264
10824;264
10858;264
10887;264
10927;264
10966;264
10999;264
11035;264
11065;264
11096;264
11127;264
11158;264
11195;264
11232;264
11266;264
11302;264
11333;264
11366;264
11397;264
11428;264
11460;264
11491;264
11527;264
11562;264
11600;264
11636;264
11669;264
11702;264
11733;264
11770;264
11806;264
11839;264
11877;264
11910;264
11943;264
11976;264
12008;264
12038;264
12068;264
12098;264
12135;264
12166;264
12200;264
12230;264
12263;264
12293;264
12330;264
12360;264
12398;264
12432;264
12463;264
12496;263
12528;263
12559;263
12597;263
12637;263
12668;263
12704;263
12735;263
12766;263
12797;263
12829;263
12863;264
12900;264
12933;264
12964;264
12996;264
13027;264
13059;264
13090;264
13121;264
13153;264
13186;264
13217;264
13247;264
13277;264
13309;264
13342;264
13377;261
13412;261
13443;261
13480;261
13511;261
13542;261
13572;261
13605;261
13638;261
13672;262
13707;262
13738;262
13770;262
13811;262
13843;262
13874;262
13905;262
13939;262
13974;262
14014;262
14045;262
14081;262
14112;262
14149;262
14179;262
14210;262
14240;262
14270;262
14300;262
14333;262
14370;262
14401;262
14432;262
14462;262
14492;262
14523;262
14555;262
14585;262
14619;262
14650;262
14682;262
14716;262
14746;262
14780;262
14812;262
14843;262
14873;262
14902;262
14937;262
14968;262
14998;262
15029;262
15059;262
15088;262
15119;262
15149;262
15178;262
15211;262
15241;262
15274;262
15303;262
15333;262
15362;262
15402;262
15432;262
15461;262
15491;262
15522;262
15553;262
15584;262
15615;262
15645;262
15672;262
15703;262
15734;262
15764;262
15795;262
15830;262
15860;262
15891;262
15921;262
15951;262
15980;262
16010;262
16049;262
16082;262
16112;262
16142;262
16172;262
16203;262
16236;262
16270;262
16300;262
16333;262
16366;262
16396;262
16430;258
16463;258
16493;258
16523;258
16556;258
16586;258
16619;258
16655;258
16684;258
16720;258
16750;258
16780;258
16809;258
16841;258
16871;258
16900;258
16936;258
16972;258
17005;258
17036;258
17067;258
17101;258
17131;258
17161;258
17191;257
17221;257
17256;257
17286;257
17317;257
17347;257
17377;257
17411;257
17442;257
17472;257
17502;257
17533;257
17565;257
17594;257
17627;257
17660;257
17689;257
17719;257
17753;257
17785;257
17821;257
17856;257
17891;257
17924;257
17954;257
17986;257
18019;257
18051;257
18081;257
18110;257
18141;257
18174;257
18215;257
18246;257
18276;257
18307;257
18341;258
18373;258
18407;258
18436;258
18466;258
18498;258
18528;258
18557;258
18586;258
18622;263
18674;263
18723;263
18759;263
18806;263
18851;263
18900;263
18947;263
18978;263
19011;263
19042;263
19073;263
19104;263
19135;263
19166;263
19199;263
19235;263
19266;263
19315;263
19344;263
19375;263
19404;263
19435;263
19469;263
19499;263
19529;263
19558;263
19594;266
19629;266
19664;266
19708;266
19741;266
19776;266
19806;266
19840;266
19873;266
19907;266
19936;266
19966;266
20002;266
20031;266
20063;266
20093;266
20120;266
20150;266
20180;266
20217;266
20247;266
20277;266
20308;266
20337;266
20367;266
20397;266
20426;266
20461;266
20501;266
20551;266
20609;266
20663;266
20693;266
20723;266
20755;266
20785;266
20814;266
20847;266
20877;266
20908;266
20939;266
20971;266
21001;266
21030;264
21060;264
21097;264
21126;264
21156;264
21185;264
21215;264
21245;264
21277;264
21310;264
21340;264
21371;264
21405;264
21436;264
21465;263
21494;263
21528;263
21558;263
21588;263
21621;263
21653;263
21683;263
21713;263
21743;263
21772;264
21805;264
21835;264
21868;264
21901;264
21932;264
21962;262
21997;262
22035;262
22067;262
22099;262
22132;262
22162;262
22195;262
22225;261
22258;261
22292;261
22324;261
22360;261
22391;261
22424;261
22454;261
22486;261
22513;261
22547;261
22580;261
22611;261
22646;261
22675;261
22710;261
22739;260
22769;260
22799;260
22830;260
22859;260
22889;260
22919;260
22948;260
22983;260
23013;260
23042;261
23076;261
23118;261
23151;261
23184;261
23217;261
23251;262
23284;262
23318;262
23348;262
23378;262
23407;262
23440;262
23470;262
23501;262
23530;262
23562;262
23592;262
23634;262
23664;262
23693;262
23724;262
23757;262
23791;262
23821;262
23850;262
23884;262
23915;262
23946;262
23975;262
24008;262
24040;262
24070;262
24099;262
24131;262
24169;262
24198;262
24227;262
24262;262
24297;262
24327;262
24358;262
24387;262
24417;262
24451;262
24481;262
24515;262
24545;262
24577;262
24606;262
24633;262
24663;262
24696;262
24726;262
24761;262
24794;262
24824;262
24854;262
24887;262
24919;262
24949;262
24979;262
25012;262
25041;262
25074;262
25104;262
25136;262
25165;262
25194;262
25227;262
25260;262
25293;262
25322;262
25352;262
25386;262
25421;262
25455;262
25485;262
25515;262
25548;262
25577;262
25610;262
25640;262
25670;262
25705;262
25740;262
25769;261
25799;261
25829;261
25862;261
25892;261
25925;261
25956;261
25989;261
26019;261
26049;261
26081;261
26111;261
26141;261
26175;261
26209;261
26239;261
26273;261
26307;261
26336;261
26369;261
26399;261
26432;261
26468;261
26498;261
26527;261
26560;261
26600;261
26633;261
26663;261
26694;261
26730;261
26764;261
26795;261
26824;261
26855;261
26885;261
26915;261
26947;261
26978;261
27018;261
27048;261
27081;261
27114;261
27143;261
27173;261
27206;261
27236;261
27268;261
27301;261
27335;261
27368;261
27408;261
27439;261
27469;261
27504;261
27534;261
27563;261
27593;261
27626;261
27660;261
27690;261
27720;261
27760;261
27789;261
27822;261
27852;261
27882;261
27917;261
27953;261
27985;261
28018;261
28053;261
28087;261
28124;261
28162;261
28197;261
28230;261
28260;261
28292;261
28321;261
28351;261
28381;261
28414;261
28444;261
28489;261
28529;261
28558;261
28590;261
28623;261
28658;261
28688;261
28720;261
28752;261
28787;261
28828;261
28859;261
28888;261
28918;261
28950;261
28983;261
29016;261
29048;261
29077;261
29110;261
29143;261
29175;261
29210;261
29241;261
29271;261
29300;261
29329;261
29359;261
29389;261
29423;261
29452;261
29481;261
29514;261
29544;261
29573;261
29609;261
29639;261
29674;262
29704;262
29734;262
29763;262
29793;262
29829;262
29859;262
29888;262
29918;262
29955;262
29984;262
30014;262
30049;262
30079;262
30109;262
30138;262
30168;262
30204;262
30237;262
30267;262
30297;262
30333;262
30362;262
30403;262
30434;262
30464;262
30497;262
30530;262
30560;262
30590;262
30630;262
30659;262
30690;262
30720;262
30753;262
30792;262
30823;262
30856;262
30886;262
30916;262
30952;262
30986;262
31016;262
31045;262
31076;262
31106;262
31136;262
31165;262
31198;262
31229;262
31256;262
31285;262
31315;262
31345;262
31375;262
31405;262
31436;262
31470;262
31503;262
31534;262
31570;260
31604;257
31640;257
31672;257
31703;257
31733;257
31762;257
31793;257
31829;257
31862;257
31892;257
31932;257
31964;257
31994;257
32024;257
32053;258
32085;258
32115;258
32149;258
32184;258
32218;258
32248;258
32279;258
32310;258
32341;258
32371;258
32406;258
32439;258
32469;258
32504;258
32537;258
32567;258
32596;258
32623;258
32653;258
32682;258
32712;258
32743;258
32773;258
32804;258
32833;258
32863;258
32893;258
32924;258
32954;258
32983;258
33023;258
33059;258
33119;258
33152;258
33182;258
33219;258
33249;258
33281;258
33313;258
33343;258
33373;258
33403;258
33434;258
33463;258
33493;258
33523;258
33556;258
33585;258
33615;258
33645;258
33674;258
33707;258
33737;258
33766;258
33797;258
33827;258
33857;258
33887;258
33917;258
33948;258
33982;258
34015;258
34045;258
34074;258
34105;258
34134;258
34163;258
34195;258
34225;258
34257;258
34286;258
34317;258
34350;258
34379;258
34410;258
34442;258
34475;258
34507;258
34539;258
34570;258
34601;258
34638;258
34672;258
34702;258
34732;258
34761;258
34790;258
34825;258
34856;258
34886;258
34919;258
34948;258
34978;258
35007;258
35039;258
35069;258
35100;258
35129;258
35160;258
35190;258
35220;258
35254;258
35302;258
35331;258
35364;258
35394;258
35431;258
35463;258
35493;258
35523;258
35555;258
35584;258
35614;258
35644;258
35674;258
35710;258
35740;258
35772;258
35808;258
35838;258
35869;258
35904;258
35939;258
35970;258
36007;258
36039;258
36070;258
36104;258
36134;258
36166;258
36199;258
36229;258
36258;258
36289;258
36319;258
36352;258
36381;258
36412;258
36442;258
36478;258
36508;258
36544;258
36575;258
36604;258
36633;258
36669;258
36703;258
36733;258
36765;258
36798;258
36827;258
36861;258
36890;257
36920;257
36950;257
36984;257
37021;257
37054;257
37087;257
37133;257
37161;257
37195;257
37225;257
37255;257
37285;257
37318;257
37348;257
37380;257
37414;257
37444;257
37475;257
37506;257
37535;257
37564;257
37594;257
37629;257
37661;257
37691;257
37731;257
37762;257
37793;257
37827;257
37864;257
37897;257
37928;257
37957;257
37986;257
38016;257
38049;257
38085;257
38117;257
38146;257
38177;257
38207;257
38239;257
38272;257
38307;257
38336;257
38369;257
38400;257
38434;257
38463;257
38493;257
38535;257
38570;257
38599;257
38631;257
38662;257
38691;257
38720;257
38749;257
38779;257
38809;257
38839;257
38869;257
38898;257
38930;257
38960;257
38993;257
39022;257
39054;257
39085;257
39119;257
39150;257
39177;257
39208;257
39240;257
39277;257
39310;257
39343;257
39372;257
39403;257
39432;257
39462;257
39491;257
39521;257
39550;257
39582;257
39612;257
39651;257
39680;257
39711;257
39741;257
39770;257
39800;257
39829;257
39860;257
39894;257
39924;257
39955;257
39990;257
40021;257
40054;257
40084;257
40114;257
40146;257
40177;257
40210;257
40242;257
40275;257
40305;257
40334;257
40366;257
40396;257
40428;257
40458;257
40491;257
40527;257
40560;257
40590;257
40621;257
40661;257
40690;257
40720;257
40755;257
40794;257
40827;257
40856;257
40887;257
40916;257
40946;257
40977;257
41006;257
41038;257
41069;257
41099;257
41125;257
41155;257
41186;257
41221;257
41254;257
41284;257
41314;257
41344;257
41381;257
41415;257
41448;257
41481;257
41511;257
41541;257
41574;257
41604;257
41633;257
41663;257
41692;257
41722;257
41751;257
41782;257
41812;257
41847;257
41878;257
41908;257
41942;257
41973;257
42002;257
42034;257
42064;257
42097;257
42133;257
42167;257
42197;257
42226;257
42260;257
42294;257
42324;257
42357;257
42393;257
42424;257
42456;257
42487;257
42520;257
42550;257
42582;257
42612;257
42638;257
42673;257
42703;257
42733;257
42765;257
42795;257
42828;257
42859;257
42893;257
42922;257
42954;257
42983;257
43022;257
43055;257
43085;257
43116;257
43152;257
43181;257
43220;257
43254;257
43290;257
43322;257
43361;257
43392;257
43423;257
43457;257
43490;257
43519;257
43549;257
43580;257
43609;257
43644;257
43673;257
43705;257
43736;257
43768;257
43797;257
43830;257
43863;257
43896;257
43926;257
