1089;78
1320;78
1536;78
1775;78
1984;78
2189;78
2403;78
3234;78
3435;78
3631;78
3909;78
4166;78
4365;78
4569;78
4996;78
5310;78
5539;78
5756;78
5958;78
6167;78
6374;78
6635;78
6858;78
7076;78
7303;78
7518;78
7756;78
7981;78
8186;78
8464;78
8876;78
9140;78
9372;78
9567;78
9762;78
9958;78
10149;78
10337;78
10525;78
10714;78
10904;78
11081;78
11261;78
11439;78
11613;78
11789;78
11960;78
12140;78
12306;78
12471;78
12632;78
12786;78
12941;78
13089;78
13236;78
13387;78
13528;78
13668;78
13803;78
13973;78
14110;78
14282;76
14408;76
14532;76
14660;76
14823;75
14943;75
15058;75
15172;75
15332;73
15436;73
15538;73
15684;72
15785;72
15882;72
16027;71
16170;70
16262;70
16357;70
16448;70
16558;70
16645;70
16735;70
16821;70
16908;70
16994;70
17077;70
17181;70
17317;70
17442;70
17546;70
17633;70
17743;70
17837;70
18041;70
18165;70
18253;70
18339;70
18424;70
18523;70
18734;70
18847;70
18935;70
19022;70
19112;70
19200;70
19284;70
19369;70
19454;70
19543;70
19631;70
19716;70
19799;70
19883;70
19965;70
20047;70
20135;70
20224;70
20308;70
20393;70
20476;70
20569;70
20659;70
20748;70
20841;70
20932;70
21020;70
21110;70
21201;70
21288;70
21375;70
21460;70
21586;70
21678;70
21770;70
21855;70
21941;70
22034;70
22123;70
22217;70
22308;70
22399;70
22489;70
22578;70
22663;70
22747;70
22832;70
22917;70
23001;70
23090;70
23185;70
23289;70
23380;70
23469;70
23561;70
23649;70
23739;70
23824;70
23909;70
23994;70
24080;70
24166;70
24280;70
24364;70
24448;70
24533;70
24626;70
24712;70
24829;70
24952;70
25074;70
25198;70
25318;70
25404;70
25487;70
25575;70
25660;70
25745;70
25829;70
25912;70
25996;70
26079;70
26168;70
26257;70
26341;70
26426;70
26553;69
26637;69
26728;69
26815;69
26900;69
26986;69
27072;69
27159;69
27246;69
27332;69
27418;69
27510;69
27598;69
27685;69
27772;69
27859;69
27958;69
28046;69
28133;69
28226;69
28318;69
28404;69
28492;69
28577;69
28665;69
28753;69
28839;69
28924;69
29013;69
29100;69
29186;69
29275;69
29362;69
29448;69
29536;69
29623;69
29710;69
29803;69
29892;69
29979;69
30066;69
30152;69
30259;69
30416;69
30512;69
30614;69
30753;69
30903;69
30990;69
31080;69
31184;69
31323;69
31502;69
31615;69
31716;69
31867;69
32013;69
32117;69
32212;69
32327;69
32417;69
32506;69
32595;69
32681;69
32770;69
32859;69
32949;69
33034;69
33121;69
33213;69
33315;69
33404;69
33502;69
33634;69
33727;69
33851;69
33996;69
34134;69
34284;69
34423;69
34541;69
34629;69
34725;69
34811;69
34897;69
34982;69
35070;69
35158;69
35248;69
35342;69
35429;69
35516;69
35602;69
35690;69
35777;69
35863;69
35954;69
36044;69
36132;69
36219;69
36313;69
36408;69
36513;69
36599;69
36706;69
36833;69
36958;69
37079;69
37168;69
37255;69
37341;69
37429;69
37519;69
37610;69
37697;69
37784;69
37871;69
37956;69
38043;69
38130;69
38219;69
38312;69
38399;69
38489;69
38575;69
38662;69
38752;69
38837;69
38926;69
39012;69
39102;69
39188;69
39274;69
39364;69
39451;69
39538;69
39625;69
39716;69
39803;69
39889;69
39989;69
40125;69
40246;69
40399;69
40522;69
40669;69
40806;69
40979;69
41095;69
41183;69
41276;69
41397;69
41485;69
41573;69
41661;69
41752;69
41841;69
41927;69
42027;69
42115;69
42214;69
42337;69
42466;69
42595;69
42713;69
42802;69
42918;69
43042;69
43171;69
43300;69
43425;69
43558;69
43737;69
43875;69
43989;69
44116;69
44258;69
44437;69
44618;69
44760;69
44915;69
45012;69
45108;69
45204;69
45320;69
45453;69
45583;69
45711;69
45830;69
45994;69
46116;69
46258;69
46359;69
46488;69
46579;69
46671;69
46758;69
46864;69
46952;69
47038;69
47125;69
47214;69
47302;69
47397;69
47483;69
47568;69
47658;69
47746;69
47830;69
47919;69
48006;69
48093;69
48180;69
48266;69
48369;69
48462;69
48548;69
48633;69
48721;69
48806;69
48892;69
48981;69
49068;69
49155;69
49244;69
49329;69
49419;69
49505;69
49591;69
49680;69
49767;69
49859;69
49948;69
50034;69
50121;69
50211;69
50302;69
50402;69
50503;69
50587;69
50674;69
50763;69
50852;69
50938;69
51025;69
51110;69
51200;69
51288;69
51377;69
51469;69
51557;69
51643;69
51732;69
51819;69
51907;69
51994;69
52087;69
52178;69
52266;69
52354;69
52465;69
52555;69
52642;69
52732;69
52819;69
52907;69
53001;69
53089;69
53180;69
53269;69
53357;69
53445;69
53534;69
53620;69
53711;69
53801;69
53887;69
53975;69
54065;69
54153;69
54242;69
54330;69
54421;69
54514;69
54603;69
54694;69
54782;69
54870;69
54956;69
55045;69
55131;69
55222;69
55309;69
55396;69
55486;69
55573;69
55661;69
55753;69
55840;69
55927;69
56018;69
56107;69
56196;69
56285;69
56372;69
56465;69
56552;69
56639;69
56727;69
56811;69
56898;69
56984;69
57070;69
57159;69
57248;69
57334;69
57421;69
57509;69
57598;69
57687;69
57777;69
57862;69
57950;69
58037;69
58125;69
58216;69
58302;69
58391;69
58484;69
58573;69
58660;69
58747;69
58834;69
58921;69
59008;69
59099;69
59190;69
59278;69
59367;69
59454;69
59542;69
59629;69
59718;69
59807;69
59895;69
59981;69
60068;69
60160;69
60248;69
60337;69
60424;69
60536;69
60630;69
60720;69
60809;69
60897;69
60984;69
61072;69
61161;69
61250;69
61340;69
61429;69
61515;69
61602;69
61692;69
61779;69
61869;69
61955;69
62051;69
62143;69
62233;69
62322;69
62410;69
62511;69
62609;69
62697;69
62784;69
62872;69
62961;69
63051;69
63139;69
63226;69
63315;69
63406;69
63494;69
63581;69
63672;69
63760;69
63895;69
64001;69
64127;69
64217;69
64304;69
64391;69
64477;69
64591;69
64677;69
64764;69
64855;69
64941;69
65028;69
65114;69
65206;69
65296;69
65383;69
65472;69
65560;69
65647;69
65738;69
65823;69
65910;69
65997;69
66086;69
66175;69
66271;69
66357;69
66443;69
66532;69
66622;69
66708;69
66804;69
66888;69
66990;69
67096;69
67201;69
67300;69
67398;69
67494;69
67594;69
67691;69
67792;69
67889;69
67991;69
68090;69
68197;69
68313;69
68411;69
68514;69
68639;69
68740;69
68843;69
68943;69
69046;69
69143;69
69245;69
69360;69
69463;69
69558;69
69660;69
69757;69
69863;69
69960;69
70067;69
70166;69
70268;69
70368;69
70466;69
70569;69
70675;69
70776;69
70879;69
70978;69
71081;69
71180;69
71285;69
71388;69
71490;69
71588;69
71690;69
71788;69
71893;69
71994;69
72101;69
72201;69
72303;69
72404;69
72505;69
72624;69
72730;69
72832;69
72938;69
73036;69
73137;69
73240;69
73346;69
73442;69
73544;69
73644;69
73747;69
73846;69
73944;69
74046;69
74154;69
74254;69
74357;69
74471;69
74573;69
74678;69
74780;69
74885;69
74986;69
75087;69
75193;69
75306;69
75407;69
75507;69
75608;69
75709;69
75811;69
75917;69
76023;69
76123;69
76228;69
76326;69
76431;69
76529;69
76638;69
76744;69
76848;69
76952;69
77051;69
77152;69
77257;69
77363;69
77459;69
77573;69
77675;69
77777;69
77873;69
77973;69
78068;69
78172;69
78270;69
78368;69
78470;69
78567;69
78674;69
78777;69
78875;69
78972;69
79071;69
79176;69
79284;69
79382;69
79485;69
79581;69
79683;69
79781;69
79883;69
79981;69
80092;69
80193;69
80296;69
80392;69
80493;69
80593;69
80713;69
80814;69
80910;69
81005;69
81107;69
81204;69
81301;69
81400;69
81496;69
81597;69
81696;69
81798;69
81896;69
81999;69
82102;69
82208;69
82304;69
82405;69
82502;69
82598;69
82720;69
82823;69
82919;69
83019;69
83116;69
83221;69
83322;69
83423;69
83520;69
83619;69
83723;69
83828;69
83927;69
84029;69
84130;69
84235;69
84332;69
84435;69
84534;69
84634;69
84762;69
84859;69
84961;69
85058;69
85165;69
85271;69
85379;69
85476;69
85581;69
85676;69
85777;69
85875;69
85980;69
86080;69
86184;69
86283;69
86385;69
86482;69
86587;69
86684;69
86797;69
86894;69
86998;69
87095;69
87208;69
87304;69
87406;69
87503;69
87601;69
87702;69
87801;69
87901;69
87995;69
88097;69
88203;69
88310;69
88418;69
88515;69
88614;69
88716;69
88816;69
88919;69
89017;69
89119;69
89217;69
89318;69
89417;69
89522;69
89621;69
89729;69
89828;69
89936;69
90036;69
90136;69
90244;69
90419;69
90523;69
90626;69
90734;69
90854;69
90956;69
91053;69
91153;69
91252;69
91349;69
91465;69
91566;69
91665;69
91765;69
91867;69
91968;69
92072;69
92172;69
92270;69
92373;69
92473;69
92577;69
92675;69
92790;69
92890;69
92998;69
93100;69
93197;69
93297;69
93402;69
93504;69
93606;69
93707;69
93806;69
93904;69
94006;69
94103;69
94206;69
94306;69
94411;69
94513;69
94616;69
94714;69
94823;69
94927;69
95027;69
95123;69
95225;69
95325;69
95426;69
95524;69
95628;69
95729;69
95831;69
95929;69
96039;69
96143;69
96245;69
96344;69
96447;69
96548;69
96651;69
96755;69
96860;69
96967;69
97063;69
97168;69
97264;69
97367;69
97466;69
97578;69
97681;69
97787;69
97888;69
97991;69
98086;69
98192;69
98291;69
98395;69
98491;69
98593;69
98691;69
98798;69
98902;69
99004;69
99111;69
99226;69
99331;69
99428;69
99533;69
99630;69
99733;69
99831;69
99932;69
100030;69
100131;69
100229;69
100330;69
100435;69
100535;69
100635;69
100748;69
100849;69
100959;69
101060;69
101161;69
101266;69
101367;69
101471;69
101568;69
101668;69
101771;69
101870;69
101971;69
102081;69
102182;69
102291;69
102388;69
102491;69
102589;69
102693;69
102790;69
102900;69
102997;69
103102;69
103200;69
103306;69
103401;69
103505;69
103603;69
103708;69
103809;69
103915;69
104011;69
104114;69
104215;69
104318;69
104416;69
104519;69
104622;69
104723;69
104822;69
104947;69
105051;69
105147;69
105252;69
105373;69
105471;69
105581;69
105681;69
105783;69
105882;69
105983;69
106082;69
106186;69
106282;69
106382;69
106489;69
106590;69
106688;69
106791;69
106894;69
106998;69
107094;69
107205;69
107302;69
107407;69
107505;69
107607;69
107704;69
107806;69
107903;69
108002;69
108102;69
108201;69
108302;69
108402;69
108502;69
108599;69
108699;69
108797;69
108900;69
109001;69
109103;69
109201;69
109299;69
109401;69
109498;69
109601;69
109698;69
109801;69
109902;69
110013;69
110118;69
110225;69
110328;69
110429;69
110532;69
110627;69
110730;69
110827;69
110933;69
111033;69
111136;69
111236;69
111340;69
111440;69
111546;69
111643;69
111749;69
111847;69
111950;69
112057;69
112162;69
112262;69
112364;69
112464;69
112566;69
112666;69
112769;69
112869;69
112975;69
113085;69
113184;69
113286;69
113384;69
113484;69
113585;69
113684;69
113786;69
113884;69
113984;69
114083;69
114187;69
114284;69
114387;69
114483;69
114599;69
114696;69
114806;69
114906;69
115012;69
115115;69
115213;69
115318;69
115419;69
115520;69
115619;69
115715;69
115819;69
115915;69
116019;69
116118;69
116230;69
116334;69
116433;69
116533;69
116633;69
116734;69
116837;69
116937;69
117042;69
117142;69
117242;69
117339;69
117443;69
117539;69
117644;69
117746;69
117850;69
117948;69
118050;69
118146;69
118255;69
118353;69
118454;69
118551;69
118650;69
118749;69
118846;69
118947;69
119046;69
119150;69
119262;69
119362;69
119463;69
119563;69
119663;69
119761;69
119855;69
119961;69
120057;69
120160;69
120259;69
120362;69
120460;69
120560;69
120657;69
120762;69
120861;69
120958;69
121061;69
121159;69
121259;69
121355;69
121456;69
121552;69
121654;69
121751;69
121847;69
121950;69
122060;69
122158;69
122264;69
122362;69
122468;69
122562;69
122664;69
122765;69
122870;69
122968;69
123078;69
123181;69
123282;69
123380;69
123481;69
123580;69
123683;69
123796;69
123951;69
124068;69
124217;69
124315;69
124417;69
124514;69
124613;69
124712;69
124811;69
124912;69
125012;69
125119;69
125215;69
125320;69
125425;69
125525;69
125622;69
125727;69
125826;69
125928;69
126027;69
126131;69
126229;69
126336;69
126435;69
126541;69
126639;69
126745;69
126841;69
126960;69
127066;69
127164;69
127266;69
127364;69
