122;261
249;261
297;261
408;261
476;261
540;261
582;261
627;261
687;261
731;261
779;261
837;261
893;261
946;261
1000;261
1065;261
1104;261
1143;261
1183;261
1224;261
1264;261
1304;261
1357;261
1398;261
1439;261
1488;261
1534;261
1573;261
1612;261
1655;261
1706;261
1762;261
1813;261
1873;261
1926;261
1976;261
2036;261
2075;262
2111;262
2146;262
2187;262
2226;262
2262;262
2298;262
2336;262
2377;262
2415;262
2452;262
2488;262
2528;262
2566;262
2611;262
2648;262
2690;262
2727;262
2762;262
2809;262
2846;262
2878;262
2910;262
2946;262
2979;262
3013;262
3048;262
3083;262
3121;262
3182;262
3243;262
3290;262
3340;262
3387;262
3433;262
3485;262
3536;262
3579;262
3609;262
3644;262
3677;262
3708;262
3741;262
3773;262
3804;262
3836;264
3870;264
3902;264
3937;264
3971;264
4006;264
4039;264
4071;264
4103;264
4134;264
4166;264
4199;264
4231;264
4271;264
4305;264
4364;264
4396;264
4431;264
4464;264
4496;264
4528;264
4565;264
4598;264
4632;264
4664;264
4696;264
4728;264
4761;264
4792;264
4830;264
4861;264
4893;264
4926;264
4958;264
4989;264
5027;264
5059;264
5098;264
5133;264
5174;264
5223;264
5277;264
5323;264
5371;264
5418;264
5470;264
5518;264
5564;264
5609;264
5659;264
5710;264
5758;264
5803;264
5846;264
5879;264
5912;264
5949;264
5982;264
6015;264
6047;264
6083;264
6118;264
6150;264
6182;264
6215;264
6246;264
6278;264
6310;264
6342;264
6382;264
6415;264
6447;264
6480;264
6513;264
6545;264
6580;264
6611;264
6643;264
6678;264
6710;264
6748;264
6783;264
6817;264
6850;264
6883;264
6919;267
6953;267
6989;267
7020;267
7051;267
7088;267
7123;267
7157;267
7191;267
7229;267
7261;267
7294;267
7329;267
7373;267
7410;266
7443;266
7477;266
7510;266
7543;266
7579;266
7615;271
7650;271
7683;271
7716;271
7748;271
7780;271
7817;271
7857;271
7891;271
7923;271
7968;271
8004;271
8035;271
8073;268
8105;266
8137;266
8172;266
8203;266
8240;266
8279;266
8310;266
8342;266
8384;266
8416;266
8450;266
8501;266
8534;266
8566;266
8597;266
8629;266
8660;266
8694;266
8733;266
8764;266
8795;266
8831;266
8863;268
8894;268
8929;268
8961;268
8992;268
9024;268
9055;268
9087;268
9122;268
9156;268
9190;268
9225;268
9261;268
9296;268
9327;268
9360;268
9394;268
9427;268
9461;268
9492;268
9528;268
9561;268
9596;268
9628;268
9666;266
9701;266
9731;266
9762;266
9801;266
9834;266
9870;266
9906;266
9941;266
9980;266
10034;266
10065;266
10097;266
10132;266
10165;266
10197;266
10233;266
10271;266
10310;267
10341;267
10380;267
10414;267
10447;267
10480;267
10520;267
10555;267
10589;267
10621;267
10652;267
10685;267
10717;267
10748;267
10781;267
10815;267
10848;267
10887;267
10923;267
10961;267
10991;267
11024;267
11061;267
11096;267
11129;267
11162;267
11195;267
11229;267
11262;267
11302;267
11333;267
11365;267
11397;267
11429;267
11466;267
11506;267
11543;266
11591;264
11624;264
11659;264
11691;264
11725;264
11758;264
11793;264
11828;264
11861;264
11895;266
11926;267
11958;267
11990;267
12023;272
12054;272
12089;272
12121;272
12160;272
12194;272
12226;272
12261;272
12298;272
12328;272
12361;272
12396;272
12430;272
12462;272
12497;272
12528;272
12559;272
12591;272
12626;273
12664;273
12695;273
12726;273
12761;273
12797;273
12829;273
12862;273
12893;273
12929;273
12963;273
12999;273
13031;273
13066;273
13117;273
13156;273
13192;273
13226;273
13262;273
13297;273
13336;273
13373;273
13406;273
13439;273
13470;273
13501;273
13534;273
13567;273
13600;273
13631;273
13663;273
13696;273
13727;273
13759;271
13790;271
13822;271
13861;271
13895;271
13928;271
13966;271
14000;271
14032;271
14068;271
14100;271
14139;271
14172;271
14215;271
14255;271
14288;271
14324;271
14361;271
14399;271
14436;271
14479;271
14512;271
14546;271
14580;271
14616;271
14668;271
14704;271
14738;271
14769;271
14799;271
14834;272
14868;272
14906;272
14945;272
14977;272
15007;272
15038;272
15070;272
15102;272
15134;272
15165;272
15197;272
15239;272
15288;271
15319;271
15351;271
15389;270
15421;270
15453;270
15485;270
15518;270
15554;270
15586;270
15616;270
15649;270
15684;270
15717;270
15763;270
15800;270
15834;270
15869;270
15903;270
15936;270
15975;270
16010;270
16048;270
16079;270
16116;268
16151;268
16183;268
16216;268
16249;268
16279;268
16312;268
16346;268
16381;268
16413;268
16445;268
16475;268
16508;268
16545;268
16575;268
16613;265
16648;265
16678;265
16711;265
16744;265
16781;265
16813;265
16846;265
16878;265
16912;265
16943;262
16978;262
17011;262
17041;262
17072;262
17104;262
17140;262
17171;262
17209;262
17244;262
17277;262
17310;262
17345;262
17378;262
17410;262
17442;262
17478;262
17508;262
17539;261
17571;261
17601;261
17635;261
17667;261
17707;261
17738;261
17769;261
17811;261
17844;261
17881;261
17915;261
17950;261
17981;261
18012;261
18043;261
18075;261
18114;261
18145;261
18182;261
18217;261
18247;261
18294;261
18328;261
18360;261
18399;261
18430;261
18463;261
18497;261
18527;261
18563;261
18596;261
18628;261
18666;261
18705;261
18738;261
18773;261
18808;261
18838;261
18872;261
18907;261
18937;261
18969;261
19003;261
19039;261
19078;261
19109;261
19141;261
19175;261
19221;261
19258;261
19292;261
19324;261
19360;261
19395;261
19427;261
19457;261
19492;261
19525;261
19556;261
19586;261
19618;261
19649;261
19680;261
19713;261
19744;261
19778;261
19820;261
19855;262
19888;262
19927;262
19958;262
19993;262
20028;262
20065;262
20094;262
20124;262
20155;262
20189;262
20220;262
20254;262
20285;262
20316;257
20352;257
20385;257
20418;257
20450;257
20482;257
20514;257
20549;257
20582;257
20615;257
20655;257
20686;257
20717;257
20753;257
20797;257
20832;257
20868;257
20903;260
20934;260
20976;260
21010;260
21042;260
21073;260
21107;260
21138;260
21166;260
21197;261
21230;261
21264;261
21310;261
21356;261
21392;261
21432;261
21463;261
21494;261
21527;261
21562;261
21596;261
21637;261
21669;261
21700;261
21745;261
21776;261
21807;261
21840;261
21874;261
21906;261
21941;261
21977;261
22009;261
22043;261
22076;261
22106;261
22136;261
22169;261
22203;261
22238;261
22269;261
22303;261
22343;261
22373;261
22405;261
22436;261
22463;261
22494;261
22529;261
22563;261
22597;261
22627;261
22658;261
22689;261
22724;261
22757;261
22792;261
22824;261
22858;261
22891;261
22922;261
22957;261
22994;261
23028;261
23061;261
23092;261
23125;261
23155;261
23190;261
23225;261
23257;261
23289;261
23331;261
23365;261
23397;261
23431;261
23466;261
23497;260
23532;260
23562;260
23598;260
23635;260
23664;261
23696;261
23726;261
23758;261
23790;261
23821;261
23853;261
23884;261
23916;261
23949;261
23980;261
24022;261
24054;261
24084;261
24117;261
24148;261
24181;261
24217;261
24254;261
24286;261
24320;261
24355;261
24389;261
24425;261
24462;261
24508;261
24538;261
24572;261
24603;261
24635;261
24666;261
24698;260
24730;260
24760;260
24793;260
24846;260
24890;260
24922;260
24957;260
24990;260
25029;260
25059;260
25093;260
25128;260
25162;260
25200;260
25232;260
25266;260
25312;260
25344;260
25379;260
25412;260
25448;260
25483;260
25518;260
25554;260
25585;260
25618;260
25649;260
25680;260
25714;260
25745;260
25776;260
25810;260
25845;260
25875;260
25908;260
25941;260
25977;260
26008;260
26037;260
26068;260
26099;260
26129;260
26161;260
26192;260
26223;260
26255;260
26294;260
26324;260
26373;260
26405;260
26437;260
26471;260
26506;260
26537;260
26570;260
26602;260
26635;260
26669;260
26700;260
26730;260
26761;260
26792;260
26828;260
26859;260
26896;260
26929;260
26964;260
27001;260
27032;260
27064;260
27096;260
27129;260
27164;263
27195;263
27226;263
27258;263
27297;263
27354;263
27388;263
27420;263
27453;263
27499;263
27530;263
27561;263
27598;263
27629;263
27663;263
27694;263
27725;263
27756;263
27785;263
27817;263
27850;263
27882;263
27917;263
27949;263
27991;263
28022;263
28053;263
28104;263
28162;263
28192;263
28234;263
28268;263
28301;263
28332;263
28367;263
28408;263
28440;263
28471;263
28501;263
28536;263
28567;263
28599;263
28631;263
28663;263
28706;263
28740;263
28772;263
28803;263
28837;263
28886;263
28923;263
28954;263
28986;263
29016;263
29051;263
29083;263
29114;263
29153;263
29186;263
29225;263
29257;263
29290;263
29324;263
29362;263
29395;263
29429;263
29460;263
29490;263
29523;263
29554;263
29593;264
29630;264
29662;264
29694;264
29733;264
29765;263
29796;263
29831;263
29861;263
29895;263
29926;263
29967;263
30003;263
30035;263
30065;263
30099;263
30129;263
30160;263
30191;263
30224;263
30260;263
30295;263
30334;264
30366;264
30409;264
30441;264
30475;263
30512;263
30542;263
30573;263
30604;263
30636;263
30670;263
30700;263
30734;263
30771;263
30809;263
30843;264
30873;264
30904;264
30939;264
30972;264
31004;264
31033;264
31067;264
31099;264
31131;264
31163;264
31194;263
31228;263
31259;263
31296;263
31328;265
31359;265
31392;265
31424;265
31455;265
31493;265
31538;265
31571;265
31610;265
31639;265
31670;265
31709;265
31741;265
31775;265
31812;265
31847;265
31879;265
31912;265
31950;265
31980;265
32010;265
32049;262
32080;262
32112;262
32151;262
32186;262
32218;262
32256;262
32290;262
32328;262
32368;262
32406;262
32441;263
32474;263
32505;263
32537;263
32569;263
32612;263
32650;263
32683;263
32717;263
32750;263
32789;263
32823;263
32857;263
32889;263
32923;263
32954;263
32986;263
33019;263
33051;263
33083;263
33116;263
33147;263
33180;263
33211;263
33245;263
33277;263
33307;263
33354;263
33398;263
33442;263
33485;263
33518;263
33552;263
33583;263
33614;263
33650;263
33680;263
33709;263
33742;263
33772;263
33804;263
33835;263
33866;263
33898;263
33929;263
33968;262
34006;262
34043;262
34079;262
34113;262
34144;262
34178;262
34211;262
34241;263
34275;263
34310;263
34345;263
34376;263
34414;263
34450;263
34480;262
34517;262
34552;262
34584;262
34617;262
34652;262
34687;262
34717;262
34755;262
34799;262
34831;262
34863;262
34894;262
34924;262
34955;262
34987;262
35022;262
35052;262
35081;262
35116;262
35147;262
35180;261
35210;261
35245;261
35275;261
35315;261
35362;261
35408;261
35441;261
35472;261
35507;261
35537;261
35570;261
35602;261
35633;261
35666;261
35702;261
35734;261
35765;261
35802;261
35832;261
35866;261
35900;261
35933;261
35965;261
36002;261
36041;261
36090;261
36122;261
36157;261
36186;261
36217;261
36252;262
36284;262
36314;262
36348;262
36383;262
36414;262
36447;262
36479;262
36510;262
36543;262
36575;262
36606;262
36641;262
36673;262
36705;262
36735;262
36766;262
36795;262
36827;262
36859;260
36891;260
36923;260
36962;260
37001;260
37033;260
37068;260
37104;260
37138;260
37176;260
37207;260
37238;260
37271;260
37303;260
37340;260
37374;260
37407;260
37443;260
37473;260
37504;260
37535;260
37565;262
37597;262
37633;262
37668;262
37697;262
37730;262
37761;262
37792;262
37822;262
37852;262
37883;262
37912;262
37942;262
37974;262
38004;259
38038;259
38069;258
38102;258
38135;258
38167;258
38197;258
38227;258
38262;258
38296;258
38326;258
38361;258
38392;258
38423;258
38458;258
38495;258
38529;258
38579;258
38609;256
38644;256
38675;256
38706;256
38741;256
38776;256
38818;256
38853;256
38884;256
38921;256
38967;256
39002;256
39039;256
39072;256
39102;256
39138;256
39174;256
39207;256
39239;256
39272;256
39303;256
39334;256
39370;256
39415;256
39446;256
39483;256
39517;256
39554;256
39589;256
39622;256
39654;256
39684;256
39716;256
39749;256
39792;256
39822;258
39852;258
39883;258
39918;258
39950;258
39983;258
40015;258
40049;258
40093;258
40123;258
40158;258
40189;258
40220;258
40256;258
40295;258
40343;258
40379;258
40410;258
40442;259
40475;259
40506;259
40541;259
40575;259
40607;259
40638;259
40673;259
40706;259
40741;259
40772;259
40803;259
40848;259
40878;259
40910;259
40942;259
40972;259
41011;259
41042;259
41076;259
41111;259
41145;259
41183;259
41215;259
41248;259
41287;259
41320;259
41359;259
41394;259
41428;259
41460;259
41496;259
41532;259
41569;259
41600;259
41637;259
41667;259
41699;259
41731;259
41764;259
41794;259
41829;259
41862;259
41895;257
41928;257
41961;257
41991;257
42022;257
42053;257
42088;257
42125;257
42164;257
42195;257
42230;257
42265;257
42312;257
42345;257
42380;257
42411;257
42440;257
42471;257
42503;257
42538;257
42571;257
42604;257
42634;257
42665;257
42696;257
42730;257
42764;257
42795;257
42831;257
42864;257
42896;257
42927;257
42961;257
42992;257
43025;257
43056;256
43088;256
43128;256
43160;256
43202;256
43235;256
43268;256
43299;256
43330;256
43383;256
43416;256
43450;256
43485;256
43519;256
43554;256
43587;256
43618;256
43649;256
43680;256
43712;256
43749;256
43788;256
43823;256
43860;256
43898;256
43929;256
43964;256
43996;256
44028;256
44062;256
44094;256
44126;256
44157;256
44189;256
44223;256
44256;256
44289;256
44324;256
44357;256
44398;256
44428;256
44462;256
44494;256
44526;256
44565;256
44594;256
44631;256
44662;256
44704;256
44736;256
44767;256
44801;256
44835;256
44867;256
44897;256
44930;256
44968;256
45004;256
45050;256
45097;256
45133;256
45165;256
45195;256
45226;256
45263;256
45296;256
45335;256
45367;256
45399;256
45437;256
45468;256
45504;256
45535;256
45585;256
45619;256
45650;256
45680;256
45716;256
45748;256
45786;256
45816;256
45848;256
45879;256
45914;256
45947;256
45989;256
46024;256
46062;256
46095;256
46127;256
46159;256
46191;256
46223;256
46251;256
46283;256
46319;256
46353;256
46383;256
46416;256
46452;256
46487;256
46524;256
46561;256
46599;256
46636;256
46670;256
46701;256
46732;256
46770;256
46807;256
46843;256
46879;256
46909;256
46946;256
46977;256
47011;256
47045;256
47078;256
47125;256
47157;256
47189;256
47225;256
47256;256
47294;256
47332;256
47371;256
47408;256
47443;256
47473;256
47504;256
47543;256
47574;256
47609;256
47639;256
47672;256
47704;256
47738;256
47778;256
47814;256
47845;256
47876;256
47907;256
47937;256
47967;256
48001;256
48032;256
48064;256
48097;256
48131;256
48165;256
48197;256
48229;256
48261;256
48294;256
48338;256
48370;256
48403;256
48440;256
48506;256
48543;256
48598;256
48645;256
48679;256
48713;256
48747;256
48778;256
48818;256
48854;256
48889;256
48921;256
48951;256
48988;256
49019;256
49051;256
49083;256
49116;256
49148;256
49179;256
49216;256
49250;256
49281;256
49316;256
49355;257
49394;257
49435;257
49466;257
49499;257
49533;257
49567;257
49602;257
49635;257
49672;257
49703;257
49731;257
49763;257
49794;257
49829;257
49861;257
49895;257
49926;257
49957;257
49990;257
50020;257
50052;257
50083;257
50115;257
50148;257
50178;257
50221;257
50280;257
50341;257
50388;257
50426;257
50460;257
50495;257
50553;257
50605;257
50636;257
50670;257
50703;257
50734;257
50767;257
50801;257
50843;257
50889;257
50921;257
50954;257
50989;257
51020;257
51050;257
51081;257
51115;257
51146;257
51179;257
51210;257
51239;257
51274;257
51310;257
51345;257
51376;257
51412;257
51446;257
51483;257
51515;257
51560;257
51592;257
51625;257
51660;257
51704;257
51734;257
51762;257
51792;257
51825;257
51855;257
51887;257
51923;257
51958;257
51997;257
52032;257
52063;257
52093;257
52128;257
52160;257
52200;257
52236;257
52269;257
52299;257
52329;257
52362;257
52402;257
52435;257
52468;257
52498;257
52530;257
52565;257
52598;257
52632;257
52662;257
52700;257
52739;257
52776;257
52806;257
52836;257
52867;257
52901;257
52938;257
52971;257
53005;257
53036;257
53067;257
53099;257
53131;257
53162;257
53196;257
53228;257
53259;257
53292;257
53331;257
53369;257
53412;257
53453;257
53486;257
53516;257
53547;257
53583;257
53615;257
53646;257
53680;257
53711;257
53744;257
53778;257
53809;257
53840;257
53871;257
53903;257
53936;257
53969;257
54001;257
54032;257
54067;257
54103;257
54145;257
54176;257
54214;257
54247;257
54282;257
54314;257
54351;257
54386;257
54421;257
54456;257
54487;257
54522;257
54564;257
54593;257
54627;257
54666;257
54696;257
54727;257
54763;257
54793;257
54825;257
54856;257
54890;257
54922;257
54961;257
54995;257
55027;257
55059;257
55097;257
55132;257
55167;257
55201;257
55236;257
55275;257
55313;257
55351;257
55386;257
55417;257
55449;257
55483;257
55523;257
55554;257
55591;257
55623;257
55655;257
55687;257
55718;257
55749;257
55782;257
55817;257
55849;257
55880;257
55921;257
55951;257
56007;257
56039;257
56073;257
56108;257
56143;257
56174;257
56206;257
56238;257
56280;257
56313;257
56348;257
56384;257
56418;257
56450;257
56482;257
56518;257
56550;257
56589;257
56619;257
56654;257
56685;257
56719;257
56751;257
56784;257
56815;257
56846;257
56880;257
56912;257
56950;257
56987;257
57020;257
57051;257
57086;257
57119;257
57151;257
57184;257
57224;257
57255;257
57288;257
57321;257
57353;257
57386;257
57420;257
57454;257
57497;257
57558;257
57594;257
57628;257
57665;257
57697;257
57732;257
57764;257
57806;257
57840;257
57871;257
57899;257
57930;257
57971;257
