218;235
453;235
613;235
748;235
944;235
1020;235
1124;235
1194;235
1304;235
1400;235
1477;235
1562;235
1750;235
2020;235
2315;235
2562;235
2737;235
2795;235
2860;235
2917;235
2977;235
3053;235
3113;235
3175;235
3254;235
3319;235
3400;235
3465;235
3526;235
3586;235
3647;235
3708;235
3775;235
3913;235
4051;235
4162;235
4267;235
4377;235
4476;235
4555;235
4629;235
4688;235
4747;235
4803;235
4860;235
4918;235
4978;235
5039;235
5099;235
5158;235
5226;235
5297;235
5388;235
5451;235
5509;235
5568;235
5645;235
5710;235
5774;235
5832;235
5901;235
5975;235
6042;235
6100;235
6159;235
6218;235
6284;235
6345;235
6411;235
6476;235
6543;235
6600;235
6665;235
6744;235
6821;235
6900;235
6989;235
7057;235
7116;235
7176;235
7234;235
7291;235
7352;235
7414;235
7475;235
7553;235
7619;235
7684;235
7742;235
7800;235
7861;235
7934;235
8009;235
8087;235
8144;235
8210;235
8267;235
8341;235
8398;235
8470;235
8529;235
8594;235
8657;235
8722;235
8778;235
8849;235
8908;235
8966;235
9026;235
9087;235
9155;235
9223;235
9290;235
9350;235
9426;235
9491;235
9549;235
9619;235
9684;235
9742;235
9798;235
9855;235
9912;235
9997;235
10055;235
10115;235
10173;235
10229;235
10295;235
10354;235
10427;235
10486;235
10546;235
10612;235
10670;235
10745;235
10805;235
10879;235
10936;235
10996;235
11054;235
11111;235
11170;235
11226;235
11290;235
11355;235
11416;235
11478;235
11540;235
11607;235
11663;235
11723;235
11789;235
11846;235
11906;235
11972;235
12029;235
12096;235
12154;235
12228;235
12285;235
12344;235
12402;235
12466;235
12525;235
12585;235
12653;235
12712;235
12772;235
12834;235
12895;235
12970;235
13033;235
13093;235
13146;235
13207;235
13267;235
13328;235
13390;235
13459;235
13534;235
13593;235
13653;235
13712;235
13769;235
13843;235
13902;235
13960;235
14018;235
14077;235
14143;235
14204;235
14273;235
14332;237
14415;237
14483;237
14542;237
14603;237
14663;237
14725;237
14788;237
14846;237
14915;237
14980;237
15052;237
15114;237
15175;237
15237;237
15298;237
15366;237
15429;237
15491;237
15551;237
15618;237
15677;237
15736;237
15795;237
15862;237
15923;235
15988;235
16054;235
16116;235
16173;235
16229;235
16296;235
16357;235
16415;235
16481;235
16542;235
16601;235
16658;235
16720;235
16777;235
16843;235
16902;235
16968;235
17036;235
17104;235
17162;235
17218;235
17277;235
17333;235
17393;235
17453;235
17512;235
17584;235
17662;235
17769;235
17881;235
17941;235
18006;235
18067;235
18124;235
18185;235
18248;235
18305;235
18364;235
18420;235
18476;235
18549;235
18608;235
18667;235
18724;235
18782;235
18841;235
18906;235
18973;235
19032;235
19092;235
19167;235
19241;235
19297;235
19356;235
19414;235
19472;235
19534;235
19600;235
19666;235
19724;235
19783;235
19844;235
19904;235
19964;235
20023;235
20084;235
20171;235
20238;235
20295;235
20359;235
20414;235
20474;235
20533;235
20598;235
20674;235
20758;235
20818;235
20889;235
20950;235
21008;235
21068;235
21131;235
21196;235
21259;235
21317;235
21373;235
21431;235
21491;235
21559;235
21617;235
21679;235
21740;235
21808;235
21867;235
21926;235
21988;235
22057;235
22122;235
22185;235
22245;235
22303;235
22377;235
22434;235
22501;235
22566;235
22624;235
22684;235
22744;235
22812;235
22875;235
22931;235
22990;235
23071;235
23127;235
23197;235
23262;235
23335;235
23408;235
23501;237
23560;237
23617;237
23704;237
23763;237
23827;237
23883;236
23938;236
24005;236
24063;236
24129;236
24186;236
24243;236
24307;236
24427;236
24510;236
24588;236
24686;236
24750;236
24813;236
24873;236
24938;236
25007;236
25066;236
25124;236
25182;236
25239;236
25320;236
25385;236
25456;236
25528;236
25607;236
25665;237
25722;237
25781;237
25840;237
25901;237
25966;237
26029;237
26093;237
26152;237
26211;237
26272;237
26330;237
26390;237
26449;238
26508;238
26566;238
26642;238
26698;238
26763;238
26822;238
26881;238
26946;238
27008;238
27069;238
27126;238
27185;238
27250;238
27314;238
27373;237
27432;237
27524;237
27581;237
27636;237
27691;237
27746;237
27811;237
27867;237
27925;237
27989;237
28047;237
28105;237
28164;237
28221;237
28278;237
28348;237
28406;237
28469;237
28537;237
28593;237
28648;237
28708;237
28764;237
28830;237
28886;237
28943;237
29002;237
29064;237
29120;237
29178;237
29242;237
29320;237
29375;237
29431;237
29527;237
29584;237
29641;237
29711;237
29772;237
29842;237
29912;237
29969;237
30026;237
30090;237
30148;237
30212;237
30268;237
30325;237
30381;237
30446;237
30505;237
30565;237
30646;237
30705;237
30770;237
30829;237
30896;237
30962;237
31020;237
31086;237
31145;237
31203;237
31264;237
31322;237
31386;237
31444;237
31503;237
31564;237
31623;237
31688;237
31753;237
31813;237
31878;237
31936;237
31993;237
32056;237
32112;237
32176;237
32234;237
32294;237
32352;238
32412;238
32475;238
32530;238
32585;238
32642;239
32699;239
32755;239
32814;239
32874;239
32936;239
33008;239
33073;239
33136;238
33192;238
33249;238
33307;238
33363;239
33420;239
33487;239
33559;239
33627;239
33694;239
33763;239
33821;239
33878;238
33934;238
33992;238
34049;238
34138;238
34191;238
34247;239
34302;239
34358;239
34414;239
34480;241
34540;241
34600;241
34660;241
34716;241
34772;241
34830;241
34887;241
34946;241
35012;241
35077;241
35145;241
35207;241
35278;241
35334;241
35397;241
35456;241
35516;241
35577;241
35637;241
35706;241
35760;241
35817;240
35873;240
35931;240
35996;240
36053;240
36124;240
36183;240
36250;240
36318;240
36379;240
36451;240
36516;240
36573;240
36641;240
36696;240
36755;240
36819;239
36877;239
36937;239
36994;239
37059;239
37116;239
37192;239
37250;239
37309;239
37370;239
37443;239
37500;239
37566;239
37625;239
37681;239
37738;239
37798;239
37861;239
37922;239
37992;239
38051;239
38116;239
38174;239
38234;239
38291;239
38367;239
38426;239
38485;239
38542;239
38601;239
38668;239
38743;239
38800;239
38859;239
38917;239
38974;239
39034;239
39104;239
39169;239
39243;239
39299;239
39364;239
39421;239
39485;239
39558;239
39632;239
39694;239
39751;239
39810;239
39869;239
39928;239
39985;239
40043;239
40099;239
40161;238
40216;238
40273;238
40330;238
40385;238
40441;238
40497;238
40558;238
40618;238
40683;238
40749;238
40808;236
40866;236
40946;236
41001;236
41053;236
41110;236
41165;236
41221;236
41279;236
41337;236
41409;236
41475;236
41535;235
41597;235
41655;235
41722;235
41779;235
41834;235
41892;235
41948;235
42004;235
42075;235
42147;235
42219;235
42288;235
42347;235
42406;235
42465;235
42528;235
42583;235
42650;235
42705;235
42774;235
42842;235
42900;235
42984;235
43042;235
43102;235
43159;235
43224;235
43288;235
43343;235
43411;235
43468;235
43528;235
43588;235
43650;235
43732;235
43789;235
43846;235
43903;235
43961;235
44020;235
44076;235
44131;235
44188;235
44243;235
44314;235
44370;235
44435;235
44509;235
44575;235
44646;235
44711;235
44766;235
44826;235
44883;235
44952;235
45008;235
45067;235
45132;235
45194;235
45275;235
45332;235
45388;235
45451;235
45510;235
45597;235
45666;235
45734;235
45792;235
45856;235
45911;235
45967;235
46029;235
46085;235
46149;235
46208;235
46272;235
46329;235
46390;235
46450;235
46511;235
46597;235
46656;235
46713;235
46788;235
46852;235
46911;235
46969;235
47031;235
47098;235
47154;235
47212;235
47270;235
47326;235
47392;237
47444;237
47507;237
47564;237
47643;237
47715;237
47775;237
47831;237
47892;237
47965;237
48037;237
48092;237
48150;237
48215;237
48271;237
48331;235
48386;235
48444;235
48505;235
48564;235
48622;235
48685;235
48741;235
48796;235
48870;235
48937;235
48998;235
49066;235
49138;235
49201;235
49259;235
49318;235
49378;235
49441;235
49500;235
49560;235
49621;235
49684;237
49749;237
49807;237
49869;237
49925;237
49983;237
50038;237
50093;237
50152;237
50217;237
50277;237
50333;237
50399;237
50455;237
50521;237
50580;237
50644;237
50706;237
50769;237
50826;237
50886;237
50942;237
50997;237
51062;238
51119;238
51178;238
51249;238
51305;238
51371;238
51429;238
51485;238
51548;238
51622;238
51681;238
51739;238
51796;238
51867;238
51931;238
51991;238
52053;238
52109;238
52164;238
52222;238
52278;238
52351;238
52416;238
52472;238
52539;238
52596;238
52651;238
52719;238
52788;238
52853;238
52914;238
52972;238
53032;238
53088;238
53149;238
53206;238
53263;238
53321;238
53376;238
53433;238
53501;238
53561;238
53621;238
53681;238
53737;238
53802;238
53860;238
53916;238
53972;238
54027;238
54081;238
54138;238
54197;238
54257;238
54316;238
54373;238
54443;238
54500;238
54565;238
54621;238
54687;238
54758;238
54814;238
54871;238
54928;238
54985;238
55042;238
55105;238
55160;238
55253;238
55319;238
55375;238
55431;238
55487;238
55554;238
55616;238
55699;238
55756;238
55819;238
55876;238
55933;238
55989;238
56044;238
56100;238
56157;238
56214;238
56282;238
56338;238
56397;238
56475;238
56531;238
56588;238
56647;238
56703;238
56759;238
56818;238
56890;238
56949;238
57006;238
57062;238
57132;238
57203;238
57267;238
57324;238
57380;238
57437;238
57497;238
57556;238
57615;238
57683;238
57741;238
57812;238
57893;238
57968;238
58028;238
58084;238
58152;238
58215;238
58274;238
58331;238
58391;238
58448;238
58508;238
58567;238
58625;238
58685;238
58752;238
58816;238
58873;238
58929;238
58993;238
59053;238
59111;238
59170;238
59231;238
59301;238
59361;238
59428;238
59487;238
59566;238
59663;238
59762;238
59833;238
59889;238
59946;238
60003;238
60066;238
60123;238
60180;238
60252;238
60311;238
60369;238
60429;238
60486;238
60548;238
60622;238
60678;238
60749;238
60811;238
60866;238
60922;238
60981;238
61038;238
61099;238
61162;238
61221;238
61280;238
61337;238
61394;238
61450;238
61510;238
61567;238
61624;238
61711;238
61791;238
61883;238
61974;238
62030;238
62095;238
62149;238
62208;238
62266;238
62325;238
62382;238
62441;238
62498;238
62565;238
62624;238
62689;238
62755;238
62819;238
62876;238
62944;238
63001;238
63059;238
63127;238
63190;238
63247;238
63310;238
63378;238
63434;238
63499;238
63559;238
63621;238
63689;238
63765;238
63824;238
63897;238
63962;238
64032;238
64096;238
64153;238
64211;238
64276;238
64333;238
64411;238
64495;238
64564;238
64626;238
64684;238
64742;238
64805;238
64869;238
64929;238
64986;238
65052;238
65111;238
65170;238
65226;238
65285;236
65342;237
65400;237
65457;237
65526;237
65597;237
65668;237
65760;237
65821;237
65876;237
65934;237
65991;237
66046;237
66118;237
66183;237
66239;237
66296;237
66353;237
66410;237
66468;237
66530;237
66597;237
66657;237
66719;237
66792;237
66872;237
66931;237
67010;237
67066;237
67130;237
67189;237
67248;237
67308;237
67365;237
67436;237
67502;237
67579;237
67640;237
67708;237
67787;237
67846;237
67906;237
67963;237
68020;237
68078;237
68135;237
68206;237
68262;237
68326;237
68382;236
68437;236
68493;236
68552;236
68611;236
68667;236
68723;236
68785;236
68842;236
68902;236
68971;236
69030;236
69102;236
69167;236
69225;236
69297;236
69350;236
69407;236
69465;236
69545;236
69602;236
69658;236
69736;236
69820;236
69886;236
69947;236
70006;236
70062;236
70115;236
70174;236
70230;236
70290;236
70357;235
70417;235
70475;235
70534;235
70589;235
70648;235
70704;235
70762;235
70821;235
70881;235
70939;235
70998;235
71058;235
71116;235
71173;235
71244;235
71305;235
71375;235
71431;235
71489;235
71545;235
71611;235
71670;235
71735;235
71819;235
71875;235
71935;235
71991;235
72048;235
72114;235
72170;235
72227;235
72286;235
72345;235
72402;235
72469;235
72526;235
72590;235
72653;235
72710;235
72768;235
72850;235
72909;235
72969;235
73034;236
73090;236
73147;236
73217;236
73286;236
73353;236
73420;236
73478;236
73538;236
73603;236
73667;236
73756;236
73834;236
73899;236
73965;236
74022;236
74079;236
74137;236
74201;236
74257;236
74316;236
74372;236
74450;236
74514;236
74570;236
74630;236
74695;236
74753;236
74812;236
74877;236
74952;236
75013;236
75069;236
75132;236
75192;236
75256;236
75315;236
75381;236
75437;236
75493;236
75559;236
75615;236
75680;236
75740;236
75832;236
75890;236
75946;235
76003;235
76058;235
76123;235
76186;235
76246;235
76303;235
76362;235
76427;235
76493;235
76556;235
76614;235
76678;235
76733;235
76795;235
76867;235
76923;235
76996;235
77076;235
77135;235
77199;235
77258;235
77318;235
77377;235
77441;235
77512;235
77570;235
77678;235
77737;235
77849;235
77937;235
78000;235
78057;235
78120;235
78185;235
78240;235
78303;235
78360;235
78428;235
78485;235
78551;235
78611;235
78671;235
78729;235
78797;235
78853;235
78911;235
78969;235
79027;235
79090;235
79143;235
79202;235
79260;235
79319;235
79383;235
79439;235
79497;235
79552;235
79607;235
79663;235
79721;235
79780;235
79866;235
79923;234
79986;234
80042;234
80105;234
80163;234
80218;234
80277;234
80333;234
80399;234
80465;234
80543;234
80593;234
80661;234
80725;234
80796;234
80853;234
80909;234
80970;234
81034;234
81097;234
81160;234
81215;234
81270;234
81329;234
81381;234
81437;234
81502;234
81559;234
81629;234
81685;234
81750;234
81808;234
81865;234
81920;234
81979;234
82038;234
82101;234
82159;234
82220;234
82276;234
82335;234
82396;234
82454;234
82514;234
82580;234
82635;234
82691;234
82748;234
82803;234
82859;234
82920;234
82998;234
83053;234
83108;234
83163;234
83219;234
83276;234
83334;234
83390;234
83449;234
83516;234
83574;234
83629;234
83685;234
83752;234
83821;234
83883;234
83941;234
83999;234
84057;234
84109;234
84194;234
84258;234
84334;234
84436;234
84522;234
84593;234
84703;234
84762;234
84819;234
84875;234
84933;234
84992;234
85058;234
85128;234
85185;234
85248;234
85306;234
85370;234
85435;234
85499;234
85558;234
85614;234
85680;234
85739;234
85813;234
85893;234
85944;234
85999;234
86054;234
86112;234
86171;234
86243;234
86299;234
86356;234
86413;234
86471;234
86530;234
86588;234
86644;234
86704;234
86772;234
86830;234
86894;234
86949;234
87005;234
87063;234
87119;234
87183;234
87248;234
87312;234
87369;234
87427;234
87494;234
87554;234
87618;234
87669;234
87728;234
87784;234
87847;234
87916;234
87980;234
88037;234
88097;234
88155;234
88214;234
88273;234
88330;234
88389;234
88454;234
88513;234
88571;234
88629;234
88692;234
88748;234
88804;234
88868;234
88925;234
88981;234
89047;234
89107;234
89173;234
89249;234
89306;234
89364;234
89419;234
89490;234
89546;234
89603;234
89669;234
89726;234
89785;234
89844;234
89912;234
89971;234
90026;234
90088;234
90142;234
90198;234
90254;234
90310;234
90391;234
90448;234
90506;234
90564;234
90627;234
90682;234
90742;234
90805;234
90863;234
90926;234
90990;234
91048;234
91105;234
91162;234
91227;234
91285;234
91368;234
91435;234
91494;234
91558;235
91615;235
91679;235
91737;235
91810;235
91875;235
91934;235
92006;235
92061;235
92116;235
92166;235
92224;235
92288;235
92351;235
92408;235
92465;235
92521;235
92587;235
92643;235
92701;235
92759;235
92817;235
92886;235
92950;235
93009;235
93072;235
93146;235
93225;235
93287;235
93344;235
93399;235
93454;235
93518;235
93578;235
93635;235
93691;235
93758;235
93821;235
93885;235
93954;235
94009;235
94080;235
94152;235
94210;235
94278;235
94338;235
94397;235
94462;235
94519;235
94586;235
94642;235
94704;235
94761;235
94817;235
94876;235
94945;235
95003;235
95071;235
95131;235
95195;235
95269;235
95333;235
95401;235
95458;235
95514;235
95573;235
95628;235
95695;235
95757;235
95823;235
95880;235
95949;235
96009;235
96074;235
96132;235
96189;235
96259;235
96315;235
96369;235
96427;235
96483;235
96540;235
96599;235
96658;235
96715;235
96772;235
96831;235
96896;235
96957;235
97013;235
97078;235
97135;235
97218;235
97277;235
97335;235
97392;235
97455;235
97514;235
97573;235
97638;235
97697;235
97754;235
97818;235
97877;235
97941;235
97998;235
98063;235
98121;235
98191;235
98248;235
98311;235
98366;235
98423;235
98480;235
98542;235
98609;235
98666;235
98723;235
98783;235
98849;235
98907;235
98964;235
99021;235
99078;235
99137;235
99220;235
99303;235
99393;235
99472;235
99531;235
99588;235
99656;235
99711;235
99774;235
99832;235
99890;235
99950;235
100009;235
100072;235
100129;235
100201;235
100258;235
100315;235
100374;235
100431;235
100500;235
100565;235
100632;235
100689;235
100751;235
100814;235
100871;235
100936;235
100993;235
101062;235
101131;235
101189;235
101255;235
101316;235
101382;235
101447;235
101506;235
101565;235
101626;235
101691;235
101749;235
101810;235
101897;235
101970;235
102044;235
102099;235
102172;235
102229;235
102287;235
102353;235
102422;235
102483;235
102543;235
102611;235
102669;235
102727;235
102786;235
102845;235
102902;235
102963;235
103020;235
103079;235
103156;235
103208;235
103263;235
103319;235
103384;235
103446;235
103505;235
103566;235
103631;235
103693;235
103762;235
103821;235
103880;235
103941;235
104010;235
104069;235
104128;235
104187;235
104244;235
104318;235
104377;235
104440;235
104499;235
104558;235
104615;235
104675;235
104733;235
104801;235
104858;235
104924;235
104987;235
105060;235
105120;235
105178;235
105239;235
105305;235
105365;235
105421;235
105479;235
105543;235
105602;235
