1274;78
1615;78
1848;78
2106;78
2346;78
2645;78
2882;78
3178;78
3422;78
3703;78
3920;78
4148;78
4364;78
4586;78
4841;78
5109;78
5390;78
5649;78
5873;78
6097;78
6327;78
6548;78
6770;78
7011;78
7249;78
7455;78
7676;78
7885;78
8086;78
8307;78
8516;78
8774;78
9015;78
9231;78
9450;78
9654;78
9849;78
10059;78
10258;78
10459;78
10656;78
10856;78
11049;78
11239;78
11427;78
11611;78
11794;78
11972;78
12145;78
12327;78
12499;78
12654;78
12808;78
12964;78
13121;78
13275;78
13417;78
13579;78
13735;78
13954;76
14105;76
14256;76
14403;76
14545;76
14684;76
14824;76
14963;76
15160;75
15343;74
15520;74
15683;74
15802;74
15912;74
16026;74
16135;74
16243;74
16348;74
16494;73
16605;73
16711;73
16811;73
16909;73
17011;73
17112;73
17223;73
17324;73
17420;73
17513;73
17611;73
17701;73
17801;73
17897;73
17988;73
18079;73
18179;73
18272;73
18362;73
18465;73
18563;73
18659;73
18754;73
18843;73
18937;73
19090;73
19267;73
19410;73
19527;73
19638;73
19728;73
19818;73
19923;73
20027;73
20121;73
20221;73
20357;73
20520;73
20621;73
20723;73
20820;73
20961;73
21106;73
21252;73
21407;73
21553;73
21709;73
21825;73
21922;73
22011;73
22109;73
22207;73
22299;73
22392;73
22534;73
22662;73
22802;73
22932;73
23024;73
23113;73
23225;73
23332;73
23424;73
23512;73
23604;73
23696;73
23822;73
23966;73
24112;73
24243;73
24375;73
24467;73
24559;73
24649;73
24742;73
24865;73
25026;73
25202;73
25341;73
25483;73
25596;73
25707;73
25840;73
25981;73
26162;73
26315;73
26449;73
26550;73
26644;73
26735;73
26825;73
26918;73
27020;73
27170;73
27308;73
27440;73
27565;73
27692;73
27802;73
27902;73
28005;73
28165;73
28303;73
28449;73
28582;73
28674;73
28768;73
28861;73
28955;73
29090;73
29218;73
29372;73
29504;73
29599;73
29693;73
29786;73
29877;73
29973;73
30067;73
30160;73
30254;73
30359;73
30511;73
30651;73
30792;73
30929;73
31022;73
31116;73
31205;73
31292;73
31434;73
31568;73
31665;73
31762;73
31852;73
31941;73
32031;73
32125;73
32215;73
32304;73
32395;73
32491;73
32588;73
32679;73
32772;73
32874;73
32964;73
33056;73
33150;73
33239;73
33330;73
33420;73
33513;73
33600;73
33691;73
33781;73
33873;73
33987;73
34123;73
34226;73
34380;73
34544;73
34662;73
34758;73
34847;73
34937;73
35029;73
35119;73
35212;73
35309;73
35441;73
35583;73
35717;73
35813;73
35904;73
35993;73
36085;73
36179;73
36267;73
36364;73
36465;73
36568;73
36661;73
36751;73
36840;73
36931;73
37021;73
37126;73
37227;73
37322;73
37413;73
37505;73
37597;73
37686;73
37802;73
37892;73
37980;73
38074;73
38168;73
38255;73
38347;73
38438;73
38529;73
38619;73
38715;73
38812;73
38903;73
38992;73
39136;71
39232;71
39325;71
39421;71
39511;71
39612;71
39704;71
39875;70
39965;70
40055;70
40153;70
40259;70
40358;70
40450;70
40541;70
40633;70
40725;70
40813;70
40904;70
40997;70
41088;70
41179;70
41268;70
41360;70
41453;70
41545;70
41635;70
41731;70
41840;70
41938;70
42031;70
42123;70
42216;70
42308;70
42398;70
42489;70
42580;70
42671;70
42760;70
42849;70
42941;70
43032;70
43123;70
43215;70
43319;70
43415;70
43507;70
43599;70
43689;70
43788;70
43899;70
44018;70
44107;70
44195;70
44312;70
44444;70
44574;70
44688;70
44783;70
44875;70
44969;70
45075;70
45212;70
45323;70
45413;70
45563;70
45711;70
45854;70
45968;70
46059;70
46194;70
46337;70
46498;70
46625;70
46747;70
46839;70
46929;70
47017;70
47106;70
47198;70
47293;70
47385;70
47492;70
47629;70
47718;70
47810;70
47906;70
48036;70
48131;70
48222;70
48312;70
48428;70
48568;70
48678;70
48831;70
48978;70
49112;70
49210;70
49345;70
49477;70
49580;70
49674;70
49766;70
49861;70
49954;70
50043;70
50137;70
50227;70
50320;70
50411;70
50503;70
50593;70
50683;70
50772;70
50865;70
50961;70
51102;70
51228;70
51325;70
51415;70
51531;70
51660;70
51780;70
51873;70
51977;70
52071;70
52167;70
52257;70
52351;70
52442;70
52533;70
52636;70
52732;70
52826;70
52918;70
53006;70
53101;70
53196;70
53286;70
53385;70
53478;70
53568;70
53659;70
53752;70
53842;70
53937;70
54030;70
54123;70
54218;70
54311;70
54404;70
54497;70
54591;70
54684;70
54776;70
54869;70
54962;70
55054;70
55145;70
55245;70
55344;70
55438;70
55565;70
55669;70
55766;70
55870;70
55965;70
56056;70
56147;70
56239;70
56329;70
56422;70
56511;70
56600;70
56687;70
56776;70
56864;70
56956;70
57060;70
57161;70
57275;70
57377;70
57486;70
57592;70
57691;70
57783;70
57876;70
57999;70
58142;70
58262;70
58364;70
58453;70
58547;70
58645;70
58736;70
58833;70
58924;70
59014;70
59105;70
59204;70
59292;70
59383;70
59476;70
59565;70
59654;70
59767;70
59892;70
60052;70
60169;70
60275;70
60423;70
60524;70
60625;70
60724;70
60831;70
60929;70
61034;70
61130;70
61236;70
61336;70
61455;70
61619;70
61768;70
61868;70
61995;70
62101;70
62215;70
62383;70
62511;70
62614;70
62719;70
62830;70
62934;70
63042;70
63173;70
63327;70
63475;70
63636;70
63785;70
63914;70
64088;70
64237;70
64426;70
64583;70
64776;70
64969;70
65138;70
65279;70
65485;70
65662;70
65819;70
65966;70
66131;70
66317;70
66585;70
66743;70
66857;70
66954;70
67059;70
67158;70
67265;70
67369;70
67474;70
67579;70
67678;70
67783;70
67882;70
67981;70
68093;70
68206;70
68312;70
68411;70
68517;70
68621;70
68732;70
68850;70
68955;70
69055;70
69156;70
69263;70
69383;70
69530;70
69670;70
69865;70
70104;70
70362;70
70710;70
71042;70
71251;70
71428;70
71647;70
71864;70
72072;70
72262;70
72462;70
72597;70
72714;70
72816;70
72922;70
73033;70
73179;70
73313;70
73431;70
73550;70
73656;70
73759;70
73954;70
74099;70
74220;70
74387;70
74588;70
74748;70
74871;70
74989;70
75087;70
75196;70
75299;70
75407;70
75517;70
75755;70
75984;70
76165;70
76376;70
76571;70
76763;70
76969;70
77179;70
77414;70
77626;70
77808;70
78011;70
78238;70
78492;70
78715;70
78852;70
78966;70
79073;70
79187;70
79290;70
79395;70
79511;70
79634;70
79742;70
79845;70
79965;70
80070;70
80173;70
80278;70
80399;70
80516;70
80640;70
80753;70
80878;70
80981;70
81088;70
81198;70
81301;70
81410;70
81512;70
81637;70
81786;70
81967;70
82197;70
82421;70
82553;70
82660;70
82757;70
82866;70
82987;70
83109;70
83240;70
83394;70
83610;70
83794;70
84156;70
84415;70
84615;70
84872;70
85170;70
85403;70
85587;70
85761;70
85971;70
86122;70
86314;70
86518;70
86776;70
87039;70
87255;70
87467;70
87747;70
88091;70
88302;70
88487;70
88661;70
88884;70
89145;70
89334;70
89519;70
89704;70
89936;70
90259;70
90525;70
90801;70
91072;70
91320;70
91526;70
91728;70
91930;70
92130;70
92385;70
92585;70
92763;70
92903;70
93113;70
93382;70
93591;70
93835;70
94099;70
94303;70
94505;70
94715;70
94959;70
95227;70
95522;70
95761;70
95984;70
96133;70
96246;70
96345;70
96450;70
96583;70
96750;70
96975;70
97138;70
97253;70
97359;70
97511;70
97858;70
98074;70
98259;70
98458;70
98638;70
98804;70
98983;70
99142;70
99290;70
99439;70
99601;70
99783;70
99965;70
100160;70
100375;70
100643;70
101010;70
101266;70
101469;70
101672;70
101867;70
102063;70
102301;70
102572;70
102890;70
103056;70
103249;70
103512;70
103887;70
104128;70
104314;70
104491;70
104671;70
104928;70
105113;70
105270;70
105382;70
105487;70
105601;70
105719;70
105832;70
105934;70
106048;70
106150;70
106252;70
106362;70
106464;70
106567;70
106666;70
106775;70
106969;70
107304;70
107662;70
107938;70
108196;70
108476;70
108607;70
108714;70
108812;70
108916;70
109023;70
109123;70
109286;70
109588;70
109966;70
110275;70
110568;70
110946;70
111201;70
111402;70
111617;70
111824;70
111991;70
112162;70
112377;70
112608;70
112831;70
112979;70
113102;70
113271;70
113449;70
113611;70
113736;70
113852;70
113970;70
114073;70
114178;70
114278;70
114382;70
114496;70
114595;70
114699;70
114799;70
114904;70
115009;70
115135;70
115244;70
115353;70
115450;70
115560;70
115659;70
115765;70
115866;70
115970;70
116071;70
116173;70
116295;70
116463;70
116598;70
116724;70
116833;70
116949;70
117065;70
117175;70
117268;70
117360;70
117454;70
117547;70
117639;70
117767;70
117906;70
118038;70
118223;70
118371;70
118468;70
118586;70
118736;70
118836;70
118932;70
119031;70
119132;70
119223;70
119319;70
119410;70
119502;70
119598;70
119705;70
119888;70
120090;70
120427;70
120537;70
120645;70
120816;70
120990;70
121154;70
121282;70
121411;70
121574;70
121759;70
121931;70
122040;70
122136;70
122227;70
122317;70
122407;70
122498;70
122589;70
122680;70
122769;70
122872;70
122967;70
123058;70
123155;70
123248;70
123339;70
123469;70
123605;70
123715;70
123814;70
123909;70
124020;70
124159;70
124302;70
124441;70
124543;70
124635;70
124763;70
124886;70
124980;70
125075;70
125183;70
125276;70
125377;70
125468;70
125587;70
125712;70
125836;70
125927;70
126018;70
126110;70
126204;70
126292;70
126392;70
126484;70
126578;70
126681;70
126810;70
126937;70
127053;70
127194;70
127336;70
127475;70
127591;70
127788;70
127984;70
128175;70
128373;70
128564;70
128764;70
128985;70
129226;70
129421;70
129620;70
129823;70
130004;70
130112;70
130207;70
130307;70
130401;70
130492;70
130586;70
130698;70
130825;70
130989;70
131129;70
131325;70
131523;70
131753;70
131983;70
132188;70
132297;70
132400;70
132507;70
132606;70
132696;70
132785;70
132880;70
132972;70
133061;70
133151;70
133239;70
133335;70
133424;70
133516;70
133607;70
133694;70
133786;70
133877;70
133966;70
134059;70
134154;70
134250;70
134417;70
134595;70
134734;70
134833;70
134944;70
135047;70
135144;70
135246;70
135360;70
135466;70
135567;70
135669;70
135770;70
135918;70
136049;70
136154;70
136308;70
136504;70
136743;70
136965;70
137139;70
137303;70
137500;70
137710;70
137847;70
137940;70
138035;70
138131;70
138219;70
138309;70
138398;70
138515;70
138668;70
138802;70
138894;70
138994;70
139108;70
139231;70
139396;70
139620;70
139719;70
139810;70
139902;70
140009;70
140150;70
140288;70
140421;70
140710;70
140928;70
141077;70
141274;70
141495;70
141689;70
141905;70
142079;70
142241;70
142408;70
142555;70
142791;70
143031;70
143259;70
143540;70
143716;70
143932;70
144137;70
144256;70
144405;70
144601;70
144774;70
144995;70
145177;70
145349;70
145584;70
145780;70
145989;70
146167;70
146270;70
146363;70
146450;70
146545;70
146645;70
146745;70
146841;70
146935;70
147030;70
147124;70
147217;70
147307;70
147396;70
147487;70
147586;70
147675;70
147766;70
147855;70
147944;70
148033;70
148130;70
148231;70
148351;70
148440;70
148549;70
148714;70
148867;70
149002;70
149159;70
149299;70
149471;70
149628;70
149798;70
150086;70
150252;70
150435;70
150604;70
150769;70
150937;70
151113;70
151287;70
151439;70
151608;70
151773;70
151934;70
152116;70
152339;70
152565;70
152767;70
152903;70
153063;70
153229;70
153370;70
153478;70
153592;70
153687;70
153781;70
153872;70
153971;70
154114;70
154280;70
154524;70
154766;70
154895;70
154991;70
155081;70
155186;70
155339;70
155476;70
155669;70
155886;70
155995;70
156099;70
156248;70
156445;70
156642;70
156765;70
156855;70
156946;70
157036;70
157140;70
157309;70
157446;70
157750;70
157869;70
157969;70
158103;70
158281;70
158486;70
158633;70
158733;70
158824;70
158959;70
159102;70
159264;70
159477;70
159648;70
159760;70
159924;70
160099;70
160284;70
160438;70
160537;70
160630;70
160721;70
160836;70
160980;70
161213;70
161568;70
161724;70
161824;70
161917;70
162042;70
162177;70
162279;70
162376;70
162467;70
162556;70
162680;70
162812;70
162943;70
163034;70
163129;70
163219;70
163313;70
163408;70
163500;70
163594;70
163683;70
163773;70
163871;70
163963;70
164058;70
164151;70
164249;70
164348;70
164440;70
164529;70
164618;70
164710;70
164798;70
164890;70
164979;70
165071;70
165159;70
165257;70
165354;70
165448;70
