652;279
893;279
1146;279
1355;279
1555;279
1745;279
1969;279
2184;279
2389;279
2581;279
2764;279
2951;279
3173;279
3450;279
3742;279
3960;279
4142;279
4321;279
4512;279
4696;279
4884;279
5067;279
5251;279
5433;279
5615;279
5795;279
6046;279
6300;279
6482;279
6665;279
6847;279
7029;279
7214;279
7432;279
7668;279
7856;279
8044;279
8224;279
8451;279
8676;279
8859;279
9048;279
9245;279
9420;279
9589;279
9772;279
9959;279
10145;279
10313;279
10497;279
10688;279
10850;279
11051;279
11270;279
11463;279
11669;279
11827;279
11976;279
12124;279
12274;279
12420;279
12562;279
12714;279
12886;279
13046;279
13200;279
13340;279
13490;279
13681;279
13837;279
13961;279
14133;276
14268;276
14444;276
14621;276
14834;276
15068;276
15284;276
15517;270
15763;266
15968;266
16164;266
16402;263
16587;260
16692;260
16799;260
16914;260
17019;260
17174;257
17276;257
17398;256
17491;256
17589;256
17689;256
17786;256
17879;256
17971;256
18066;256
18164;256
18256;256
18355;256
18447;256
18537;256
18627;256
18719;256
18809;256
18899;256
18988;256
19080;256
19173;256
19287;256
19389;256
19479;256
19568;256
19659;256
19749;256
19841;256
19937;256
20027;256
20117;256
20205;256
20296;256
20387;256
20477;256
20566;256
20655;256
20745;256
20835;256
20924;256
21012;256
21102;256
21194;256
21289;256
21383;256
21481;256
21571;256
21664;256
21756;256
21849;256
21940;256
22055;256
22163;256
22300;256
22445;256
22535;256
22626;256
22725;256
22867;256
23011;256
23104;256
23202;256
23295;256
23397;256
23497;256
23612;256
23754;256
23869;256
23976;256
24126;256
24275;256
24447;256
24622;256
24788;256
24953;256
25118;256
25278;256
25466;256
25634;256
25818;256
25970;256
26108;256
26283;256
26436;256
26590;256
26729;256
26901;256
27038;256
27157;256
27247;256
27348;256
27474;256
27634;256
27798;256
27953;256
28122;256
28261;256
28377;256
28583;256
28742;256
28974;256
29200;256
29361;256
29556;256
29691;256
29782;256
29877;256
29967;256
30090;256
30231;256
30384;256
30575;256
30817;256
31010;256
31177;256
31364;256
31560;256
31713;256
31867;256
32022;256
32202;256
32364;256
32537;256
32644;256
32736;256
32829;256
32922;256
33017;256
33109;256
33199;256
33290;256
33396;256
33492;256
33581;256
33670;256
33761;256
33851;256
33942;256
34051;256
34141;256
34231;256
34322;256
34413;256
34504;256
34593;256
34682;256
34779;256
34868;256
34957;256
35046;256
35136;256
35226;256
35316;256
35407;256
35523;256
35617;256
35706;256
35797;256
35887;256
35976;256
36065;256
36158;256
36247;256
36339;256
36427;256
36522;256
36613;256
36705;256
36797;256
36888;256
36980;256
37073;256
37162;256
37252;256
37348;256
37452;256
37593;256
37698;256
37790;256
37909;256
38039;256
38156;256
38270;256
38420;256
38584;256
38729;256
38915;256
39092;256
39253;256
39435;256
39613;256
39762;256
39919;256
40080;256
40240;256
40423;256
40701;256
40957;256
41178;256
41379;256
41513;256
41628;256
41757;256
41850;256
41943;256
42036;256
42126;256
42216;256
42310;256
42406;256
42497;256
42596;256
42686;256
42777;256
42883;256
42974;256
43066;256
43158;256
43268;256
43382;256
43472;256
43566;256
43661;256
43750;256
43840;256
43934;256
44026;256
44123;256
44296;256
44483;256
44650;256
44810;256
44905;256
44997;256
45090;256
45180;256
45270;256
45361;256
45454;256
45592;256
45761;256
45938;256
46091;256
46185;256
46280;256
46392;256
46529;256
46662;256
46768;256
46967;256
47208;256
47332;256
47461;256
47640;256
47856;256
48085;256
48324;256
48510;256
48705;256
48874;256
49073;256
49268;256
49374;256
49478;256
49590;256
49695;256
49789;256
49879;256
49981;256
50117;256
50293;256
50544;256
50759;256
50917;256
51141;256
51378;256
51521;256
51736;256
51956;256
52183;256
52415;256
52671;256
52857;256
52993;256
53207;256
53400;256
53499;256
53588;256
53682;256
53779;256
53923;256
54057;256
54220;256
54408;256
54517;256
54610;256
54702;256
54799;256
54892;256
54982;256
55081;256
55218;256
55354;256
55448;256
55541;256
55637;256
55783;256
55955;256
56115;256
56207;256
56311;256
56413;256
56505;256
56595;256
56690;256
56781;256
56873;256
56964;256
57057;256
57179;256
57312;256
57492;256
57620;256
57712;256
57804;256
57909;256
58006;256
58098;256
58189;256
58280;256
58373;256
58468;256
58592;256
58717;256
58825;256
58952;256
59096;256
59277;256
59433;256
59528;256
59620;256
59718;256
59831;256
59921;256
60010;256
60101;256
60191;256
60282;256
60374;256
60465;256
60563;256
60693;256
60832;256
60942;256
61111;256
61287;256
61428;256
61521;256
61613;256
61704;256
61817;256
61907;256
61998;256
62090;256
62185;256
62273;256
62368;256
62462;256
62554;256
62645;256
62734;256
62832;256
62924;256
63014;256
63104;256
63194;256
63285;256
63376;256
63465;256
63561;256
63654;256
63750;256
63865;256
63954;256
64043;256
64134;256
64224;256
64313;256
64405;256
64496;256
64586;256
64678;256
64769;256
64861;256
64952;256
65041;256
65149;256
65239;256
65331;256
65422;256
65518;256
65611;256
65705;256
65799;256
65893;256
65985;256
66076;256
66165;256
66255;256
66349;256
66439;256
66531;256
66623;256
66717;256
66809;256
66900;256
66989;256
67079;256
67172;256
67267;256
67361;256
67453;256
67545;256
67641;256
67783;256
67985;256
68158;256
68275;256
68402;256
68524;256
68728;256
68871;256
69042;256
69191;256
69359;256
69501;256
69666;256
69859;256
70025;256
70197;256
70367;256
70484;256
70626;256
70788;256
70942;256
71115;256
71240;256
71398;256
71555;256
71720;256
71823;256
71954;256
72046;256
72140;256
72248;256
72355;256
72460;256
72558;256
72653;256
72749;256
72859;256
72953;256
73048;256
73138;256
73227;256
73316;256
73406;256
73496;256
73587;256
73676;256
73765;256
73857;256
73995;256
74126;256
74220;256
74312;256
74419;256
74511;256
74600;256
74689;256
74778;256
74869;256
74961;256
75051;256
75165;256
75292;256
75393;256
75498;256
75592;256
75692;256
75781;256
75871;256
75997;256
76088;256
76180;256
76269;256
76389;256
76545;256
76667;256
76758;256
76848;256
76937;256
77028;256
77137;256
77234;256
77339;256
77442;256
77545;256
77637;256
77732;256
77826;256
77935;256
78102;256
78245;256
78346;256
78438;256
78530;256
78637;256
78737;256
78830;256
78925;256
79023;256
79121;256
79216;256
79311;256
79406;256
79497;256
79594;256
79687;256
79779;256
79873;256
79969;256
80067;256
80163;256
80294;256
80420;256
80512;256
80610;256
80702;256
80795;256
80884;256
80983;256
81088;256
81184;256
81286;256
81435;256
81561;256
81714;256
81856;256
81995;256
82142;256
82274;256
82408;256
82512;256
82602;256
82696;256
82791;256
82885;256
82989;256
83134;256
83284;256
83419;256
83557;256
83692;256
83797;256
83893;256
84042;256
84208;256
84348;256
84484;256
84578;256
84671;256
84775;256
84913;256
85036;256
85127;256
85228;256
85339;256
85437;256
85529;256
85624;256
85718;256
85810;256
85903;256
86007;256
86126;256
86218;256
86310;256
86406;256
86498;256
86592;256
86685;256
86782;256
86878;256
86971;256
87063;256
87155;256
87248;256
87342;256
87434;256
87527;256
87620;256
87713;256
87805;256
87899;256
87990;256
88089;256
88185;256
88276;256
88372;256
88465;256
88558;256
88652;256
88748;256
88840;256
88932;256
89023;256
89116;256
89210;256
89301;256
89398;256
89491;256
89583;256
89675;256
89768;256
89860;256
89951;256
90044;256
90139;256
90230;256
90323;256
90414;256
90503;256
90594;256
90687;256
90779;256
90871;256
90962;256
91056;256
91147;256
91237;256
91328;256
91439;256
91529;256
91623;256
91718;256
91812;256
91906;256
91997;256
92111;256
92211;256
92302;256
92396;256
92487;256
92580;256
92674;256
92768;256
92860;256
92962;256
93052;256
93142;256
93235;256
93331;256
93425;256
93517;256
93609;256
93703;256
93796;256
93889;256
93981;256
94076;256
94173;256
94267;256
94361;256
94455;256
94552;256
94644;256
94736;256
94830;256
94923;256
95017;256
95110;256
95203;256
95294;256
95387;256
95481;256
95572;256
95665;256
95758;256
95852;256
95946;256
96046;256
96166;256
96259;256
96349;256
96440;256
96530;256
96626;256
96716;256
96808;256
96901;256
96996;256
97089;256
97181;256
97276;256
97371;256
97459;256
97568;256
97658;256
97749;256
97840;256
97930;256
98019;256
98116;256
98230;256
98324;256
98419;256
98509;256
98602;256
98692;256
98787;256
98883;256
98976;256
99088;256
99183;256
99273;256
99364;256
99457;256
99547;256
99639;256
99732;256
99826;256
99917;256
100010;256
100101;256
100257;256
100392;256
100487;256
100579;256
100690;256
100796;256
100931;256
101045;256
101145;256
101249;256
101352;256
101487;256
101611;256
101710;256
101846;256
101986;256
102116;256
102295;256
102426;256
102566;256
102693;256
102783;256
102876;256
102968;256
103057;256
103150;256
103241;256
103337;256
103427;256
103515;256
103609;256
103705;256
103804;256
103894;256
103986;256
104076;256
104172;256
104270;256
104369;256
104463;256
104555;256
104645;256
104736;256
104826;256
104920;256
105014;256
105108;256
105202;256
105310;256
105406;256
105497;256
105626;256
105788;256
105923;256
106057;256
106208;256
106354;256
106464;256
106622;256
106761;256
106907;256
107045;256
107163;256
107256;256
107350;256
107442;256
107545;256
107672;256
107807;256
107926;256
108018;256
108109;256
108199;256
108313;256
108432;256
108557;256
108660;256
108753;256
108874;256
109013;256
109109;256
109204;256
109329;256
109451;256
109543;256
109634;256
109726;256
109837;256
109984;256
110087;256
110179;256
110282;256
110393;256
110483;256
110574;256
110666;256
110757;256
110848;256
110940;256
111031;256
111123;256
111215;256
111306;256
111400;256
111510;256
111603;256
111695;256
111786;256
111878;256
111970;256
112060;256
112153;256
112243;256
112339;256
112429;256
112520;256
112614;256
112705;256
112797;256
112888;256
112981;256
113092;256
113193;256
113328;256
113472;256
113614;256
113752;256
113903;256
113996;256
114085;256
114197;256
114313;256
114414;256
114524;256
114673;256
114818;256
114940;256
115050;256
115206;256
115342;256
115474;256
115593;256
115749;256
115872;256
116008;256
116154;256
116321;256
116422;256
116513;256
116635;256
116803;256
116971;256
117145;256
117326;256
117493;256
117604;256
117708;256
117804;256
117895;256
117987;256
118081;256
118172;256
118268;256
118371;256
118463;256
118557;256
118649;256
118739;256
118830;256
118921;256
119012;256
119102;256
119192;256
119304;256
119397;256
119488;256
119578;256
119668;256
119760;256
119854;256
119945;256
120087;256
120262;256
120430;256
120605;256
120754;256
120881;256
120971;256
121063;256
121171;256
121305;256
121481;256
121659;256
121781;256
121906;256
122036;256
122136;256
122287;256
122446;256
122598;256
122689;256
122776;256
122866;256
122956;256
123047;256
123137;256
123229;256
123322;256
123415;256
123504;256
123597;256
123688;256
123778;256
123867;256
123961;256
124081;256
124215;256
124355;256
124478;256
124572;256
124688;256
124819;256
124933;256
125040;256
125130;256
125221;256
125335;256
125463;256
125556;256
125650;256
125742;256
125832;256
125920;256
126029;256
126163;256
126280;256
126374;256
126467;256
126559;256
126648;256
126739;256
126830;256
126952;256
127085;256
127190;256
127280;256
127371;256
127462;256
127552;256
127641;256
127732;256
127822;256
127915;256
128006;256
128099;256
128214;256
128357;256
128521;256
128647;256
128778;256
128866;256
128959;256
129050;256
129142;256
129234;256
129329;256
129420;256
129512;256
129604;256
129695;256
129788;256
129878;256
129970;256
130084;256
130178;256
130269;256
130370;256
130461;256
130585;256
130675;256
130767;256
130859;256
130952;256
131048;256
131168;256
131313;256
131477;256
131573;256
131690;256
131783;256
131878;256
131970;256
132071;256
132180;256
132274;256
132431;256
132602;256
132763;256
132922;256
133088;256
133243;256
133400;256
133554;256
133698;256
133839;256
133976;256
134146;256
134303;256
134464;256
134620;256
134797;256
134958;256
135071;256
135234;256
135394;256
135518;256
135639;256
135750;256
135873;256
135961;256
136050;256
136160;256
136291;256
136430;256
136568;256
136706;256
136810;256
136902;256
136993;256
137108;256
137252;256
137370;256
137462;256
137552;256
137683;256
137825;256
137994;256
138167;256
138325;256
138485;256
138683;256
138866;256
139040;256
139178;256
139280;256
139406;256
139529;256
139671;256
139799;256
139901;256
139996;256
140098;256
140207;256
140298;256
140398;256
140523;256
140694;256
140827;256
140987;256
141172;256
141278;256
141371;256
141468;256
141561;256
141677;256
141805;256
141954;256
142103;256
142300;256
142501;256
142670;256
142854;256
143033;256
143200;256
143374;256
143564;256
