1629;68
2055;68
2437;68
2783;68
3196;68
3543;68
3896;68
4229;68
4619;68
5984;68
7131;68
7577;68
7964;68
8342;68
8785;68
9125;68
9437;68
9835;68
10227;68
10998;68
11358;68
11678;68
12027;68
12425;68
12782;68
13144;68
13589;68
13920;68
14268;68
14651;68
14978;68
15294;68
15641;68
16049;68
16414;68
16770;68
17160;68
17469;68
17786;68
18109;68
18436;68
18821;68
19192;68
19561;68
19910;68
20227;68
20530;68
20875;68
21145;68
21403;68
21647;68
21878;68
22118;68
22436;68
22688;68
22921;68
23137;68
23356;68
23570;68
23798;68
24049;68
24272;68
24498;68
24740;68
24953;68
25174;68
25656;66
25937;66
26264;64
26490;64
26699;64
27004;64
27337;62
27537;62
27737;62
27920;62
28250;61
28445;61
28633;61
28922;60
29106;60
29280;60
29450;60
29633;60
29788;60
29935;60
30081;60
30278;60
30432;60
30578;60
30721;60
30859;60
30993;60
31128;60
31278;60
31443;60
31604;60
31762;60
31924;60
32093;60
32310;60
32465;60
32663;60
32837;60
33008;60
33199;60
33420;60
33602;60
33780;60
33930;60
34086;60
34236;60
34390;60
34533;60
34670;60
34835;60
34991;60
35146;60
35357;60
35505;60
35641;60
35780;60
35918;60
36055;60
36192;60
36337;60
36475;60
36610;60
36785;60
36981;60
37132;60
37284;60
37439;60
37585;60
37750;60
37895;60
38035;60
38169;60
38315;60
38475;60
38614;60
38751;60
38887;60
39025;60
39160;60
39301;60
39446;60
39587;60
39723;60
39860;60
39996;60
40141;60
40279;60
40415;60
40551;60
40688;60
40823;60
40964;60
41100;60
41237;60
41378;60
41529;60
41687;60
41852;60
41990;60
42122;60
42258;60
42399;60
42570;60
42724;60
42884;60
43019;60
43158;60
43294;60
43448;60
43590;60
43732;60
43928;60
44100;60
44243;60
44386;60
44529;60
44665;60
44807;60
44950;60
45086;60
45235;60
45437;60
45644;60
45802;60
45959;60
46155;60
46307;60
46463;60
46598;60
46735;60
46872;60
47004;60
47144;60
47285;60
47421;60
47559;60
47702;60
47852;60
48004;60
48145;60
48317;60
48498;60
48670;60
48820;60
48955;60
49103;60
49264;60
49412;60
49549;60
49747;60
49975;60
50175;60
50338;60
50496;60
50661;60
50817;60
51000;60
51173;60
51324;60
51476;60
51658;60
51862;60
52018;60
52180;60
52331;60
52481;60
52635;60
52830;60
52967;60
53105;60
53245;60
53391;60
53546;60
53700;60
53906;60
54067;60
54233;60
54391;60
54548;60
54725;60
54875;60
55022;60
55181;60
55399;60
55588;60
55774;60
55939;60
56081;60
56218;60
56360;60
56496;60
56631;60
56766;60
56900;60
57034;60
57170;60
57371;60
57569;60
57723;60
57889;60
58055;60
58298;60
58534;60
58726;60
58907;60
59067;60
59220;60
59372;60
59554;60
59760;60
59908;60
60109;60
60275;60
60459;60
60595;60
60768;60
60942;60
61163;60
61323;60
61467;60
61637;60
61792;60
61944;60
62087;60
62229;60
62373;60
62520;60
62679;60
62896;60
63099;60
63307;60
63513;60
63661;60
63815;60
63986;60
64173;60
64373;60
64572;60
64748;60
64887;60
65023;60
65163;60
65312;60
65465;60
65622;60
65782;60
65916;60
66052;60
66190;60
66327;60
66463;60
66598;60
66734;60
66868;60
67003;60
67137;60
67277;60
67414;60
67549;60
67684;60
67823;60
67957;60
68102;60
68238;60
68377;60
68516;60
68659;60
68866;60
69046;60
69194;60
69343;60
69478;60
69616;60
69753;60
69890;60
70036;60
70174;60
70342;60
70543;60
70695;60
70855;60
71025;60
71164;60
71317;60
71455;60
71588;60
71728;60
71879;60
72014;60
72153;60
72293;60
72432;60
72582;60
72734;60
72879;60
73015;60
73169;60
73376;60
73623;60
73773;60
73921;60
74074;60
74232;60
74392;60
74561;60
74737;60
74934;60
75115;60
75297;60
75443;60
75606;60
75828;60
76035;60
76174;60
76311;60
76452;60
76590;60
76736;60
76892;60
77078;60
77280;60
77428;60
77585;60
77736;60
77916;60
78100;60
78261;60
78422;60
78578;60
78739;60
78950;60
79091;60
79234;60
79382;60
79528;60
79672;60
79809;60
79966;60
80118;60
80272;60
80427;60
80607;60
80804;60
80959;60
81156;60
81360;60
81516;60
81674;60
81829;60
81987;60
82134;60
82310;60
82504;60
82729;60
82875;60
83031;60
83178;60
83317;60
83466;60
83608;60
83745;60
83905;60
84055;60
84252;60
84398;60
84542;60
84685;60
84828;60
84964;60
85103;60
85243;60
85383;60
85523;60
85669;60
85884;60
86050;60
86199;60
86338;60
86479;60
86617;60
86755;60
86894;60
87037;60
87238;60
87471;60
87691;60
87841;60
87996;60
88174;60
88321;60
88477;60
88632;60
88793;60
88959;60
89109;60
89249;60
89397;60
89590;60
89800;60
89996;60
90164;60
90303;60
90448;60
90598;60
90744;60
90938;60
91087;60
91242;60
91393;60
91558;60
91728;60
91873;60
92038;60
92192;60
92350;60
92500;60
92650;60
92787;60
92926;60
93060;60
93201;60
93344;60
93480;60
93635;60
93775;60
93914;60
94053;60
94191;60
94336;60
94476;60
94613;60
94751;60
94888;60
95022;60
95176;60
95312;60
95449;60
95587;60
95720;60
95859;60
95999;60
96137;60
96278;60
96415;60
96552;60
96702;60
96839;60
96977;60
97113;60
97250;60
97388;60
97521;60
97659;60
97796;60
97934;60
98071;60
98211;60
98377;60
98546;60
98685;60
98823;60
98960;60
99096;60
99232;60
99373;60
99510;60
99648;60
99790;60
99926;60
100061;60
100197;60
100334;60
100473;60
100611;60
100750;60
100884;60
101020;60
101155;60
101296;60
101434;60
101576;60
101713;60
101848;60
101987;60
102126;60
102260;60
102399;60
102538;60
102675;60
102826;60
102971;60
103112;60
103252;60
103389;60
103529;60
103665;60
103803;60
103940;60
104080;60
104220;60
104375;60
104511;60
104649;60
104787;60
104920;60
105056;60
105198;60
105335;60
105473;60
105608;60
105746;60
105888;60
106025;60
106165;60
106305;60
106444;60
106583;60
106725;60
106862;60
107001;60
107138;60
107275;60
107417;60
107554;60
107692;60
107834;60
107975;60
108114;60
108267;60
108411;60
108552;60
108691;60
108829;60
108970;60
109140;60
109323;60
109482;60
109622;60
109761;60
109899;60
110039;60
110182;60
110326;60
110486;60
110683;60
110866;60
111048;60
111208;60
111354;60
111492;60
111631;60
111767;60
111902;60
112044;60
112189;60
112341;60
112511;60
112747;60
112900;60
113043;60
113186;60
113327;60
113470;60
113662;60
113827;60
113984;60
114138;60
114287;60
114433;60
114587;60
114742;60
114901;60
115062;60
115218;60
115422;60
115638;60
115801;60
115957;60
116128;60
116335;60
116506;60
116723;60
116873;60
117019;60
117165;60
117314;60
117462;60
117648;60
117788;60
117930;60
118072;60
118231;60
118378;60
118532;60
118688;60
118823;60
118960;60
119102;60
119240;60
119381;60
119572;60
119793;60
119931;60
120116;60
120267;60
120407;60
120559;60
120771;60
120960;60
121173;60
121334;60
121481;60
121623;60
121763;60
121902;60
122101;60
122245;60
122393;60
122532;60
122670;60
122826;60
122967;60
123104;60
123240;60
123378;60
123514;60
123654;60
123789;60
123925;60
124063;60
124199;60
124342;60
124489;60
124634;60
124790;60
124943;60
125111;60
125258;60
125452;60
125627;60
125806;60
125993;60
126163;60
126307;60
126447;60
126589;60
126733;60
126900;60
127101;60
127296;60
127493;60
127690;60
127835;60
127979;60
128123;60
128273;60
128464;60
128609;60
128754;60
128894;60
129036;60
129202;60
129359;60
129515;60
129678;60
129832;60
129992;60
130158;60
130317;60
130491;60
130699;60
130877;60
131048;60
131192;60
131333;60
131483;60
131632;60
131775;60
131912;60
132063;60
132222;60
132400;60
132596;60
132785;60
132940;60
133099;60
133250;60
133453;60
133698;60
133851;60
133992;60
134127;60
134268;60
134406;60
134544;60
134701;60
134858;60
135016;60
135178;60
135336;60
135492;60
135710;60
135863;60
136020;60
136179;60
136376;60
136591;60
136748;60
136900;60
137046;60
137215;60
137390;60
137546;60
137705;60
137843;60
137982;60
138116;60
138281;60
138432;60
138568;60
138714;60
138862;60
139024;60
139176;60
139321;60
139458;60
139601;60
139741;60
139884;60
140020;60
140158;60
140302;60
140475;60
140673;60
140816;60
140954;60
141091;60
141228;60
141383;60
141521;60
141659;60
141792;60
141960;60
142158;60
142311;60
142478;60
142627;60
142772;60
142923;60
143061;60
143197;60
143356;60
143559;60
143708;60
143857;60
143994;60
144129;60
144286;60
144464;60
144645;60
144847;60
145033;60
145190;60
145346;60
145508;60
145667;60
145849;60
146038;60
146230;60
146421;60
146633;60
146835;60
147006;60
147172;60
147372;60
147542;60
147692;60
147831;60
147971;60
148131;60
148288;60
148441;60
148605;60
148756;60
148910;60
149129;60
149303;60
149462;60
149617;60
149767;60
149912;60
150060;60
150222;60
150441;60
150625;60
150813;60
150987;60
151124;60
151283;60
151437;60
151594;60
151748;60
151904;60
152062;60
152282;60
152482;60
152664;60
152833;60
153071;60
153231;60
153408;60
153610;60
153764;60
153915;60
154073;60
154225;60
154388;60
154536;60
154698;60
154869;60
155048;60
155195;60
155344;60
155486;60
155623;60
155759;60
155899;60
156037;60
156175;60
156312;60
156452;60
156596;60
156792;60
156982;60
157125;60
157263;60
157399;60
157536;60
157672;60
157809;60
157954;60
158091;60
158249;60
158465;60
158656;60
158836;60
158981;60
159125;60
159260;60
159401;60
159540;60
159678;60
159816;60
159966;60
160100;60
160236;60
160370;60
160517;60
160654;60
160796;60
160951;60
161096;60
161249;60
161403;60
161551;60
161735;60
161892;60
162050;60
162207;60
162365;60
162501;60
162656;60
162835;60
162988;60
163153;60
163311;60
163469;60
163632;60
163798;60
163949;60
164105;60
164264;60
164444;60
164601;60
164748;60
164921;60
165074;60
165231;60
165384;60
165537;60
165679;60
165825;60
165968;60
166158;60
166308;60
166508;60
166648;60
166788;60
166926;60
167077;60
167231;60
167436;60
167617;60
167777;60
167934;60
168079;60
168221;60
168366;60
168523;60
168678;60
168863;60
169032;60
169199;60
169347;60
169487;60
169633;60
169769;60
169910;60
170047;60
170183;60
170327;60
170475;60
170626;60
170796;60
170949;60
171104;60
171271;60
171463;60
171620;60
171802;60
172037;60
172239;60
172414;60
172641;60
172819;60
172970;60
173134;60
173320;60
173555;60
173773;60
173964;60
174113;60
174256;60
174396;60
174541;60
174735;60
174896;60
175057;60
175203;60
175362;60
175507;60
175662;60
175806;60
175964;60
176158;60
176307;60
176452;60
176590;60
176729;60
176872;60
177007;60
177141;60
177279;60
177414;60
177549;60
177685;60
177821;60
177958;60
178096;60
178239;60
178431;60
178626;60
178765;60
178913;60
179051;60
179193;60
179328;60
179466;60
179601;60
179740;60
179896;60
180067;60
180225;60
180374;60
180527;60
180724;60
180940;60
181165;60
181373;60
181548;60
181757;60
181924;60
182086;60
182231;60
182415;60
182595;60
182751;60
182908;60
183084;60
183223;60
183385;60
183605;60
183741;60
183890;60
184046;60
184206;60
184395;60
184546;60
184700;60
184850;60
185004;60
185165;60
185349;60
185510;60
185658;60
185801;60
185944;60
186136;60
186285;60
186492;60
186647;60
186798;60
186935;60
187072;60
187209;60
187363;60
187519;60
187744;60
187908;60
188064;60
188215;60
188363;60
188560;60
188713;60
188873;60
189011;60
189146;60
189289;60
189427;60
189580;60
189735;60
189891;60
190046;60
190207;60
190362;60
190579;60
190759;60
190915;60
191077;60
191274;60
191479;60
191630;60
191790;60
191968;60
192140;60
192307;60
192485;60
192637;60
192825;60
192976;60
193124;60
193279;60
193460;60
193690;60
193907;60
194055;60
194214;60
194355;60
194501;60
194650;60
194797;60
194943;60
195089;60
195235;60
195387;60
195537;60
195688;60
195890;60
196035;60
196178;60
196320;60
196458;60
196604;60
196742;60
196879;60
197026;60
197170;60
197331;60
197555;60
197696;60
197840;60
197975;60
198112;60
198247;60
198390;60
198540;60
198676;60
198822;60
199030;60
199201;60
199350;60
199504;60
199656;60
199831;60
199989;60
200160;60
200296;60
200432;60
200582;60
200760;60
200922;60
201075;60
201289;60
201442;60
201607;60
201761;60
201918;60
202065;60
202219;60
202374;60
202532;60
202667;60
202801;60
202992;60
203137;60
203281;60
203414;60
203554;60
203706;60
203877;60
204080;60
204237;60
204409;60
204580;60
