203;235
324;235
403;235
497;235
612;235
683;235
770;235
842;235
924;235
1006;235
1077;235
1151;235
1230;235
1312;235
1410;235
1499;235
1597;235
1666;235
1735;235
1799;235
1866;235
1933;235
2014;235
2084;235
2165;235
2223;235
2301;235
2358;235
2416;235
2482;235
2543;236
2608;236
2674;236
2760;238
2846;238
2927;238
3004;238
3083;238
3181;238
3269;238
3345;238
3416;238
3474;238
3534;237
3592;237
3651;237
3709;236
3773;236
3831;236
3891;236
3961;236
4020;236
4077;236
4136;236
4207;236
4290;236
4360;236
4417;236
4475;236
4533;236
4594;236
4677;236
4739;236
4803;236
4860;236
4926;236
4993;236
5052;235
5118;235
5175;235
5234;235
5293;235
5353;235
5427;235
5512;235
5606;235
5686;235
5742;236
5799;236
5858;236
5933;236
5993;236
6049;236
6106;236
6172;236
6247;236
6330;236
6389;236
6446;236
6502;236
6571;236
6629;236
6691;236
6750;236
6813;236
6870;236
6928;236
6992;236
7050;236
7109;236
7179;236
7236;236
7305;236
7367;236
7434;236
7494;236
7548;236
7609;236
7674;236
7745;236
7809;236
7865;236
7930;236
7996;236
8053;236
8127;236
8192;236
8260;236
8323;236
8380;236
8445;236
8501;236
8594;236
8666;236
8725;236
8808;236
8865;236
8922;236
8979;236
9039;236
9095;236
9157;236
9223;236
9286;236
9345;236
9403;236
9470;236
9536;236
9601;238
9666;238
9723;238
9790;238
9846;238
9912;238
9974;238
10034;238
10100;238
10157;238
10226;238
10284;238
10358;238
10417;238
10489;238
10555;238
10629;238
10699;238
10753;238
10815;238
10874;238
10959;238
11015;238
11081;238
11138;238
11203;238
11262;238
11321;238
11378;238
11460;238
11519;238
11592;238
11658;238
11715;238
11773;238
11842;238
11912;238
11969;238
12034;238
12099;238
12160;239
12220;239
12280;239
12339;239
12399;239
12456;239
12512;239
12583;239
12643;239
12710;239
12773;239
12830;239
12892;239
12949;239
13006;239
13077;239
13134;239
13193;239
13251;239
13317;239
13394;239
13466;239
13532;239
13591;239
13649;239
13713;239
13781;239
13842;239
13916;239
13986;239
14043;239
14102;239
14161;238
14226;238
14285;238
14343;238
14417;238
14485;238
14544;238
14628;238
14700;238
14757;238
14819;238
14876;238
14939;238
14995;238
15062;238
15119;238
15207;238
15264;238
15324;238
15382;238
15456;238
15515;238
15573;238
15638;238
15695;238
15758;238
15823;238
15880;238
15941;238
15998;238
16057;238
16113;238
16174;238
16248;238
16304;238
16366;238
16433;237
16505;237
16562;237
16636;237
16700;237
16754;237
16811;237
16868;237
16928;237
16996;237
17056;237
17116;237
17191;237
17251;237
17310;237
17370;237
17427;237
17494;237
17576;237
17641;238
17697;238
17766;238
17825;238
17891;238
17951;238
18011;238
18068;238
18140;238
18232;238
18293;238
18357;238
18410;238
18469;238
18529;238
18590;238
18650;238
18718;238
18781;238
18852;238
18942;238
19022;238
19092;238
19150;238
19212;238
19270;238
19330;238
19393;238
19451;238
19510;238
19567;238
19624;238
19690;238
19748;238
19807;238
19873;238
19929;238
19998;238
20060;238
20117;238
20176;238
20236;238
20295;238
20352;238
20419;238
20477;238
20537;238
20608;238
20680;238
20736;238
20798;238
20855;238
20913;238
20971;237
21030;237
21090;237
21152;237
21219;237
21299;236
21357;236
21414;236
21471;236
21531;236
21589;236
21655;236
21712;236
21777;236
21839;236
21894;236
21953;236
22012;236
22070;236
22127;236
22201;236
22259;236
22318;236
22385;236
22446;236
22501;236
22558;236
22614;236
22678;236
22737;236
22795;236
22854;236
22916;236
22988;236
23045;236
23104;236
23164;236
23221;236
23277;236
23335;236
23394;236
23451;236
23515;236
23579;236
23644;236
23717;236
23776;236
23835;236
23895;236
23954;236
24011;236
24071;236
24128;236
24193;236
24276;236
24335;236
24392;236
24449;236
24515;236
24574;236
24634;236
24697;236
24817;236
24899;237
24984;237
25106;237
25164;237
25221;237
25279;237
25348;237
25419;237
25486;237
25556;237
25626;237
25683;237
25745;237
25809;237
25866;237
25927;237
25997;237
26064;237
26132;237
26191;237
26263;237
26323;237
26380;237
26437;237
26493;237
26550;237
26620;237
26682;237
26738;237
26802;237
26857;237
26921;237
26976;237
27033;237
27089;237
27146;237
27206;237
27265;237
27330;237
27400;237
27456;236
27515;236
27581;236
27656;236
27716;236
27797;236
27869;236
27943;236
28008;236
28067;236
28125;236
28181;236
28239;236
28295;236
28356;236
28423;236
28481;236
28537;236
28602;236
28663;236
28732;236
28784;236
28839;236
28909;236
28970;236
29028;236
29084;236
29140;236
29216;236
29276;236
29345;236
29405;236
29471;236
29541;236
29607;236
29677;236
29734;236
29799;236
29855;236
29920;236
29979;236
30036;236
30100;236
30162;236
30227;236
30284;236
30339;236
30398;236
30454;236
30513;236
30578;236
30636;236
30721;236
30798;236
30857;236
30916;236
30981;236
31037;236
31095;236
31152;236
31226;236
31282;236
31338;236
31417;236
31474;236
31531;236
31604;236
31663;236
31722;236
31781;236
31851;236
31910;236
31976;236
32032;236
32091;236
32161;236
32229;236
32304;236
32368;236
32442;236
32498;236
32563;236
32629;236
32687;236
32745;236
32803;236
32862;236
32922;236
32992;236
33049;236
33106;236
33176;236
33235;236
33299;236
33356;236
33412;236
33483;236
33540;236
33597;236
33671;236
33736;236
33812;236
33872;236
33931;236
33990;236
34048;236
34107;236
34165;236
34234;236
34290;236
34347;236
34411;236
34467;236
34531;236
34601;235
34657;235
34720;235
34795;235
34851;235
34907;235
34978;235
35034;235
35098;235
35155;235
35213;235
35268;235
35345;235
35403;235
35467;235
35525;235
35595;235
35650;235
35713;235
35768;235
35823;235
35889;237
35948;237
36007;237
36068;237
36126;237
36191;237
36249;237
36326;237
36384;237
36440;237
36504;237
36564;237
36635;237
36693;237
36759;237
36818;238
36910;238
36965;238
37021;238
37078;238
37137;237
37196;237
37262;237
37328;237
37392;237
37456;237
37510;237
37570;237
37626;237
37691;237
37747;237
37813;237
37869;237
37929;237
37995;237
38050;237
38106;237
38165;237
38224;237
38305;237
38381;237
38468;237
38524;237
38588;237
38652;237
38708;237
38767;237
38824;237
38889;237
38948;237
39014;237
39084;237
39149;237
39217;237
39273;237
39342;237
39404;237
39466;237
39521;237
39579;237
39635;237
39694;237
39751;237
39819;237
39877;237
39943;237
40007;237
40063;237
40122;237
40181;237
40251;237
40327;237
40384;237
40439;237
40497;237
40562;237
40618;237
40687;237
40748;236
40810;236
40876;236
40933;236
40997;236
41063;236
41133;236
41190;236
41255;236
41310;236
41367;236
41443;236
41528;236
41589;236
41645;236
41706;237
41768;237
41827;237
41898;237
41963;237
42027;237
42100;237
42160;237
42227;237
42284;237
42340;237
42410;237
42468;237
42533;237
42601;237
42666;237
42721;237
42786;237
42842;237
42900;237
42974;237
43049;237
43108;237
43164;237
43228;237
43288;237
43344;237
43405;237
43469;237
43543;237
43598;237
43656;237
43714;237
43776;237
43834;237
43904;237
43965;237
44022;237
44079;237
44144;237
44200;237
44258;237
44315;236
44371;236
44430;236
44486;236
44548;236
44630;236
44695;236
44772;236
44827;236
44882;236
44939;236
44997;236
45072;236
45129;236
45200;236
45256;236
45312;236
45368;236
45427;236
45491;236
45545;236
45618;236
45673;236
45744;236
45813;236
45868;236
45924;236
45983;236
46042;236
46130;236
46195;236
46260;236
46324;236
46396;236
46455;236
46516;236
46575;236
46631;236
46694;236
46751;236
46809;235
46867;235
46925;235
46990;235
47046;235
47111;235
47169;235
47228;235
47292;235
47358;234
47414;234
47472;234
47532;234
47600;234
47671;234
47726;234
47791;234
47849;234
47907;234
47963;234
48021;234
48087;234
48154;234
48214;234
48270;234
48328;234
48409;234
48457;234
48511;234
48577;234
48658;234
48714;234
48780;234
48845;234
48903;234
48959;234
49033;234
49089;234
49145;234
49203;234
49262;234
49317;234
49380;234
49444;234
49500;234
49556;234
49612;234
49670;234
49729;234
49794;234
49858;234
49914;234
49981;234
50035;234
50093;234
50149;234
50213;234
50268;234
50327;234
50409;234
50466;234
50525;234
50586;234
50642;234
50703;234
50764;234
50825;234
50880;234
50944;234
51002;234
51061;234
51119;234
51197;234
51254;234
51310;235
51378;235
51431;235
51494;235
51552;235
51608;235
51664;235
51721;235
51785;235
51855;235
51912;235
51972;235
52044;235
52098;235
52155;235
52211;235
52272;235
52328;235
52393;235
52457;235
52530;235
52589;235
52671;235
52729;235
52803;235
52870;235
52924;235
52986;235
53041;235
53100;235
53156;235
53220;235
53278;235
53335;235
53390;235
53448;235
53518;235
53588;235
53653;235
53722;235
53782;235
53865;238
53928;238
53998;238
54054;238
54120;238
54184;239
54247;239
54304;239
54360;239
54428;239
54511;239
54625;239
54705;239
54801;239
54898;239
54977;239
55082;239
55183;239
55246;239
55347;239
55403;239
55463;239
55518;239
55584;238
55640;238
55697;238
55755;238
55814;238
55873;238
55933;238
56004;238
56062;238
56144;238
56235;238
56367;238
56481;238
56564;238
56646;238
56717;238
56779;238
56841;238
56915;238
56979;238
57036;238
57095;238
57153;238
57221;238
57278;238
57343;238
57400;235
57482;235
57560;235
57647;235
57702;235
57761;235
57817;235
57882;235
57938;235
58002;235
58068;236
58127;236
58185;236
58250;236
58309;236
58380;236
58454;236
58512;236
58570;236
58629;236
58688;236
58744;236
58827;236
58908;236
58971;236
59031;236
59090;236
59146;236
59206;236
59275;236
59340;236
59410;236
59468;236
59528;236
59587;236
59644;236
59703;236
59762;236
59826;236
59882;236
59958;236
60022;236
60086;236
60162;236
60265;236
60398;236
60488;236
60560;236
60630;236
60694;236
60751;236
60829;236
60906;236
60962;236
61018;236
61074;236
61130;236
61211;236
61301;236
61405;236
61480;236
61547;236
61607;236
61673;236
61736;236
61796;236
61852;236
61917;236
61977;236
62050;236
62107;236
62179;236
62263;236
62330;236
62428;236
62493;236
62553;236
62619;236
62693;236
62771;236
62825;236
62884;236
62940;236
62998;236
63056;236
63137;236
63219;236
63287;236
63369;236
63437;236
63576;236
63662;236
63731;236
63795;236
63855;236
63912;236
63978;236
64035;236
64102;236
64168;236
64229;236
64304;236
64377;236
64438;236
64504;236
64578;236
64645;236
64703;236
64762;236
64823;236
64892;235
64955;235
65026;235
65101;235
65160;235
65218;235
65283;235
65344;235
65412;235
65479;235
65536;235
65595;235
65655;235
65714;235
65772;235
65837;235
65893;235
65958;235
66023;235
66090;235
66161;235
66226;235
66282;235
66338;235
66401;235
66455;235
66518;235
66574;235
66645;235
66704;235
66762;235
66827;235
66887;235
66944;235
67001;235
67057;235
67139;235
67204;235
67263;235
67320;235
67377;235
67444;235
67493;235
67542;235
67608;235
67669;235
67728;235
67797;235
67853;235
67935;235
67995;235
68077;235
68136;235
68194;235
68250;235
68308;235
68361;235
68429;235
68486;235
68542;235
68602;235
68667;235
68722;235
68790;235
68854;235
68914;235
68972;235
69036;235
69095;235
69165;235
69230;235
69288;235
69359;235
69421;235
69480;235
69545;235
69601;235
69657;235
69714;235
69798;235
69863;235
69934;235
69993;235
70059;235
70127;236
70214;236
70313;236
70376;236
70453;236
70539;236
70619;236
70678;236
70752;236
70818;236
70900;236
70962;236
71026;236
71084;236
71160;236
71289;236
71406;236
71469;236
71527;236
71587;236
71652;236
71712;236
71773;236
71829;236
71887;236
71952;236
72011;236
72076;236
72135;236
72195;236
72251;236
72316;236
72371;236
72430;236
72487;236
72555;236
72613;236
72674;236
72742;236
72803;236
72859;236
72930;236
72986;236
73050;236
73106;236
73164;236
73222;236
73287;236
73352;236
73417;236
73476;236
73547;236
73604;236
73665;236
73722;236
73782;236
73840;236
73899;236
73959;236
74025;236
74098;236
74155;236
74214;236
74271;236
74342;236
74403;236
74461;236
74518;236
74594;236
74659;236
74715;236
74776;236
74834;236
74904;236
74994;236
75067;236
75132;236
75188;236
75244;236
75303;236
75372;236
75431;236
75497;236
75562;236
75621;236
75685;236
75753;236
75810;236
75866;236
75926;236
75992;236
76051;236
76120;236
76178;236
76243;236
76299;236
76367;236
76422;236
76477;236
76533;236
76603;236
76662;236
76719;236
76802;236
76862;236
76994;236
77052;236
77108;236
77173;236
77239;236
77298;236
77355;236
77412;236
77469;236
77539;236
77597;236
77653;236
77712;236
77771;236
77828;236
77898;236
77988;236
78110;236
78197;236
78276;236
78345;236
78404;236
78504;236
78612;236
78706;236
78823;236
78945;236
79032;236
79096;237
79152;237
79218;237
79277;237
79335;237
79397;237
79455;237
79511;237
79570;237
79626;237
79682;237
79743;237
79800;237
79858;237
79919;237
79995;237
80048;237
80106;237
80162;237
80220;237
80278;237
80352;236
80452;236
80594;236
80682;236
80772;236
80883;236
80970;236
81040;236
81099;236
81158;236
81223;236
81305;236
81362;236
81421;236
81480;236
81536;236
81602;236
81673;236
81739;236
81818;236
81875;236
81931;236
81996;236
82054;236
82111;236
82167;236
82226;236
82281;236
82352;236
82421;236
82480;236
82536;236
82595;236
82669;236
82742;236
82807;236
82863;236
82931;236
83018;236
83078;236
83133;236
83192;235
83250;235
83306;235
83362;235
83418;235
83475;235
83534;235
83592;235
83651;235
83710;235
83768;235
83832;235
83889;235
83946;235
84003;235
84062;235
84121;235
84186;235
84250;235
84305;235
84370;235
84429;235
84488;235
84545;235
84611;235
84667;235
84779;235
84882;235
84946;235
85063;235
85117;235
85173;235
85228;235
85284;235
85346;235
85402;235
85483;235
85542;235
85598;235
85656;235
85712;235
85768;235
85827;235
85886;235
85965;235
86040;235
86098;235
86162;235
86218;235
86274;235
86331;235
86396;235
86454;235
86513;235
86571;235
86627;235
86683;235
86756;235
86815;235
86879;235
86935;235
86994;235
87054;235
87119;235
87180;235
87243;235
87296;235
87351;235
87414;235
87472;235
87533;235
87592;235
87648;235
87708;235
87763;235
87827;235
87892;235
87950;235
88014;235
88072;235
88130;235
88195;235
88253;235
88316;235
88372;235
88444;235
88504;235
88568;235
88626;235
88682;235
88741;235
88805;235
88866;235
88924;235
88988;235
89058;235
89116;235
89175;235
89240;235
89299;235
89356;235
89411;235
89480;235
89550;235
89624;235
89680;235
89736;235
89792;235
89848;235
89904;235
89968;235
90025;235
90083;235
90139;235
90195;235
90259;235
90315;235
90383;235
90439;235
90497;235
90562;235
90630;235
90687;235
90744;235
90803;235
90861;235
90917;235
90973;235
91034;235
91105;235
91169;235
91228;235
91299;235
91355;235
91419;235
91484;235
91542;235
91602;235
91660;235
91716;235
91781;235
91840;235
91896;235
91961;235
92026;235
92082;235
92154;235
92217;235
92272;235
92332;235
92391;235
92456;235
92513;235
92568;235
92626;235
92684;235
92742;235
92811;235
92877;235
92936;235
93008;235
93097;235
93154;235
93234;235
93291;235
93357;235
93415;235
93479;235
93535;235
93594;235
93671;235
93727;235
93786;235
93842;235
93900;235
93954;235
94035;235
94091;235
94147;235
94205;235
94274;235
94330;235
94386;235
94442;235
94501;235
94558;235
94613;235
94673;235
94754;235
94813;235
94871;235
94927;235
94991;235
95061;235
95118;235
95187;235
95245;235
95299;235
95359;235
95427;235
95489;235
95559;235
95618;235
95673;235
95738;235
95796;235
95853;235
95910;235
95984;235
96040;235
96098;235
96168;235
96231;235
96288;235
96345;235
96403;235
96461;235
96525;235
96581;235
96640;235
96698;235
96764;235
96831;235
96885;235
96949;235
97017;235
97078;235
97134;235
97198;235
97254;235
97314;235
97370;235
97434;235
97500;235
97554;235
97609;235
97665;235
97738;235
97802;235
97857;235
97913;235
97975;235
98040;235
98099;235
98156;235
98214;235
98271;235
98330;235
98388;235
98446;235
98505;235
98563;235
98619;235
98677;235
98733;235
98793;235
98851;235
98914;235
98979;235
99049;235
99108;235
99173;235
99252;235
99307;235
99362;235
99419;235
99485;235
99541;235
99624;235
99680;235
99753;235
99825;235
99881;235
99938;235
100002;235
100061;235
100126;235
100184;235
100248;235
100304;235
100361;235
100432;235
100487;235
100545;235
100601;235
100659;235
100715;235
100771;235
100830;235
100887;235
100942;235
101001;235
101057;235
101125;235
101190;235
101246;235
101330;235
101387;235
101450;235
101509;235
101568;235
101626;235
101684;235
101749;235
101814;235
101875;235
101943;235
102002;235
102058;235
102127;235
102180;235
102245;235
102304;235
102358;235
102415;235
102473;235
102562;235
102614;235
102671;235
102729;235
102785;235
102844;235
102900;235
102965;235
103023;235
103081;235
103139;235
103194;235
103267;235
103322;235
103386;235
103442;235
103500;235
103564;235
103620;235
103678;235
103741;235
103806;235
103864;235
103920;235
103976;235
104031;235
104097;235
104157;235
104219;235
104275;235
104334;235
104401;235
104456;235
104513;235
104577;235
104642;235
104698;235
104756;235
104821;235
104877;235
104938;235
104993;235
105051;235
105113;235
105172;235
105235;235
105293;235
105357;235
105426;235
105482;235
105539;235
105602;235
105650;235
105705;235
105763;235
105828;235
105894;235
105951;235
106024;235
106080;235
106146;235
106201;235
106265;235
