256;85
406;85
494;85
603;85
689;85
759;85
846;85
950;85
1035;85
1102;85
1174;85
1244;85
1318;85
1400;85
1465;85
1537;85
1626;85
1693;85
1770;85
1856;85
1943;85
2033;85
2130;85
2220;85
2291;85
2364;85
2434;85
2500;85
2574;85
2650;85
2716;85
2797;85
2883;85
2965;85
3035;85
3095;85
3153;85
3211;85
3273;85
3332;85
3391;85
3453;85
3512;85
3585;85
3681;85
3761;85
3845;85
3932;85
4015;85
4098;85
4176;85
4256;85
4355;85
4410;85
4467;85
4525;85
4582;85
4641;85
4699;85
4759;85
4816;85
4874;83
4933;83
4990;83
5050;83
5107;83
5165;83
5224;83
5283;83
5341;83
5402;83
5467;83
5537;83
5594;83
5654;83
5721;83
5788;83
5852;83
5910;83
5971;83
6031;83
6088;83
6153;83
6213;83
6272;83
6361;83
6423;83
6480;83
6538;83
6604;83
6662;83
6722;83
6781;83
6857;83
6935;83
7015;83
7093;83
7172;83
7243;83
7301;83
7360;83
7417;83
7475;83
7532;83
7593;83
7653;83
7712;83
7771;83
7830;83
7890;83
7950;83
8009;83
8068;83
8128;83
8187;83
8252;83
8319;83
8405;83
8465;83
8525;83
8583;83
8644;83
8702;83
8773;83
8829;83
8891;83
8952;83
9012;83
9072;83
9133;83
9193;83
9255;83
9313;83
9372;83
9431;83
9495;83
9555;83
9617;83
9676;83
9733;83
9794;83
9851;83
9910;83
9973;83
10035;83
10096;83
10154;83
10212;83
10272;83
10333;83
10393;83
10454;83
10512;83
10576;83
10635;83
10696;83
10758;83
10818;83
10876;83
10936;83
10998;83
11060;83
11119;83
11179;83
11240;83
11302;83
11364;78
11424;78
11482;78
11544;78
11609;78
11670;78
11730;78
11795;78
11871;78
11928;78
11989;78
12048;78
12108;78
12169;78
12235;78
12296;78
12358;78
12419;78
12480;78
12541;78
12606;78
12668;78
12730;78
12789;78
12851;78
12913;78
12972;78
13032;78
13101;78
13163;78
13222;78
13283;78
13343;78
13403;78
13466;78
13528;78
13588;78
13649;78
13708;78
13773;78
13831;78
13897;80
13957;80
14017;80
14076;80
14137;80
14197;80
14257;80
14316;80
14382;80
14443;80
14504;78
14566;78
14630;78
14688;78
14748;78
14808;78
14868;78
14934;78
14991;78
15051;78
15113;78
15173;78
15234;78
15296;78
15359;78
15420;78
15484;78
15544;78
15606;78
15667;78
15726;78
15787;78
15851;78
15909;78
15970;78
16031;78
16092;78
16154;78
16213;78
16274;78
16338;78
16400;78
16458;78
16519;78
16577;78
16637;78
16697;78
16757;78
16819;78
16879;78
16938;78
16999;78
17061;78
17120;78
17181;78
17242;78
17303;78
17362;78
17423;78
17482;78
17543;78
17602;78
17671;78
17732;78
17791;78
17850;78
17911;78
17973;78
18034;78
18093;78
18154;78
18212;78
18271;78
18330;78
18392;78
18455;78
18519;78
18580;78
18641;78
18700;78
18762;78
18821;78
18882;78
18947;78
19005;78
19063;78
19122;78
19185;78
19247;78
19308;78
19373;78
19436;78
19495;78
19556;78
19615;78
19676;78
19738;78
19799;78
19861;78
19921;78
19982;78
20043;78
20104;78
20167;78
20228;78
20287;78
20346;78
20416;78
20474;78
20537;78
20596;78
20659;78
20723;78
20784;78
20842;78
20904;78
20964;78
21023;78
21086;78
21144;78
21205;78
21271;78
21334;78
21392;78
21449;78
21507;78
21567;78
21636;83
21695;83
21755;83
21814;83
21874;83
21932;83
21991;83
22052;83
22110;83
22172;83
22233;83
22296;83
22354;83
22426;83
22486;83
22543;83
22601;83
22663;83
22723;83
22783;83
22840;83
22898;83
22957;83
23014;83
23074;83
23133;83
23192;83
23250;83
23310;83
23368;83
23426;83
23484;83
23542;83
23599;83
23655;83
23714;83
23772;83
23833;83
23892;83
23959;83
24020;83
24078;83
24138;83
24198;83
24256;83
24316;83
24375;83
24445;83
24504;83
24564;83
24623;83
24683;83
24742;83
24804;83
24861;83
24920;83
24977;83
25041;83
25099;83
25162;83
25222;83
25281;83
25345;85
25409;85
25465;85
25523;85
25584;85
25643;85
25701;85
25760;85
25820;85
25878;85
25936;85
25995;85
26054;85
26118;85
26178;85
26238;85
26302;85
26357;85
26428;85
26502;85
26559;85
26621;85
26680;83
26737;83
26795;83
26855;83
26915;83
26973;83
27031;83
27094;83
27161;83
27216;83
27281;83
27343;83
27402;83
27460;83
27518;83
27576;83
27642;83
27701;83
27771;83
27829;83
27887;83
27957;83
28019;83
28075;83
28132;83
28189;83
28245;83
28304;83
28361;83
28430;83
28511;83
28568;83
28626;83
28682;83
28739;83
28804;83
28862;83
28919;83
28978;83
29036;83
29093;83
29153;83
29211;83
29271;83
29337;83
29395;83
29453;83
29511;83
29583;81
29639;81
29696;81
29754;81
29810;81
29870;81
29929;81
29991;81
30051;81
30110;81
30167;81
30235;81
30290;81
30353;78
30415;78
30501;78
30561;78
30623;78
30682;78
30741;78
30798;78
30857;78
30913;78
30976;78
31032;78
31090;78
31148;78
31204;78
31268;78
31324;78
31387;78
31448;78
31506;78
31564;78
31631;78
31693;78
31751;78
31808;78
31864;78
31922;78
31982;78
32039;78
32098;78
32156;78
32213;78
32272;78
32329;78
32396;78
32455;78
32534;78
32591;78
32648;78
32709;78
32770;78
32829;78
32888;78
32945;78
33004;78
33063;78
33120;78
33178;78
33238;79
33296;79
33355;79
33423;79
33477;79
33532;79
33590;79
33652;79
33709;79
33766;79
33826;79
33883;79
33940;79
33996;79
34053;79
34110;79
34166;79
34224;79
34280;79
34339;79
34397;79
34455;79
34543;79
34602;79
34680;79
34755;79
34824;79
34906;79
34963;79
35020;79
35080;79
35136;79
35196;79
35254;79
35311;79
35367;79
35426;79
35484;79
35541;79
35601;79
35661;79
35731;79
35789;79
35849;79
35907;79
35978;79
36034;79
36096;79
36152;79
36209;79
36266;79
36323;79
36381;79
36440;79
36520;79
36595;79
36654;79
36712;79
36773;79
36829;79
36885;79
36942;79
37000;79
37060;79
37117;79
37175;79
37231;79
37309;79
37411;79
37497;79
37555;79
37616;79
37675;79
37733;79
37794;79
37851;79
37909;79
37965;79
38022;79
38081;79
38139;79
38195;79
38250;79
38313;79
38369;79
38425;79
38486;79
38593;79
38678;79
38743;79
38828;79
38910;79
38968;79
39027;79
39085;79
39148;79
39207;79
39267;79
39324;79
39382;79
39441;79
39503;79
39558;79
39617;79
39675;79
39734;79
39791;79
39850;79
39909;79
39967;79
40024;79
40081;79
40138;78
40197;78
40254;78
40316;78
40374;78
40432;78
40495;78
40581;78
40649;78
40711;79
40771;79
40826;79
40886;79
40944;79
41001;79
41058;78
41115;78
41172;78
41228;78
41286;78
41346;78
41406;78
41466;78
41523;78
41581;78
41641;78
41697;78
41755;78
41813;78
41875;78
41934;78
41992;78
42049;78
42110;78
42170;78
42228;78
42287;78
42351;78
42406;78
42463;78
42518;78
42605;78
42667;78
42728;78
42785;78
42845;78
42906;78
42963;78
43019;78
43076;78
43135;78
43193;78
43254;78
43311;78
43369;78
43425;78
43482;78
43538;78
43596;78
43657;78
43719;78
43778;78
43839;78
43896;78
43955;78
44011;78
44070;78
44126;78
44185;78
44243;78
44299;78
44355;78
44413;78
44471;78
44529;78
44617;78
44675;78
44734;78
44793;78
44864;78
44923;78
44983;78
45041;78
45098;78
45164;78
45228;78
45287;78
45345;78
45402;78
45460;78
45522;78
45581;78
45646;78
45703;78
45759;78
45815;78
45873;78
45931;78
45987;78
46044;78
46100;78
46159;78
46215;78
46272;78
46336;78
46394;78
46452;78
46514;78
46587;78
46667;78
46729;78
46790;78
46848;78
46906;78
46963;78
47028;78
47081;78
47139;78
47194;78
47253;78
47309;78
47366;78
47423;78
47482;78
47539;78
47600;78
47657;78
47719;78
47779;78
47835;78
47890;78
47947;78
48002;78
48062;78
48123;78
48181;78
48241;78
48324;78
48378;78
48436;78
48492;78
48551;78
48641;78
48699;78
48757;78
48816;78
48872;78
48928;78
48984;78
49041;78
49104;78
49168;78
49226;78
49290;78
49348;78
49408;78
49466;78
49523;78
49579;78
49637;78
49695;78
49754;78
49815;78
49875;78
49933;78
49991;78
50052;78
50110;78
50167;78
50225;78
50283;78
50340;78
50399;78
50458;78
50515;78
50576;78
50637;78
50695;78
50753;78
50811;78
50870;78
50930;78
50986;78
51043;78
51117;78
51170;78
51230;78
51288;78
51346;78
51406;78
51464;78
51521;78
51579;78
51641;78
51703;78
51765;78
51824;78
51886;78
51942;78
52000;78
52057;78
52115;78
52173;78
52241;78
52298;78
52353;78
52409;78
52472;78
52530;78
52590;78
52659;78
52718;78
52795;78
52860;78
52919;78
52977;78
53038;78
53094;78
53156;80
53212;80
53271;80
53339;80
53395;80
53452;80
53509;80
53567;80
53628;80
53685;80
53746;80
53811;78
53867;78
53923;78
53979;78
54035;78
54093;78
54151;78
54207;78
54264;78
54331;78
54390;78
54451;78
54509;78
54567;78
54629;78
54689;78
54748;78
54806;78
54863;78
54923;78
54980;78
55037;78
55103;78
55162;78
55219;78
55275;78
55334;78
55394;78
55452;78
55508;78
55565;78
55624;78
55682;78
55742;78
55800;78
55857;78
55915;78
55993;78
56050;78
56107;78
56169;78
56231;78
56291;78
56350;78
56408;78
56468;78
56528;78
56590;78
56650;78
56710;78
56767;78
56823;78
56881;78
56939;78
56998;78
57055;78
57119;78
57175;78
57232;78
57293;78
57349;78
57410;78
57467;78
57528;78
57585;78
57644;78
57710;83
57772;83
57830;83
57888;83
57950;83
58004;83
58068;83
58126;83
58183;83
58242;83
58300;83
58357;83
58418;83
58476;83
58534;83
58593;83
58654;83
58723;83
58786;83
58843;83
58900;83
58958;83
59015;83
59077;83
59143;83
59203;83
59261;83
59318;83
59379;83
59438;83
59495;83
59557;83
59622;83
59682;83
59742;83
59803;83
59860;83
59920;83
59979;83
60043;83
60106;83
60166;83
60227;83
60291;83
60347;83
60417;83
60475;83
60536;83
60610;83
60687;83
60756;83
60812;83
60870;83
60936;83
60993;83
61052;83
61108;83
61166;83
61224;83
61288;83
61344;83
61400;83
61462;83
61523;83
61582;83
61642;83
61706;83
61762;83
61821;83
61880;83
61936;83
61994;83
62051;83
62113;83
62174;83
62231;83
62288;83
62348;83
62405;83
62462;83
62522;83
62582;83
62642;83
62705;83
62773;83
62831;83
62892;83
62955;83
63014;83
63070;83
63129;83
63186;83
63243;83
63303;83
63363;83
63420;83
63479;83
63542;83
63599;83
63660;83
63718;83
63776;83
63841;83
63899;83
63964;83
64034;83
64097;83
64152;83
64210;83
64266;83
64324;83
64383;83
64442;83
64501;83
64560;83
64633;83
64693;83
64754;83
64811;83
64869;83
64927;83
64986;83
65045;83
65103;83
65171;83
65227;83
65284;83
65343;83
65401;83
65457;83
65523;83
65581;83
65645;83
65703;83
65764;83
65822;83
65887;83
65943;83
66001;83
66061;83
66118;83
66177;83
66237;83
66294;83
66351;83
66410;83
66468;83
66537;83
66596;83
66655;83
66718;83
66786;83
66842;83
66899;83
66960;83
67016;83
67074;83
67135;83
67197;83
67256;83
67318;83
67374;83
67432;83
67488;83
67550;83
67612;83
67669;83
67729;83
67786;83
67846;83
67902;83
67961;83
68019;83
68079;83
68135;83
68198;83
68259;83
68321;83
68377;83
68433;83
68490;83
68548;83
68607;83
68665;83
68728;83
68791;83
68846;83
68903;83
68959;83
69018;83
69078;83
69136;83
69212;83
69264;83
69321;83
69378;83
69436;83
69494;83
69550;83
69608;83
69666;83
69723;83
69797;83
69854;83
69913;83
69972;83
70029;83
70090;83
70149;83
70207;83
70264;83
70330;83
70387;83
70446;83
70503;83
70561;83
70625;83
70684;83
70746;83
70804;83
70862;83
70919;83
70985;83
71043;83
71104;83
71165;83
71227;83
71283;83
71343;83
71401;83
71457;83
71514;83
71571;83
71632;83
71689;83
71749;83
71807;83
71866;83
71924;83
71983;83
72052;83
72108;83
72166;83
72225;83
72284;83
72341;83
72400;83
72457;83
72521;83
72579;83
72638;83
72696;83
72757;83
72817;83
72875;83
72944;83
73017;83
73073;83
73133;83
73190;83
73251;83
73314;83
73369;83
73428;83
73484;83
73543;83
73601;83
73669;83
73727;83
73785;83
73844;83
73900;83
73963;83
74019;83
74079;83
74136;83
74194;83
74251;83
74310;83
74371;83
74430;83
74488;83
74549;83
74609;83
74676;83
74737;83
74799;83
74860;83
74931;83
75010;83
75090;83
75158;83
75215;83
75273;83
75331;83
75388;83
75444;83
75502;83
75559;83
75617;83
75675;83
75733;83
75791;83
75848;83
75911;83
75970;83
76027;83
76084;83
76142;83
76203;83
76270;83
76327;83
76386;83
76444;83
76501;83
76560;83
76620;83
76678;83
76740;83
76809;83
76867;83
76925;83
76983;83
77042;83
77108;83
77165;83
77225;83
77282;83
77345;83
77401;83
77468;83
77525;83
77595;83
77661;83
77720;83
77777;83
77834;83
77892;83
77959;83
78018;83
78076;83
78135;83
78194;83
78252;83
78314;83
78382;83
78442;83
78500;83
78557;83
78619;84
78681;84
78739;84
78800;84
78857;84
78924;84
78984;84
79041;83
79101;83
79168;83
79226;83
79284;83
79351;83
79408;83
79464;83
79520;83
79579;83
79643;83
79707;83
79765;83
79822;83
79882;81
79941;81
79999;81
80057;81
80115;81
80176;81
80232;81
80298;81
80355;81
80413;81
80477;81
80536;81
80598;81
80664;81
80723;81
80798;81
80864;81
80922;81
80979;81
81037;81
81097;81
81155;81
81224;81
81284;81
81343;81
81400;81
81457;81
81515;81
81575;78
81632;78
81691;78
81748;78
81805;78
81871;78
81932;78
81995;78
82064;78
82119;78
82180;78
82239;78
82300;78
82359;78
82418;78
82475;78
82534;78
82594;78
82654;78
82718;78
82783;78
82863;78
82930;78
82989;78
83050;78
83108;78
83166;78
83224;78
83281;78
83342;78
83401;78
83460;78
83520;78
83596;78
83655;78
83722;78
83779;78
83838;78
83894;78
83956;78
84012;78
84070;78
84127;78
84184;78
84242;78
84302;78
84366;78
84446;78
84500;78
84557;78
84625;78
84683;78
84742;78
84811;78
84889;78
84946;78
85002;78
85062;78
85121;78
85188;78
85246;78
85303;78
85381;78
85437;78
85494;78
85550;78
85609;78
85668;78
85730;78
85786;78
85845;78
85901;78
85961;78
86020;78
86078;78
86140;78
86199;78
86256;78
86313;78
86369;78
86447;78
86501;78
86562;78
86628;78
86688;78
86746;78
86809;78
86891;78
86947;78
87005;78
87062;78
87120;78
87182;78
87242;78
87301;78
87365;78
87426;78
87484;78
87541;78
87608;78
87691;78
87769;78
87828;78
87884;78
87942;78
87998;78
88062;78
88124;78
88183;78
88240;78
88297;78
88355;78
88411;78
88472;78
88531;78
88591;78
88649;78
88711;78
88767;78
88833;78
88913;78
88971;78
89028;78
89090;78
89148;78
89204;78
89260;78
89317;78
89375;78
89433;78
89492;78
89549;78
89609;78
89668;78
89729;78
89788;78
89849;78
89906;78
89964;78
90021;78
90079;78
90137;78
90196;78
90255;78
90313;78
90382;78
90437;78
90495;78
90552;78
90613;78
90670;78
90730;78
90788;78
90855;78
90932;78
90989;78
91048;78
91109;78
91168;78
91230;78
91288;78
91346;78
91411;78
91469;78
91525;78
91584;78
91643;78
91712;78
91791;78
91870;78
91973;78
92028;78
92084;78
92145;78
92204;78
92261;78
92323;78
92380;78
92436;78
92492;78
92551;78
92612;78
92670;78
92730;78
92789;78
92853;78
92935;78
92992;78
93050;78
93106;78
93164;78
93223;78
93289;78
93349;78
93407;78
93465;78
93524;78
93581;78
93640;78
93699;78
93757;78
93814;78
93874;78
93935;78
94000;78
94060;78
94118;78
94176;78
94235;78
94296;78
94355;78
94412;78
94468;78
94525;78
94585;78
94683;78
94752;78
94865;78
94971;78
95029;78
95096;78
95152;78
95211;78
95270;78
95327;78
95384;78
95441;78
95499;78
95557;78
95620;78
95677;78
95734;78
95795;78
95853;78
95910;78
95966;78
96032;78
96089;78
96147;78
96203;78
96262;78
96321;78
96380;78
96444;78
96499;78
96557;78
96615;78
96673;78
96731;78
96788;78
96849;78
96911;78
96969;78
97027;78
97084;78
97141;78
97200;78
97261;78
97321;78
97382;78
97439;78
97497;78
97554;78
97621;78
97680;78
97743;78
97799;78
97854;78
97910;78
97969;78
98025;78
98084;78
98142;78
98206;78
98261;78
98318;78
98379;78
98439;78
98533;78
98629;78
98696;78
98768;78
98873;78
98934;78
98990;78
99047;78
99109;78
99167;78
99223;78
99278;78
99336;78
99399;78
99488;78
99576;78
99638;78
99696;78
99757;78
99814;78
99874;78
99941;78
100001;78
100067;78
100124;78
100182;78
100247;78
100314;78
100379;78
100441;78
100529;78
100595;78
100658;78
100717;78
100780;78
100839;78
100897;78
100961;78
101027;78
101089;78
101151;78
101251;78
101340;78
101404;78
101462;78
101521;78
101583;78
101649;78
101706;78
101764;78
101821;78
101878;78
101942;78
