173;83
312;83
406;83
498;83
588;83
668;83
751;83
840;83
936;83
1005;83
1084;83
1149;83
1217;83
1301;83
1365;83
1432;83
1501;83
1568;83
1646;83
1733;83
1824;84
1911;84
1999;84
2092;84
2159;84
2227;84
2292;84
2359;84
2425;84
2493;84
2559;84
2626;84
2696;84
2773;84
2834;84
2899;84
2961;84
3020;84
3083;84
3142;84
3202;84
3263;84
3323;84
3388;84
3467;84
3549;84
3628;84
3713;84
3792;84
3873;84
3954;84
4035;84
4129;84
4185;84
4245;84
4307;84
4364;83
4420;83
4477;83
4539;83
4595;83
4654;83
4721;83
4781;83
4842;83
4897;83
4953;83
5008;83
5064;83
5122;83
5179;83
5238;83
5306;83
5367;83
5424;83
5481;83
5540;83
5597;83
5654;83
5713;83
5774;83
5834;83
5892;83
5952;83
6011;83
6069;83
6132;83
6196;83
6278;83
6336;83
6390;83
6449;83
6505;83
6579;83
6663;83
6741;83
6822;83
6899;83
6962;83
7019;83
7078;83
7134;83
7192;83
7249;83
7307;83
7364;83
7427;81
7487;81
7543;81
7599;81
7655;81
7713;81
7769;81
7842;81
7902;81
7959;81
8028;81
8085;81
8144;81
8200;81
8283;81
8340;81
8397;81
8459;81
8515;81
8573;81
8631;81
8692;81
8752;81
8812;81
8870;81
8932;81
8989;81
9046;81
9106;81
9164;81
9223;81
9281;81
9339;81
9412;81
9471;82
9526;82
9585;82
9643;82
9701;82
9757;82
9815;79
9872;79
9948;79
10002;79
10056;79
10113;79
10167;79
10223;79
10282;79
10338;79
10396;79
10455;79
10515;79
10571;79
10630;79
10687;79
10743;79
10799;79
10855;79
10929;79
10990;79
11046;79
11102;79
11157;79
11212;79
11267;79
11322;79
11380;79
11441;79
11496;79
11553;79
11610;79
11668;79
11724;79
11781;79
11839;79
11897;79
11954;79
12015;79
12072;79
12126;79
12182;79
12237;79
12296;79
12351;79
12410;79
12483;79
12542;79
12598;79
12654;79
12709;79
12767;79
12824;79
12887;79
12943;79
12999;79
13058;79
13114;79
13171;79
13238;84
13297;84
13354;84
13411;84
13467;84
13523;84
13581;84
13638;84
13694;84
13750;84
13806;84
13863;84
13920;84
13998;84
14057;84
14112;84
14170;84
14224;84
14288;79
14347;79
14410;79
14467;79
14527;79
14583;79
14639;78
14697;78
14758;78
14818;78
14878;78
14940;78
15002;78
15061;78
15116;78
15177;78
15236;78
15291;78
15347;78
15403;78
15458;78
15526;78
15592;78
15647;78
15710;78
15765;78
15825;78
15887;78
15948;78
16007;78
16064;78
16121;78
16179;78
16237;78
16297;78
16354;78
16412;78
16468;78
16523;78
16580;78
16634;78
16689;78
16747;78
16804;78
16862;78
16923;78
16981;78
17038;78
17114;78
17173;78
17227;78
17285;78
17344;78
17400;78
17457;78
17513;78
17569;78
17633;78
17689;78
17745;78
17801;78
17863;78
17920;78
17976;78
18036;80
18093;80
18156;80
18211;80
18269;80
18331;80
18386;80
18448;80
18501;80
18557;80
18630;80
18688;80
18747;80
18803;80
18858;80
18915;80
18972;80
19029;80
19086;80
19146;80
19206;80
19264;80
19322;80
19378;80
19436;80
19495;80
19553;80
19619;80
19672;80
19727;80
19789;80
19849;80
19905;80
19969;80
20027;80
20084;80
20151;80
20222;80
20281;80
20339;80
20395;80
20455;80
20513;80
20568;80
20627;80
20683;80
20739;80
20804;80
20859;78
20916;78
20973;78
21032;78
21091;78
21148;78
21208;78
21264;78
21321;78
21379;78
21436;78
21494;78
21556;78
21612;78
21673;78
21746;78
21803;78
21858;78
21922;78
21979;78
22036;78
22093;78
22150;78
22206;78
22261;78
22320;78
22376;78
22432;78
22490;78
22545;78
22601;78
22657;78
22714;78
22770;78
22824;78
22882;78
22953;78
23006;78
23063;78
23119;78
23175;78
23252;78
23309;78
23369;78
23429;78
23487;78
23545;78
23604;78
23665;78
23721;78
23776;78
23834;78
23891;78
23947;78
24036;78
24116;78
24220;78
24277;78
24341;78
24400;78
24459;78
24515;78
24571;78
24627;78
24683;78
24740;78
24814;78
24869;78
24926;78
24983;78
25049;78
25106;78
25162;78
25218;78
25274;78
25332;78
25388;78
25445;78
25502;78
25558;78
25616;78
25672;78
25727;78
25783;78
25837;78
25893;78
25955;78
26012;78
26070;78
26125;78
26182;78
26241;78
26336;78
26444;78
26553;78
26627;78
26713;78
26769;78
26824;78
26881;78
26940;78
27004;78
27057;78
27115;78
27172;78
27235;78
27291;78
27347;78
27403;78
27461;78
27520;78
27576;78
27632;78
27687;78
27752;78
27818;78
27874;78
27929;78
27986;78
28044;78
28103;78
28161;78
28221;78
28277;78
28343;78
28420;78
28476;78
28532;78
28589;78
28650;78
28706;78
28763;78
28818;78
28876;78
28933;78
28993;78
29050;78
29109;78
29165;78
29224;78
29282;78
29341;78
29406;78
29460;78
29516;78
29570;78
29627;78
29682;78
29743;78
29799;78
29853;78
29911;78
29973;78
30029;78
30086;78
30142;78
30197;78
30254;78
30313;78
30392;78
30452;78
30507;78
30562;78
30619;78
30676;78
30732;78
30789;78
30846;78
30902;78
30960;78
31018;78
31075;78
31132;78
31188;78
31243;78
31300;78
31358;78
31416;78
31476;78
31531;78
31590;78
31647;78
31704;78
31763;78
31820;78
31880;78
31944;78
32001;78
32059;78
32121;78
32182;78
32239;78
32294;78
32354;78
32438;78
32497;78
32553;78
32610;78
32668;78
32733;78
32793;78
32850;78
32907;78
32964;78
33020;78
33076;78
33132;78
33191;78
33246;78
33307;78
33366;78
33424;78
33480;78
33538;78
33597;78
33651;78
33707;78
33765;78
33822;78
33888;78
33944;78
34005;78
34062;78
34119;78
34179;78
34237;78
34295;78
34352;78
34437;78
34493;78
34551;78
34606;78
34667;78
34732;78
34790;78
34847;78
34911;78
34966;78
35020;78
35075;78
35134;78
35191;78
35248;78
35311;78
35369;78
35427;78
35483;80
35543;80
35599;80
35659;80
35715;80
35772;80
35829;80
35890;80
35946;80
36003;80
36065;80
36121;80
36180;80
36240;80
36324;80
36408;80
36480;80
36536;80
36595;80
36651;80
36708;80
36767;80
36825;80
36888;80
36950;80
37006;80
37064;80
37123;80
37179;80
37234;80
37292;80
37347;78
37402;78
37458;78
37518;78
37578;78
37634;78
37690;78
37748;78
37805;78
37862;78
37922;78
37983;78
38039;78
38095;78
38153;78
38214;78
38267;78
38323;78
38376;78
38458;78
38516;78
38573;78
38630;78
38689;78
38746;78
38808;78
38864;78
38918;78
38977;78
39032;78
39090;78
39146;78
39204;78
39260;78
39319;78
39383;78
39440;78
39495;78
39557;78
39613;78
39672;78
39732;78
39791;78
39847;78
39907;78
39973;78
40027;78
40085;78
40147;78
40204;78
40260;78
40317;78
40373;78
40432;78
40492;78
40547;78
40602;78
40659;78
40716;78
40781;78
40836;78
40895;78
40952;78
41010;78
41064;78
41119;78
41177;78
41235;78
41292;78
41354;78
41410;78
41474;78
41527;78
41584;78
41644;78
41703;78
41758;78
41818;78
41874;78
41936;78
41990;78
42048;78
42106;78
42160;78
42217;78
42273;78
42331;78
42394;78
42456;80
42517;80
42574;80
42630;80
42688;80
42746;80
42803;80
42858;80
42921;80
42973;80
43031;80
43085;80
43143;80
43201;80
43257;80
43313;80
43369;80
43425;80
43480;80
43545;80
43598;80
43652;80
43709;80
43764;80
43827;80
43885;80
43942;80
43998;80
44054;80
44109;80
44170;80
44227;80
44284;80
44338;80
44393;80
44450;80
44514;80
44572;80
44631;80
44690;80
44757;80
44812;80
44868;80
44922;80
44979;80
45038;80
45094;80
45153;80
45212;80
45267;80
45329;80
45382;80
45439;80
45493;80
45549;80
45608;80
45666;80
45725;80
45781;80
45835;80
45898;80
45956;80
46018;80
46084;80
46140;80
46196;80
46269;80
46328;80
46395;80
46451;80
46508;80
46565;81
46623;81
46681;81
46740;81
46795;81
46850;81
46910;81
46969;81
47037;81
47093;80
47149;80
47206;80
47266;80
47324;80
47381;80
47437;80
47495;80
47551;80
47607;80
47670;80
47732;80
47798;80
47852;80
47911;80
47971;80
48029;80
48093;80
48147;80
48206;80
48263;80
48319;80
48374;80
48428;80
48514;80
48573;80
48628;80
48682;80
48739;80
48796;80
48857;80
48915;80
48971;80
49029;80
49088;80
49144;80
49201;80
49258;80
49318;80
49381;80
49438;80
49493;80
49547;80
49610;80
49666;80
49733;80
49788;80
49845;80
49905;80
49965;80
50023;80
50084;80
50149;80
50207;80
50264;80
50321;80
50378;80
50439;80
50499;80
50557;80
50613;80
50670;80
50729;80
50816;80
50874;80
50930;80
50987;80
51043;80
51101;80
51161;80
51216;80
51277;80
51334;80
51392;80
51448;80
51504;80
51559;80
51614;80
51673;80
51729;80
51789;80
51847;80
51915;80
51972;80
52028;80
52084;80
52142;80
52201;80
52257;80
52320;80
52379;80
52435;80
52492;80
52550;80
52607;80
52662;80
52726;80
52782;80
52836;80
52891;80
52947;80
53007;80
53086;80
53165;80
53242;80
53304;80
53361;80
53418;80
53474;80
53532;80
53590;80
53647;80
53704;80
53764;80
53821;80
53878;78
53939;78
53998;78
54054;78
54112;78
54168;78
54224;78
54282;78
54341;78
54398;78
54462;78
54535;78
54594;78
54652;78
54707;78
54766;78
54824;78
54880;78
54940;78
54999;78
55058;78
55115;78
55173;78
55233;78
55289;78
55350;78
55406;78
55469;78
55524;78
55585;78
55641;78
55715;78
55770;78
55823;78
55879;78
55935;78
55992;78
56051;78
56111;78
56170;78
56226;78
56282;78
56339;78
56398;78
56455;78
56538;78
56600;78
56658;78
56715;78
56771;78
56827;78
56889;78
56945;78
57020;78
57078;78
57140;78
57198;78
57257;78
57314;78
57372;78
57428;78
57485;78
57540;78
57594;78
57651;78
57706;78
57766;78
57823;78
57877;78
57943;78
58000;78
58058;78
58115;78
58171;78
58230;78
58288;78
58346;78
58402;78
58467;78
58547;78
58615;78
58671;78
58727;78
58786;78
58844;78
58899;78
58957;78
59021;78
59076;78
59131;78
59188;78
59246;78
59305;78
59364;78
59422;78
59478;78
59537;78
59592;78
59651;78
59706;78
59766;78
59822;78
59878;78
59934;78
59995;78
60051;78
60106;78
60160;78
60220;78
60277;78
60337;78
60393;78
60451;78
60512;80
60596;80
60653;80
60708;80
60764;80
60819;80
60875;80
60938;80
60997;80
61052;80
61107;80
61164;80
61221;80
61277;80
61335;80
61392;80
61449;80
61505;80
61566;80
61622;80
61678;80
61732;80
61793;80
61846;80
61900;80
61956;80
62014;80
62071;80
62127;80
62183;80
62239;80
62295;80
62352;80
62408;80
62465;80
62521;80
62606;80
62665;80
62719;80
62774;80
62830;80
62885;80
62944;80
63002;80
63058;80
63118;80
63175;80
63231;80
63287;80
63346;80
63401;80
63462;80
63516;80
63571;80
63627;80
63684;80
63744;80
63802;80
63858;80
63917;80
63975;80
64032;80
64091;80
64148;80
64213;80
64266;80
64322;80
64377;80
64434;80
64496;80
64561;80
64641;80
64699;80
64757;80
64813;80
64874;80
64929;80
64999;80
65055;80
65110;80
65166;80
65223;80
65281;80
65340;80
65398;80
65458;80
65513;78
65568;78
65623;78
65686;78
65743;78
65799;78
65854;78
65910;78
65968;78
66026;78
66082;78
66141;78
66200;78
66255;78
66313;78
66377;78
66431;78
66485;78
66539;78
66620;78
66682;78
66739;78
66796;78
66851;78
66909;78
66965;78
67028;78
67085;78
67142;78
67197;78
67255;78
67314;78
67368;78
67426;78
67482;78
67538;78
67595;78
67653;78
67709;78
67768;78
67822;78
67881;78
67940;78
68000;78
68061;78
68115;78
68173;78
68233;78
68287;78
68344;78
68401;78
68456;78
68511;78
68566;78
68650;78
68707;78
68764;78
68822;78
68875;78
68933;78
68993;78
69051;78
69110;78
69166;78
69225;78
69282;78
69341;78
69394;78
69451;78
69504;78
69561;78
69619;78
69675;78
69734;78
69794;78
69857;78
69914;78
69970;78
70027;78
70085;78
70143;78
70200;78
70258;78
70326;78
70380;78
70434;78
70490;78
70546;78
70617;78
70692;78
70748;78
70808;78
70869;78
70929;78
70997;78
71055;78
71113;78
71168;78
71225;78
71282;78
71341;78
71398;78
71454;78
71509;78
71567;78
71625;78
71685;78
71738;78
71794;78
71849;78
71909;78
71969;78
72027;78
72083;78
72141;78
72195;78
72253;78
72312;78
72371;78
72428;78
72484;78
72544;78
72597;78
72680;78
72737;78
72794;78
72850;78
72907;78
72979;78
73033;78
73092;78
73150;78
73207;78
73259;78
73314;78
73376;78
73428;78
73486;78
73540;78
73596;78
73654;78
73709;78
73768;78
73827;78
73883;78
73948;78
74006;78
74063;78
74118;78
74174;78
74230;78
74290;78
74346;78
74402;78
74456;78
74511;78
74567;78
74629;78
74706;78
74763;78
74818;78
74875;78
74935;78
74992;78
75051;78
75111;78
75168;78
75226;78
75284;78
75344;78
75402;78
75460;78
75518;78
75575;78
75637;78
75692;78
75746;78
75801;78
75857;78
75913;78
75971;78
76025;78
76083;78
76138;78
76196;78
76253;78
76314;78
76375;78
76430;78
76485;78
76543;78
76602;78
76663;78
76723;78
76779;78
76837;78
76897;78
76960;78
77014;78
77071;79
77125;79
77181;79
77240;79
77298;79
77356;79
77413;79
77466;79
77523;79
77583;79
77636;79
77690;79
77744;79
77804;79
77858;79
77913;79
77974;79
78031;79
78088;79
78150;79
78203;79
78259;79
78313;79
78369;79
78429;79
78485;79
78542;79
78600;79
78661;79
78723;79
78779;79
78836;79
78892;79
78950;79
79007;79
79063;79
79120;79
79174;79
79236;79
79290;79
79343;79
79398;79
79453;79
79509;79
79568;79
79623;79
79678;79
79748;78
79802;78
79858;78
79912;78
79982;78
80046;78
80104;78
80160;78
80217;78
80273;78
80329;78
80391;78
80445;78
80503;78
80561;78
80617;78
80674;78
80730;78
80786;78
80850;78
80908;78
80964;78
81020;78
81078;78
81138;78
81193;78
81248;78
81304;78
81361;78
81417;78
81485;78
81553;78
81608;78
81663;78
81719;78
81776;78
81837;78
81892;78
81948;78
82005;78
82063;78
82120;78
82175;78
82233;78
82290;78
82345;78
82402;78
82458;78
82516;78
82569;78
82626;78
82680;78
82740;78
82796;78
82851;78
82908;78
82964;78
83020;78
83076;78
83136;78
83189;78
83243;78
83297;78
83355;78
83413;78
83472;78
83527;78
83583;78
83638;78
83697;78
83757;78
83809;78
83863;78
83921;78
83980;78
84069;78
84128;78
84221;78
84285;78
84341;78
84406;78
84459;78
84516;78
84574;78
84634;78
84696;78
84757;78
84818;78
84876;78
84935;78
84997;78
85054;78
85110;78
85168;78
85229;78
85287;78
85346;78
85403;78
85464;78
85528;78
85584;78
85642;78
85700;78
85757;78
85817;78
85873;78
85935;78
85993;78
86059;78
86117;78
86175;78
86237;78
86327;78
86413;78
86481;78
86569;78
86639;78
86700;78
86756;78
86815;78
86872;78
86931;78
86992;78
87053;78
87109;78
87174;78
87229;78
87287;78
87345;78
87403;78
87462;78
87519;78
87577;78
87640;78
87697;78
87751;78
87807;78
87865;78
87924;78
87980;78
88050;78
88104;78
88158;78
88214;78
88270;78
88325;78
88384;78
88441;78
88498;78
88554;78
88617;78
88670;78
88735;78
88792;78
88847;78
88902;78
88960;78
89014;78
89075;78
89134;78
89204;78
89257;78
89311;78
89368;78
89426;78
89482;78
89537;78
89597;78
89652;78
89708;78
89765;78
89821;78
89883;78
89948;78
90002;78
90055;78
90113;78
90169;78
90224;78
90280;78
90336;78
90391;78
90449;78
90504;78
90562;78
90619;78
90676;78
90737;78
90793;78
90852;78
90910;78
90971;78
91029;78
91086;78
91142;78
91197;78
91252;78
91308;78
91362;78
91416;78
91473;78
91529;78
91587;78
91644;78
91699;78
91757;78
91811;78
91868;78
91925;78
91986;78
92045;78
92102;78
92160;78
92219;78
92281;78
92337;78
92394;78
92458;78
92513;78
92570;78
92644;78
92698;78
92756;78
92814;78
92868;78
92923;78
92979;78
93037;78
93093;78
93150;78
93206;78
93265;78
93320;78
93377;78
93432;78
93490;78
93547;78
93619;78
93698;78
93784;78
93840;78
93894;78
93949;78
94005;78
94061;78
94117;78
94177;78
94234;78
94288;78
94344;78
94400;78
94456;78
94514;78
94569;78
94625;78
94679;78
94733;78
94792;78
94861;78
94921;78
94982;78
95037;78
95095;78
95155;78
95212;78
95287;78
95348;78
95405;78
95465;78
95521;78
95581;78
95640;78
95699;78
95754;78
95810;78
95873;78
95932;78
95994;78
96073;78
96152;78
96246;78
96298;78
96355;78
96411;78
96469;78
96526;78
96582;78
96642;78
96698;78
96756;78
96826;78
96890;78
96954;78
97009;78
97068;78
97128;78
97185;78
97242;78
97301;78
97362;78
97418;78
97477;78
97542;78
97612;78
97666;78
97723;78
97778;78
97838;78
97897;78
97955;78
98013;78
98069;78
98124;78
98183;78
98241;78
98301;78
98368;78
98427;78
98483;78
98539;78
98595;78
98653;78
98709;78
