274;1781
431;1702
604;1590
740;1546
901;1489
1019;1489
1194;1479
1318;1479
1448;1284
1573;1238
1704;1238
1915;1183
2040;1126
2155;1126
2270;1045
2395;1045
2516;1045
2678;1044
2793;952
2905;935
3034;927
3166;893
3276;893
3402;814
3540;686
3695;686
3834;686
4013;553
4118;553
4237;458
4347;458
4446;458
4552;458
4666;458
4770;458
4872;403
4977;403
5079;403
5203;403
5310;403
5421;403
5530;402
5648;361
5768;338
5872;264
5985;264
6093;264
6206;264
6314;264
6427;264
6613;259
6750;259
6854;259
6956;259
7057;259
7164;259
7284;179
7388;113
7498;113
7625;113
7730;113
7842;113
7948;111
8113;111
8313;111
8534;111
8711;111
8847;111
8949;111
9055;111
9159;111
9268;111
9378;111
9482;111
9590;111
9693;111
9801;111
9919;111
10019;111
10122;111
10223;111
10325;111
10437;111
10555;111
10669;111
10775;111
10877;111
10986;111
11089;111
11200;111
11305;111
11411;111
11511;111
11624;110
11723;110
11826;110
11935;110
12036;110
12138;110
12243;110
12344;110
12454;110
12665;110
12802;110
12908;110
13015;110
13118;110
13225;110
13325;110
13433;110
13535;110
13637;110
13745;110
13857;110
13967;110
14075;110
14185;110
14303;110
14402;110
14503;110
14602;110
14721;109
14826;109
14937;109
15046;109
15166;109
15275;109
15389;109
15490;109
15602;109
15728;108
15834;108
15932;108
16037;108
16153;110
16278;110
16382;110
16483;110
16594;110
16699;110
16800;110
16910;110
17010;110
17127;110
17234;110
17333;109
17432;109
17531;109
17631;109
17738;109
17852;109
17957;109
18060;109
18161;109
18265;109
18386;109
18491;109
18607;109
18706;109
18805;109
18906;109
19008;109
19114;109
19224;109
19338;109
19442;109
19543;109
19648;109
19751;109
19854;109
19964;109
20063;109
20161;109
20268;109
20376;109
20482;109
20587;109
20690;109
20803;109
20905;109
21009;109
21116;109
21223;109
21325;109
21424;109
21523;109
21621;109
21739;109
21839;109
21945;109
22047;109
22150;109
22252;109
22376;109
22474;109
22573;109
22671;109
22772;109
22875;109
22979;109
23084;109
23188;109
23295;109
23413;109
23524;109
23643;109
23742;109
23845;109
23959;107
24065;107
24175;107
24280;107
24386;107
24493;107
24611;107
24705;107
24804;107
24903;107
25005;107
25108;107
25215;107
25321;107
25436;107
25546;107
25677;107
25776;107
25882;107
25983;107
26089;107
26193;107
26311;67
26413;67
26517;67
26618;67
26736;67
26846;67
26970;67
27068;67
27169;67
27277;67
27389;67
27491;67
27593;67
27696;67
27802;67
27914;67
28032;67
28138;67
28243;67
28362;67
28467;67
28570;67
28676;67
28775;67
28880;67
28984;67
29086;63
29187;63
29291;63
29397;63
29502;63
29602;63
29717;63
29815;64
29914;64
30016;64
30122;64
30241;64
30343;64
30462;64
30572;64
30679;64
30791;64
30897;64
30999;64
31132;64
31235;64
31341;64
31462;64
31572;64
31680;64
31782;64
31884;64
31988;64
32092;64
32210;64
32329;64
32435;64
32554;64
32654;64
32755;64
32861;64
32959;64
33065;64
33168;63
33278;63
33388;63
33493;63
33595;63
33700;63
33805;63
33906;63
34014;63
34129;63
34228;63
34334;63
34435;63
34539;63
34645;63
34755;63
34860;63
34969;63
35075;63
35176;63
35291;63
35389;63
35503;63
35601;63
35714;63
35818;63
35919;63
36021;63
36124;63
36230;63
36332;63
36438;63
36550;63
36662;63
36760;63
36861;63
36962;63
37064;63
37170;63
37273;63
37377;63
37485;63
37589;63
37698;63
37802;63
37924;63
38030;63
38159;63
38259;63
38365;63
38475;63
38585;63
38687;63
38829;63
38943;63
39055;63
39156;63
39275;63
39379;63
39479;63
39582;63
39706;63
39816;63
39918;63
40037;63
40144;63
40255;63
40357;63
40458;63
40560;63
40673;63
40795;63
40900;63
41002;63
41103;63
41235;63
41355;63
41460;63
41565;63
41665;63
41771;63
41870;63
41972;63
42073;63
42235;63
42354;63
42451;63
42550;63
42654;63
42778;63
42885;63
42994;63
43115;67
43226;67
43327;67
43425;67
43524;67
43633;67
43740;67
43866;67
43969;67
44096;67
44200;67
44299;67
44400;67
44498;67
44601;67
44705;67
44808;67
44918;67
45025;67
45138;66
45240;66
45340;66
45468;66
45572;66
45671;66
45790;66
45893;66
45990;66
46103;66
46202;66
46303;66
46407;66
46506;66
46612;66
46712;66
46863;66
46969;66
47070;66
47173;66
47272;66
47394;66
47492;66
47597;66
47698;66
47799;66
47905;66
48011;66
48131;66
48244;66
48342;66
48443;66
48546;66
48647;66
48753;66
48852;66
48965;66
49062;66
49162;66
49265;66
49378;66
49484;66
49585;66
49683;66
49779;66
49878;66
49981;66
50098;66
50210;66
50311;66
50417;66
50518;66
50632;66
50733;66
50834;66
50935;66
51040;66
51157;66
51269;66
51366;66
51474;66
51588;66
51691;66
51790;66
51894;65
52003;65
52113;65
52211;65
52308;65
52406;65
52504;65
52604;65
52719;65
52836;65
52971;65
53102;65
53202;65
53304;65
53402;65
53510;65
53640;65
53741;65
53850;65
53970;65
54091;65
54191;65
54306;65
54411;65
54525;63
54632;63
54760;63
54864;63
54969;66
55067;66
55171;66
55273;66
55372;66
55487;66
55584;66
55684;66
55784;66
55881;66
55990;66
56091;66
56231;67
56332;67
56428;67
56526;67
56639;67
56757;67
56876;67
56982;67
57082;67
57194;67
57303;67
57400;67
57504;67
57610;67
57727;64
57841;64
57947;63
58060;63
58163;63
58271;63
58369;63
58471;63
58576;63
58678;63
58779;63
58888;63
58986;63
59099;63
59200;63
59299;63
59444;63
59564;63
59665;63
59786;63
59891;63
59991;63
60101;63
60218;63
60319;63
60417;63
60518;63
60631;63
60745;63
60855;63
60957;63
61067;63
61173;63
61309;63
61473;63
61582;63
61700;63
61831;63
61947;63
62063;63
62252;62
62390;62
62524;62
62645;64
62785;64
62920;64
63084;63
63251;63
63364;63
63475;63
63577;63
63675;63
63781;63
63886;63
63986;63
64109;63
64265;63
64365;63
64469;63
64566;63
64672;63
64780;63
64885;63
65040;63
65141;63
65252;63
65375;63
65473;63
65573;63
65716;63
65880;63
66003;63
66140;63
66293;63
66401;63
66504;63
66625;63
66786;63
66885;63
67000;63
67100;63
67208;63
67309;63
67414;63
67528;63
67631;63
67764;63
67915;63
68106;63
68225;63
68326;63
68427;63
68530;63
68628;63
68728;63
68829;63
68936;63
69038;63
69142;63
69244;63
69361;63
69474;63
69620;63
69730;63
69836;63
69939;63
70042;63
70152;63
70260;63
70424;63
70601;63
70710;63
70810;63
70911;63
71015;63
71163;63
71272;63
71375;63
71474;63
71582;63
71683;63
71788;63
71889;63
71994;63
72100;63
72220;63
72321;63
72465;63
72673;63
72849;63
73014;63
73135;63
73240;63
73355;63
73505;63
73678;63
73837;63
74021;63
74152;63
74255;63
74384;63
74550;63
74872;63
75002;64
75100;64
75247;64
75415;64
75585;63
75761;63
75906;63
76019;63
76185;63
76348;63
76510;63
76670;63
76865;64
77046;64
77200;64
77311;64
77413;64
77512;64
77637;64
77748;64
77857;64
77965;64
78154;64
78326;64
78496;64
78660;64
78837;64
78946;64
79069;64
79215;64
79373;64
79564;64
79729;64
79872;64
79975;64
80084;63
80231;63
80398;63
80516;63
80632;63
80738;63
80855;63
80954;63
81059;63
81179;63
81289;63
81404;63
81513;63
81618;63
81727;63
81826;63
81941;63
82044;63
82150;63
82252;63
82353;63
82456;63
82575;63
82699;63
82885;63
82992;63
83096;63
83200;63
83318;63
83423;63
83562;63
83675;63
83813;63
83917;63
84023;63
84125;63
84242;63
84340;63
84452;63
84562;63
84709;63
84811;63
84914;63
85021;63
85138;63
85250;63
85374;63
85473;63
85571;63
85680;63
85789;63
85912;63
86025;63
86153;63
86268;63
86384;63
86520;63
86630;63
86741;63
86838;63
86968;63
87085;63
87230;63
87339;63
87451;63
87605;63
87733;63
87841;63
87953;63
88119;63
88267;63
88371;63
88471;63
88587;63
88695;63
88811;63
88910;63
89013;63
89113;63
89216;63
89329;63
89431;63
89535;63
89654;63
89754;63
89854;63
89955;63
90062;63
90167;63
90290;63
90390;63
90495;63
90597;63
90700;63
90808;63
90911;63
91043;63
91142;63
91255;63
91351;63
91473;63
91595;63
91694;63
91804;63
91905;63
92006;63
92109;63
92217;63
92326;63
92440;63
92545;64
92645;64
92759;63
92865;63
92965;63
93071;63
93177;63
93304;63
93458;63
93571;63
93672;63
93773;63
93875;63
93981;63
94084;63
94213;63
94311;63
94415;63
94521;63
94622;63
94739;63
94849;63
94957;63
95057;63
95166;63
95285;63
95387;63
95484;63
95584;63
95684;63
95783;63
95888;63
95990;63
96098;63
96207;63
96309;63
96425;63
96528;63
96631;63
96728;63
96834;63
96932;63
97034;63
97136;63
97236;63
97345;63
97469;62
97579;62
97715;62
97827;62
97932;62
98035;62
98138;62
98239;62
98338;62
98469;62
98570;62
98671;62
98777;62
98893;62
99011;62
99115;62
99221;62
99331;62
99430;62
99569;62
99686;62
99788;62
99891;62
99991;62
100118;62
100223;62
100336;62
100438;62
100540;62
100640;62
100743;62
100847;62
100948;62
101052;62
101169;62
101281;62
101382;62
101479;62
101577;62
101678;62
101781;62
101888;62
102006;62
102114;62
102294;62
102417;62
102522;62
102624;62
102729;62
102835;62
102953;62
103066;62
103179;62
103320;62
103428;62
103560;62
103672;62
103779;62
103897;62
103995;62
104094;62
104196;62
104300;62
104405;62
104508;62
104608;62
104711;62
104846;62
104979;62
105122;62
105223;62
105323;62
105448;62
105553;62
105656;62
105759;62
105865;62
105973;62
106074;62
106185;62
106293;62
106399;62
106507;62
106609;62
106711;62
106826;62
106947;62
107050;62
107161;62
107266;62
107392;62
107513;62
107658;62
107756;62
107853;62
107968;62
108096;62
108196;62
108352;62
108522;62
108626;62
108727;62
108834;62
108937;62
109048;62
109172;62
109280;62
109378;62
109487;62
109609;63
109719;63
109818;63
109922;63
110097;63
110200;63
110317;63
110439;63
110542;63
110663;63
110766;63
110864;63
110966;63
111068;63
111169;63
111278;63
111392;63
111496;63
111619;63
111720;63
111829;62
111939;62
112092;62
112203;62
112306;62
112407;62
112504;62
112620;62
112744;64
112846;64
112946;64
113050;63
113157;63
113264;63
113364;63
113475;63
113579;63
113681;63
113787;63
113888;63
113991;63
114100;63
114199;63
114318;63
114426;63
114532;63
114640;63
114742;63
114854;63
115177;63
115336;63
115435;63
115536;63
115638;63
115740;63
115858;63
115965;63
116070;63
116184;63
116290;63
116399;63
116500;63
116633;63
116735;63
116835;63
116931;63
117037;63
117141;63
117251;63
117353;63
117453;63
117561;63
117670;63
117781;63
117883;63
118225;63
118324;63
118425;63
118535;63
118666;63
118770;63
118882;63
118992;63
119123;63
119244;63
119348;63
119451;63
119570;63
119673;63
119787;63
119915;63
120018;63
120116;63
120247;63
120354;63
120454;63
120562;63
120688;63
120802;63
120913;63
121036;63
121161;63
121277;63
121398;63
121504;63
121601;63
121717;63
121825;63
121938;63
122063;63
122198;63
122364;63
122485;63
122641;63
122752;63
122900;63
122999;63
123115;63
123225;63
123342;63
123469;63
123581;63
123697;63
123808;63
123963;63
124093;63
124201;63
124312;63
124459;63
124565;63
124690;63
124793;63
124892;63
125006;63
125150;63
125263;63
125398;63
125518;63
125639;63
125769;63
125881;63
125983;63
126115;63
126212;63
126319;63
126425;63
126539;63
126649;63
126751;63
126864;63
126981;63
127112;63
127214;63
127318;63
127422;63
127534;63
127649;63
127757;63
127859;63
127970;63
128081;63
128198;63
128316;63
128449;63
128574;63
128675;63
128780;63
128891;63
128997;63
129101;63
129198;63
129344;63
129459;63
129568;63
129672;63
129773;63
129886;63
129999;63
130112;63
130216;63
130331;63
130469;63
130605;63
130720;63
130820;63
130918;63
131031;63
131131;63
131249;63
131353;63
131444;63
131550;63
131655;63
131779;63
131887;63
132001;63
132099;63
132197;63
132297;63
132395;63
132534;63
132685;63
132786;63
132891;63
132994;63
133117;63
133226;63
133339;63
133441;63
133548;63
133650;63
133750;63
133854;63
133951;63
134069;63
134171;63
134272;63
134379;63
134481;63
134584;63
134692;63
134796;63
134920;63
135019;63
135125;63
135223;63
135336;63
135440;63
135542;63
135644;63
135747;63
135848;63
135972;63
136082;63
136204;63
136302;63
136399;63
136522;63
136629;63
136739;63
136846;63
136949;63
137055;63
137159;63
137276;63
137385;63
137488;63
137647;63
137752;63
137857;63
137956;63
138063;63
138172;63
138273;63
138383;63
138494;63
138602;63
138726;62
138841;62
138945;62
139049;62
139179;62
139280;62
139379;62
139481;62
139584;62
139687;62
139791;62
139893;62
140017;62
140126;62
140259;62
140382;62
140487;62
140589;62
140687;62
140797;62
140922;62
141022;62
141141;62
141247;62
141351;62
141460;62
141569;62
141693;62
141807;62
141923;62
142037;62
142135;62
142246;62
142350;62
142451;62
142569;62
142675;62
142792;62
142902;62
143016;62
143115;62
143221;62
143326;62
143427;62
143530;62
143636;62
143746;62
143852;62
143955;62
144064;62
144169;62
144275;62
144374;62
144475;62
144597;62
144695;62
144806;62
144911;62
145036;62
145143;62
145242;62
145349;62
145450;62
145563;62
145667;62
145769;62
145925;62
146043;62
146161;62
146266;62
146351;62
146453;62
146551;62
146652;62
146769;62
146869;62
146974;62
147095;62
147205;62
147324;62
147416;62
147520;62
147625;62
147729;62
147839;62
147944;62
148048;62
148164;62
148266;62
148363;62
148481;62
148595;62
148700;62
148815;62
148938;62
149070;62
149189;62
149339;62
149446;62
149555;62
149657;62
149762;62
149873;61
149986;61
150091;61
150222;61
150343;61
150441;61
150549;61
150651;61
150754;61
150860;61
