192;261
302;261
355;261
404;261
475;261
522;261
564;261
608;261
649;261
718;261
792;261
846;261
912;261
967;261
1008;261
1045;261
1086;261
1126;261
1165;261
1217;261
1252;261
1288;261
1344;261
1386;261
1427;261
1469;261
1510;261
1560;261
1616;261
1682;261
1734;261
1790;266
1841;266
1908;266
1942;266
1978;266
2015;266
2055;266
2093;266
2130;266
2170;266
2208;266
2245;266
2281;266
2319;266
2359;266
2397;266
2435;266
2482;266
2518;266
2553;266
2590;266
2627;266
2663;266
2709;272
2745;272
2792;272
2826;272
2861;272
2905;272
2939;272
2975;272
3011;272
3047;272
3099;272
3146;272
3201;272
3252;272
3301;272
3356;272
3403;272
3450;272
3497;272
3544;272
3592;272
3640;272
3687;272
3735;272
3765;272
3798;272
3833;273
3877;273
3912;273
3950;267
3983;267
4017;267
4052;267
4086;267
4123;267
4157;267
4193;267
4228;267
4264;267
4298;267
4338;267
4372;267
4424;267
4461;267
4493;267
4531;267
4568;267
4601;267
4634;267
4671;267
4704;267
4735;267
4776;267
4811;267
4846;267
4883;267
4919;267
4957;267
4991;267
5026;267
5058;267
5096;267
5130;267
5163;267
5195;267
5227;267
5266;267
5301;267
5334;267
5367;267
5404;267
5437;267
5472;267
5505;267
5537;267
5572;267
5606;267
5643;267
5678;267
5710;267
5748;267
5789;267
5837;267
5886;267
5951;267
5999;267
6043;267
6089;267
6131;267
6171;267
6207;267
6239;267
6280;267
6314;267
6348;267
6380;267
6413;267
6450;267
6485;267
6518;267
6557;267
6590;267
6626;267
6660;267
6694;267
6725;267
6758;267
6795;267
6831;267
6867;267
6898;267
6933;267
6970;267
7006;267
7038;267
7072;267
7107;267
7142;267
7180;267
7211;267
7244;267
7276;267
7308;267
7343;267
7379;267
7412;267
7448;267
7498;267
7530;267
7569;267
7605;267
7663;267
7698;267
7730;267
7763;267
7802;267
7835;267
7868;267
7901;267
7933;267
7969;267
8002;266
8033;266
8068;266
8108;266
8140;266
8173;266
8208;266
8240;266
8279;266
8312;266
8352;266
8386;266
8418;266
8453;266
8484;266
8522;266
8552;266
8584;266
8616;266
8648;266
8680;266
8713;266
8752;266
8784;266
8815;266
8848;266
8881;266
8913;266
8949;266
8982;266
9026;266
9066;266
9105;266
9139;266
9171;266
9202;266
9236;266
9269;266
9301;266
9335;266
9368;266
9401;266
9434;266
9473;266
9506;266
9542;266
9582;266
9620;266
9676;266
9712;266
9744;266
9776;266
9810;266
9845;266
9879;266
9911;266
9947;266
9981;266
10013;266
10060;266
10090;266
10125;266
10156;266
10188;266
10219;266
10252;266
10284;266
10317;266
10350;266
10382;266
10415;266
10449;266
10491;266
10534;266
10584;266
10623;266
10666;266
10699;266
10732;266
10767;266
10800;266
10834;266
10866;266
10899;266
10935;266
10967;266
11008;266
11040;266
11071;266
11104;266
11139;266
11174;266
11208;266
11241;266
11279;266
11316;266
11351;266
11383;266
11416;266
11449;266
11487;266
11521;266
11561;266
11592;266
11624;266
11681;267
11719;267
11754;267
11790;267
11827;267
11860;267
11900;267
11933;267
11966;267
11997;267
12030;267
12065;267
12112;267
12157;267
12191;267
12224;267
12255;267
12289;267
12323;267
12359;267
12395;267
12433;267
12469;267
12508;267
12543;267
12574;267
12605;267
12641;267
12674;267
12707;267
12741;267
12779;267
12814;267
12846;267
12880;267
12913;267
12949;267
12981;267
13013;267
13046;267
13079;267
13116;267
13148;267
13183;267
13217;272
13250;272
13283;272
13319;272
13355;272
13387;272
13422;272
13454;272
13489;272
13525;272
13559;272
13594;272
13628;272
13674;272
13722;272
13755;272
13792;272
13825;272
13860;272
13892;272
13924;272
13956;272
13987;273
14021;273
14057;273
14093;273
14127;273
14160;273
14197;273
14230;273
14261;273
14295;273
14327;273
14358;273
14394;272
14425;272
14463;272
14499;272
14533;271
14569;271
14614;272
14646;272
14684;272
14717;272
14748;272
14783;272
14816;272
14854;272
14891;272
14923;272
14955;272
14990;272
15023;272
15059;272
15093;272
15128;272
15159;272
15195;272
15228;272
15261;272
15292;272
15325;272
15360;272
15398;272
15435;272
15468;272
15502;272
15537;272
15568;272
15602;272
15633;272
15674;272
15728;272
15760;272
15796;274
15834;276
15866;276
15899;276
15933;276
15964;276
16000;276
16034;276
16067;276
16099;276
16131;276
16163;276
16199;276
16231;276
16267;276
16298;276
16333;276
16366;276
16412;276
16447;276
16479;276
16510;276
16541;276
16574;276
16609;276
16646;276
16681;276
16716;276
16749;276
16781;276
16814;276
16847;276
16881;276
16914;276
16946;276
16981;276
17015;276
17047;276
17085;277
17123;277
17161;277
17192;277
17225;277
17257;277
17293;277
17324;277
17356;277
17387;277
17419;277
17451;277
17484;277
17515;277
17551;277
17583;277
17614;277
17645;277
17679;277
17733;277
17776;277
17808;277
17844;270
17875;270
17908;270
17941;270
17975;270
18005;270
18043;270
18075;270
18107;270
18139;270
18172;270
18202;270
18235;270
18269;270
18303;270
18336;270
18367;270
18405;270
18440;270
18471;270
18503;270
18537;270
18567;269
18599;269
18637;269
18668;269
18699;269
18730;269
18768;266
18804;266
18837;266
18871;266
18906;266
18938;266
18971;266
19003;266
19037;266
19069;267
19101;267
19132;267
19164;267
19196;267
19232;267
19263;267
19294;267
19329;267
19361;267
19395;267
19427;267
19464;267
19502;267
19535;267
19568;267
19601;267
19633;267
19665;267
19704;267
19765;267
19800;267
19833;267
19864;267
19896;267
19931;267
19964;267
19995;267
20029;267
20061;267
20093;267
20125;267
20157;267
20190;267
20225;267
20261;267
20295;267
20330;267
20368;267
20402;262
20435;262
20468;262
20502;262
20538;262
20577;262
20611;262
20649;262
20680;262
20712;262
20746;262
20783;262
20817;262
20850;262
20889;262
20924;262
20958;262
20990;262
21023;262
21054;262
21087;262
21118;262
21150;262
21186;265
21218;265
21256;265
21288;265
21323;265
21355;265
21388;267
21420;267
21452;267
21494;267
21525;267
21557;267
21590;267
21623;267
21654;267
21686;267
21725;267
21770;267
21830;267
21873;267
21916;267
21949;267
21981;267
22012;267
22047;267
22079;267
22111;267
22144;267
22178;267
22210;267
22245;267
22276;267
22308;267
22340;267
22382;267
22418;267
22450;264
22485;264
22518;264
22548;264
22579;264
22613;264
22646;264
22681;264
22714;264
22745;264
22779;264
22811;264
22847;264
22882;264
22915;264
22944;264
22981;264
23013;264
23045;264
23075;264
23110;264
23142;264
23182;269
23214;269
23247;269
23288;269
23320;269
23353;269
23387;269
23421;269
23457;269
23492;269
23523;269
23556;269
23590;269
23624;269
23657;269
23693;269
23726;269
23762;269
23796;269
23834;269
23876;269
23910;269
23943;269
23975;269
24007;269
24042;269
24076;269
24115;272
24148;272
24180;272
24219;272
24256;272
24295;272
24333;272
24366;272
24405;272
24438;272
24473;272
24508;270
24542;270
24584;267
24615;267
24647;265
24688;265
24721;265
24755;265
24790;265
24830;265
24861;265
24895;265
24927;265
24960;265
24994;265
25037;265
25072;265
25103;265
25137;265
25171;265
25205;265
25240;265
25270;265
25303;265
25340;265
25375;265
25408;265
25443;265
25481;265
25516;265
25547;265
25581;265
25616;265
25652;265
25685;265
25720;265
25761;265
25818;265
25875;265
25910;265
25941;265
25977;264
26009;264
26047;264
26078;264
26110;264
26143;264
26176;264
26208;264
26240;264
26272;264
26306;264
26338;264
26372;264
26402;264
26437;264
26470;264
26502;264
26536;264
26574;264
26609;264
26640;264
26675;264
26713;264
26742;264
26776;264
26813;264
26846;264
26881;264
26913;264
26945;264
26980;264
27017;264
27048;264
27081;264
27113;264
27145;264
27176;264
27214;264
27245;264
27277;264
27312;264
27346;264
27378;264
27411;264
27445;264
27480;264
27516;264
27549;264
27588;264
27620;264
27659;264
27697;264
27733;264
27768;264
27803;264
27840;264
27879;261
27912;261
27944;261
27977;261
28014;261
28048;261
28081;261
28119;261
28155;261
28188;261
28226;261
28262;261
28305;261
28340;261
28372;261
28405;261
28436;261
28473;261
28511;261
28543;261
28575;261
28603;261
28634;261
28667;261
28700;261
28732;261
28767;261
28807;261
28839;261
28877;261
28912;261
28946;261
28980;261
29015;261
29057;261
29090;261
29120;261
29153;261
29190;261
29224;261
29261;261
29292;261
29325;261
29360;261
29393;261
29424;261
29456;261
29493;261
29528;261
29564;261
29598;261
29632;261
29668;261
29699;261
29734;261
29769;261
29802;261
29834;261
29869;261
29901;261
29935;261
29969;261
30003;261
30034;261
30067;261
30099;261
30130;261
30162;261
30194;261
30225;261
30258;261
30293;261
30327;261
30360;261
30404;261
30435;261
30467;261
30517;261
30549;261
30581;261
30616;261
30653;261
30691;261
30730;261
30765;261
30802;261
30836;261
30869;261
30904;261
30935;261
30968;261
31003;261
31035;261
31067;261
31100;261
31132;261
31165;261
31203;261
31237;261
31267;261
31303;261
31339;261
31370;261
31405;261
31435;261
31468;261
31506;261
31540;261
31573;261
31607;261
31638;261
31678;261
31714;261
31745;261
31779;261
31812;261
31844;261
31879;261
31912;261
31946;261
31988;261
32024;261
32078;261
32110;261
32145;261
32176;261
32208;261
32243;261
32276;261
32312;261
32352;260
32383;260
32413;260
32445;260
32480;260
32515;260
32550;261
32583;261
32614;261
32648;261
32683;261
32716;261
32748;261
32787;261
32823;261
32858;261
32893;261
32928;261
32964;261
32998;261
33030;261
33061;261
33093;261
33125;261
33158;261
33190;261
33223;261
33259;262
33305;262
33337;262
33374;262
33407;262
33440;262
33471;262
33504;262
33539;262
33580;262
33626;262
33661;262
33694;262
33725;262
33757;262
33790;262
33824;262
33859;262
33893;262
33927;262
33965;262
33995;262
34027;262
34063;262
34098;262
34129;262
34166;262
34197;262
34232;262
34265;262
34312;261
34351;261
34383;261
34421;261
34456;261
34487;261
34520;261
34553;261
34586;261
34618;261
34650;261
34686;261
34726;261
34764;261
34796;261
34830;261
34862;261
34897;261
34930;261
34963;261
34996;261
35029;261
35061;261
35095;261
35149;261
35180;261
35211;261
35247;261
35279;261
35313;261
35348;261
35378;261
35413;261
35451;261
35486;261
35519;261
35550;261
35583;261
35616;261
35649;261
35682;261
35714;261
35748;261
35784;261
35820;261
35852;261
35887;261
35920;261
35951;261
35986;261
36018;261
36050;261
36082;261
36113;261
36152;261
36181;261
36213;261
36245;261
36278;261
36310;261
36345;261
36377;261
36414;261
36447;261
36483;261
36514;261
36547;261
36581;261
36615;261
36649;261
36686;261
36718;261
36751;261
36786;261
36827;261
36862;261
36894;261
36926;261
36959;261
36999;261
37032;261
37076;261
37109;261
37144;261
37181;261
37214;261
37248;261
37280;261
37314;261
37349;261
37383;261
37419;261
37450;261
37485;260
37520;260
37552;260
37585;260
37616;260
37647;260
37684;260
37717;260
37750;260
37794;260
37850;260
37882;260
37915;260
37948;260
37983;260
38013;260
38045;260
38077;260
38118;260
38148;260
38179;260
38231;260
38270;260
38305;260
38336;260
38371;260
38405;260
38437;260
38468;260
38502;260
38536;260
38569;260
38603;260
38638;260
38672;260
38713;260
38743;260
38776;260
38810;260
38850;260
38884;260
38920;260
38952;260
38984;260
39018;260
39054;260
39091;260
39124;260
39159;260
39191;260
39229;260
39265;260
39297;260
39329;260
39362;260
39394;260
39426;260
39462;260
39495;260
39529;260
39567;260
39599;260
39632;260
39669;260
39703;260
39737;260
39777;260
39813;260
39847;260
39879;260
39912;260
39948;260
39988;260
40022;260
40058;260
40090;260
40125;260
40158;260
40195;260
40235;260
40269;260
40309;260
40349;260
40390;260
40421;260
40452;260
40484;260
40516;260
40557;260
40592;260
40631;260
40662;260
40693;260
40725;260
40758;260
40795;260
40829;260
40860;260
40891;260
40929;260
40961;260
40994;260
41025;260
41057;260
41090;260
41123;260
41158;260
41194;260
41224;260
41257;260
41304;260
41338;260
41370;260
41405;260
41437;260
41468;260
41501;260
41536;260
41569;260
41602;260
41635;260
41669;260
41701;260
41736;260
41767;260
41797;260
41830;260
41863;260
41896;260
41927;260
41958;260
41991;260
42023;260
42062;260
42096;260
42141;260
42178;260
42209;261
42242;261
42273;261
42309;261
42344;261
42375;261
42406;261
42440;261
42473;261
42510;261
42547;261
42578;261
42613;261
42648;261
42683;261
42715;261
42747;261
42779;261
42827;261
42862;261
42897;261
42937;261
42978;261
43008;261
43041;261
43074;261
43110;261
43143;261
43174;261
43206;261
43240;261
43272;261
43304;261
43338;261
43369;261
43404;261
43438;261
43471;261
43504;261
43535;261
43570;261
43605;261
43638;261
43681;261
43717;261
43748;261
43784;261
43830;261
43882;261
43918;261
43950;261
43981;261
44013;261
44049;261
44086;261
44136;261
44171;261
44204;261
44237;261
44268;261
44305;261
44343;261
44392;261
44427;261
44459;261
44495;261
44528;261
44561;261
44596;261
44631;261
44664;261
44706;261
44736;261
44771;261
44807;261
44838;261
44870;261
44904;261
44936;261
44967;261
44998;261
45034;261
45067;261
45101;261
45133;261
45171;261
45203;261
45235;261
45270;261
45306;261
45337;261
45370;261
45402;261
45438;261
45476;261
45510;261
45545;261
45575;261
45611;261
45643;261
45675;261
45707;261
45737;261
45774;261
45806;261
45846;261
45902;261
45937;261
45969;261
46012;261
46045;261
46080;261
46111;261
46142;261
46174;261
46206;261
46239;261
46274;261
46307;261
46338;261
46371;261
46404;261
46436;261
46468;261
46500;261
46532;261
46564;261
46596;261
46630;261
46663;261
46696;261
46728;261
46760;261
46796;261
46832;261
46864;261
46897;261
46931;261
46968;261
46999;261
47030;261
47065;261
47094;261
47127;261
47158;261
47190;261
47225;261
47263;261
47296;261
47327;261
47362;261
47394;261
47428;261
47466;261
47499;261
47532;261
47566;261
47597;261
47638;261
47670;261
47702;261
47734;261
47769;261
47802;261
47834;261
47883;261
47925;261
47959;261
47991;261
48024;261
48056;261
48088;261
48120;261
48155;261
48187;261
48218;261
48250;261
48282;261
48317;261
48349;261
48381;261
48413;261
48451;261
48484;261
48516;261
48549;261
48583;261
48614;261
48651;261
48693;261
48731;261
48763;261
48794;261
48829;261
48861;261
48892;261
48925;261
48960;261
48994;261
49032;261
49068;261
49110;261
49154;261
49186;261
49218;261
49252;261
49286;261
49319;261
49367;261
49403;261
49441;261
49474;261
49504;261
49535;262
49573;262
49606;262
49637;262
49678;262
49710;262
49750;262
49783;262
49815;262
49849;262
49904;262
49945;262
49987;262
50020;262
50052;262
50086;262
50127;262
50165;262
50195;261
50226;261
50261;261
50294;261
50326;261
50360;261
50391;261
50426;261
50464;261
50503;261
50541;261
50579;261
50614;261
50645;261
50678;261
50716;261
50748;261
50780;261
50810;261
50842;261
50878;261
50908;261
50939;261
50970;261
51003;261
51035;261
51067;261
51100;261
51131;261
51163;261
51194;261
51226;261
51264;261
51300;261
51332;261
51366;261
51398;261
51433;261
51465;261
51505;261
51541;261
51579;261
51611;261
51646;261
51679;261
51714;261
51750;261
51781;261
51813;261
51848;261
51884;261
51922;261
51955;261
51989;261
52028;261
52061;261
52097;261
52128;261
52166;261
52197;261
52228;261
52261;261
52295;261
52337;261
52372;261
52404;261
52439;261
52473;261
52504;261
52537;261
52569;261
52600;261
52631;261
52666;261
52700;261
52731;261
52776;261
52807;261
52837;261
52870;261
52901;261
52933;261
52965;261
52996;261
53029;261
53062;261
53100;261
53131;261
53162;261
53196;261
53228;261
53263;261
53296;261
53328;261
53362;261
53399;261
53431;261
53470;261
53506;261
53538;261
53577;261
53608;261
53640;261
53675;261
53708;261
53743;261
53778;261
53817;261
53850;261
53883;261
53921;261
53953;261
53985;261
54020;261
54053;261
54085;261
54117;261
54152;261
54187;261
54217;261
54251;261
54284;261
54318;261
54350;261
54394;261
54431;261
54461;261
54493;261
54525;261
54564;261
54598;261
54629;261
54663;261
54694;261
54727;261
54762;261
54793;261
54824;261
54861;261
54896;261
54928;261
54967;261
54998;261
55038;261
55070;261
55104;261
55144;261
55176;261
55208;261
55240;261
55276;261
55310;261
55344;261
55376;261
55408;261
55439;261
55472;261
55508;261
55544;261
55575;261
55608;261
55638;261
55670;261
55704;261
55739;261
55771;260
55801;260
55833;260
55867;260
55900;260
55938;260
55973;260
56004;260
56045;260
56087;260
56125;260
56190;260
56249;260
56309;260
56390;260
56481;260
56548;260
56625;260
56677;260
56712;260
56746;260
56778;260
56811;260
56844;260
56875;260
56918;260
56953;260
56984;260
57015;260
57047;260
57081;260
57113;260
57147;260
57188;260
57224;260
57259;260
57289;260
57331;260
57370;260
57402;260
57437;260
57473;260
57508;260
57544;260
57573;260
57606;260
57638;260
57676;260
57713;260
57747;260
57779;260
57812;260
57844;260
57877;260
57912;260
57947;260
57985;260
58015;260
58046;260
58080;260
58113;260
58143;260
58177;260
58212;260
58244;260
58277;260
58309;260
58340;260
58372;260
58404;260
58435;260
58465;260
58496;260
58538;260
58571;260
58605;260
58640;260
58676;259
58710;259
58740;259
58773;259
58812;259
58845;259
