1218;78
1481;78
1798;78
2039;78
2299;78
2536;78
2793;78
3052;78
3290;78
3530;78
3777;78
4016;78
4244;78
4474;78
4909;78
5788;78
6673;78
7025;78
7251;78
7489;78
7721;78
7957;78
8250;78
8589;78
8835;78
9059;78
9298;78
9538;78
9770;78
10016;78
10627;78
11144;78
11375;78
11603;78
11838;78
12072;78
12290;78
12523;78
12736;78
12953;78
13160;78
13363;78
13582;78
13781;78
13999;78
14204;78
14396;78
14582;78
14775;78
14960;78
15141;78
15328;78
15501;78
15669;78
15832;78
16023;78
16190;78
16353;78
16517;78
16673;78
16822;78
16964;78
17112;78
17247;78
17447;73
17582;73
17746;73
17902;73
18062;73
18196;73
18327;73
18468;73
18608;73
18830;72
19046;70
19205;70
19355;70
19483;70
19606;70
19723;70
19826;70
19949;70
20065;70
20256;69
20386;69
20508;69
20630;69
20774;69
20898;69
21001;69
21103;69
21201;69
21296;69
21399;69
21494;69
21611;69
21736;69
21859;69
21991;69
22120;69
22252;69
22391;69
22495;69
22598;69
22700;69
22795;69
22904;69
23001;69
23119;69
23239;69
23360;69
23487;69
23611;69
23737;69
23869;69
23981;69
24084;69
24182;69
24280;69
24382;69
24483;69
24602;69
24735;69
24873;69
25007;69
25140;69
25274;69
25410;69
25514;69
25612;69
25710;69
25812;69
25914;69
26039;69
26150;69
26259;69
26395;69
26522;69
26619;69
26733;69
26832;69
26964;69
27088;69
27215;69
27346;69
27474;69
27605;69
27736;69
27837;69
27936;69
28036;69
28136;69
28230;69
28329;69
28438;69
28564;69
28692;69
28820;69
28949;69
29073;69
29195;69
29304;69
29400;69
29500;69
29602;69
29710;69
29806;69
29912;69
30053;69
30172;69
30297;69
30423;69
30540;69
30669;69
30782;69
30893;69
30991;69
31087;69
31182;69
31276;69
31383;69
31524;69
31663;69
31791;69
31923;69
32135;69
32338;69
32449;69
32552;69
32652;69
32750;69
32854;69
32978;69
33108;69
33270;69
33440;69
33681;69
33884;69
34009;69
34111;69
34212;69
34348;69
34493;69
34660;69
34839;69
35032;69
35244;69
35422;69
35591;69
35746;69
35909;69
36096;69
36302;69
36523;69
36702;69
36904;69
37115;69
37294;69
37456;69
37579;69
37711;69
37837;69
37982;69
38105;69
38236;69
38361;69
38489;69
38608;69
38734;69
38859;69
38980;69
39106;69
39227;69
39348;69
39472;69
39600;69
39733;69
39855;69
39977;69
40101;69
40227;69
40353;69
40473;69
40573;69
40656;69
40745;69
40827;69
40918;69
41003;69
41085;69
41170;69
41256;69
41338;69
41421;69
41512;69
41598;69
41696;69
41780;69
41863;69
41950;69
42034;69
42126;69
42221;69
42327;69
42423;69
42521;69
42616;69
42717;69
42810;69
42903;69
42985;69
43067;69
43151;69
43235;69
43324;69
43409;69
43493;69
43577;69
43662;69
43747;69
43831;69
43921;69
44009;69
44092;69
44176;69
44266;69
44356;69
44441;69
44528;69
44613;69
44696;69
44781;69
44865;69
44949;69
45032;69
45122;69
45205;69
45288;69
45371;69
45454;69
45540;69
45623;69
45715;69
45799;69
45883;69
45966;69
46050;69
46133;69
46217;69
46310;69
46397;69
46482;69
46566;69
46650;69
46733;69
46817;69
46905;69
46988;69
47075;69
47159;69
47242;69
47326;69
47410;69
47506;69
47591;69
47679;69
47763;69
47847;69
47933;69
48051;69
48176;69
48299;69
48383;69
48467;69
48552;69
48641;69
48729;69
48815;69
48899;69
48984;69
49070;69
49154;69
49239;69
49330;69
49415;69
49508;69
49639;69
49761;69
49857;69
49957;69
50051;69
50161;69
50263;69
50377;69
50480;69
50581;69
50690;69
50807;69
50910;69
51009;69
51105;69
51203;69
51299;69
51396;69
51495;69
51591;69
51704;69
51802;69
51910;69
52004;69
52105;69
52200;69
52309;69
52408;69
52511;69
52605;69
52703;69
52798;69
52900;69
53003;69
53096;69
53201;69
53305;69
53403;69
53503;69
53603;69
53705;69
53809;69
53921;69
54017;69
54119;69
54224;69
54336;69
54445;69
54544;69
54657;69
54770;69
54867;69
54960;69
55059;69
55154;69
55247;69
55350;69
55446;69
55545;69
55645;69
55738;69
55838;69
55953;69
56052;69
56146;69
56243;69
56347;69
56448;69
56544;69
56642;69
56743;69
56836;69
56943;69
57038;69
57141;69
57238;69
57337;69
57440;69
57536;69
57637;69
57774;69
57923;69
58031;69
58129;69
58229;69
58334;69
58452;69
58578;69
58706;69
58834;69
58993;69
59140;69
59256;69
59402;69
59550;69
59681;69
59793;69
59927;69
60040;69
60149;69
60251;69
60361;69
60468;69
60581;69
60696;69
60810;69
60921;69
61032;69
61138;69
61242;69
61351;69
61458;69
61555;69
61662;69
61761;69
61882;69
61992;69
62100;69
62204;69
62305;69
62401;69
62533;69
62685;69
62798;69
62920;69
63030;69
63144;69
63250;69
63350;69
63458;69
63556;69
63660;69
63771;69
63877;69
63980;69
64079;69
64184;69
64290;69
64414;69
64588;69
64712;69
64828;69
64948;69
65041;69
65136;69
65237;69
65332;69
65437;69
65537;69
65659;69
65762;69
65876;69
65976;69
66076;69
66174;69
66272;69
66371;69
66469;69
66598;69
66696;69
66791;69
66889;69
66984;69
67095;69
67215;69
67311;69
67408;69
67516;69
67623;69
67734;69
67848;69
67955;69
68072;69
68204;69
68312;69
68417;69
68519;69
68648;69
68793;69
68897;69
69007;69
69101;69
69209;69
69310;69
69424;69
69545;69
69664;69
69771;69
69888;69
69998;69
70101;69
70207;69
70329;69
70431;69
70548;69
70682;69
70790;69
70917;69
71024;69
71138;69
71237;69
71343;69
71453;69
71561;69
71669;69
71778;69
71894;69
72014;69
72122;69
72236;69
72350;69
72447;69
72563;69
72701;69
72816;69
72917;69
73020;69
73135;69
73234;69
73346;69
73462;69
73566;69
73680;69
73777;69
73887;69
74000;69
74131;69
74245;69
74352;69
74448;69
74550;69
74679;69
74790;69
74890;69
74992;69
75099;69
75216;69
75317;69
75421;69
75534;69
75639;69
75735;69
75839;69
75940;69
76036;69
76136;69
76236;69
76336;69
76446;69
76544;69
76643;69
76747;69
76857;69
76955;69
77057;69
77154;69
77246;69
77341;69
77438;69
77535;69
77647;69
77749;69
77846;69
77946;69
78065;69
78177;69
78286;69
78384;69
78485;69
78586;69
78710;69
78813;69
78911;69
79018;69
79119;69
79221;69
79327;69
79431;69
79552;69
79656;69
79762;69
79862;69
79978;69
80085;69
80198;69
80303;69
80404;69
80503;69
80599;69
80732;69
80835;69
80952;69
81059;69
81167;69
81270;69
81362;69
81460;69
81561;69
81665;69
81761;69
81857;69
81952;69
82047;69
82148;69
82245;69
82339;69
82434;69
82526;69
82642;69
82751;69
82848;69
82950;69
83049;69
83155;69
83256;69
83358;69
83454;69
83552;69
83657;69
83755;69
83861;69
83969;69
84070;69
84166;69
84266;69
84362;69
84464;69
84565;69
84673;69
84771;69
84869;69
84963;69
85057;69
85160;69
85252;69
85350;69
85448;69
85543;69
85646;69
85765;69
85863;69
85960;69
86056;69
86152;69
86249;69
86349;69
86446;69
86542;69
86643;69
86747;69
86853;69
86954;69
87051;69
87151;69
87250;69
87353;69
87455;69
87562;69
87676;69
87775;69
87881;69
87995;69
88091;69
88199;69
88293;69
88395;69
88490;69
88592;69
88688;69
88808;69
88904;69
89004;69
89100;69
89197;69
89293;69
89393;69
89489;69
89590;69
89691;69
89785;69
89893;69
89994;69
90097;69
90194;69
90293;69
90395;69
90492;69
90601;69
90705;69
90809;69
90911;69
91007;69
91110;69
91214;69
91315;69
91412;69
91510;69
91611;69
91714;69
91819;69
91938;69
92035;69
92135;69
92230;69
92325;69
92431;69
92526;69
92626;69
92732;69
92831;69
92939;69
93037;69
93136;69
93253;69
93393;69
93509;69
93653;69
93757;69
93853;69
93955;69
94048;69
94150;69
94250;69
94346;69
94457;69
94556;69
94663;69
94772;69
94881;69
94990;69
95094;69
95188;69
95282;69
95387;69
95483;69
95583;69
95679;69
95780;69
95890;69
95992;69
96088;69
96184;69
96279;69
96377;69
96476;69
96594;69
96690;69
96788;69
96885;69
96981;69
97077;69
97178;69
97273;69
97367;69
97461;69
97565;69
97660;69
97762;69
97869;69
97970;69
98064;69
98172;69
98269;69
98374;69
98469;69
98563;69
98665;69
98760;69
98885;69
98992;69
99088;69
99189;69
99281;69
99374;69
99474;69
99578;69
99678;69
99773;69
99871;69
99967;69
100062;69
100165;69
100260;69
100354;69
100450;69
100544;69
100644;69
100748;69
100863;69
100983;69
101079;69
101181;69
101278;69
101386;69
101481;69
101582;69
101678;69
101778;69
101889;69
101985;69
102080;69
102174;69
102272;69
102366;69
102461;69
102562;69
102658;69
102765;69
102857;69
102978;69
103072;69
103176;69
103270;69
103366;69
103461;69
103556;69
103656;69
103753;69
103854;69
103948;69
104043;69
104142;69
104239;69
104338;69
104438;69
104539;69
104638;69
104733;69
104831;69
104956;69
105059;69
105156;69
105252;69
105354;69
105457;69
105566;69
105675;69
105774;69
105871;69
105976;69
106073;69
106177;69
106275;69
106378;69
106473;69
106575;69
106677;69
106778;69
106888;69
107006;69
107105;69
107204;69
107306;69
107414;69
107516;69
107612;69
107719;69
107816;69
107929;69
108034;69
108135;69
108232;69
108332;69
108426;69
108522;69
108629;69
108727;69
108826;69
108924;69
109047;69
109145;69
109243;69
109341;69
109436;69
109536;69
109634;69
109745;69
109860;69
109964;69
110063;69
110162;69
110260;69
110376;69
110487;69
110589;69
110694;69
110791;69
110911;69
111026;69
111129;69
111226;69
111321;69
111424;69
111517;69
111623;69
111721;69
111819;69
111912;69
112011;69
112109;69
112204;69
112305;69
112399;69
112492;69
112596;69
112696;69
112805;69
112912;69
113011;69
113112;69
113213;69
113312;69
113417;69
113522;69
113621;69
113731;69
113829;69
113938;69
114035;69
114138;69
114233;69
114334;69
114430;69
114532;69
114639;69
114742;69
114836;69
114929;69
115045;69
115154;69
115251;69
115349;69
115448;69
115544;69
115649;69
115753;69
115870;69
115968;69
116063;69
116164;69
116260;69
116358;69
116458;69
116554;69
116655;69
116751;69
116852;69
116961;69
117071;69
117175;69
117278;69
117374;69
117474;69
117578;69
117681;69
117821;69
117980;69
118101;69
118208;69
118304;69
118399;69
118498;69
118594;69
118695;69
118794;69
118906;69
119001;69
119103;69
119198;69
119289;69
119393;69
119486;69
119591;69
119698;69
119798;69
119902;69
120004;69
120099;69
120194;69
120293;69
120387;69
120482;69
120583;69
120691;69
120785;69
120881;69
120994;69
121093;69
121198;69
121295;69
121392;69
121485;69
121583;69
121684;69
121788;69
121899;69
121998;69
122094;69
122194;69
122289;69
122392;69
122489;69
122583;69
122689;69
122785;69
122895;69
123005;69
123111;69
123224;69
123317;69
123414;69
123512;69
123621;69
123719;69
123820;69
123917;69
124018;69
124118;69
124228;69
124326;69
124429;69
124528;69
124630;69
124734;69
124836;69
124942;69
125038;69
125149;69
125253;69
125352;69
125453;69
125547;69
125648;69
125756;69
125865;69
125969;69
126065;69
126164;69
126260;69
126356;69
126456;69
126555;69
126660;69
126755;69
126854;69
126953;69
127045;69
127149;69
127265;69
127361;69
127452;69
127550;69
127645;69
127737;69
127838;69
127938;69
128035;69
128130;69
128226;69
128336;69
128443;69
128537;69
128645;69
128743;69
128847;69
128957;69
129055;69
129151;69
129252;69
129346;69
129440;69
129546;69
129648;69
129750;69
129850;69
129949;69
130045;69
130144;69
130246;69
130341;69
130453;69
130553;69
130652;69
130748;69
130862;69
130964;69
131059;69
131151;69
131271;69
131371;69
131470;69
131574;69
131686;69
131787;69
131898;69
132001;69
132100;69
132196;69
132295;69
132395;69
132488;69
132595;69
132691;69
132790;69
132886;69
132983;69
133083;69
133192;69
133305;69
133405;69
133502;69
133604;69
133700;69
133808;69
133916;69
134013;69
134108;69
134206;69
134303;69
134411;69
134509;69
134612;69
134709;69
134804;69
134916;69
135021;69
135121;69
135229;69
135341;69
135438;69
135534;69
135642;69
135734;69
135830;69
135935;69
136031;69
136128;69
136229;69
136324;69
136420;69
136516;69
136615;69
136713;69
136815;69
136913;69
137011;69
137105;69
137197;69
137299;69
137398;69
137496;69
137596;69
137706;69
137800;69
