1080;81
1325;81
1590;81
1852;81
2101;81
2338;81
2577;81
2869;81
3104;81
3336;81
3587;81
3816;81
4041;81
4287;81
4579;81
4878;81
5166;81
5395;81
5633;81
5866;81
6095;81
6341;81
6602;81
6888;81
7113;81
7336;81
7566;81
7809;81
8035;81
8316;81
8586;81
8807;81
9029;81
9257;81
9497;81
9718;81
9929;81
10147;81
10357;81
10568;81
10772;81
10988;81
11185;81
11381;81
11577;81
11764;81
11951;81
12137;81
12331;81
12514;81
12684;81
12858;81
13026;81
13190;81
13349;81
13514;81
13667;81
13825;81
13984;81
14135;81
14276;81
14414;81
14552;81
14750;78
14878;78
15003;78
15182;76
15307;76
15437;76
15564;76
15729;74
15850;74
15965;74
16075;74
16189;74
16293;74
16398;74
16557;73
16658;73
16815;70
16916;70
17019;70
17117;70
17215;70
17310;70
17407;70
17504;70
17618;70
17740;70
17866;70
17958;70
18093;69
18188;69
18280;69
18369;69
18464;69
18559;69
18649;69
18743;69
18835;69
18931;69
19020;69
19110;69
19209;69
19324;69
19460;69
19608;69
19719;69
19822;69
19919;69
20029;69
20125;69
20222;69
20314;69
20404;69
20494;69
20587;69
20683;69
20779;69
20879;69
20967;69
21057;69
21145;69
21234;69
21324;69
21416;69
21514;69
21612;69
21704;69
21794;69
21887;69
21977;69
22067;69
22158;69
22258;69
22349;69
22440;69
22532;69
22624;69
22715;69
22806;69
22938;69
23087;69
23190;69
23280;69
23370;69
23502;69
23644;69
23750;69
23845;69
23969;69
24106;69
24223;69
24317;69
24417;69
24574;69
24699;69
24796;69
24887;69
24978;69
25068;69
25160;69
25251;69
25348;69
25462;69
25583;69
25685;69
25781;69
25875;69
25963;69
26055;69
26149;69
26248;69
26343;69
26438;69
26533;69
26622;69
26714;69
26805;69
26895;69
26989;69
27082;69
27173;69
27263;69
27354;69
27448;69
27538;69
27629;69
27764;69
27906;69
28010;69
28111;69
28220;69
28378;69
28492;69
28636;69
28778;69
28909;69
29006;69
29097;69
29191;69
29289;69
29386;69
29477;69
29581;69
29674;69
29764;69
29856;69
29944;69
30034;69
30124;69
30214;69
30308;69
30397;69
30487;69
30576;69
30668;69
30759;69
30853;69
30943;69
31035;69
31124;69
31215;69
31304;69
31399;69
31488;69
31588;69
31681;69
31771;69
31860;69
31951;69
32040;69
32131;69
32223;69
32331;69
32426;69
32519;69
32609;69
32700;69
32792;69
32880;69
32970;69
33061;69
33149;69
33237;69
33329;69
33470;69
33612;69
33753;69
33901;69
34027;69
34165;69
34309;69
34473;69
34572;69
34674;69
34767;69
34862;69
34952;69
35040;69
35130;69
35221;69
35310;69
35401;69
35498;69
35592;69
35682;69
35771;69
35859;69
35948;69
36040;69
36129;69
36219;69
36324;69
36422;69
36515;69
36604;69
36692;69
36780;69
36869;69
36961;69
37055;69
37146;69
37234;69
37324;69
37414;69
37502;69
37596;69
37692;69
37782;69
37872;69
37962;69
38053;69
38147;69
38237;69
38337;69
38441;69
38536;69
38633;69
38725;69
38817;69
38908;69
38999;69
39091;69
39182;69
39276;69
39367;69
39463;69
39560;69
39650;69
39742;69
39833;69
39939;69
40037;69
40136;69
40228;69
40325;69
40445;69
40560;69
40665;69
40757;69
40846;69
40937;69
41028;69
41116;69
41205;69
41292;69
41383;69
41474;69
41569;69
41666;69
41763;69
41854;69
41944;69
42032;69
42124;69
42215;69
42304;69
42400;69
42491;69
42586;69
42679;69
42773;69
42867;69
42958;69
43051;69
43154;69
43247;69
43342;69
43479;69
43621;69
43720;69
43811;69
43910;69
44020;69
44111;69
44201;69
44289;69
44382;69
44470;69
44592;69
44728;69
44877;69
45026;69
45150;69
45276;69
45414;69
45560;69
45690;69
45810;69
45941;69
46052;69
46171;69
46311;69
46499;69
46655;69
46832;69
46927;69
47017;69
47110;69
47254;69
47347;69
47440;69
47535;69
47692;69
47869;69
48024;69
48170;69
48309;69
48417;69
48509;69
48599;69
48692;69
48783;69
48874;69
49031;69
49138;69
49269;69
49369;69
49470;69
49565;69
49655;69
49747;69
49839;69
49936;69
50044;69
50182;69
50337;69
50509;69
50660;69
50795;69
50906;69
51003;69
51145;69
51280;69
51442;69
51597;69
51778;69
51889;69
51983;69
52080;69
52193;69
52290;69
52386;69
52494;69
52603;69
52705;69
52797;69
52885;69
52982;69
53098;69
53215;69
53308;69
53401;69
53489;69
53580;69
53671;69
53759;69
53848;69
53935;69
54033;69
54124;69
54214;69
54325;69
54441;69
54567;69
54660;69
54749;69
54840;69
54929;69
55021;69
55110;69
55200;69
55291;69
55394;69
55487;69
55600;69
55699;69
55793;69
55887;69
55979;69
56079;69
56168;69
56259;69
56352;69
56444;69
56556;69
56655;69
56746;69
56837;69
56927;69
57018;69
57114;69
57211;69
57303;69
57392;69
57483;69
57575;69
57668;69
57758;69
57852;69
57941;69
58035;69
58125;69
58217;69
58310;69
58404;69
58497;69
58610;69
58706;69
58796;69
58886;69
58978;69
59071;69
59161;69
59251;69
59342;69
59441;69
59537;69
59627;69
59723;69
59853;69
59968;69
60060;69
60155;69
60250;69
60342;69
60433;69
60534;69
60640;69
60731;69
60822;69
60909;69
60998;69
61087;69
61213;69
61376;69
61491;69
61587;69
61678;69
61770;69
61862;69
61953;69
62046;69
62136;69
62229;69
62322;69
62413;69
62505;69
62620;69
62710;69
62799;69
62893;69
62984;69
63073;69
63161;69
63259;69
63352;69
63442;69
63538;69
63628;69
63718;69
63809;69
63898;69
63994;69
64082;69
64172;69
64264;69
64352;69
64441;69
64539;69
64682;69
64808;69
64902;69
64994;69
65087;69
65177;69
65265;69
65354;69
65448;69
65543;69
65633;69
65729;69
65819;69
65910;69
66004;69
66098;69
66189;69
66280;69
66378;69
66470;69
66568;69
66672;69
66762;69
66853;69
66947;69
67036;69
67125;69
67214;69
67305;69
67398;69
67487;69
67586;69
67682;69
67772;69
67863;69
67961;69
68051;69
68139;69
68228;69
68320;69
68408;69
68498;69
68588;69
68683;69
68771;69
68862;69
68950;69
69038;69
69127;69
69215;69
69333;69
69438;69
69534;69
69627;69
69718;69
69808;69
69897;69
69988;69
70082;69
70173;69
70261;69
70351;69
70441;69
70532;69
70625;69
70734;69
70823;69
70914;69
71005;69
71098;69
71189;69
71279;69
71389;69
71481;69
71573;69
71666;69
71798;69
71912;69
72001;69
72105;69
72226;69
72365;69
72489;69
72582;69
72687;69
72788;69
72879;69
72969;69
73059;69
73158;69
73249;69
73340;69
73430;69
73524;69
73637;69
73745;69
73841;69
73935;69
74032;69
74125;69
74217;69
74308;69
74397;69
74513;69
74641;69
74761;69
74850;69
74940;69
75030;69
75120;69
75208;69
75300;69
75390;69
75482;69
75582;69
75675;69
75766;69
75855;69
75945;69
76057;69
76213;69
76350;69
76503;69
76641;69
76741;69
76832;69
76920;69
77011;69
77117;69
77209;69
77304;69
77430;69
77532;69
77659;69
77801;69
77960;69
78116;69
78238;69
78334;69
78426;69
78520;69
78616;69
78754;69
78855;69
78947;69
79039;69
79130;69
79285;69
79418;69
79554;69
79714;69
79848;69
80026;69
80191;69
80290;69
80442;69
80573;69
80667;69
80766;69
80902;69
81042;69
81138;69
81231;69
81323;69
81467;69
81633;69
81781;69
81940;69
82075;69
82168;69
82260;69
82349;69
82442;69
82542;69
82638;69
82728;69
82843;69
82934;69
83082;69
83233;69
83388;69
83542;69
83640;69
83733;69
83829;69
83921;69
84035;69
84132;69
84223;69
84311;69
84401;69
84492;69
84586;69
84676;69
84771;69
84872;69
84966;69
85068;69
85209;69
85388;69
85574;69
85683;69
85776;69
85869;69
85961;69
86051;69
86141;69
86235;69
86327;69
86433;69
86527;69
86619;69
86707;69
86801;69
86891;69
86979;69
87068;69
87155;69
87244;69
87332;69
87419;69
87511;69
87607;69
87697;69
87786;69
87875;69
87975;69
88066;69
88157;69
88246;69
88332;69
88423;69
88519;69
88652;69
88754;69
88858;69
88955;69
89043;69
89156;69
89267;69
89359;69
89463;69
89559;69
89649;69
89744;69
89834;69
89929;69
90066;69
90183;69
90291;69
90419;69
90556;69
90706;69
90821;69
90982;69
91169;69
91349;69
91545;69
91728;69
91892;69
92069;69
92231;69
92395;69
92539;69
92721;69
92867;69
93025;69
93164;69
93300;69
93483;69
93657;69
93832;69
93964;69
94127;69
94278;69
94375;69
94478;69
94575;69
94666;69
94756;69
94846;69
94943;69
95035;69
95127;69
95217;69
95308;69
95397;69
95490;69
95586;69
95679;69
95774;69
95864;69
95955;69
96044;69
96131;69
96219;69
96309;69
96405;69
96496;69
96587;69
96676;69
96766;69
96856;69
96950;69
97040;69
97132;69
97239;69
97367;69
97529;69
97681;69
97845;69
97958;69
98057;69
98153;69
98245;69
98333;69
98422;69
98523;69
98622;69
98749;69
98861;69
98976;69
99083;69
99178;69
99310;69
99472;69
99621;69
99812;69
99965;69
100116;69
100262;69
100456;69
100619;69
100717;69
100810;69
100901;69
101003;69
101095;69
101184;69
101274;69
101367;69
101457;69
101550;69
101640;69
101731;69
101823;69
101924;69
102020;69
102110;69
102197;69
102335;69
102500;69
102651;69
102745;69
102837;69
102928;69
103023;69
103115;69
103224;69
103374;69
103572;69
103735;69
103895;69
104108;69
104333;69
104438;69
104532;69
104625;69
104728;69
104906;69
105120;69
105293;69
105415;69
105524;69
105618;69
105708;69
105799;69
105890;69
105981;69
106071;69
106161;69
106250;69
106343;69
106432;69
106523;69
106620;69
106717;69
106809;69
106899;69
106989;69
107100;69
107192;69
107285;69
107374;69
107465;69
107558;69
107651;69
107743;69
107832;69
107923;69
108013;69
108107;69
108252;69
108441;69
108632;69
108823;69
109009;69
109145;69
109248;69
109381;69
109480;69
109577;69
109671;69
109801;69
109970;69
110171;69
110405;69
110540;69
110642;69
110732;69
110826;69
110955;69
111109;69
111234;69
111463;69
111689;69
111800;69
111891;69
111982;69
112072;69
112164;69
112291;69
112389;69
112516;69
112666;69
112787;69
112879;69
112972;69
113066;69
113175;69
113288;69
113420;69
113539;69
113636;69
113731;69
113825;69
113949;69
114096;69
114224;69
114337;69
114429;69
114583;69
114760;69
114908;69
115007;69
115157;69
115309;69
115403;69
115494;69
115609;69
115700;69
115793;69
115897;69
115994;69
116087;69
116221;69
116369;69
116473;69
116575;69
116674;69
116766;69
116857;69
116947;69
117040;69
117132;69
117229;69
117322;69
117420;69
117518;69
117619;69
117706;69
117796;69
117885;69
117977;69
118067;69
118156;69
118246;69
118339;69
118430;69
118525;69
118617;69
118710;69
118802;69
118894;69
118993;69
119088;69
119182;69
119278;69
119375;69
119470;69
119569;69
119662;69
119765;69
119945;69
120143;69
120308;69
120402;69
120521;69
120622;69
120716;69
120835;69
120985;69
121148;69
121336;69
121529;69
121657;69
121761;69
121853;69
121969;69
122133;69
122279;69
122440;69
122609;69
122817;69
123027;69
123318;69
123547;69
123734;69
123928;69
124124;69
124313;69
124548;69
124735;69
124925;69
125130;69
125346;69
125590;69
125797;69
126012;69
126219;69
126423;69
126640;69
126853;69
127061;69
127284;69
127588;69
127813;69
127921;69
128013;69
128144;69
128297;69
128496;69
128664;69
128771;69
128868;69
129023;69
129202;69
129445;69
129617;69
129710;69
129803;69
129903;69
130073;69
130226;69
130403;69
130571;69
130684;69
130930;69
131175;69
131301;69
131397;69
131505;69
131599;69
131750;69
131900;69
132075;69
132257;69
132365;69
132460;69
132555;69
132649;69
132760;69
132931;69
133160;69
133382;69
133501;69
133593;69
133720;69
133890;69
134088;69
134339;69
134535;69
134645;69
134741;69
134834;69
134925;69
135016;69
135108;69
135197;69
135290;69
135383;69
135478;69
135573;69
135664;69
135754;69
135848;69
135937;69
136027;69
136121;69
136219;69
136312;69
136402;69
136496;69
136590;69
136680;69
136772;69
136862;69
136955;69
137046;69
137142;69
137233;69
137327;69
137419;69
137535;69
137675;69
137779;69
137916;69
138060;69
138169;69
138260;69
138351;69
138447;69
138540;69
138630;69
138718;69
138812;69
138902;69
138995;69
139089;69
139183;69
139279;69
139379;69
139478;69
139578;69
139678;69
139776;69
139886;69
139981;69
140075;69
