240;2219
417;2065
563;2065
672;1976
761;1890
847;1723
922;1598
988;1598
1085;1561
1231;1507
1343;1445
1446;1390
1516;1356
1581;1295
1690;1185
1820;1164
1938;1076
2076;1076
2191;998
2298;910
2380;910
2443;910
2517;857
2601;684
2703;614
2772;614
2837;614
2902;614
2962;614
3015;614
3078;614
3143;614
3206;614
3261;614
3324;614
3378;523
3439;523
3493;523
3547;523
3599;523
3655;430
3712;427
3772;393
3826;393
3882;393
3958;393
4036;393
4116;393
4210;376
4304;376
4385;376
4463;376
4540;345
4628;345
4683;345
4738;345
4795;279
4853;279
4912;279
4989;279
5076;279
5154;279
5238;279
5318;279
5398;279
5482;279
5560;279
5620;279
5677;279
5732;279
5789;279
5847;279
5904;279
5971;279
6025;279
6080;279
6133;279
6187;279
6243;279
6298;279
6353;279
6406;279
6462;268
6537;268
6620;268
6705;268
6797;268
6878;232
6956;232
7043;232
7131;232
7212;232
7296;232
7381;232
7458;232
7534;232
7609;232
7688;232
7777;232
7837;232
7892;232
7946;232
8000;232
8054;232
8107;191
8165;191
8220;129
8274;129
8329;129
8384;129
8442;97
8504;97
8565;96
8623;96
8677;96
8734;96
8788;96
8847;96
8904;95
8961;95
9015;95
9072;95
9127;95
9195;95
9245;95
9302;95
9356;92
9410;92
9462;92
9517;92
9573;92
9627;92
9681;92
9733;92
9786;92
9841;92
9895;92
9950;92
10005;92
10061;92
10116;92
10172;92
10227;92
10285;92
10340;92
10398;92
10454;92
10511;92
10567;92
10633;78
10685;78
10739;78
10795;78
10849;78
10902;78
10954;78
11008;78
11067;78
11120;78
11172;78
11229;78
11287;78
11342;78
11399;78
11454;78
11509;78
11565;78
11619;78
11675;78
11730;78
11785;78
11840;78
11896;78
11953;78
12011;78
12067;78
12120;78
12174;78
12226;78
12281;78
12334;78
12390;78
12444;78
12499;78
12551;78
12606;78
12660;78
12719;78
12775;78
12829;78
12883;78
12939;78
12994;78
13054;78
13111;78
13166;78
13221;78
13277;78
13333;78
13386;78
13438;78
13494;78
13551;78
13603;78
13656;78
13715;78
13767;78
13829;78
13906;78
13989;78
14073;78
14164;78
14246;78
14330;79
14413;79
14498;79
14575;79
14630;79
14685;79
14742;79
14796;79
14854;79
14909;79
14963;79
15043;79
15096;79
15149;79
15204;79
15260;79
15314;79
15371;79
15424;79
15483;79
15537;79
15592;79
15649;79
15709;79
15768;79
15830;79
15887;79
15943;79
16000;79
16067;79
16120;79
16173;79
16229;79
16289;84
16343;84
16399;84
16451;83
16504;83
16577;83
16631;83
16686;83
16741;83
16797;83
16853;83
16907;83
16969;83
17025;83
17085;83
17143;83
17203;83
17262;83
17315;83
17369;83
17426;78
17480;78
17538;78
17589;78
17642;78
17696;78
17749;78
17801;78
17861;78
17916;78
17970;78
18027;78
18100;78
18159;78
18215;78
18270;78
18333;78
18400;78
18453;78
18505;78
18559;78
18612;78
18667;78
18720;78
18774;78
18827;78
18880;78
18931;78
18985;78
19042;78
19099;78
19155;78
19210;78
19263;78
19317;78
19372;78
19428;78
19483;78
19537;78
19591;78
19662;78
19719;78
19774;78
19826;78
19878;78
19931;78
19983;78
20037;78
20094;78
20148;78
20202;78
20256;78
20311;78
20368;78
20427;78
20485;78
20541;78
20596;78
20652;78
20705;78
20757;78
20810;78
20863;78
20915;78
20971;78
21026;78
21082;78
21139;78
21213;78
21270;78
21326;78
21385;78
21443;79
21496;79
21548;79
21601;79
21654;79
21707;79
21760;79
21812;79
21872;79
21925;79
21977;79
22033;79
22088;79
22143;79
22197;79
22261;79
22312;79
22365;79
22419;79
22472;79
22524;79
22576;79
22629;79
22682;79
22755;79
22808;79
22860;79
22918;79
22973;79
23030;79
23084;79
23143;79
23196;79
23248;78
23302;78
23356;78
23410;78
23464;78
23517;78
23569;78
23625;78
23678;78
23732;78
23788;78
23849;78
23911;78
23970;78
24025;78
24081;78
24133;78
24188;78
24251;78
24315;78
24371;78
24424;78
24477;78
24530;78
24584;78
24637;78
24694;78
24757;78
24810;78
24863;78
24917;78
24970;78
25023;78
25077;78
25132;78
25186;78
25242;78
25294;78
25348;78
25406;78
25460;78
25518;78
25572;78
25624;78
25676;78
25728;78
25782;78
25845;78
25898;78
25954;78
26005;78
26058;78
26111;78
26164;78
26225;78
26309;78
26411;78
26490;78
26545;78
26600;78
26654;78
26708;78
26760;78
26813;78
26867;78
26921;78
26980;78
27033;78
27087;78
27138;78
27190;78
27246;78
27298;78
27353;78
27410;78
27465;78
27517;78
27569;78
27629;78
27681;78
27733;78
27785;78
27839;78
27891;78
27944;78
28000;78
28054;78
28108;78
28164;78
28226;78
28278;78
28332;78
28386;78
28441;78
28494;78
28550;78
28602;78
28656;78
28709;78
28761;78
28820;78
28876;78
28930;78
28985;79
29040;79
29092;79
29144;79
29196;79
29248;79
29302;79
29354;78
29413;78
29467;78
29521;78
29573;78
29625;78
29680;78
29732;78
29786;78
29838;78
29890;78
29950;78
30005;78
30059;78
30111;78
30164;78
30218;78
30270;78
30323;78
30377;78
30437;78
30493;78
30545;78
30597;78
30651;78
30711;78
30763;78
30815;78
30867;78
30927;78
30979;78
31033;78
31085;78
31138;78
31192;78
31251;78
31305;78
31358;78
31414;78
31466;78
31517;78
31569;78
31625;78
31677;78
31730;78
31782;78
31844;78
31898;78
31955;78
32011;78
32064;78
32117;78
32171;78
32223;78
32281;78
32334;78
32388;78
32440;78
32493;78
32546;78
32599;78
32660;78
32710;78
32763;78
32818;78
32874;78
32927;78
32980;78
33036;78
33091;78
33145;78
33201;78
33254;78
33306;78
33362;78
33421;78
33478;78
33531;78
33590;78
33644;78
33697;78
33752;80
33815;80
33866;80
33921;80
33974;80
34030;80
34092;80
34149;80
34200;80
34252;80
34307;80
34358;80
34411;80
34464;80
34517;80
34574;80
34633;80
34687;80
34742;80
34794;80
34847;80
34901;80
34954;80
35016;80
35072;80
35124;80
35176;80
35233;80
35287;80
35340;80
35397;80
35451;78
35520;78
35603;78
35680;78
35738;78
35791;78
35844;78
35909;78
35961;78
36014;78
36072;78
36123;78
36175;78
36227;78
36281;78
36336;78
36391;78
36445;78
36520;78
36573;78
36626;78
36678;78
36730;78
36783;78
36835;78
36888;78
36941;78
36993;78
37048;78
37101;78
37158;78
37212;78
37267;78
37321;78
37379;78
37432;78
37498;78
37551;78
37610;78
37663;78
37717;78
37772;78
37826;78
37878;78
37932;78
37987;78
38040;78
38095;78
38155;78
38211;78
38266;78
38319;78
38373;78
38429;78
38486;78
38563;78
38634;78
38689;78
38741;78
38793;78
38845;78
38898;78
38950;78
39003;78
39056;78
39108;78
39162;78
39216;78
39271;78
39327;78
39380;78
39438;78
39491;78
39546;78
39603;78
39658;78
39725;78
39780;78
39834;78
39886;78
39938;78
39993;78
40048;78
40100;78
40152;78
40206;78
40258;78
40311;78
40374;80
40431;80
40487;80
40540;80
40593;80
40648;80
40701;80
40755;80
40811;80
40878;80
40957;80
41033;80
41114;80
41186;80
41240;80
41292;80
41344;80
41396;80
41448;80
41501;80
41553;80
41605;80
41658;80
41712;80
41773;80
41828;80
41881;80
41941;80
41997;80
42051;80
42107;80
42163;80
42218;80
42273;80
42327;80
42382;80
42444;80
42517;80
42571;80
42625;80
42696;80
42749;80
42803;80
42855;80
42907;80
42961;80
43013;80
43068;80
43122;80
43178;80
43235;80
43288;80
43344;80
43397;80
43450;80
43506;80
43561;80
43616;80
43669;80
43723;80
43780;80
43834;80
43895;80
43970;80
44024;80
44077;80
44129;80
44196;80
44254;80
44309;80
44361;80
44411;80
44463;80
44515;80
44568;80
44623;80
44685;80
44741;80
44798;78
44853;78
44907;78
44966;78
45023;78
45078;78
45132;78
45186;78
45240;78
45304;78
45355;78
45412;78
45464;78
45516;78
45569;78
45622;78
45675;78
45742;78
45800;78
45853;78
45906;78
45959;78
46013;78
46067;78
46120;78
46173;78
46227;78
46280;78
46334;78
46388;78
46443;78
46501;78
46554;78
46613;78
46667;78
46721;78
46774;78
46828;78
46882;78
46935;78
46988;78
47041;78
47096;78
47148;78
47203;78
47261;78
47330;78
47387;78
47440;78
47494;78
47550;78
47606;78
47660;78
47716;78
47769;78
47828;78
47880;78
47935;78
47987;78
48040;78
48096;78
48153;78
48212;78
48263;78
48318;78
48373;78
48428;78
48482;78
48535;78
48589;78
48641;78
48696;78
48750;78
48823;78
48886;78
48940;78
49011;78
49064;78
49115;78
49169;78
49221;78
49273;78
49326;78
49379;78
49431;78
49482;78
49535;78
49589;78
49642;78
49696;78
49750;78
49815;78
49874;78
49930;78
49985;78
50042;78
50099;78
50150;78
50204;78
50256;78
50311;78
50370;78
50425;78
50479;78
50530;78
50582;78
50635;78
50689;78
50750;78
50804;78
50857;78
50912;78
50968;78
51021;78
51077;78
51135;78
51189;78
51241;78
51292;78
51345;78
51399;78
51454;78
51508;78
51563;78
51618;78
51670;78
51724;78
51778;78
51839;78
51896;78
51955;78
52009;78
52068;78
52131;78
52184;78
52236;78
52288;78
52342;78
52394;78
52448;78
52499;78
52553;78
52605;78
52657;78
52713;78
52768;78
52821;78
52879;78
52936;78
52990;78
53054;78
53105;78
53157;78
53210;78
53263;78
53316;78
53369;78
53426;78
53479;78
53531;78
53584;78
53639;78
53693;78
53750;78
53803;78
53858;78
53913;78
53974;78
54031;78
54083;78
54138;78
54190;78
54244;78
54303;78
54357;78
54413;78
54468;78
54521;78
54574;78
54628;78
54682;78
54736;78
54793;78
54852;78
54905;78
54961;78
55013;78
55074;78
55130;78
55185;78
55239;78
55290;78
55343;78
55396;78
55451;78
55504;78
55557;78
55613;78
55669;78
55722;78
55774;78
55830;78
55885;78
55937;78
55990;78
56045;78
56096;78
56148;78
56201;78
56255;78
56312;78
56367;78
56429;78
56481;78
56538;78
56590;78
56645;78
56696;78
56751;78
56804;78
56857;78
56909;78
56960;78
57012;78
57066;78
57119;78
57181;78
57233;78
57288;78
57340;78
57393;78
57447;78
57499;78
57550;78
57603;78
57655;78
57707;78
57760;78
57813;78
57876;78
57927;78
57979;78
58034;78
58087;78
58146;78
58199;78
58252;78
58305;78
58357;78
58412;79
58464;79
58518;79
58573;79
58626;79
58678;79
58730;79
58784;79
58836;79
58888;79
58944;79
58997;79
59052;79
59105;79
59160;79
59216;79
59269;79
59325;79
59378;79
59431;79
59482;79
59536;79
59592;79
59644;79
59697;79
59749;79
59811;79
59863;79
59915;79
59967;79
60019;79
60073;79
60125;79
60178;79
60230;79
60282;79
60334;79
60395;79
60447;79
60501;79
60552;79
60605;79
60658;79
60710;79
60762;79
60814;79
60870;79
60924;79
60980;79
61033;79
61105;79
61159;79
61211;79
61263;79
61315;79
61367;79
61419;79
61471;79
61530;79
61582;79
61633;79
61685;79
61741;79
61795;79
61848;79
61901;79
61954;79
62012;79
62064;79
62117;79
62170;79
62225;79
62277;78
62328;78
62381;78
62434;78
62487;78
62545;78
62598;78
62670;78
62723;78
62776;78
62829;78
62881;78
62933;78
62995;78
63048;78
63103;78
63157;78
63210;78
63261;78
63314;78
63366;78
63418;78
63471;78
63524;78
63582;78
63634;78
63686;78
63739;78
63791;78
63844;78
63897;78
63949;78
64002;78
64056;78
64108;78
64177;78
64237;78
64293;78
64347;78
64401;78
64456;78
64507;78
64560;78
64613;78
64667;78
64720;78
64775;78
64827;78
64881;78
64936;78
64988;78
65042;78
65095;78
65146;78
65198;78
65251;78
65304;78
65357;78
65413;78
65465;78
65525;78
65576;78
65629;78
65681;78
65736;78
65788;78
65841;78
65896;78
65948;78
66004;78
66060;78
66123;78
66177;78
66228;78
66281;78
66332;78
66385;78
66437;78
66492;78
66546;78
66600;78
66652;78
66712;78
66766;78
66819;78
66873;78
66925;78
66978;78
67035;78
67091;78
67144;78
67198;78
67254;78
67308;78
67374;78
67425;78
67478;78
67531;78
67583;78
67635;78
67691;78
67743;78
67795;78
67847;78
67899;78
67951;78
68006;78
68064;78
68118;78
68181;78
68238;78
68290;78
68346;78
68399;78
68454;78
68508;78
68562;78
68614;78
68666;78
68718;78
68773;78
68829;78
68883;78
68938;78
69000;78
69054;78
69108;78
69164;78
69215;78
69268;78
69319;78
69373;78
69425;78
69481;78
69533;78
69585;78
69641;78
69695;78
69756;78
69811;78
69865;78
69917;78
69971;78
70025;78
70077;78
70129;78
70186;78
70241;78
70294;78
70349;78
70400;78
70463;78
70514;78
70567;78
70620;78
70673;78
70726;78
70780;78
70831;78
70884;78
70939;78
70995;78
71048;78
71102;78
71160;78
71214;78
71265;78
71319;78
71370;78
71422;78
71475;78
71528;78
71580;78
71632;78
71684;78
71736;78
71797;78
71849;78
71902;78
71955;78
72007;78
72062;78
72115;78
72173;78
72225;78
72277;78
72330;78
72386;78
72448;78
72505;78
72557;78
72612;78
72664;78
72717;78
72769;78
72820;78
72871;78
72926;78
72979;78
73039;78
73091;78
73143;78
73196;78
73250;78
73302;78
73358;78
73412;78
73463;78
73515;78
73575;78
73627;78
73678;78
73731;78
73783;78
73836;78
73893;78
73947;78
73999;78
74052;78
74114;78
74164;78
74217;78
74270;78
74322;78
74377;78
74430;78
74484;78
74537;78
74590;78
74648;78
74703;78
74755;78
74807;78
74860;78
74915;78
74967;78
75024;78
75087;78
75150;78
75204;78
75257;78
75312;78
75364;78
75417;78
75468;78
75521;78
75572;78
75632;78
75682;78
75735;78
75791;78
