141;261
231;261
289;261
362;261
444;261
496;261
555;261
601;261
663;261
701;261
740;261
782;261
835;261
904;261
958;260
1012;260
1048;260
1085;260
1126;260
1164;260
1199;260
1247;260
1306;260
1348;260
1393;260
1458;260
1502;260
1544;260
1595;260
1644;260
1690;260
1753;260
1807;260
1858;260
1910;260
1961;260
2019;260
2058;260
2094;260
2130;260
2172;260
2208;260
2244;260
2280;260
2320;260
2356;260
2394;260
2434;260
2471;260
2506;260
2544;260
2586;260
2623;260
2661;260
2698;260
2735;260
2775;260
2827;260
2870;260
2905;260
2940;260
2973;260
3011;260
3045;260
3076;260
3109;260
3156;261
3204;261
3253;261
3301;261
3350;261
3397;262
3454;262
3507;262
3555;262
3588;262
3621;262
3657;262
3690;262
3722;261
3758;261
3791;261
3824;261
3858;261
3891;261
3928;261
3965;261
3998;261
4037;261
4071;261
4106;261
4139;261
4171;261
4205;261
4237;261
4275;261
4308;261
4352;261
4384;261
4414;261
4447;261
4479;261
4515;261
4547;261
4581;261
4616;261
4648;261
4682;261
4715;262
4759;262
4794;262
4830;262
4862;262
4901;262
4934;262
4970;262
5004;262
5040;262
5072;262
5107;262
5138;263
5179;263
5227;263
5276;263
5327;263
5375;263
5426;263
5474;263
5521;263
5577;263
5631;263
5681;263
5728;263
5775;263
5828;263
5865;263
5897;263
5933;263
5967;263
6002;263
6035;263
6064;263
6095;263
6130;263
6165;263
6196;263
6232;263
6264;263
6298;262
6330;262
6362;262
6395;262
6429;262
6462;262
6494;262
6530;258
6564;258
6596;258
6630;258
6663;258
6699;258
6731;258
6762;258
6795;258
6827;258
6864;258
6897;258
6929;258
6959;258
6992;258
7024;258
7058;258
7101;258
7135;258
7166;258
7199;258
7233;258
7268;258
7303;258
7334;258
7366;258
7405;258
7445;258
7478;258
7514;258
7546;258
7577;258
7607;258
7641;258
7674;258
7711;258
7743;258
7780;258
7819;258
7856;258
7892;258
7925;258
7958;258
7991;258
8024;258
8057;258
8093;258
8126;258
8159;258
8197;258
8233;258
8265;258
8298;258
8338;258
8380;258
8416;258
8448;258
8484;258
8524;258
8557;258
8593;258
8624;258
8658;258
8693;258
8727;258
8760;258
8793;258
8842;258
8880;258
8919;258
8952;259
8987;259
9020;259
9053;259
9089;259
9120;259
9155;259
9194;259
9228;259
9262;259
9297;259
9328;259
9361;259
9401;259
9433;259
9474;259
9507;259
9538;259
9571;259
9609;259
9640;259
9683;259
9717;259
9759;259
9792;259
9829;259
9861;259
9894;258
9930;258
9964;258
10001;258
10035;258
10071;258
10103;258
10135;258
10167;258
10204;258
10236;258
10274;258
10308;258
10351;257
10386;257
10417;257
10455;257
10490;257
10522;257
10561;257
10593;257
10629;257
10662;257
10695;257
10728;257
10762;257
10799;257
10832;257
10864;257
10897;257
10933;257
10973;257
11011;257
11042;257
11086;257
11130;257
11163;257
11199;257
11230;257
11261;257
11297;257
11331;257
11367;257
11403;257
11439;257
11475;257
11508;257
11541;257
11575;257
11618;257
11653;257
11686;257
11715;257
11748;257
11781;257
11818;257
11852;257
11884;257
11919;258
11952;258
11987;258
12022;258
12055;258
12096;258
12133;258
12166;258
12199;258
12240;258
12277;258
12309;258
12342;258
12377;258
12408;258
12441;258
12474;258
12508;258
12540;258
12571;258
12603;258
12636;258
12668;258
12699;258
12731;258
12763;258
12798;258
12834;258
12866;258
12897;258
12930;258
12962;258
12994;258
13037;258
13070;258
13103;258
13136;258
13168;258
13201;258
13236;258
13268;258
13302;258
13335;258
13368;260
13409;260
13441;260
13475;260
13509;260
13542;260
13574;260
13607;260
13642;260
13673;260
13707;260
13743;260
13776;259
13809;259
13845;259
13880;259
13912;259
13948;259
13982;257
14015;257
14047;257
14082;257
14115;257
14147;257
14180;257
14224;257
14256;257
14288;257
14320;257
14356;257
14394;257
14434;257
14467;257
14503;257
14536;257
14570;257
14605;257
14637;257
14678;257
14711;257
14743;257
14775;257
14807;257
14853;257
14890;257
14927;257
14960;257
14993;257
15025;257
15060;257
15093;257
15126;257
15160;257
15193;257
15225;257
15268;257
15302;257
15335;257
15369;257
15403;257
15435;257
15471;257
15503;257
15538;257
15575;257
15608;257
15644;257
15677;257
15709;257
15741;257
15774;257
15806;257
15840;257
15872;257
15903;257
15935;257
15968;257
16000;257
16032;257
16075;257
16113;257
16153;257
16192;257
16224;257
16256;257
16292;257
16323;257
16355;257
16388;257
16420;257
16459;257
16494;257
16527;257
16558;257
16599;257
16632;257
16667;257
16699;257
16741;257
16774;257
16811;257
16845;257
16877;257
16912;257
16944;257
16976;257
17007;257
17039;257
17074;257
17107;257
17142;257
17175;257
17210;257
17243;257
17278;257
17315;257
17350;257
17386;257
17419;257
17452;257
17487;257
17519;257
17556;257
17591;257
17623;257
17655;257
17687;257
17721;257
17757;257
17791;257
17829;257
17861;257
17892;257
17926;257
17961;257
17995;257
18028;257
18059;257
18096;257
18129;257
18162;257
18195;257
18227;257
18258;256
18290;256
18324;256
18357;256
18389;256
18421;256
18455;256
18487;256
18521;256
18553;256
18585;256
18618;256
18652;256
18689;258
18725;258
18763;258
18804;258
18845;258
18881;258
18917;258
18951;258
18985;258
19021;258
19056;258
19091;258
19131;258
19170;258
19211;258
19248;258
19284;258
19318;258
19365;258
19413;258
19452;258
19493;258
19539;258
19577;258
19619;258
19657;258
19694;258
19736;258
19772;258
19807;258
19841;258
19879;258
19922;258
19959;260
19994;260
20028;260
20065;260
20096;260
20130;260
20166;260
20202;260
20245;260
20278;260
20316;260
20348;260
20381;260
20413;260
20453;260
20490;260
20525;260
20558;260
20591;260
20627;260
20660;260
20698;260
20731;260
20765;260
20798;260
20837;261
20878;261
20913;261
20951;261
20984;261
21016;260
21050;260
21088;260
21127;260
21158;260
21196;260
21229;260
21261;260
21294;260
21333;260
21374;260
21408;260
21443;260
21476;260
21509;260
21541;260
21578;260
21610;260
21647;261
21686;261
21717;261
21753;261
21790;261
21827;261
21879;261
21947;261
21981;261
22012;261
22047;261
22081;261
22117;261
22156;261
22192;261
22227;261
22265;261
22302;261
22336;261
22366;261
22401;261
22434;261
22467;261
22500;261
22532;261
22568;261
22600;262
22632;262
22671;262
22706;262
22743;262
22773;262
22805;262
22841;262
22875;262
22907;262
22938;262
22971;262
23006;262
23038;262
23071;262
23102;261
23134;261
23165;261
23197;261
23233;261
23269;261
23303;261
23362;261
23394;261
23425;261
23459;261
23494;261
23528;261
23565;261
23597;261
23631;261
23669;261
23707;261
23743;261
23775;261
23812;261
23845;261
23885;261
23918;261
23949;261
23984;261
24021;261
24055;261
24085;261
24119;261
24154;261
24189;261
24221;261
24255;261
24288;261
24318;261
24351;261
24386;261
24419;261
24451;261
24485;261
24514;261
24550;261
24582;261
24615;261
24656;261
24695;261
24729;261
24760;261
24802;261
24852;261
24884;261
24920;261
24952;261
24987;261
25017;261
25052;261
25089;261
25121;261
25154;261
25186;261
25221;261
25253;261
25289;261
25323;261
25356;261
25393;261
25426;261
25459;261
25491;261
25524;261
25556;261
25591;261
25623;261
25658;261
25690;261
25722;261
25754;261
25791;261
25823;261
25859;261
25894;261
25926;261
25964;261
26002;265
26035;265
26066;265
26100;265
26133;265
26167;265
26199;265
26229;265
26262;265
26301;265
26336;265
26374;265
26409;265
26441;265
26471;265
26504;265
26536;265
26576;265
26607;264
26640;264
26678;264
26711;264
26744;264
26777;264
26810;264
26843;264
26877;264
26914;264
26946;264
26979;264
27015;264
27048;264
27080;264
27112;264
27147;264
27183;264
27219;264
27249;264
27282;264
27313;264
27347;264
27381;264
27421;264
27452;264
27486;264
27519;264
27551;264
27584;264
27619;264
27654;265
27685;265
27718;265
27751;265
27786;265
27822;265
27861;265
27897;265
27927;265
27959;265
27991;265
28022;265
28057;265
28092;265
28127;265
28160;265
28195;265
28227;265
28259;265
28294;265
28332;265
28366;265
28397;265
28429;265
28459;265
28493;265
28550;265
28585;265
28617;265
28661;265
28703;265
28737;265
28771;265
28817;265
28851;265
28887;265
28921;265
28957;265
28990;265
29028;265
29059;265
29092;265
29127;265
29160;265
29192;265
29227;265
29267;265
29298;265
29329;265
29367;265
29416;265
29458;265
29491;265
29523;265
29559;265
29596;263
29629;263
29669;260
29699;260
29730;260
29762;260
29796;260
29827;260
29863;260
29895;260
29930;260
29962;260
29998;260
30029;260
30067;260
30104;260
30134;260
30172;260
30202;260
30234;260
30266;260
30298;260
30330;260
30362;260
30396;260
30438;260
30472;260
30505;260
30539;260
30569;260
30603;260
30635;260
30673;260
30712;260
30749;260
30795;260
30826;260
30857;260
30888;260
30921;260
30954;260
30997;260
31028;260
31063;260
31101;260
31136;260
31167;260
31200;260
31232;260
31262;260
31299;260
31333;260
31365;260
31429;260
31471;260
31501;260
31534;260
31568;260
31608;260
31644;260
31681;260
31714;260
31748;260
31786;260
31819;260
31861;260
31898;260
31938;260
31971;260
32006;260
32037;260
32076;260
32108;260
32148;260
32187;260
32223;260
32255;260
32289;260
32319;260
32354;260
32394;260
32427;260
32465;260
32497;260
32529;260
32559;260
32595;260
32636;260
32674;260
32709;260
32740;260
32772;260
32808;260
32839;260
32871;260
32904;260
32941;260
32980;260
33016;260
33051;260
33082;260
33113;260
33148;260
33184;260
33215;260
33250;260
33287;260
33320;260
33355;260
33393;260
33445;260
33482;260
33521;260
33554;260
33585;260
33616;260
33647;260
33683;260
33719;260
33750;260
33781;260
33813;260
33845;260
33877;260
33913;260
33949;260
33985;260
34027;260
34058;260
34090;260
34125;260
34154;260
34185;260
34221;260
34256;260
34292;260
34323;260
34354;260
34385;260
34421;260
34456;260
34489;260
34521;260
34560;260
34596;260
34633;260
34666;260
34702;260
34735;260
34770;260
34810;260
34845;260
34875;260
34909;260
34947;260
34986;260
35023;260
35057;260
35093;260
35122;260
35157;260
35188;260
35221;260
35251;260
35283;260
35314;260
35346;260
35382;260
35414;260
35452;260
35484;260
35518;260
35564;260
35608;260
35641;260
35672;260
35704;260
35736;260
35767;260
35805;260
35838;260
35869;260
35900;260
35948;260
35994;260
36030;260
36067;260
36098;260
36137;260
36177;260
36210;260
36243;260
36278;260
36312;260
36344;260
36378;260
36411;260
36448;260
36481;260
36528;260
36565;260
36601;260
36635;260
36670;260
36710;260
36748;260
36785;260
36821;260
36859;260
36892;260
36924;260
36958;260
36990;260
37022;260
37057;260
37090;260
37126;260
37157;260
37187;260
37222;260
37258;259
37291;259
37329;259
37362;259
37394;259
37432;259
37466;259
37500;259
37533;259
37569;259
37606;259
37639;259
37671;259
37705;259
37740;259
37777;259
37812;259
37841;259
37872;259
37905;259
37941;259
37973;259
38004;259
38042;259
38076;259
38109;259
38142;259
38175;259
38210;259
38242;259
38274;259
38307;259
38342;259
38373;259
38412;259
38451;259
38482;259
38517;259
38549;259
38580;259
38612;259
38644;259
38677;259
38711;259
38744;259
38774;259
38807;259
38843;259
38879;259
38915;259
38946;259
38978;259
39011;259
39044;259
39082;259
39113;259
39145;259
39181;259
39214;259
39248;259
39285;259
39318;259
39350;259
39382;259
39414;259
39453;259
39487;259
39520;259
39554;259
39600;259
39632;259
39667;259
39700;259
39741;259
39772;259
39804;259
39841;259
39872;259
39911;259
39946;259
39981;259
40017;260
40050;260
40081;260
40116;260
40148;260
40180;260
40213;260
40245;260
40280;260
40311;260
40352;260
40385;260
40417;260
40450;260
40481;260
40512;260
40544;260
40576;260
40612;260
40644;260
40678;260
40712;260
40747;260
40785;260
40822;260
40858;260
40905;260
40937;260
40968;260
40999;260
41032;260
41064;260
41099;260
41132;260
41163;260
41195;260
41227;260
41262;260
41295;260
41326;260
41358;260
41390;260
41423;260
41461;260
41495;260
41526;260
41559;260
41596;260
41634;260
41667;260
41700;260
41731;260
41763;260
41795;260
41827;260
41862;260
41893;260
41928;260
41967;260
42001;260
42032;260
42063;260
42092;260
42127;260
42158;260
42190;260
42222;260
42271;260
42303;260
42336;260
42367;260
42399;260
42432;260
42466;260
42503;260
42534;260
42567;260
42598;260
42632;260
42663;260
42698;260
42730;260
42769;260
42801;260
42837;260
42868;260
42900;260
42935;260
42977;260
43012;260
43044;260
43075;260
43109;260
43142;260
43177;260
43210;260
43243;260
43274;260
43308;260
43348;260
43384;260
43417;260
43451;260
43486;260
43518;260
43550;260
43586;260
43617;260
43649;260
43681;260
43714;260
43747;260
43779;260
43816;260
43851;260
43881;260
43912;260
43946;260
43980;260
44014;260
44044;260
44079;260
44110;260
44141;260
44176;260
44207;260
44244;260
44276;260
44307;260
44340;260
44370;260
44403;260
44436;260
44471;260
44502;260
44536;260
44568;260
44610;260
44640;260
44674;260
44709;260
44740;260
44773;260
44802;260
44836;260
44867;260
44897;260
44930;260
44966;260
44998;260
45029;260
45068;260
45103;260
45141;260
45172;260
45211;260
45249;260
45280;260
45311;260
45344;260
45383;260
45416;260
45450;260
45485;260
45517;260
45553;260
45587;260
45627;260
45661;260
45699;260
45731;260
45762;260
45793;260
45828;260
45860;260
45891;260
45923;260
45956;260
45987;260
46019;260
46051;260
46084;260
46116;260
46148;260
46181;260
46218;260
46251;260
46286;260
46325;260
46358;260
46391;260
46427;260
46464;261
46505;261
46536;261
46568;261
46600;261
46631;261
46664;261
46706;261
46737;261
46771;261
46806;261
46838;261
46877;261
46908;261
46940;261
46972;261
47004;261
47037;261
47072;261
47104;261
47140;261
47172;261
47204;261
47239;261
47276;261
47319;261
47352;261
47382;261
47422;261
47457;261
47497;261
47530;261
47573;261
47608;261
47646;261
47678;261
47722;261
47753;261
47787;261
47820;261
47853;261
47887;261
47921;261
47962;261
47994;261
48028;261
48063;261
48098;261
48130;261
48164;261
48198;261
48240;261
48269;261
48305;261
48338;261
48371;261
48411;261
48444;261
48474;261
48509;261
48543;261
48578;261
48612;261
48645;261
48697;261
48726;261
48759;261
48791;261
48824;261
48856;261
48887;261
48918;261
48960;261
48993;261
49025;261
49057;261
49088;261
49131;261
49161;261
49194;261
49225;261
49256;261
49291;261
49329;261
49361;261
49395;261
49427;261
49458;261
49491;261
49523;261
49555;261
49596;261
49637;261
49669;261
49701;261
49734;261
49765;261
49797;261
49836;261
49869;261
49900;261
49933;261
49967;261
49998;261
50030;261
50061;261
50093;261
50127;261
50158;261
50189;261
50225;261
50259;261
50293;261
50333;261
50365;261
50397;261
50427;260
50460;260
50493;260
50526;260
50563;260
50595;260
50630;260
50662;260
50698;260
50733;260
50765;260
50800;260
50832;260
50865;260
50897;260
50929;260
50968;260
51000;260
51034;260
51069;260
51102;260
51134;260
51166;260
51198;260
51230;260
51262;260
51298;260
51330;260
51362;260
51397;260
51430;260
51461;260
51521;260
51562;260
51598;260
51633;260
51666;260
51710;260
51743;260
51776;260
51814;260
51849;260
51882;260
51917;260
51949;260
51989;260
52028;260
52069;260
52102;260
52134;260
52167;260
52203;260
52236;260
52268;260
52299;260
52334;260
52371;260
52405;260
52436;259
52468;259
52500;259
52531;259
52566;259
52598;259
52629;259
52664;259
52696;259
52729;259
52762;259
52794;259
52827;259
52858;259
52889;259
52921;259
52960;259
52996;259
53028;259
53057;259
53089;259
53122;259
53157;259
53191;259
53222;259
53257;259
53289;259
53321;259
53359;259
53391;259
53427;259
53465;259
53508;259
53542;259
53576;259
53611;259
53646;259
53681;259
53715;259
53754;259
53787;259
53822;259
53854;259
53887;259
53922;259
53954;259
53986;259
54019;259
54050;259
54080;259
54118;259
54157;259
54194;259
54226;259
54259;259
54292;259
54328;259
54360;259
54393;259
54427;259
54461;259
54494;259
54525;259
54558;259
54595;259
54642;259
54707;259
54773;259
54812;259
54858;259
54914;259
54980;259
55044;259
55101;259
55170;259
55222;259
55254;259
55284;259
55319;259
55351;259
55383;259
55417;259
55452;259
55486;259
55526;259
55561;259
55591;259
55625;259
55666;259
55701;259
55733;259
55764;259
55799;258
55833;258
55864;258
55896;258
55936;258
55968;258
56017;258
56053;258
56084;258
56118;258
56154;258
56187;258
56216;258
56249;258
56279;258
56312;258
56344;258
56375;258
56407;258
56442;258
56475;258
56508;258
56545;258
56581;258
56612;258
56645;258
56680;258
56712;258
56745;258
56780;258
56811;258
56845;258
56877;258
56911;258
56947;258
56980;258
57017;258
57047;258
57079;258
57115;258
57146;258
57176;256
57211;256
57244;256
57276;256
57308;256
57344;256
57378;256
57410;256
57446;256
57493;256
57528;256
57562;256
57598;256
57630;256
57662;256
57697;256
57733;256
57764;256
57795;256
57826;256
57861;256
57893;256
57925;256
57957;256
57989;256
58024;256
58056;256
58088;256
58121;256
58153;256
58187;256
58222;256
58260;256
58295;256
58330;256
58370;256
58402;256
58436;256
58468;256
58503;256
58535;256
58567;256
58601;256
58633;256
58668;256
58696;256
