215;4371
316;4337
390;4259
486;4186
560;3891
645;3743
729;3644
856;3421
946;3390
1034;3345
1102;3289
1176;3289
1246;3238
1310;3238
1372;3238
1443;3238
1516;3165
1608;3156
1687;3079
1768;3038
1845;2826
1916;2761
1980;2605
2044;2605
2107;2502
2188;2309
2253;2309
2322;2280
2399;2280
2471;2198
2536;2198
2607;2154
2691;2091
2756;2091
2834;1952
2900;1952
3156;1952
3341;1856
3511;1856
3653;1856
3785;1856
3900;1856
4039;1582
4112;1582
4177;1582
4236;1582
4291;1582
4346;1582
4434;1425
4489;1423
4548;1423
4620;1291
4680;1291
4739;1291
4797;1291
4856;1291
4936;1238
4997;1238
5056;1238
5143;1239
5207;1148
5264;1148
5330;1148
5388;1148
5448;1148
5506;1148
5562;1148
5622;1148
5681;1148
5738;1148
5804;1122
5883;950
5941;950
6009;950
6074;950
6175;945
6276;945
6359;945
6442;943
6518;943
6581;915
6646;908
6708;908
6765;908
6820;908
6885;908
6941;908
7009;787
7065;785
7122;785
7188;785
7245;785
7303;785
7368;719
7427;719
7518;703
7591;703
7651;703
7715;702
7798;702
7857;702
7921;702
7981;702
8039;702
8103;702
8173;702
8228;702
8288;702
8344;702
8403;702
8463;702
8539;618
8600;618
8669;618
8741;564
8799;484
8857;484
8915;484
8975;484
9042;484
9098;484
9164;484
9221;484
9276;484
9332;484
9387;484
9443;484
9506;484
9563;484
9620;484
9676;484
9742;484
9798;484
9855;484
9915;484
9974;484
10034;484
10095;484
10164;484
10222;484
10284;484
10342;484
10400;484
10456;484
10524;484
10579;484
10647;484
10710;484
10774;484
10834;484
10890;484
10951;484
11018;484
11078;484
11145;484
11209;484
11280;484
11339;484
11396;483
11493;379
11552;379
11610;379
11668;379
11724;379
11785;379
11840;379
11897;379
11956;379
12014;379
12087;379
12154;379
12226;379
12292;379
12350;379
12409;379
12470;379
12530;379
12589;379
12657;379
12712;379
12768;379
12840;379
12898;379
12955;379
13013;379
13069;363
13151;363
13208;363
13265;363
13322;363
13381;363
13438;363
13498;363
13567;363
13627;363
13689;363
13745;363
13801;363
13856;363
13920;364
13975;364
14033;364
14104;364
14173;364
14232;364
14296;364
14361;364
14433;364
14502;364
14559;364
14618;364
14703;364
14764;364
14823;364
14881;364
14952;364
15016;364
15073;364
15129;313
15185;313
15241;313
15306;313
15362;313
15420;313
15482;313
15540;313
15596;313
15654;313
15715;313
15772;313
15828;313
15884;313
15942;313
16000;313
16056;313
16111;313
16188;313
16245;313
16304;313
16363;313
16421;313
16486;313
16551;313
16618;313
16679;313
16740;313
16819;313
16875;313
16938;313
16994;313
17049;313
17105;313
17162;313
17220;313
17285;313
17350;313
17407;313
17479;313
17542;313
17599;313
17657;313
17739;313
17795;313
17858;313
17913;313
17981;313
18038;313
18096;313
18168;313
18233;313
18298;313
18363;313
18426;313
18489;313
18544;313
18599;313
18654;313
18709;313
18765;313
18820;313
18878;313
18937;313
18994;313
19051;313
19108;313
19178;313
19233;313
19310;313
19381;313
19438;313
19500;313
19556;313
19613;313
19670;313
19723;313
19779;313
19836;313
19901;313
19972;313
20030;313
20086;313
20150;313
20206;313
20274;313
20332;313
20395;313
20460;313
20523;313
20580;313
20641;313
20702;313
20757;313
20834;313
20901;313
20959;313
21017;313
21073;313
21127;313
21186;313
21242;313
21301;313
21366;313
21424;313
21492;313
21548;313
21610;313
21666;313
21723;313
21781;313
21837;313
21900;313
21964;313
22027;313
22085;313
22142;314
22199;314
22262;314
22320;314
22394;314
22458;314
22516;314
22580;314
22636;314
22704;314
22762;314
22840;314
22897;314
22952;314
23008;314
23063;314
23120;314
23179;314
23237;313
23299;313
23355;313
23410;313
23466;313
23536;313
23594;313
23651;313
23707;313
23765;313
23826;313
23900;313
23968;313
24026;313
24090;313
24146;313
24210;313
24268;313
24323;314
24388;314
24443;314
24501;313
24564;313
24619;313
24683;313
24753;313
24809;313
24867;313
24936;313
24993;313
25051;313
25112;313
25177;313
25235;313
25291;313
25346;313
25410;313
25485;313
25541;313
25604;313
25666;313
25737;313
25806;313
25869;313
25923;314
25980;314
26034;314
26088;314
26146;314
26202;314
26257;314
26314;314
26374;314
26432;314
26499;314
26561;314
26624;314
26677;314
26732;314
26787;314
26841;314
26896;315
26951;315
27024;315
27088;315
27153;315
27209;315
27267;315
27326;315
27383;315
27437;315
27491;315
27548;315
27618;315
27673;315
27735;315
27798;315
27854;315
27923;315
27979;315
28037;315
28096;315
28167;318
28230;318
28284;318
28353;318
28410;318
28464;318
28528;318
28586;315
28649;315
28706;315
28769;315
28829;315
28884;315
28938;315
28992;315
29049;315
29106;315
29164;238
29219;238
29274;238
29338;238
29393;238
29449;238
29507;238
29561;238
29616;238
29672;238
29729;238
29791;238
29858;238
29920;238
29978;238
30034;238
30095;238
30158;238
30212;238
30267;238
30329;238
30383;238
30450;238
30519;238
30573;238
30628;238
30692;238
30755;238
30832;238
30906;238
30985;238
31042;238
31097;238
31155;237
31226;237
31294;237
31353;237
31408;237
31475;237
31530;237
31587;237
31659;239
31713;239
31768;239
31825;239
31886;239
31942;239
32000;239
32066;238
32134;238
32192;238
32246;238
32312;238
32366;238
32423;238
32480;238
32536;238
32599;238
32661;238
32718;238
32774;238
32829;238
32883;238
32937;238
32993;238
33050;238
33112;238
33179;238
33236;238
33298;238
33361;238
33418;238
33473;238
33529;238
33587;238
33656;238
33711;236
33774;236
33828;236
33883;236
33937;236
34007;236
34069;236
34135;236
34204;236
34266;236
34328;236
34382;236
34439;236
34493;236
34552;236
34610;236
34669;236
34725;236
34791;236
34853;236
34910;236
34965;236
35025;236
35081;236
35145;236
35200;236
35254;236
35309;236
35363;236
35431;236
35484;236
35540;236
35594;236
35648;236
35703;237
35762;237
35820;237
35883;237
35965;237
36020;237
36077;237
36135;237
36192;237
36251;237
36320;237
36375;237
36432;237
36489;237
36547;237
36623;237
36701;237
36757;237
36813;237
36868;237
36923;237
36978;237
37035;237
37103;237
37162;237
37226;237
37285;237
37345;237
37405;237
37460;237
37516;237
37571;237
37628;237
37688;237
37783;237
37857;237
37917;237
37975;237
38039;236
38095;236
38152;236
38208;236
38270;236
38324;236
38391;236
38458;236
38512;236
38568;236
38630;236
38685;236
38743;236
38798;236
38857;236
38916;236
38987;236
39043;236
39105;236
39169;236
39225;236
39290;236
39347;236
39404;236
39466;236
39520;236
39578;236
39633;236
39704;236
39767;236
39823;236
39894;236
39949;236
40003;236
40059;236
40117;236
40173;236
40230;236
40301;236
40357;236
40411;236
40469;236
40525;236
40598;236
40663;236
40726;236
40780;236
40839;236
40901;236
40956;236
41010;236
41073;236
41145;236
41201;236
41260;236
41351;236
41460;236
41527;236
41583;236
41638;236
41692;236
41746;236
41801;236
41855;236
41923;236
41994;236
42052;236
42115;236
42173;236
42250;236
42305;236
42376;236
42439;236
42493;236
42548;236
42602;236
42656;236
42711;236
42788;236
42844;236
42901;236
42970;236
43044;236
43101;236
43157;236
43225;236
43300;236
43376;236
43439;236
43493;236
43547;236
43602;236
43659;236
43713;236
43768;236
43831;236
43886;236
43942;236
44011;236
44067;236
44125;236
44183;236
44246;236
44316;236
44373;236
44436;236
44490;236
44545;236
44599;236
44657;236
44714;236
44768;236
44824;236
44881;236
44937;236
44993;236
45053;236
45117;236
45190;236
45246;236
45311;236
45405;236
45484;236
45563;236
45620;236
45675;236
45729;236
45784;236
45839;236
45893;236
45948;236
46004;236
46058;236
46137;236
46201;236
46260;236
46318;236
46374;236
46443;236
46499;236
46568;236
46624;236
46685;236
46740;236
46796;236
46853;236
46921;236
46981;236
47043;236
47100;236
47161;236
47223;236
47281;236
47340;236
47403;236
47466;236
47522;236
47578;236
47635;236
47701;236
47754;236
47816;236
47870;236
47927;236
47989;236
48043;236
48098;236
48162;236
48219;236
48297;236
48388;236
48446;236
48514;236
48577;236
48634;236
48703;236
48768;236
48843;236
48905;236
48967;236
49051;236
49113;236
49177;236
49247;236
49306;236
49362;236
49417;236
49473;236
49542;236
49603;236
49658;236
49717;236
49773;236
49835;236
49900;236
49957;236
50022;236
50092;236
50150;236
50204;236
50266;236
50322;236
50378;236
50441;236
50499;236
50555;236
50611;236
50667;236
50739;236
50802;236
50859;236
50921;236
50987;236
51044;236
51106;236
51169;236
51237;236
51299;236
51358;236
51421;236
51479;236
51553;236
51623;236
51687;236
51744;236
51806;236
51863;236
51917;236
51985;236
52039;236
52094;236
52153;236
52210;236
52268;236
52332;236
52404;236
52476;236
52531;236
52588;236
52650;236
52705;236
52767;236
52825;236
52882;236
52949;236
53007;236
53064;236
53124;236
53184;236
53248;236
53311;236
53368;236
53428;236
53491;236
53559;236
53626;236
53681;236
53738;236
53793;236
53851;236
53923;236
53982;236
54048;236
54101;236
54159;236
54213;236
54269;236
54325;236
54381;236
54443;236
54497;236
54553;236
54614;236
54678;236
54734;236
54796;236
54852;236
54910;236
54977;236
55031;236
55089;236
55148;236
55211;236
55267;236
55322;236
55380;236
55446;236
55501;236
55556;236
55610;236
55673;236
55735;236
55789;236
55847;236
55902;236
55958;235
56020;235
56078;235
56138;235
56196;235
56262;235
56331;235
56403;235
56459;235
56529;236
56583;236
56646;236
56709;236
56776;236
56838;236
56907;236
56969;236
57026;236
57080;236
57136;236
57191;236
57248;236
57304;236
57378;236
57465;236
57538;236
57630;236
57708;236
57763;236
57817;236
57872;236
57929;236
57987;236
58047;236
58103;236
58158;236
58215;236
58269;236
58340;236
58397;236
58467;236
58525;236
58588;236
58656;236
58718;236
58774;236
58836;236
58898;236
58953;236
59009;236
59064;236
59125;236
59180;236
59245;236
59299;236
59353;236
59420;236
59474;236
59540;236
59602;236
59655;236
59717;236
59773;236
59830;236
59884;236
59940;236
59995;236
60060;236
60112;236
60189;236
60244;236
60302;236
60359;236
60420;234
60475;234
60529;234
60585;234
60648;234
60703;234
60768;234
60826;234
60881;234
60938;234
60992;234
61054;234
61112;234
61170;234
61226;234
61289;234
61358;234
61420;234
61487;234
61543;234
61605;234
61661;234
61728;234
61785;234
61840;234
61918;234
61981;234
62038;234
62106;234
62163;234
62223;234
62280;234
62335;234
62397;234
62451;234
62505;234
62562;234
62618;234
62681;236
62739;236
62794;236
62850;236
62906;236
62962;236
63027;236
63085;236
63150;236
63212;236
63266;236
63320;236
63375;236
63430;236
63487;236
63542;236
63612;236
63667;236
63730;236
63783;236
63849;236
63913;236
63982;236
64047;236
64119;236
64177;236
64231;236
64293;236
64355;236
64417;236
64474;236
64536;236
64591;236
64648;236
64704;236
64763;236
64826;236
64882;236
64935;236
64991;236
65048;236
65117;236
65172;236
65229;236
65283;236
65342;236
65397;236
65451;236
65513;236
65567;236
65623;236
65686;236
65750;236
65805;236
65861;236
65917;236
65973;236
66040;236
66095;236
66174;236
66228;236
66283;236
66340;236
66395;236
66449;236
66506;236
66558;236
66622;236
66690;236
66746;236
66809;236
66867;236
66924;236
66981;236
67050;236
67124;236
67206;236
67271;236
67326;236
67380;236
67435;236
67497;236
67564;236
67618;236
67674;236
67738;236
67794;236
67865;236
67921;236
67977;236
68035;236
68090;236
68147;236
68218;236
68287;236
68348;236
68406;236
68461;236
68516;236
68577;236
68632;236
68688;236
68743;236
68798;236
68853;236
68910;236
68968;236
69026;235
69085;235
69145;235
69209;235
69267;235
69332;235
69388;235
69445;235
69500;235
69557;235
69611;235
69669;235
69725;235
69782;235
69837;235
69895;235
69969;235
70032;235
70089;235
70157;235
70213;235
70271;235
70337;235
70395;235
70452;235
70506;235
70564;235
70621;235
70683;235
70750;235
70818;235
70882;235
70995;235
71089;235
71186;235
71297;235
71383;235
71441;235
71512;235
71569;235
71631;235
71685;235
71739;235
71794;235
71850;235
71905;235
71962;235
72025;235
72083;235
72138;235
72196;235
72251;235
72315;235
72377;235
72431;235
72487;235
72541;235
72596;235
72652;235
72706;235
72762;235
72819;235
72887;235
72951;235
73010;235
73079;235
73138;235
73202;235
73256;235
73317;235
73372;235
73449;235
73505;235
73560;235
73614;235
73681;235
73743;235
73815;235
73871;235
73929;235
73982;235
74043;235
74097;235
74160;235
74214;235
74268;235
74322;235
74379;235
74436;235
74499;235
74557;235
74628;235
74698;235
74770;235
74833;235
74889;235
74944;235
74998;235
75056;235
75110;235
75169;235
75223;235
75278;235
75341;235
75397;235
75460;235
75527;235
75580;235
75657;235
75723;235
75786;235
75844;235
75898;235
75955;235
76014;235
76096;235
76161;235
76230;235
76342;235
76409;235
76472;235
76527;235
76581;235
76648;235
76710;235
76765;235
76822;235
76878;235
76941;235
77000;235
77064;235
77118;235
77181;235
77235;235
77297;235
77358;235
77413;235
77467;235
77523;235
77587;235
77661;235
77721;235
77777;235
77834;235
77896;235
77950;235
78008;235
78065;235
78119;235
78181;235
78236;235
78292;235
78351;235
78417;235
78471;235
78533;235
78597;235
78655;235
78717;235
78773;235
78830;235
78893;235
78956;235
79012;235
79068;235
79126;235
79184;235
79240;235
79303;235
79381;235
79438;235
79508;235
79562;235
79624;235
79686;235
79742;235
79797;235
79855;235
79910;235
79969;235
80025;235
80084;235
80142;235
80200;235
80264;235
80323;235
80381;235
80441;235
80498;235
80552;235
80606;235
80665;235
80728;235
80789;235
80844;235
80897;235
80965;235
81029;235
81085;235
81142;235
81206;235
81262;235
81326;235
81390;235
81454;235
81523;235
81586;235
81643;235
81700;235
81762;235
81819;235
81875;235
81930;235
81985;235
82043;235
82098;235
82157;235
82220;235
82273;235
