128;235
330;235
447;235
562;235
656;235
739;235
816;235
889;235
991;235
1071;235
1153;235
1253;235
1356;235
1487;235
1585;235
1676;235
1767;235
1836;235
1908;235
1980;235
2046;235
2125;235
2196;235
2264;235
2348;235
2407;235
2465;235
2533;235
2591;235
2649;235
2712;235
2774;235
2854;235
2946;235
3033;235
3121;235
3207;235
3290;235
3375;235
3464;235
3558;235
3616;235
3674;235
3739;235
3796;235
3858;235
3933;235
3993;235
4051;236
4108;236
4176;236
4234;236
4294;236
4367;236
4428;236
4495;236
4570;236
4629;236
4696;236
4752;236
4810;236
4867;236
4943;236
5005;236
5072;236
5131;236
5197;236
5258;236
5319;236
5389;236
5472;236
5537;236
5608;236
5680;236
5762;236
5844;236
5927;236
6004;236
6063;236
6123;236
6179;236
6244;236
6318;236
6380;236
6447;236
6506;236
6564;236
6621;236
6683;236
6740;236
6799;236
6857;236
6918;236
6979;236
7037;236
7094;236
7160;236
7234;236
7296;236
7358;236
7450;236
7530;236
7586;236
7645;236
7715;236
7774;236
7840;236
7901;236
7975;236
8041;236
8113;236
8170;236
8229;236
8286;236
8346;236
8406;236
8473;236
8531;236
8589;236
8653;236
8717;236
8778;236
8835;236
8907;236
8966;236
9033;236
9092;236
9151;236
9212;236
9272;236
9333;236
9401;236
9467;236
9542;236
9614;236
9675;236
9734;236
9799;236
9875;236
9932;236
9990;236
10059;236
10124;236
10183;236
10257;236
10316;236
10377;236
10434;236
10495;236
10557;236
10623;236
10684;236
10742;236
10801;236
10861;236
10918;236
10977;235
11043;235
11102;235
11169;235
11227;235
11286;235
11344;236
11405;236
11463;236
11534;236
11597;236
11657;236
11719;236
11795;236
11857;236
11920;236
11995;236
12078;236
12136;236
12196;236
12254;236
12315;236
12376;236
12453;236
12520;236
12583;236
12648;236
12704;236
12764;236
12824;236
12883;236
12956;236
13016;236
13090;236
13150;236
13211;236
13268;236
13326;236
13386;237
13447;237
13507;237
13568;237
13642;237
13701;237
13758;237
13823;237
13880;237
13939;237
14023;237
14102;237
14161;237
14221;237
14279;237
14340;237
14399;237
14469;237
14531;237
14590;237
14657;237
14723;237
14784;236
14841;236
14898;236
14954;236
15010;236
15068;236
15129;236
15189;236
15267;236
15327;236
15388;236
15446;237
15516;237
15576;237
15649;237
15715;237
15774;237
15833;237
15890;237
15946;237
16002;237
16067;237
16127;237
16186;237
16244;237
16305;237
16364;237
16422;237
16481;237
16541;237
16598;237
16659;237
16717;237
16780;237
16837;237
16894;237
16953;237
17013;237
17072;237
17135;237
17194;237
17263;237
17331;237
17393;237
17453;237
17512;237
17597;237
17658;237
17715;237
17778;236
17844;236
17900;236
17960;236
18020;236
18085;236
18142;236
18205;236
18276;236
18335;236
18394;236
18454;236
18519;236
18579;236
18645;236
18713;236
18770;236
18827;236
18883;236
18939;236
19003;236
19065;236
19131;236
19192;236
19251;236
19312;236
19373;236
19440;236
19498;236
19566;236
19629;236
19686;236
19747;236
19811;236
19870;236
19929;236
19991;236
20049;236
20107;236
20188;236
20245;236
20302;236
20366;236
20436;236
20495;236
20552;236
20609;236
20666;236
20726;236
20792;236
20854;236
20911;236
20969;236
21027;236
21085;236
21154;236
21211;236
21278;236
21337;236
21398;236
21464;236
21524;236
21585;236
21650;236
21710;236
21768;236
21835;236
21906;236
21964;236
22022;236
22080;236
22140;236
22205;236
22263;236
22322;236
22383;236
22449;236
22507;236
22566;236
22627;236
22683;236
22748;236
22807;236
22865;236
22938;236
22996;236
23056;236
23116;236
23185;236
23245;236
23309;236
23366;236
23433;236
23490;236
23549;236
23616;236
23676;236
23734;236
23795;236
23853;236
23912;236
23974;236
24040;236
24105;236
24168;236
24233;236
24301;236
24379;236
24440;236
24500;236
24558;236
24635;236
24693;235
24749;235
24807;235
24866;235
24926;235
25000;235
25073;235
25131;235
25199;235
25261;235
25326;235
25392;235
25449;235
25509;235
25589;235
25652;235
25722;235
25781;235
25846;235
25902;235
25965;235
26028;235
26086;235
26145;235
26205;235
26263;235
26328;235
26396;235
26453;235
26525;235
26581;235
26639;235
26696;235
26753;235
26813;235
26875;235
26939;235
27012;235
27083;235
27138;235
27197;235
27255;235
27321;235
27387;235
27446;235
27503;235
27562;235
27629;235
27685;235
27742;235
27807;235
27873;235
27932;235
27987;235
28046;235
28110;235
28166;235
28225;235
28295;235
28372;235
28430;235
28489;235
28545;235
28602;235
28667;235
28726;235
28786;235
28843;235
28916;235
28973;235
29033;235
29089;235
29146;235
29205;235
29263;235
29331;235
29389;235
29447;235
29507;235
29566;235
29633;235
29697;235
29760;235
29818;235
29877;235
29943;235
30000;235
30059;235
30116;235
30175;235
30245;235
30302;235
30363;235
30422;235
30488;235
30543;235
30599;235
30655;235
30710;235
30762;235
30822;235
30879;235
30944;235
31001;235
31066;235
31123;235
31188;235
31254;235
31320;235
31379;235
31437;235
31503;235
31558;235
31633;235
31697;235
31760;235
31816;235
31873;235
31931;235
31994;235
32052;235
32133;235
32190;235
32246;235
32307;235
32366;235
32426;235
32483;235
32541;235
32604;235
32661;235
32718;235
32776;235
32834;235
32894;235
32954;235
33012;235
33069;235
33128;235
33188;235
33246;235
33305;235
33373;235
33435;235
33510;235
33580;235
33666;235
33722;235
33777;235
33834;235
33892;235
33951;235
34032;235
34091;235
34149;235
34213;235
34283;235
34367;235
34426;235
34483;235
34540;235
34601;235
34664;235
34735;235
34790;235
34848;235
34913;235
34978;235
35055;235
35112;235
35169;235
35234;235
35293;235
35351;235
35408;235
35489;235
35546;235
35617;235
35691;235
35750;235
35806;235
35863;235
35933;235
36007;235
36065;235
36124;235
36181;235
36239;235
36296;235
36364;235
36433;235
36492;235
36559;235
36619;235
36676;235
36740;235
36800;235
36859;235
36917;235
36974;235
37043;235
37100;235
37166;235
37237;235
37301;235
37361;235
37420;235
37478;235
37540;235
37600;235
37701;235
37761;235
37817;235
37875;235
37933;235
37990;235
38052;236
38113;236
38182;236
38292;236
38358;236
38414;236
38473;236
38533;236
38607;236
38673;236
38730;236
38789;236
38855;236
38910;236
38968;236
39039;236
39094;236
39150;236
39208;236
39278;236
39337;236
39408;236
39465;236
39523;236
39593;236
39655;236
39715;236
39770;236
39834;236
39898;236
39963;236
40020;236
40080;236
40137;236
40197;236
40276;236
40340;236
40405;236
40508;236
40594;236
40658;236
40725;236
40801;236
40873;236
40940;236
41003;236
41070;236
41128;236
41189;236
41254;236
41318;236
41386;236
41471;236
41549;236
41615;236
41680;236
41756;236
41828;236
41896;236
41950;236
42008;236
42068;236
42127;236
42192;236
42265;236
42327;236
42400;236
42457;236
42516;236
42585;235
42645;235
42720;235
42788;235
42848;235
42915;235
42999;235
43055;235
43111;235
43169;235
43225;235
43282;235
43343;235
43405;235
43462;235
43522;236
43578;236
43634;236
43702;236
43763;236
43822;236
43879;236
43951;236
44026;236
44083;236
44147;236
44212;236
44279;236
44339;236
44401;236
44458;236
44532;236
44588;236
44645;236
44702;236
44761;236
44818;236
44879;236
44940;236
45013;236
45070;236
45130;235
45187;235
45244;235
45302;235
45376;235
45437;235
45498;235
45560;235
45620;235
45686;235
45746;235
45821;235
45877;235
45937;235
45994;235
46051;235
46110;235
46169;235
46224;235
46275;235
46334;235
46391;235
46456;235
46528;235
46598;235
46661;235
46718;235
46787;235
46842;235
46900;235
46956;235
47015;235
47072;235
47177;235
47287;235
47368;235
47484;235
47551;235
47607;235
47668;235
47732;235
47820;235
47886;235
48054;235
48124;235
48179;235
48235;235
48293;235
48367;235
48427;235
48487;235
48568;235
48625;235
48691;235
48748;235
48828;235
48886;235
48943;235
49001;235
49057;235
49114;235
49172;235
49230;235
49291;235
49349;235
49416;235
49490;235
49563;236
49624;236
49688;236
49747;236
49813;236
49894;236
49952;236
50012;236
50079;237
50148;237
50214;237
50274;237
50333;237
50396;237
50457;237
50524;237
50596;237
50662;237
50722;237
50784;237
50840;237
50898;237
50956;237
51012;237
51073;237
51129;237
51190;236
51257;236
51318;236
51378;236
51443;236
51500;236
51559;236
51631;236
51688;236
51771;236
51909;236
51969;236
52027;236
52092;236
52150;236
52206;236
52268;236
52335;236
52395;236
52451;236
52521;236
52578;236
52636;236
52695;236
52746;236
52810;236
52868;236
52932;236
53138;236
53412;236
53620;236
53678;236
53739;236
53797;236
53865;236
53921;236
53985;236
54042;236
54099;236
54156;236
54213;236
54277;236
54339;236
54406;236
54462;236
54527;236
54585;236
54644;236
54713;236
54787;236
54853;236
54949;236
55023;236
55078;236
55136;236
55210;236
55275;236
55333;236
55402;236
55462;236
55531;236
55587;236
55652;236
55717;236
55799;236
55857;236
55915;236
55983;236
56042;236
56103;236
56170;236
56240;236
56305;236
56360;236
56419;236
56476;236
56536;236
56595;236
56657;236
56715;236
56773;236
56832;236
56889;236
56945;236
57010;236
57067;236
57124;236
57182;236
57239;236
57296;236
57356;236
57416;236
57528;236
57582;236
57638;236
57693;236
57785;236
57858;236
57917;236
57982;236
58049;236
58105;236
58163;236
58224;236
58283;236
58343;236
58410;236
58469;236
58526;236
58590;236
58649;236
58707;236
58771;236
58831;236
58888;236
58943;236
58999;236
59063;236
59123;236
59182;236
59244;236
59329;236
59388;236
59446;236
59511;236
59578;236
59638;236
59696;236
59767;236
59827;236
59887;236
59944;236
60016;236
60073;236
60133;236
60189;236
60247;236
60307;236
60369;236
60427;236
60484;236
60545;236
60602;236
60667;236
60731;236
60805;236
60865;236
60921;236
60986;236
61043;236
61111;236
61168;236
61238;236
61297;236
61371;236
61426;236
61481;236
61539;236
61617;236
61673;236
61733;236
61794;236
61860;236
61920;236
61979;236
62036;236
62095;236
62152;236
62225;236
62285;236
62345;236
62411;236
62468;236
62525;236
62583;236
62669;236
62724;236
62787;236
62845;236
62903;236
62962;236
63021;236
63087;236
63145;236
63201;236
63270;236
63327;236
63403;236
63461;236
63526;236
63583;236
63643;236
63708;236
63779;236
63839;236
63898;236
63958;236
64022;236
64086;236
64146;236
64203;236
64268;236
64337;236
64401;236
64462;236
64524;236
64584;236
64646;236
64721;236
64779;236
64847;236
64904;236
64964;236
65029;236
65096;236
65189;236
65247;236
65310;236
65368;236
65423;236
65480;236
65539;236
65599;236
65666;236
65732;236
65802;236
65861;236
65917;236
65974;236
66039;236
66103;236
66161;236
66243;236
66309;236
66375;236
66437;236
66518;236
66574;236
66633;236
66691;236
66755;236
66813;236
66887;236
66959;236
67024;236
67090;236
67147;236
67209;236
67269;236
67329;236
67395;236
67461;235
67527;235
67586;235
67659;235
67716;235
67814;235
67872;235
67927;235
67984;235
68042;235
68112;235
68172;235
68230;235
68287;235
68349;235
68427;235
68492;235
68549;235
68613;235
68671;235
68742;235
68802;235
68861;235
68929;235
69003;235
69083;235
69136;235
69202;235
69259;235
69319;235
69381;235
69441;235
69499;235
69559;235
69627;235
69684;235
69741;235
69807;235
69865;235
69926;235
69990;235
70050;235
70106;235
70166;235
70223;235
70283;235
70362;235
70419;235
70482;235
70537;235
70595;235
70652;235
70721;235
70787;235
70844;235
70901;235
70960;235
71018;235
71076;235
71141;235
71198;235
71255;235
71313;235
71379;235
71435;235
71492;235
71558;235
71625;235
71681;235
71744;235
71800;235
71863;235
71922;235
71981;235
72042;235
72100;235
72159;235
72219;235
72278;235
72339;235
72397;235
72454;235
72514;235
72571;235
72627;235
72693;235
72752;235
72813;235
72869;235
72929;235
72988;235
73048;235
73114;235
73175;235
73244;235
73303;235
73372;235
73432;235
73489;235
73546;235
73603;235
73660;236
73717;236
73776;236
73843;236
73910;236
73975;236
74037;236
74109;236
74177;236
74234;236
74293;236
74370;236
74431;236
74488;236
74546;236
74603;236
74663;236
74720;236
74778;236
74835;236
74894;236
74952;236
75029;236
75093;236
75166;236
75239;236
75297;236
75361;236
75418;236
75478;236
75538;236
75597;236
75655;236
75712;236
75771;236
75837;236
75899;236
75955;236
76015;236
76077;236
76143;237
76199;237
76257;237
76316;237
76383;237
76448;237
76514;237
76573;237
76630;237
76690;237
76750;237
76809;237
76866;237
76924;237
76981;237
77041;237
77099;237
77157;237
77213;237
77269;237
77339;237
77401;237
77462;237
77520;237
77576;237
77636;237
77696;237
77755;237
77820;237
77889;238
77959;238
78039;238
78102;238
78158;238
78222;238
78278;238
78336;238
78395;238
78454;238
78513;238
78571;238
78627;238
78686;238
78742;238
78808;237
78868;237
78930;237
78986;237
79043;237
79099;237
79162;237
79219;237
79275;237
79335;237
79394;237
79451;236
79519;236
79595;236
79665;236
79724;236
79784;236
79842;236
79904;236
79959;236
80016;236
80075;236
80147;236
80207;236
80265;236
80321;236
80382;236
80439;236
80504;236
80569;236
80623;236
80686;236
80748;236
80818;236
80874;236
80930;236
80999;236
81061;236
81120;236
81185;236
81246;236
81303;236
81366;236
81429;236
81499;236
81563;236
81617;236
81675;236
81740;236
81808;236
81866;236
81934;236
81991;236
82050;236
82114;236
82174;236
82231;236
82286;236
82343;236
82402;236
82462;236
82533;236
82600;236
82665;236
82722;236
82778;236
82840;236
82895;236
82953;236
83009;236
83065;236
83136;236
83193;236
83256;236
83318;236
83383;236
83440;236
83510;236
83575;236
83637;236
83702;236
83761;236
83818;236
83880;236
83940;236
84013;236
84073;236
84138;236
84197;236
84253;236
84309;236
84368;236
84432;236
84492;236
84550;236
84608;236
84665;236
84730;236
84792;236
84850;236
84908;236
84966;236
85030;236
85096;236
85152;236
85218;236
85276;236
85334;236
85409;236
85478;236
85547;236
85605;236
85661;236
85728;236
85786;236
85852;236
85951;236
86013;236
86072;236
86132;236
86198;236
86257;236
86324;236
86386;236
86454;236
86520;236
86580;236
86636;236
86695;236
86754;236
86813;236
86889;236
86947;236
87008;236
87070;236
87135;236
87192;236
87255;236
87310;236
87369;236
87433;236
87491;236
87556;236
87614;236
87685;236
87743;236
87800;236
87856;236
87931;236
88004;236
88067;236
88135;236
88194;236
88250;236
88313;236
88380;236
88438;236
88506;236
88559;236
88617;236
88675;236
88738;236
88794;236
88859;236
88918;236
88976;236
89046;236
89102;236
89166;236
89225;236
89280;236
89342;236
89400;236
89463;236
89535;236
89600;236
89657;236
89726;236
89789;236
89846;236
89901;236
89968;236
90024;236
90083;236
90153;236
90215;236
90280;236
90341;236
90398;236
90455;236
90515;236
90578;236
90634;236
90686;236
90741;236
90799;236
90864;236
90930;236
90990;236
91047;236
91105;236
91165;236
91239;236
91303;236
91360;236
91419;236
91483;236
91547;236
91605;236
91664;236
91724;236
91781;236
91838;236
91897;236
91962;236
92032;236
92087;236
92142;236
92205;236
92265;236
92331;236
92392;236
92452;236
92525;236
92583;236
92646;236
92702;236
92767;236
92826;236
92884;236
92941;236
92997;236
93071;236
93131;236
93188;236
93249;236
93321;236
93381;236
93440;236
93496;236
93553;236
93615;236
93677;236
93752;236
93820;236
93880;236
93959;236
94029;236
94088;236
94143;236
94207;236
94267;236
94345;236
94404;236
94466;236
94542;236
94612;236
94671;236
94739;236
94800;236
94872;236
94945;236
95002;236
95069;236
95133;236
95188;236
95251;236
95308;236
95368;236
95427;236
95493;236
95567;236
95632;236
95697;236
95763;236
95823;236
95888;236
95955;236
96020;236
96093;236
96152;236
96219;236
96287;236
96349;236
96407;236
96470;236
96537;236
96600;236
96674;236
96735;236
96797;236
96861;236
96930;236
96987;236
97049;236
97114;236
97175;236
97234;236
97303;236
97370;236
97426;236
97486;236
97541;236
97598;236
97658;236
97718;236
97782;236
97844;236
97917;236
97983;236
98040;236
98095;236
98158;236
98233;236
98300;236
98367;236
98441;236
98500;236
98567;236
98623;236
98679;236
98753;236
98811;236
98882;236
98948;236
99005;236
99061;236
99117;236
99184;236
99242;236
99318;236
99379;236
99452;236
99508;236
99563;236
99620;236
99675;236
99739;236
99812;236
99871;236
99941;236
100029;236
100087;236
100149;236
100205;236
100263;236
100320;236
100383;236
100479;236
100542;236
100611;236
100702;236
100766;236
100830;236
100887;236
100952;236
101008;236
101064;236
101121;236
101179;236
101252;236
101309;236
101379;236
101439;236
101502;236
101558;236
101614;236
101679;236
101739;236
101800;236
101868;236
101924;236
101983;236
102049;236
102104;236
102173;236
102225;236
102278;236
102340;236
102405;236
102467;236
102525;236
102593;236
102650;236
102709;236
102765;236
102831;236
102892;236
102951;236
103016;236
103084;236
103155;236
103211;236
103269;236
103326;236
103385;236
103456;236
103514;236
103579;236
103637;236
103692;236
103750;236
103806;236
103861;236
103920;236
103979;236
104054;236
104114;236
104171;236
104239;235
104294;235
104354;235
104416;235
104474;235
104533;235
104593;235
104650;235
104708;235
104771;235
104827;235
104883;235
104940;235
105000;235
105060;235
105116;235
105188;235
105244;235
105307;235
105374;235
105438;235
105504;235
105563;235
105620;235
105674;235
105738;235
105796;235
