167;235
326;235
409;235
497;235
585;235
684;235
759;235
835;235
909;235
980;235
1056;235
1121;236
1197;236
1270;236
1344;236
1419;236
1552;236
1664;236
1756;236
1825;236
1890;236
1960;236
2034;236
2109;236
2323;236
2383;236
2442;236
2502;236
2561;236
2630;236
2703;236
2768;236
2871;236
3292;236
3754;236
4012;236
4395;236
4746;236
5088;236
5411;236
5552;236
5628;236
5688;236
5750;236
5812;236
5874;236
5934;236
5996;236
6065;236
6136;236
6209;236
6274;236
6360;236
6422;236
6484;236
6550;236
6666;236
6725;236
6792;236
6858;236
6919;236
6990;236
7052;236
7124;236
7184;236
7243;236
7311;236
7384;236
7446;236
7506;236
7577;236
7639;236
7827;236
8131;236
8451;236
8715;236
9044;236
9103;236
9177;236
9237;236
9297;236
9358;236
9421;236
9491;236
9560;236
9633;236
9694;236
9755;236
9823;236
9885;236
9957;236
10019;236
10080;236
10155;236
10216;236
10281;236
10351;236
10425;236
10485;236
10556;236
10618;236
10677;235
10738;235
10798;235
10865;235
10926;235
10984;235
11043;235
11104;235
11163;235
11221;235
11280;235
11348;235
11407;235
11470;235
11549;235
11609;235
11709;235
11769;235
11827;235
11895;235
11953;236
12015;236
12077;236
12147;236
12209;236
12269;236
12356;236
12429;236
12491;236
12578;236
12640;236
12703;236
12762;236
12822;236
12891;236
12951;236
13020;236
13096;236
13163;236
13230;236
13287;236
13348;236
13408;236
13470;236
13557;236
13615;236
13678;236
13737;236
13800;236
13867;236
13929;236
13991;236
14059;236
14127;236
14189;236
14252;236
14316;236
14377;236
14438;236
14496;236
14564;236
14641;236
14703;236
14766;236
14825;236
14892;238
14952;238
15011;238
15074;238
15136;238
15204;238
15266;238
15352;238
15413;238
15476;238
15540;238
15602;238
15661;238
15734;238
15792;238
15865;238
15922;238
15983;238
16042;238
16102;238
16166;238
16226;238
16284;238
16373;238
16447;238
16534;238
16597;238
16656;238
16724;238
16793;238
16854;238
16913;238
16980;238
17065;238
17129;238
17211;238
17269;238
17330;238
17392;238
17465;238
17534;238
17596;238
17659;238
17721;238
17782;238
17843;238
17903;238
17971;238
18031;238
18092;238
18177;238
18240;238
18303;238
18393;238
18486;238
18545;238
18602;238
18669;238
18754;238
18813;238
18876;238
18936;238
19003;238
19079;238
19138;238
19198;238
19275;238
19337;238
19397;238
19456;238
19518;238
19579;238
19658;238
19721;238
19784;238
19854;238
19931;238
20009;238
20068;238
20126;238
20187;238
20246;238
20306;238
20397;238
20457;238
20520;238
20607;238
20670;238
20740;238
20808;238
20880;238
20943;240
21006;240
21076;240
21138;240
21201;240
21258;241
21315;241
21374;241
21435;241
21493;241
21556;239
21616;239
21690;239
21751;239
21810;239
21886;239
21946;239
22008;239
22084;239
22143;239
22202;239
22264;240
22344;240
22428;240
22493;240
22557;240
22617;239
22678;239
22739;239
22803;239
22864;237
22924;237
22985;237
23047;237
23115;237
23177;237
23236;237
23304;237
23362;237
23425;237
23494;237
23556;237
23630;237
23694;237
23754;237
23814;237
23876;237
23938;237
23999;237
24061;237
24123;237
24185;237
24247;237
24309;237
24371;237
24435;237
24499;237
24573;237
24633;237
24696;237
24759;237
24819;237
24886;237
24943;237
25003;237
25061;237
25120;237
25179;237
25242;237
25303;237
25364;237
25432;237
25494;237
25563;237
25631;237
25691;237
25749;237
25809;237
25881;237
25949;239
26017;239
26075;239
26135;239
26195;239
26256;239
26324;239
26391;239
26461;239
26522;239
26585;239
26648;239
26711;239
26775;239
26844;239
26926;239
26991;239
27050;239
27111;239
27168;239
27244;239
27312;239
27380;239
27441;239
27502;239
27572;239
27640;239
27701;239
27762;239
27829;239
27897;239
27957;239
28027;239
28085;239
28142;239
28203;239
28276;239
28335;239
28398;239
28467;239
28527;239
28588;239
28660;239
28719;239
28782;239
28848;239
28922;239
29002;239
29061;240
29136;240
29196;240
29256;240
29342;240
29402;240
29461;240
29536;240
29626;240
29686;240
29746;240
29809;240
29867;240
29935;240
29995;240
30071;240
30139;240
30199;240
30258;240
30319;240
30386;240
30457;240
30516;240
30576;240
30644;240
30710;240
30782;249
30839;249
30895;249
30953;249
31015;249
31084;249
31150;250
31208;250
31266;250
31328;250
31386;250
31448;250
31508;250
31570;250
31630;250
31690;250
31749;250
31808;250
31879;249
31962;249
32023;249
32081;248
32142;248
32206;248
32273;248
32330;245
32387;245
32475;245
32533;245
32592;245
32652;245
32711;245
32765;245
32825;245
32884;245
32949;245
33008;245
33066;245
33124;245
33190;245
33249;245
33307;245
33366;245
33424;244
33499;244
33562;244
33625;244
33685;244
33745;244
33814;244
33872;244
33931;244
33991;244
34051;244
34109;244
34168;244
34237;244
34295;244
34355;244
34416;244
34475;244
34535;244
34597;244
34657;244
34718;244
34776;244
34842;244
34920;244
34979;244
35039;244
35098;244
35157;244
35215;244
35280;244
35345;244
35405;244
35480;244
35537;244
35604;244
35669;244
35726;244
35792;244
35851;244
35912;244
35971;244
36033;244
36098;244
36155;244
36212;244
36271;244
36337;244
36396;244
36459;244
36523;244
36596;244
36653;244
36714;244
36772;244
36829;244
36887;244
36957;244
37017;244
37087;244
37146;244
37214;244
37275;244
37394;244
37462;244
37521;244
37580;244
37642;244
37700;244
37760;244
37822;244
37884;244
37945;244
38005;244
38073;244
38134;244
38227;244
38285;244
38351;244
38411;244
38481;244
38538;244
38600;244
38658;244
38726;244
38786;244
38847;244
38908;242
38967;242
39025;242
39092;242
39153;242
39221;242
39283;242
39347;242
39418;242
39474;242
39531;242
39587;242
39646;242
39706;242
39770;242
39830;242
39888;242
39956;242
40014;242
40081;242
40149;242
40210;242
40269;242
40331;242
40395;242
40454;242
40515;242
40584;242
40690;242
40777;242
40839;242
40907;242
40991;242
41048;242
41109;242
41167;242
41243;242
41314;242
41372;242
41430;242
41494;242
41579;242
41644;242
41710;242
41775;242
41838;242
41907;242
41982;242
42045;242
42101;242
42161;242
42224;242
42286;242
42344;242
42422;242
42509;242
42605;242
42685;242
42743;242
42809;242
42875;242
42944;242
43020;242
43080;242
43139;242
43203;242
43268;242
43325;242
43385;242
43441;242
43502;242
43562;242
43624;242
43693;242
43763;242
43821;242
43887;242
43954;242
44015;242
44083;242
44143;242
44201;242
44259;242
44317;242
44378;242
44442;242
44520;242
44593;242
44658;242
44716;242
44778;242
44837;242
44898;242
44956;242
45014;242
45074;242
45131;242
45189;242
45260;242
45328;242
45386;242
45446;242
45510;242
45572;242
45637;242
45702;242
45764;242
45836;242
45895;242
45954;242
46014;242
46074;242
46131;242
46190;242
46248;242
46310;242
46368;242
46428;242
46500;242
46581;242
46654;242
46714;242
46786;242
46859;242
46918;242
46975;243
47032;243
47091;243
47157;243
47217;243
47275;243
47333;243
47394;243
47460;243
47520;243
47581;243
47649;243
47716;243
47784;243
47850;243
47908;243
47965;243
48022;243
48086;243
48145;243
48203;243
48271;243
48340;243
48397;243
48455;243
48522;243
48583;243
48641;243
48700;243
48758;243
48833;243
48893;243
48949;243
49014;243
49085;243
49146;243
49204;243
49277;243
49338;243
49396;243
49456;243
49526;243
49589;243
49651;243
49718;243
49787;243
49857;243
49924;245
49981;245
50038;245
50095;245
50155;245
50213;245
50275;245
50335;245
50410;245
50469;245
50531;245
50595;245
50657;245
50723;245
50804;245
50864;245
50924;245
50983;245
51045;245
51112;245
51188;245
51255;245
51313;245
51373;245
51436;245
51497;245
51560;245
51624;245
51680;245
51754;245
51812;245
51869;245
51927;245
52003;245
52063;245
52124;245
52182;245
52241;245
52316;245
52377;245
52444;245
52501;245
52567;245
52665;245
52746;245
52818;245
52878;245
52939;245
52998;245
53058;245
53116;242
53183;242
53258;242
53332;242
53391;242
53448;242
53505;242
53564;242
53625;242
53689;242
53748;242
53807;242
53867;242
53927;242
53989;242
54051;242
54118;242
54178;242
54239;242
54298;242
54360;242
54422;242
54492;242
54574;242
54640;242
54698;242
54757;242
54825;242
54882;242
54963;242
55020;242
55091;242
55151;242
55211;242
55269;242
55336;242
55394;242
55455;242
55539;242
55599;242
55656;242
55733;242
55792;242
55854;242
55921;242
55986;242
56046;242
56108;242
56167;242
56230;242
56288;242
56356;242
56415;242
56474;242
56536;242
56600;242
56661;242
56721;242
56779;242
56861;242
56918;242
56974;242
57031;242
57090;242
57149;242
57208;242
57283;242
57349;242
57407;242
57469;242
57534;242
57592;242
57653;242
57712;242
57772;242
57830;242
57892;242
57953;242
58019;242
58075;242
58133;242
58191;242
58248;242
58306;242
58364;242
58449;242
58511;242
58593;243
58674;243
58735;243
58794;243
58853;243
58912;243
58978;243
59043;243
59134;243
59190;243
59255;243
59317;243
59389;243
59475;243
59555;243
59651;238
59738;238
59797;238
59862;238
59966;238
60047;238
60116;238
60205;238
60286;238
60356;238
60422;238
60490;238
60547;238
60634;238
60692;238
60752;238
60809;238
60876;238
60933;238
60992;237
61051;237
61116;237
61204;237
61278;237
61335;237
61401;237
61478;237
61537;237
61598;237
61667;237
61725;237
61785;237
61842;237
61901;237
61958;237
62016;237
62075;237
62140;237
62199;237
62265;237
62330;237
62388;237
62454;237
62525;237
62596;238
62673;238
62735;238
62797;237
62855;237
62921;237
62990;237
63046;236
63119;236
63189;236
63255;236
63313;236
63374;236
63432;236
63494;236
63556;236
63642;236
63703;236
63761;236
63820;236
63886;236
63944;236
64003;236
64061;236
64121;236
64196;236
64262;236
64329;236
64385;236
64445;236
64503;236
64564;236
64646;236
64711;236
64772;236
64830;236
64889;236
64953;236
65019;236
65093;236
65149;236
65208;236
65267;236
65329;236
65405;236
65466;236
65528;236
65595;236
65651;236
65711;236
65776;236
65845;236
65912;236
65970;236
66038;236
66098;236
66159;236
66217;236
66296;236
66370;236
66427;236
66485;236
66554;236
66623;236
66709;236
66777;236
66835;236
66911;236
66984;236
67071;236
67132;236
67191;236
67259;236
67322;236
67381;236
67450;236
67531;236
67593;236
67650;236
67715;236
67774;236
67839;236
67898;236
67956;236
68018;236
68078;236
68137;236
68195;236
68262;236
68319;236
68378;236
68437;236
68495;236
68556;236
68615;236
68678;236
68738;236
68810;235
68889;235
68945;235
69015;235
69073;235
69144;235
69204;235
69271;235
69331;235
69390;235
69456;235
69515;235
69585;235
69651;235
69710;235
69770;235
69828;235
69895;235
69952;235
70013;235
70071;235
70134;235
70193;235
70253;235
70327;235
70387;235
70447;235
70508;235
70575;234
70649;234
70710;234
70772;234
70829;234
70887;234
70952;234
71013;234
71074;234
71133;234
71192;234
71250;234
71333;234
71391;234
71465;234
71524;234
71585;234
71647;234
71706;234
71766;234
71832;234
71891;234
71961;234
72027;234
72094;235
72153;235
72211;235
72273;235
72352;235
72413;235
72472;235
72540;235
72599;235
72670;235
72744;235
72818;235
72883;235
72947;235
73017;235
73075;235
73135;235
73202;235
73261;235
73326;235
73385;235
73443;235
73503;235
73563;235
73621;235
73682;235
73764;235
73828;235
73888;235
73947;235
74006;235
74064;235
74122;235
74181;235
74258;235
74341;235
74428;235
74501;235
74584;235
74674;235
74767;235
74857;235
74942;235
75017;235
75079;235
75151;235
75208;235
75265;235
75330;235
75390;235
75457;235
75517;235
75571;235
75644;235
75702;235
75772;235
75832;235
75890;235
75950;235
76006;235
76071;235
76137;235
76196;235
76255;235
76322;235
76381;235
76448;235
76504;235
76565;235
76626;235
76686;235
76747;235
76807;235
76879;235
76936;235
76993;235
77052;235
77117;235
77175;235
77246;235
77313;235
77374;235
77459;235
77518;235
77577;235
77638;235
77695;235
77755;235
77821;235
77881;235
77940;235
77998;235
78072;235
78137;235
78202;235
78261;235
78319;235
78377;235
78449;235
78509;235
78571;235
78629;235
78688;235
78749;235
78810;235
78870;235
78929;235
78991;235
79051;235
79108;235
79167;235
79230;235
79296;235
79355;236
79416;236
79473;236
79544;236
79606;236
79663;236
79720;236
79777;236
79835;236
79902;236
79960;236
80019;236
80087;236
80153;236
80214;236
80289;236
80363;236
80423;236
80484;236
80546;236
80606;236
80664;236
80728;236
80788;236
80847;236
80905;236
80982;236
81040;236
81106;236
81165;236
81224;236
81302;236
81370;236
81438;236
81497;236
81559;236
81621;236
81682;236
81743;236
81803;236
81861;236
81921;236
81983;236
82046;236
82115;236
82178;236
82241;236
82300;236
82357;236
82416;236
82473;236
82538;236
82625;236
82686;237
82769;237
82837;236
82895;236
82955;236
83008;236
83067;236
83128;236
83200;236
83261;236
83319;236
83380;236
83439;236
83499;236
83560;236
83634;236
83696;236
83757;236
83815;236
83877;236
83936;236
83995;236
84060;236
84112;236
84172;236
84231;236
84298;236
84374;236
84435;236
84494;236
84555;236
84627;236
84684;236
84773;236
84839;236
84900;236
84961;236
85031;236
85090;236
85147;236
85211;236
85280;236
85348;236
85420;236
85482;236
85539;236
85600;236
85657;236
85715;236
85773;236
85845;236
85899;236
85956;236
86021;236
86079;236
86139;236
86196;236
86256;236
86317;236
86393;236
86465;236
86524;236
86592;236
86661;236
86721;236
86806;236
86870;236
86933;236
87000;236
87129;236
87185;236
87246;236
87305;236
87361;236
87428;236
87489;236
87549;236
87618;236
87679;236
87740;236
87851;236
87908;236
87965;236
88030;236
88089;236
88152;236
88211;236
88273;236
88362;236
88429;236
88487;236
88671;236
89080;236
89136;236
89194;236
89254;236
89311;236
89377;236
89435;236
89498;236
89559;235
89643;235
89707;235
89767;235
89836;235
89941;235
90002;235
90062;235
90124;235
90184;235
90244;235
90311;235
90379;235
90441;235
90502;235
90562;235
90621;235
90681;235
90904;235
91206;235
91425;235
91486;235
91552;235
91616;235
91675;235
91734;235
91806;235
91867;235
91928;235
91985;235
92044;235
92105;235
92163;235
92221;235
92281;235
92400;235
92467;236
92534;236
92596;236
92654;236
92714;236
92786;236
92848;236
92922;236
92997;236
93060;236
93122;236
93181;236
93243;236
93306;236
93412;236
93794;236
94119;236
94314;236
94380;236
94436;236
94493;236
94551;236
94609;236
94672;236
94740;236
94798;236
94861;236
94927;236
94987;236
95054;236
95112;236
95169;236
95236;236
95296;236
95354;236
95450;236
95508;236
95594;236
95652;236
95711;236
95778;236
95878;236
95935;236
95994;236
96065;236
96136;236
96204;236
96265;236
96323;236
96381;236
96438;236
96497;236
96570;236
96718;236
97038;236
97337;236
97396;236
97456;236
97527;236
97602;236
97673;236
97731;236
97789;236
97856;236
97922;236
97982;236
98040;236
98113;236
98171;236
98229;236
98295;236
98356;236
98422;236
98483;236
98545;236
98624;236
98710;236
98768;236
98828;236
98903;236
98967;236
99028;236
99087;236
99148;236
99208;236
99266;236
99340;236
99397;236
99469;236
99547;236
99608;236
99670;236
99731;236
99803;236
99870;236
99928;236
99987;236
100048;236
100104;236
100163;236
100222;236
100287;236
100359;236
100420;236
100497;236
100556;236
100617;236
100675;236
100733;236
100794;236
100864;236
100924;236
100984;236
101042;236
101114;236
101172;236
101234;236
101339;236
101395;236
101453;236
101515;236
101574;236
101636;236
101699;236
101760;236
101822;236
101885;236
101944;236
102016;236
102077;236
102136;236
102194;236
102256;236
102317;236
102378;236
102437;236
102497;236
102557;236
102624;236
102681;236
102745;236
102804;236
102862;236
102924;236
102983;236
103045;236
103104;236
103179;236
103246;236
103304;236
103362;236
103420;236
103481;236
103548;236
103607;236
103667;236
103742;236
103811;236
103874;236
103938;236
104004;236
104060;236
104117;235
104190;235
104252;235
104319;235
104377;235
104436;235
104513;235
104571;235
104629;235
104714;235
104772;235
104833;235
104897;235
104959;235
105020;235
105083;234
105150;234
105220;234
105275;234
105335;234
105392;234
105449;234
105508;234
105578;234
105637;234
105698;234
105774;234
105841;234
105895;234
105953;234
106021;234
106081;234
106148;234
106209;234
106270;234
106329;234
106396;234
106454;234
106520;234
106579;234
106646;234
106703;234
106764;234
106823;234
106898;234
106958;234
107017;234
107084;234
107151;234
107210;234
107267;234
107344;234
107405;234
107469;234
107538;234
107598;234
107665;234
107738;234
107805;234
107866;234
107923;234
107981;234
108046;234
108108;234
108172;234
108232;234
108291;234
108349;234
108416;234
108477;234
108548;234
108609;234
108670;234
108730;234
108803;234
108870;234
108933;234
109000;234
109083;234
109139;234
109197;234
109253;234
109307;234
109367;234
109434;234
109492;234
109553;234
109611;234
109671;234
109732;234
109817;234
109876;234
109948;234
110006;234
110065;234
110133;234
110195;234
110260;234
110320;234
110379;234
110438;234
110513;234
110583;234
110651;234
110717;234
110780;234
110838;234
110908;234
110986;234
111054;234
111112;234
111176;234
111253;234
111313;234
111381;234
111442;234
111502;234
111562;234
111623;234
111688;234
111756;234
111823;234
111889;234
111974;234
112041;234
112099;234
112158;234
112218;234
112287;234
112354;234
112414;234
112475;234
112543;234
112645;234
112720;234
112804;234
112861;234
112923;234
112986;234
113056;234
113117;234
113172;234
