162;235
283;235
369;235
498;235
581;235
652;235
717;235
785;235
868;235
933;235
999;235
1069;235
1150;235
1257;235
1340;235
1430;235
1519;235
1591;235
1659;235
1732;235
1795;234
1861;234
1935;236
2010;236
2089;236
2157;236
2224;236
2286;236
2344;236
2401;236
2462;236
2520;236
2594;236
2679;236
2759;236
2851;236
2926;236
3019;236
3095;236
3171;236
3253;236
3318;236
3382;236
3442;236
3506;236
3574;236
3633;236
3690;236
3750;236
3814;236
3875;236
3933;236
3991;236
4048;236
4113;236
4170;236
4237;236
4292;236
4356;236
4416;236
4493;237
4560;237
4651;237
4768;237
4827;237
4884;236
4948;236
5005;236
5075;236
5135;236
5194;236
5263;234
5332;234
5408;234
5483;234
5563;234
5638;234
5711;234
5779;234
5847;234
5908;234
5972;234
6032;234
6088;234
6147;234
6219;234
6282;234
6339;234
6399;234
6462;234
6519;234
6576;234
6650;234
6709;234
6774;234
6836;234
6901;234
6957;234
7018;234
7074;234
7130;234
7187;234
7243;234
7304;234
7360;234
7430;234
7500;234
7558;234
7628;234
7688;234
7744;234
7823;234
7883;234
7941;234
8014;234
8076;234
8142;234
8203;234
8271;234
8324;234
8388;234
8444;234
8508;234
8564;234
8622;234
8700;234
8765;234
8838;234
8908;234
8967;234
9023;234
9079;234
9136;234
9200;234
9257;234
9320;234
9375;234
9444;234
9501;234
9584;234
9673;234
9755;234
9818;234
9912;234
9983;234
10041;234
10099;234
10159;234
10228;234
10287;234
10350;234
10410;234
10490;234
10549;234
10612;234
10677;234
10737;234
10803;234
10862;234
10936;234
10997;234
11052;234
11115;234
11175;234
11233;234
11290;234
11353;234
11412;234
11476;234
11542;234
11606;235
11672;235
11743;235
11800;235
11859;235
11918;235
11975;235
12032;235
12100;235
12159;235
12231;235
12298;235
12353;235
12417;235
12486;235
12545;235
12610;235
12667;235
12749;235
12816;235
12881;235
12938;235
12996;235
13052;235
13108;235
13165;235
13221;235
13292;235
13370;240
13431;240
13498;240
13553;240
13610;240
13676;240
13737;240
13799;240
13863;240
13923;240
13981;240
14037;240
14099;240
14158;240
14219;240
14277;240
14335;240
14394;240
14462;240
14525;240
14581;241
14637;241
14707;241
14775;241
14835;239
14892;239
14959;239
15023;239
15087;239
15143;239
15199;239
15258;239
15321;239
15389;239
15457;239
15531;239
15591;239
15646;239
15702;238
15760;238
15828;238
15893;238
15956;238
16021;238
16100;238
16156;238
16219;238
16284;238
16343;238
16399;238
16459;238
16521;238
16580;238
16635;238
16695;238
16752;238
16810;238
16870;238
16930;238
16987;238
17045;238
17109;238
17174;238
17230;238
17287;238
17354;238
17432;238
17500;238
17554;238
17616;238
17677;238
17736;238
17791;238
17848;238
17907;238
17972;238
18028;238
18092;238
18148;239
18204;239
18262;239
18332;239
18393;239
18454;239
18516;239
18571;239
18629;239
18698;239
18771;239
18829;239
18911;239
18975;239
19043;239
19101;239
19157;239
19213;239
19281;239
19337;239
19393;239
19450;239
19512;239
19569;239
19639;239
19696;239
19774;239
19833;239
19889;239
19953;239
20009;239
20070;239
20129;239
20196;239
20251;239
20311;238
20366;238
20434;238
20497;238
20553;238
20610;239
20671;239
20740;239
20800;239
20867;239
20925;239
20981;239
21043;239
21122;238
21186;238
21250;238
21319;238
21376;238
21434;238
21499;238
21563;238
21620;238
21686;238
21753;238
21820;238
21892;238
21952;238
22009;238
22078;238
22141;238
22197;238
22254;238
22310;238
22376;238
22430;238
22492;238
22555;238
22613;238
22673;238
22729;238
22787;238
22853;238
22923;238
22981;238
23046;238
23121;238
23188;238
23247;238
23326;238
23389;238
23487;237
23557;237
23622;237
23691;237
23758;237
23829;237
23889;237
23962;237
24023;237
24083;237
24154;237
24217;237
24288;237
24358;237
24414;237
24481;237
24535;237
24593;237
24665;237
24722;237
24782;237
24841;237
24936;237
24995;237
25056;237
25118;237
25175;237
25240;237
25305;237
25359;237
25443;237
25516;237
25573;237
25644;236
25704;236
25757;236
25811;236
25868;236
25926;236
25995;236
26054;236
26113;236
26183;236
26246;236
26308;236
26378;236
26434;236
26491;236
26551;236
26608;236
26670;236
26734;236
26801;236
26855;236
26929;236
26987;236
27046;236
27102;236
27159;236
27223;236
27292;236
27346;236
27409;236
27465;236
27521;236
27584;236
27646;236
27716;236
27767;236
27829;236
27890;236
27947;236
28009;236
28066;236
28124;236
28179;236
28237;236
28306;236
28362;236
28416;236
28476;236
28533;236
28588;236
28643;236
28702;236
28758;236
28821;236
28877;236
28938;236
28995;236
29061;236
29120;235
29175;235
29230;235
29286;235
29341;235
29411;236
29468;236
29528;236
29585;236
29651;236
29720;236
29775;236
29830;236
29885;236
29943;236
29997;236
30074;236
30137;236
30194;236
30249;236
30309;236
30365;236
30420;236
30479;236
30535;236
30591;236
30654;236
30709;236
30779;236
30834;236
30899;236
30965;236
31023;236
31086;236
31144;236
31201;236
31270;236
31340;236
31396;236
31452;236
31515;236
31593;236
31656;236
31711;236
31777;236
31834;236
31891;236
31946;236
32009;236
32067;236
32122;236
32180;236
32238;236
32296;236
32353;236
32416;236
32469;236
32536;236
32606;236
32663;236
32725;236
32782;236
32846;236
32906;236
32979;241
33043;241
33099;241
33163;241
33223;241
33281;241
33336;241
33392;241
33449;241
33507;241
33565;241
33629;241
33687;241
33749;241
33805;241
33864;241
33934;241
33990;241
34047;241
34102;241
34165;241
34231;241
34286;241
34342;241
34400;241
34456;241
34519;241
34584;241
34636;241
34690;241
34744;241
34800;241
34863;241
34923;241
34981;241
35037;241
35100;241
35158;241
35223;237
35283;237
35339;237
35396;237
35467;237
35524;237
35586;237
35649;237
35714;237
35774;237
35832;237
35904;237
35967;237
36027;237
36089;237
36147;237
36213;237
36267;237
36331;237
36387;236
36459;236
36516;236
36572;236
36629;236
36705;236
36761;236
36816;236
36892;236
36976;236
37032;236
37095;236
37153;236
37209;236
37280;236
37341;236
37408;236
37468;237
37524;237
37587;237
37649;237
37718;237
37796;237
37872;237
37932;236
37990;236
38048;236
38109;236
38164;236
38219;236
38286;236
38350;236
38405;236
38463;236
38524;236
38580;236
38637;236
38703;236
38758;236
38818;236
38882;236
38939;236
38998;236
39056;236
39127;236
39198;236
39253;236
39323;236
39374;236
39428;236
39486;236
39543;236
39598;236
39655;236
39711;236
39774;236
39845;236
39916;236
39986;236
40043;236
40111;236
40166;236
40221;236
40285;236
40345;236
40405;236
40464;236
40531;236
40586;236
40642;236
40709;236
40764;236
40819;236
40880;236
40938;236
40999;236
41060;236
41117;236
41173;236
41236;236
41300;236
41360;236
41418;236
41476;236
41541;236
41601;236
41684;236
41754;236
41811;236
41867;236
41927;236
41985;236
42040;236
42099;236
42157;236
42221;236
42289;236
42344;236
42402;236
42464;236
42522;236
42579;236
42642;236
42701;236
42763;236
42818;236
42880;236
42941;236
43001;236
43058;236
43115;236
43174;236
43229;236
43287;236
43346;236
43407;236
43475;236
43549;236
43603;236
43673;236
43731;236
43787;236
43841;236
43896;236
43975;236
44046;236
44105;236
44165;236
44227;236
44282;236
44337;236
44392;236
44447;236
44506;236
44569;236
44628;236
44701;236
44754;236
44817;236
44874;236
44944;236
45006;236
45064;236
45126;236
45190;236
45250;236
45308;236
45362;236
45430;236
45498;236
45554;236
45612;236
45668;236
45724;236
45780;236
45847;235
45905;235
45962;235
46025;235
46082;235
46137;235
46193;235
46254;235
46310;235
46365;235
46421;235
46483;235
46542;235
46597;235
46656;235
46716;235
46773;235
46829;235
46902;235
46957;235
47024;235
47085;235
47152;235
47206;235
47262;235
47319;235
47382;236
47438;236
47506;236
47571;236
47625;236
47687;236
47742;236
47809;236
47865;236
47929;236
48013;236
48070;236
48127;236
48184;236
48242;236
48305;236
48364;236
48423;236
48479;236
48538;236
48592;236
48647;236
48703;236
48761;236
48829;236
48889;236
48960;236
49023;236
49078;237
49151;237
49205;237
49260;237
49323;237
49378;237
49436;237
49504;237
49566;237
49625;237
49680;237
49736;237
49799;237
49865;237
49919;237
49982;237
50037;236
50099;236
50161;236
50225;236
50283;236
50339;236
50397;236
50474;236
50526;236
50583;236
50646;236
50706;236
50764;236
50842;236
50900;236
50958;236
51017;236
51076;236
51131;236
51190;236
51266;236
51347;236
51401;236
51464;236
51522;236
51600;236
51663;236
51726;236
51781;236
51837;236
51901;236
51957;236
52016;236
52074;236
52129;236
52191;236
52245;236
52302;236
52358;236
52413;236
52472;236
52535;236
52593;236
52653;236
52710;236
52765;236
52827;236
52890;238
52970;238
53038;238
53118;238
53203;238
53263;239
53328;239
53385;239
53442;239
53505;239
53562;239
53620;239
53683;239
53738;239
53797;239
53852;239
53908;239
53962;239
54020;239
54076;239
54133;239
54212;239
54268;239
54337;239
54393;239
54450;239
54514;239
54572;239
54628;239
54685;236
54740;236
54795;236
54853;236
54914;235
54978;235
55037;236
55099;236
55154;236
55221;236
55304;236
55381;236
55446;236
55508;236
55584;236
55642;236
55703;236
55760;236
55817;236
55873;235
55928;235
55983;235
56051;235
56114;235
56172;235
56235;235
56292;235
56347;235
56403;235
56461;235
56524;235
56588;235
56649;235
56709;235
56767;235
56825;235
56880;235
56959;235
57016;235
57075;235
57133;235
57191;235
57247;235
57313;235
57371;235
57442;235
57500;235
57559;235
57617;235
57676;235
57733;235
57800;235
57875;235
57930;235
57987;235
58046;235
58116;235
58172;235
58235;235
58297;235
58355;235
58413;235
58474;235
58529;235
58587;235
58642;235
58702;235
58759;235
58814;235
58883;235
58946;235
59009;235
59073;235
59137;235
59195;235
59252;235
59308;235
59367;235
59430;235
59485;235
59541;235
59604;235
59666;236
59723;236
59785;236
59842;236
59897;236
59953;236
60008;236
60072;236
60135;236
60190;236
60248;236
60315;236
60379;236
60434;236
60504;236
60570;236
60624;236
60687;236
60742;236
60797;236
60860;236
60926;236
60982;236
61042;236
61102;236
61158;236
61212;236
61280;236
61335;236
61393;236
61464;236
61525;236
61582;236
61644;236
61700;236
61760;236
61825;236
61880;236
61935;236
61997;236
62056;236
62117;236
62180;236
62235;236
62292;236
62354;236
62408;236
62470;236
62526;236
62581;236
62644;236
62711;236
62775;236
62830;236
62887;236
62965;236
63024;236
63083;236
63142;236
63198;236
63256;236
63325;236
63381;236
63438;236
63493;236
63564;236
63622;236
63686;236
63741;236
63803;236
63859;236
63930;236
63987;236
64042;237
64105;237
64168;237
64231;237
64289;237
64356;237
64412;237
64470;237
64542;237
64641;237
64733;237
64788;237
64848;237
64906;237
64964;237
65022;237
65089;237
65144;237
65223;237
65281;237
65344;237
65399;237
65458;237
65521;237
65578;237
65636;237
65700;237
65763;237
65820;237
65876;237
65931;237
65987;237
66055;237
66117;237
66170;237
66225;237
66302;237
66359;237
66419;237
66483;237
66551;237
66609;237
66665;237
66720;237
66781;237
66835;237
66895;237
66950;237
67006;237
67072;237
67129;237
67184;237
67242;237
67298;237
67357;237
67425;237
67501;237
67579;237
67634;237
67689;237
67752;237
67815;237
67871;237
67929;237
67988;237
68050;237
68109;237
68165;237
68227;237
68285;237
68355;237
68413;237
68469;237
68535;237
68589;237
68646;237
68707;237
68765;237
68823;237
68878;237
68933;237
68992;237
69059;237
69124;237
69181;237
69237;237
69301;237
69356;237
69412;237
69470;237
69532;237
69627;237
69713;237
69784;237
69876;237
69948;237
70006;237
70070;237
70133;237
70191;237
70245;237
70308;237
70366;237
70421;237
70483;237
70539;237
70605;237
70659;237
70713;237
70780;237
70836;238
70891;238
70949;238
71013;238
71084;240
71143;240
71202;238
71256;238
71313;238
71372;238
71429;238
71494;238
71557;238
71612;238
71672;238
71735;238
71790;238
71851;238
71907;238
71964;238
72020;238
72083;238
72141;238
72195;238
72251;238
72313;238
72369;238
72439;238
72499;238
72555;238
72618;238
72673;238
72728;238
72786;238
72848;238
72910;238
72967;238
73030;238
73092;238
73156;237
73213;237
73269;237
73346;237
73410;237
73467;237
73530;237
73588;237
73658;237
73713;237
73769;237
73826;237
73888;237
73943;237
74000;237
74058;237
74123;237
74182;237
74243;237
74296;237
74351;237
74407;237
74466;237
74524;237
74579;237
74635;237
74699;237
74758;237
74811;237
74866;237
74935;237
74997;237
75053;237
75114;237
75172;237
75236;237
75300;237
75357;237
75420;237
75475;237
75531;237
75604;237
75659;237
75714;237
75778;237
75834;237
75896;237
75951;236
76021;236
76076;236
76145;236
76209;236
76262;236
76316;236
76370;236
76426;236
76486;236
76542;236
76597;236
76653;236
76708;236
76768;236
76822;236
76876;236
76933;236
76989;236
77044;236
77110;236
77171;236
77229;235
77291;235
77346;235
77404;235
77467;235
77537;235
77596;235
77652;235
77712;235
77777;235
77830;235
77892;235
77949;235
78020;235
78083;235
78146;235
78201;235
78261;235
78322;235
78380;235
78442;235
78499;235
78554;235
78614;235
78672;235
78729;235
78784;235
78839;235
78901;235
78969;235
79027;235
79090;235
79168;235
79234;235
79288;235
79343;235
79413;235
79473;235
79536;235
79600;235
79655;235
79710;235
79765;235
79832;235
79894;235
79956;235
80011;235
80071;235
80126;235
80193;235
80261;235
80316;235
80374;235
80445;235
80503;235
80562;235
80616;235
80675;235
80738;235
80795;235
80850;234
80921;234
80977;234
81036;234
81099;234
81157;234
81224;234
81285;234
81340;234
81398;234
81461;234
81517;234
81572;234
81629;234
81691;234
81747;234
81814;234
81870;234
81929;234
81984;234
82047;234
82106;234
82169;234
82225;234
82281;234
82351;234
82410;234
82468;234
82535;234
82604;234
82659;234
82717;234
82774;234
82829;234
82900;234
82966;234
83021;234
83081;234
83145;234
83206;234
83262;234
83318;234
83375;234
83437;234
83505;234
83556;234
83610;234
83668;234
83734;234
83789;234
83857;234
83912;234
83969;234
84028;234
84083;234
84147;234
84200;234
84267;234
84330;234
84388;234
84443;235
84507;235
84564;235
84636;235
84694;235
84765;235
84827;235
84892;235
84955;235
85015;235
85072;235
85140;235
85199;235
85255;235
85333;235
85388;235
85444;235
85513;235
85568;235
85624;235
85681;235
85743;235
85796;235
85854;235
85917;235
85973;235
86028;235
86091;235
86146;235
86201;235
86266;235
86334;235
86397;235
86473;235
86535;235
86589;235
86644;235
86706;235
86762;235
86824;235
86887;235
86942;235
86996;235
87060;235
87115;235
87181;235
87260;235
87342;235
87418;235
87475;235
87537;235
87600;234
87655;234
87713;234
87771;234
87836;234
87917;234
87986;234
88043;234
88113;234
88168;234
88225;234
88296;234
88349;234
88407;234
88463;234
88524;234
88581;234
88640;234
88697;234
88749;234
88804;234
88858;234
88926;234
88989;234
89044;234
89112;234
89186;234
89268;234
89326;234
89384;234
89441;234
89497;234
89567;234
89623;234
89686;234
89754;234
89824;234
89882;234
89936;234
90003;234
90079;234
90134;234
90196;234
90268;234
90324;234
90378;234
90456;234
90533;234
90584;234
90640;234
90711;234
90769;234
90836;234
90897;234
90956;234
91014;234
91069;234
91132;234
91202;234
91281;234
91335;234
91405;234
91474;234
91536;234
91597;234
91657;234
91714;234
91769;234
91827;234
91884;234
91939;234
92002;234
92068;234
92133;234
92188;234
92260;234
92322;234
92377;234
92437;234
92492;234
92547;234
92610;234
92671;234
92734;234
92805;234
92863;234
92922;234
92996;234
93058;234
93120;234
93182;234
93270;234
93327;234
93390;234
93446;234
93504;234
93562;234
93617;234
93691;234
93748;234
93805;234
93861;234
93924;234
93980;234
94042;234
94106;234
94174;234
94237;234
94298;234
94352;234
94406;234
94468;234
94537;234
94600;234
94663;234
94720;234
94788;234
94844;234
94906;234
94959;234
95029;234
95094;234
95149;234
95212;234
95294;234
95358;234
95415;234
95487;234
95542;234
95597;234
95652;234
95728;234
95783;234
95846;234
95914;234
95977;234
96034;234
96097;234
96248;234
96306;234
96368;234
96430;234
96486;234
96541;234
96597;234
96654;234
96713;234
96771;234
96834;234
96895;234
96951;234
97009;234
97068;234
97124;234
97186;234
97252;234
97313;234
97376;234
97434;234
97503;234
97566;234
97625;234
97680;234
97743;234
97801;234
97864;234
97927;234
97983;234
98046;234
98107;234
98164;234
98227;234
98297;234
98353;234
98408;234
98464;234
98523;234
98579;234
98634;234
98697;234
98781;234
98865;234
98929;234
98986;234
99042;234
99100;234
99156;234
99211;234
99273;234
99333;234
99396;234
99453;234
99509;234
99568;234
99623;234
99693;234
99761;234
99840;234
99912;234
99992;234
100050;234
100128;234
100184;234
100240;234
100303;234
100359;234
100426;234
100491;234
100548;234
100603;234
100658;234
100716;234
100784;234
100842;234
100907;234
100982;234
101070;234
101140;234
101202;234
101258;234
101316;234
101374;234
101429;234
101488;234
101546;234
101604;234
101664;234
101721;234
101779;234
101846;234
101901;234
101964;234
102027;234
102085;234
102148;234
102210;234
102278;234
102332;234
102390;234
102444;234
102501;234
102558;234
102613;234
102670;234
102728;234
