870;297
1087;297
1356;297
1541;297
1723;297
1925;297
2153;297
2323;297
2501;297
2681;297
2851;297
3022;297
3263;297
3502;297
3728;297
3910;297
4085;297
4255;297
4422;297
4672;297
4836;297
5008;297
5173;297
5339;297
5510;297
5754;297
5958;297
6122;297
6284;297
6465;297
6627;297
6789;297
6949;297
7111;297
7295;297
7466;297
7653;297
7816;297
7979;297
8139;297
8299;297
8460;297
8616;297
8773;297
8928;297
9083;297
9240;297
9394;297
9553;297
9703;297
9853;297
10000;297
10144;297
10294;297
10439;297
10585;297
10726;297
10862;297
10999;297
11133;297
11271;297
11404;297
11545;297
11669;297
11799;297
11927;297
12053;297
12178;297
12301;297
12452;293
12577;293
12700;293
12819;293
12991;285
13134;271
13246;271
13367;271
13481;271
13645;266
13752;266
13880;265
14031;263
14159;259
14260;259
14356;259
14454;259
14574;258
14670;258
14763;258
14860;258
14951;258
15066;257
15156;257
15250;257
15340;257
15432;257
15523;257
15618;257
15708;257
15803;257
15922;256
16012;256
16101;256
16190;256
16283;256
16370;256
16464;256
16555;256
16644;256
16735;256
16828;256
16917;256
17005;256
17092;256
17180;256
17269;256
17360;256
17453;256
17544;256
17635;256
17725;256
17815;256
17903;256
17996;256
18087;256
18175;256
18265;256
18354;256
18455;256
18543;256
18630;256
18719;256
18808;256
18908;256
19009;256
19105;256
19193;256
19285;256
19374;256
19468;256
19579;256
19671;256
19760;256
19849;256
19939;256
20028;256
20118;256
20209;256
20299;256
20388;256
20540;256
20646;256
20774;256
20863;256
20951;256
21059;256
21149;256
21238;256
21327;256
21421;256
21510;256
21628;256
21719;256
21810;256
21897;256
21985;256
22077;256
22168;256
22256;256
22345;256
22435;256
22525;256
22617;256
22706;256
22795;256
22881;256
22971;256
23060;256
23149;256
23236;256
23327;256
23418;256
23508;256
23600;256
23692;256
23780;256
23868;256
23956;256
24047;256
24138;256
24229;256
24320;256
24412;256
24501;256
24595;256
24687;256
24776;256
24865;256
24953;256
25042;256
25132;256
25219;256
25309;256
25401;256
25491;256
25581;256
25698;256
25798;256
25897;256
26008;256
26134;256
26271;256
26401;256
26524;256
26616;256
26704;256
26793;256
26882;256
26977;256
27076;256
27185;256
27277;256
27375;256
27465;256
27556;256
27650;256
27750;256
27862;256
27952;256
28045;256
28141;256
28237;256
28333;256
28424;256
28515;256
28605;256
28698;256
28789;256
28878;256
28969;256
29060;256
29148;256
29237;256
29333;256
29488;256
29597;256
29696;256
29798;256
29891;256
29981;256
30070;256
30159;256
30265;256
30353;256
30447;256
30536;256
30629;256
30730;256
30890;256
31060;256
31150;256
31247;256
31371;256
31504;256
31600;256
31693;256
31789;256
31882;256
32006;256
32171;256
32287;256
32379;256
32508;256
32603;256
32691;256
32780;256
32871;256
32960;256
33048;256
33137;256
33227;256
33350;254
33441;254
33534;254
33626;254
33722;254
33816;254
33906;254
33993;254
34085;254
34173;254
34264;254
34353;254
34446;254
34535;254
34631;254
34723;254
34814;254
34906;254
34997;254
35087;254
35175;254
35266;254
35356;254
35448;254
35536;254
35626;254
35721;254
35812;254
35901;254
36002;254
36096;254
36192;254
36298;254
36402;254
36492;254
36581;254
36672;254
36760;254
36849;254
36937;254
37025;254
37113;254
37204;254
37292;254
37380;254
37477;254
37574;254
37675;254
37773;254
37864;254
37960;254
38052;254
38144;254
38235;254
38329;254
38424;254
38517;254
38612;254
38709;254
38804;254
38899;254
38994;254
39090;254
39185;254
39280;254
39381;254
39494;254
39585;254
39680;254
39805;254
39896;254
39987;254
40079;254
40168;254
40260;254
40349;254
40443;254
40536;254
40630;254
40722;254
40818;254
40930;254
41080;254
41198;254
41300;254
41394;254
41488;254
41581;254
41673;254
41766;254
41856;254
41945;254
42035;254
42124;254
42214;254
42302;254
42395;254
42487;254
42580;254
42671;254
42760;254
42851;254
42940;254
43030;254
43120;254
43209;254
43298;254
43388;254
43490;254
43578;254
43670;254
43762;254
43853;254
43943;254
44032;254
44127;254
44216;254
44311;254
44410;254
44511;254
44611;254
44713;254
44810;254
44913;254
45010;254
45099;254
45187;254
45279;254
45372;254
45464;254
45552;254
45645;254
45736;254
45831;254
45925;254
46023;254
46113;254
46202;254
46292;254
46381;254
46471;254
46560;254
46649;254
46738;254
46826;254
46915;254
47007;254
47096;254
47189;254
47279;254
47370;254
47460;254
47550;254
47639;254
47726;254
47825;254
47920;254
48011;254
48101;254
48197;254
48306;254
48416;254
48521;254
48611;254
48706;254
48798;254
48886;254
48990;254
49080;254
49169;254
49268;254
49370;254
49473;254
49563;254
49651;254
49757;254
49874;254
49976;254
50068;254
50172;254
50292;254
50396;254
50494;254
50587;254
50681;254
50782;254
50876;254
50967;254
51057;254
51149;254
51238;254
51328;254
51422;254
51514;254
51604;254
51694;254
51795;254
51910;254
51999;254
52089;254
52178;254
52268;254
52358;254
52448;254
52539;254
52628;254
52717;254
52849;254
53007;254
53110;254
53201;254
53294;254
53383;254
53474;254
53563;254
53651;254
53740;254
53831;254
53925;254
54034;254
54184;254
54309;254
54398;254
54491;254
54580;254
54669;254
54759;254
54868;254
54959;254
55048;254
55135;254
55225;254
55313;254
55405;254
55494;254
55583;254
55673;254
55767;254
55876;254
55976;254
56064;254
56159;254
56247;254
56336;254
56445;254
56536;254
56628;254
56719;254
56807;254
56895;254
56984;254
57072;254
57160;254
57250;254
57339;254
57432;254
57521;254
57610;254
57699;254
57792;254
57900;254
58002;254
58090;254
58178;254
58269;254
58358;254
58448;254
58537;254
58627;254
58715;254
58841;254
58973;254
59070;254
59159;254
59248;254
59362;254
59511;254
59621;254
59718;254
59816;254
59924;254
60024;254
60125;254
60220;254
60315;254
60410;254
60499;254
60590;254
60679;254
60770;254
60862;254
60952;254
61047;254
61135;254
61223;254
61311;254
61403;254
61494;254
61583;254
61672;254
61761;254
61852;254
61946;254
62036;254
62127;254
62216;254
62304;254
62396;254
62490;254
62585;254
62690;254
62778;254
62868;254
62957;254
63046;254
63136;254
63225;254
63315;254
63403;254
63494;254
63585;254
63674;254
63762;254
63852;254
63968;254
64077;254
64169;254
64260;254
64350;254
64453;254
64630;254
64780;254
64927;254
65053;254
65183;254
65316;254
65431;254
65542;254
65642;254
65734;254
65833;254
65942;254
66085;254
66251;254
66434;254
66569;254
66699;254
66882;254
67031;254
67199;254
67339;254
67476;254
67611;254
67736;254
67915;254
68099;254
68246;254
68341;254
68473;254
68609;254
68763;254
68886;254
68979;254
69072;254
69165;254
69256;254
69347;254
69440;254
69529;254
69619;254
69710;254
69800;254
69891;254
69980;254
70097;254
70239;254
70373;254
70465;254
70556;254
70651;254
70740;254
70830;254
70966;254
71103;254
71194;254
71282;254
71369;254
71462;254
71552;254
71641;254
71730;254
71821;254
71921;254
72070;254
72207;254
72307;254
72450;254
72593;254
72738;254
72894;254
73043;254
73184;254
73320;254
73484;254
73593;254
73688;254
73796;254
73946;254
74133;254
74296;254
74464;254
74579;254
74723;254
74839;254
74932;254
75024;254
75113;254
75203;254
75290;254
75383;254
75473;254
75564;254
75657;254
75747;254
75836;254
75927;254
76017;254
76113;254
76202;254
76292;254
76378;254
76470;254
76561;254
76650;254
76738;254
76829;254
76919;254
77009;254
77098;254
77193;254
77286;254
77377;254
77477;254
77567;254
77657;254
77745;254
77836;254
77926;254
78035;254
78133;254
78221;254
78310;254
78399;254
78490;254
78577;254
78670;254
78758;254
78846;254
78936;254
79025;254
79112;254
79201;254
79296;254
79385;254
79476;254
79580;254
79681;254
79815;254
79952;254
80042;254
80138;254
80226;254
80314;254
80416;254
80560;254
80664;254
80793;254
80884;254
80973;254
81060;254
81165;254
81254;254
81342;254
81433;254
81521;254
81611;254
81700;254
81788;254
81879;254
81968;254
82058;254
82151;254
82239;254
82327;254
82417;254
82505;254
82595;254
82750;254
82895;254
82986;254
83076;254
83164;254
83252;254
83342;254
83433;254
83523;254
83613;254
83701;254
83791;254
83881;254
83969;254
84059;254
84154;254
84246;254
84333;254
84425;254
84513;254
84602;254
84691;254
84779;254
84869;254
84956;254
85044;254
85134;254
85223;254
85313;254
85404;254
85496;254
85584;254
85674;254
85782;254
85878;254
85967;254
86056;254
86170;254
86264;254
86355;254
86453;254
86543;254
86634;254
86722;254
86813;254
86903;254
86990;254
87078;254
87167;254
87258;254
87350;254
87443;254
87532;254
87622;254
87710;254
87810;254
87913;254
88004;254
88096;254
88192;254
88287;254
88380;254
88472;254
88572;254
88667;254
88756;254
88849;254
88939;254
89028;254
89116;254
89206;254
89296;254
89385;254
89476;254
89567;254
89661;254
89751;254
89839;254
89929;254
90031;254
90140;254
90236;254
90326;254
90424;254
90572;254
90710;254
90829;254
90937;254
91028;254
91120;254
91213;254
91301;254
91410;254
91506;254
91628;254
91784;254
91942;254
92125;254
92300;254
92465;254
92646;254
92822;254
93020;254
93209;254
93320;254
93503;254
93683;254
93784;254
93873;254
93962;254
94062;254
94231;254
94377;254
94539;254
94682;254
94818;254
94971;254
95131;254
95245;254
95334;254
95429;254
95521;254
95612;254
95705;254
95795;254
95892;254
96024;254
96152;254
96270;254
96402;254
96517;254
96612;254
96702;254
96791;254
96883;254
96980;254
97074;254
97169;254
97260;254
97356;254
97454;254
97555;254
97713;254
97838;254
97950;254
98083;254
98204;254
98303;254
98395;254
98488;254
98581;254
98674;254
98765;254
98855;254
98945;254
99033;254
99122;254
99213;254
99302;254
99391;254
99487;254
99576;254
99669;254
99760;254
99848;254
99937;254
100043;254
100187;254
100334;254
100426;254
100515;254
100605;254
100696;254
100788;254
100879;254
100976;254
101066;254
101157;254
101317;254
101436;254
101527;254
101620;254
101710;254
101822;254
101959;254
102064;254
102152;254
102244;254
102340;254
102432;254
102522;254
102611;254
102701;254
102795;254
102885;254
102976;254
103066;254
103155;254
103245;254
103332;254
103426;254
103517;254
103609;254
103699;254
103788;254
103876;254
103966;254
104106;254
104242;254
104353;254
104443;254
104532;254
104620;254
104711;254
104800;254
104888;254
104981;254
105073;254
105164;254
105255;254
105345;254
105437;254
105527;254
105617;254
105707;254
105797;254
105924;254
106065;254
106176;254
106267;254
106371;254
106503;254
106613;254
106704;254
106805;254
106935;254
107053;254
107141;254
107243;254
107371;254
107494;254
107585;254
107675;254
107800;254
107925;254
108033;254
108124;254
108237;254
108377;254
108474;254
108596;254
108716;254
108807;254
108896;254
108989;254
109089;254
109185;254
109273;254
109364;254
109459;254
109582;254
109715;254
109815;254
109919;254
110018;254
110118;254
110217;254
110309;254
110430;254
110580;254
110707;254
110824;254
110913;254
111004;254
111092;254
111188;254
111279;254
111367;254
111460;254
111548;254
111639;254
111729;254
111818;254
111906;254
111995;254
112090;254
112180;254
112271;254
112364;254
112459;254
112549;254
112639;254
112731;254
112824;254
112913;254
113002;254
113093;254
113182;254
113271;254
113361;254
113459;254
113551;254
113642;254
113731;254
113821;254
113910;254
114000;254
114089;254
114178;254
114268;254
114357;254
114454;254
114542;254
114631;254
114721;254
114810;254
114900;254
114991;254
115082;254
115174;254
115265;254
115354;254
115443;254
115530;254
115620;254
115709;254
115800;254
115888;254
115978;254
116069;254
116159;254
116249;254
116338;254
116436;254
116525;254
116616;254
116708;254
116797;254
116885;254
116975;254
117065;254
117156;254
117245;254
117335;254
117431;254
117524;254
117612;254
117702;254
117792;254
117882;254
117970;254
118060;254
118161;254
118255;254
118345;254
118460;254
118550;254
118640;254
118729;254
118819;254
118910;254
118999;254
119089;254
119178;254
119268;254
119360;254
119451;254
119540;254
119629;254
119722;254
119813;254
119901;254
119990;254
120079;254
120169;254
120260;254
120351;254
120446;254
120539;254
120629;254
120717;254
120806;254
120895;254
120984;254
121074;254
121163;254
121257;254
121349;254
121442;254
121535;254
121626;254
121716;254
121805;254
121894;254
121985;254
122075;254
122164;254
122253;254
122343;254
122439;254
122534;254
122624;254
122713;254
122806;254
122896;254
122985;254
123075;254
123167;254
123257;254
123348;254
123440;254
123533;254
123632;254
123722;254
123813;254
123901;254
123991;254
124080;254
124169;254
124261;254
124354;254
124448;254
