1755;262
2327;262
2794;262
3089;262
3357;262
3650;262
3920;262
4283;262
4724;262
5014;262
5285;262
5564;262
5836;262
6156;262
6546;262
6866;262
7274;262
7553;262
7820;262
8091;262
8361;262
8628;262
8896;262
9164;262
9431;262
9695;262
9964;262
10231;262
10504;262
10769;262
11037;262
11304;262
11570;262
11834;262
12104;262
12369;262
12639;262
12903;262
13170;262
13514;262
13885;262
14185;262
14446;262
14700;262
14952;262
15217;262
15468;262
15714;262
15957;262
16196;262
16466;262
16723;262
16964;262
17215;262
17546;262
17869;262
18118;262
18351;262
18589;262
18812;262
19043;262
19267;262
19488;262
19837;262
20128;262
20461;262
20694;262
21053;262
21299;262
21536;262
21783;259
21990;259
22237;258
22531;253
22812;249
23004;249
23204;249
23477;246
23669;246
23948;241
24169;240
24420;239
24619;239
24854;238
25044;238
25216;238
25394;238
25589;238
25759;238
25932;238
26098;238
26355;236
26625;236
26950;236
27344;236
27615;236
27820;236
28076;236
28293;236
28514;236
28737;236
28909;236
29119;236
29353;235
29622;235
29871;235
30052;235
30272;234
30443;234
30630;234
30806;234
31014;233
31178;233
31349;233
31553;232
31710;232
31928;232
32210;232
32463;232
32645;232
32808;232
32966;232
33173;231
33348;231
33522;231
33715;231
33887;231
34049;231
34214;231
34384;231
34565;231
34743;231
34899;231
35063;231
35225;231
35392;231
35552;231
35724;231
35877;231
36042;231
36199;231
36356;231
36519;231
36677;231
36843;231
36998;231
37162;231
37326;231
37486;231
37660;231
37817;231
37980;231
38150;231
38327;231
38490;231
38680;231
38836;231
38995;231
39158;231
39312;231
39468;231
39626;231
39801;231
39972;231
40134;231
40298;231
40465;231
40647;231
40812;231
40983;231
41145;231
41301;231
41471;231
41638;231
41803;231
41975;231
42142;231
42307;231
42483;231
42650;231
42806;231
42973;231
43128;231
43287;231
43450;231
43612;231
43792;231
43968;231
44150;231
44323;231
44504;231
44669;231
44837;231
44994;231
45152;231
45309;231
45477;231
45636;231
45794;231
45969;231
46177;230
46340;230
46502;230
46673;230
46846;230
47002;230
47161;230
47316;230
47488;230
47646;230
47804;230
47965;230
48121;230
48282;230
48445;230
48622;230
48797;230
48949;230
49123;230
49283;230
49460;230
49634;230
49789;230
49979;230
50150;230
50317;230
50500;230
50704;230
50868;230
51034;230
51215;230
51388;230
51553;230
51735;230
51901;230
52074;230
52240;230
52404;230
52571;230
52780;230
52936;230
53123;230
53304;230
53468;230
53681;230
53905;230
54073;230
54254;230
54434;230
54619;230
54799;230
54957;230
55117;230
55276;230
55446;230
55610;230
55768;230
55962;230
56231;230
56464;230
56703;230
56894;230
57072;230
57237;230
57411;230
57578;230
57743;230
57908;230
58076;230
58247;230
58428;230
58603;230
58789;230
58955;230
59119;230
59297;230
59468;230
59638;230
59804;230
59974;230
60127;230
60296;230
60464;230
60633;230
60807;230
60963;230
61129;230
61310;230
61483;230
61652;230
61822;230
61976;230
62142;230
62295;230
62475;230
62632;230
62792;230
62949;230
63126;230
63280;230
63437;230
63604;230
63775;230
63930;230
64086;230
64245;230
64403;230
64563;230
64717;230
64884;230
65047;230
65201;230
65357;230
65533;230
65699;230
65881;230
66054;230
66211;230
66379;230
66553;230
66720;230
66941;230
67120;230
67275;230
67438;230
67641;230
67858;229
68022;229
68178;229
68335;229
68493;229
68658;229
68821;229
68979;229
69139;229
69302;229
69479;229
69638;229
69796;229
69956;229
70119;229
70276;229
70436;229
70603;229
70762;229
70955;229
71114;229
71271;229
71448;229
71615;229
71794;229
71951;229
72140;229
72318;229
72482;229
72654;229
72818;229
73004;229
73160;229
73317;229
73496;229
73678;229
73849;229
74012;229
74176;229
74354;229
74510;229
74677;229
74836;229
75028;229
75183;229
75361;229
75529;229
75702;229
75870;229
76036;229
76191;229
76355;229
76512;229
76671;229
76831;229
76999;229
77157;229
77314;229
77472;229
77636;229
77792;229
77947;229
78109;229
78268;229
78447;229
78605;229
78761;229
78928;229
79096;229
79263;229
79420;229
79580;229
79742;229
79922;229
80094;229
80262;229
80427;229
80597;229
80759;229
80946;229
81108;229
81272;229
81450;229
81619;229
81789;229
81948;229
82121;229
82277;229
82463;229
82622;229
82785;229
82951;229
83119;229
83291;229
83463;229
83634;229
83792;229
83964;229
84135;229
84301;229
84462;229
84636;229
84826;229
84987;229
85149;229
85309;229
85491;229
85648;229
85806;229
85971;229
86127;229
86283;229
86442;229
86606;229
86762;229
86917;229
87083;229
87245;229
87409;229
87569;229
87738;229
87896;229
88051;229
88209;229
88384;229
88543;229
88708;229
88864;229
89048;229
89202;229
89360;229
89522;229
89679;229
89836;229
89991;229
90153;229
90310;229
90468;229
90628;229
90790;229
90947;229
91111;229
91267;229
91429;229
91592;229
91750;229
91970;229
92208;229
92366;229
92526;229
92682;229
92840;229
92996;229
93160;229
93313;229
93467;229
93625;229
93785;229
93941;229
94095;229
94252;229
94412;229
94568;229
94723;229
94880;229
95047;229
95205;229
95363;229
95532;229
95689;229
95845;229
96001;229
96162;229
96319;229
96476;229
96635;229
96800;229
96957;229
97121;229
97277;229
97441;229
97599;229
97754;229
97917;229
98082;229
98246;229
98405;229
98568;229
98730;229
98888;229
99049;229
99212;229
99370;229
99526;229
99686;229
99851;229
100008;229
100164;229
100328;229
100486;229
100645;229
100803;229
100967;229
101131;229
101305;229
101463;229
101627;229
101782;229
101947;229
102114;229
102282;229
102451;229
102618;229
102795;229
102970;229
103158;229
103323;229
103478;229
103637;229
103794;229
103957;229
104114;229
104271;229
104439;229
104600;229
104759;229
104926;229
105105;229
105264;229
105441;229
105614;229
105789;229
105963;229
106120;229
106282;229
106443;229
106602;229
106759;229
106922;229
107089;229
107255;229
107434;229
107605;229
107770;229
107938;229
108096;229
108268;229
108435;229
108611;229
108785;229
108952;229
109125;229
109291;229
109459;229
109624;229
109787;229
109945;229
110103;229
110262;229
110426;229
110588;229
110747;229
110916;229
111084;229
111289;229
111476;229
111645;229
111809;229
111974;229
112146;229
112317;229
112483;229
112649;229
112809;229
112975;229
113154;229
113354;229
113515;229
113760;229
113942;229
114104;229
114261;229
114428;229
114587;229
114747;229
114915;229
115073;229
115240;229
115412;229
115576;229
115742;229
115909;229
116092;229
116256;229
116426;229
116592;229
116751;229
116921;229
117106;229
117276;229
117451;229
117628;229
117792;229
117957;229
118134;229
118303;229
118471;229
118640;229
118817;229
118988;229
119158;229
119326;229
119491;229
119651;229
119823;229
120007;229
120163;229
120320;229
120488;229
120662;229
120828;229
120997;229
121156;229
121328;229
121501;229
121673;229
121840;229
122025;229
122198;229
122371;229
122542;229
122708;229
122872;229
123058;229
123228;229
123413;229
123600;229
123778;229
123951;229
124124;229
124292;229
124464;229
124642;229
124803;229
124970;229
125134;229
125305;229
125473;229
125651;229
125818;229
125979;229
126162;229
126330;229
126494;229
126664;229
126833;229
126989;229
127156;229
127329;229
127513;229
127682;229
127859;229
128030;229
128207;229
128379;229
128548;229
128715;229
128886;229
129066;229
129238;229
129433;229
129610;229
129776;229
129935;229
130100;229
130259;229
130420;229
130591;229
130749;229
130907;229
131064;229
131228;229
131389;229
131549;229
131707;229
131869;229
132051;229
132214;229
132392;229
132557;229
132724;229
132891;229
133062;229
133235;229
133407;229
133572;229
133737;229
133898;229
134068;229
134226;229
134410;229
134574;229
134744;229
134904;229
135091;229
135268;229
135474;229
135639;229
135818;229
135993;229
136168;229
136333;229
136505;229
136692;229
136869;229
137028;229
137200;229
137376;229
137548;229
137712;229
137883;229
138047;229
138209;229
138375;229
138549;229
138733;229
138899;229
139072;229
139256;229
139439;229
139607;229
139796;229
139984;229
140195;229
140354;229
140518;229
140683;229
140842;229
140998;229
141167;229
141331;229
141500;229
141664;229
141829;229
141993;229
142159;229
142329;229
142494;229
142675;229
142854;229
143022;229
143192;229
143352;229
143528;229
143687;229
143846;229
144012;229
144170;229
144333;229
144494;229
144658;229
144816;229
144972;229
145131;229
145308;229
145506;229
145674;229
145855;229
146021;229
146187;229
146353;229
146538;229
146706;229
146876;229
147042;229
147215;229
147378;229
147579;229
147746;229
147910;229
148076;229
148234;229
148410;229
148592;229
148760;229
148937;229
149113;229
149285;229
149459;229
149631;229
149809;229
149966;229
150142;229
150318;229
150493;229
150658;229
150829;229
150993;229
151158;229
151328;229
151489;229
151680;229
151859;229
152095;229
152310;229
152475;229
152648;229
152824;229
152997;229
153157;229
153319;229
153507;229
153670;229
153835;229
154002;229
154159;229
154322;229
154489;229
154646;229
154807;229
154963;229
155134;229
155294;229
155465;229
155627;229
155787;229
155941;229
156106;229
156276;229
156434;229
156610;229
156771;229
156940;229
157110;229
157268;229
157424;229
157616;229
157773;229
157940;229
158105;229
158280;229
158441;229
158597;229
158753;229
158916;229
159074;229
159227;229
159384;229
159551;229
159712;229
159877;229
160034;229
160191;229
160392;229
160608;229
160837;229
161002;229
161163;229
161329;229
161507;229
161698;229
161863;229
162034;229
162214;229
162381;229
162548;229
162725;229
162887;229
163058;229
163223;229
163393;229
163560;229
163729;229
163886;229
164053;229
164227;229
164386;229
164548;229
164704;229
164862;229
165019;229
165183;229
165340;229
165501;229
165669;229
165833;229
165996;229
166168;229
166333;229
166498;229
166666;229
166831;229
167002;229
167167;229
167328;229
167493;229
167705;229
167864;229
168028;229
168191;229
168357;229
168529;229
168699;229
168882;229
169071;229
169256;229
169421;229
169582;229
169774;229
169941;229
170116;229
170281;229
170458;229
170629;229
170802;229
170960;229
171116;229
171279;229
171437;229
171594;229
171770;229
171940;229
172107;229
172279;229
172451;229
172612;229
172783;229
172948;229
173120;229
173301;229
173484;229
173717;229
173961;229
174123;229
174287;229
174464;229
174630;229
174792;229
174975;229
175140;229
175297;229
175465;229
175625;229
175794;229
175950;229
176106;229
176278;229
176438;229
176598;229
176763;229
176933;229
177093;229
177265;229
177428;229
177586;229
177764;229
177920;229
178081;229
178245;229
178405;229
178565;229
178730;229
178893;229
179049;229
179207;229
179365;229
179531;229
179693;229
179857;229
180017;229
180187;229
180344;229
180502;229
180667;229
180827;229
180984;229
181147;229
181312;229
181469;229
181629;229
181794;229
181959;229
182118;229
182279;229
182439;229
182617;229
182783;229
182946;229
183128;229
183373;229
183567;229
183735;229
183917;229
184087;229
184270;229
184428;229
184600;229
184763;229
184927;229
185108;229
185285;229
185470;229
185641;229
185831;229
186005;229
186162;229
186328;229
186501;229
186682;229
186858;229
187025;229
187195;229
187383;229
187556;229
187728;229
187923;229
188101;229
188279;229
188454;229
188648;229
188818;229
188984;229
189155;229
189314;229
189492;229
189650;229
189818;229
189978;229
190134;229
190300;229
190469;229
190627;229
190783;229
190942;229
191102;229
191265;229
191436;229
191595;229
191752;229
191944;229
192107;229
192266;229
192429;229
192585;229
192741;229
192897;229
193061;229
193216;229
193377;229
193537;229
193697;229
193877;229
194041;229
194197;229
194352;229
194515;229
194679;229
194842;229
195006;229
195164;229
195319;229
195483;229
195649;229
195807;229
195997;229
196153;229
196317;229
196488;229
196648;229
196811;229
196970;229
197128;229
197282;229
197445;229
197604;229
197758;229
197920;229
198088;229
198245;229
198400;229
198555;229
198719;229
198883;229
199041;229
199206;229
199379;229
199542;229
199707;229
199865;229
200027;229
200190;229
200347;229
200527;229
200707;229
200872;229
201030;229
201208;229
201375;229
201540;229
201701;229
201874;229
202056;229
202222;229
202391;229
202571;229
202758;229
202925;229
203097;229
203277;229
203443;229
203606;229
203780;229
203942;229
204112;229
204285;229
204444;229
204603;229
204769;229
204928;229
205086;229
205251;229
205429;229
205594;229
205781;229
205946;229
206124;229
206289;229
206463;229
206631;229
206798;229
206962;229
207120;229
207304;229
207460;229
207616;229
207777;229
207993;229
208224;229
208434;229
208598;229
208764;229
208932;229
209095;229
209258;229
209433;229
209602;229
209767;229
209926;229
210108;229
210267;229
210441;229
210601;229
210772;229
210939;229
211095;229
211266;229
211431;229
211596;229
211760;229
212003;229
212233;229
212420;229
212590;229
212756;229
212921;229
213091;229
213255;229
213429;229
213607;229
213767;229
213930;229
214118;229
214277;229
214432;229
