132;2116
218;2029
320;1960
417;1823
517;1730
595;1576
683;1313
749;1313
814;1313
892;1313
957;1313
1025;1289
1098;1224
1165;1224
1259;1102
1326;1102
1398;1039
1466;1005
1535;931
1606;873
1677;806
1741;806
1815;806
1907;806
1974;806
2040;806
2107;733
2172;733
2237;646
2302;646
2368;646
2434;411
2503;411
2583;411
2643;411
2713;370
2779;370
2842;370
2909;276
2972;276
3041;276
3107;276
3174;276
3238;276
3312;270
3395;270
3472;270
3554;270
3633;270
3712;270
3790;270
3868;270
3945;270
4033;270
4089;270
4144;270
4199;270
4259;270
4314;270
4372;270
4429;270
4486;270
4547;270
4610;270
4666;270
4723;270
4779;270
4836;270
4895;270
4952;270
5014;270
5072;270
5136;270
5204;270
5261;270
5318;270
5376;270
5433;270
5494;270
5552;270
5612;270
5671;270
5728;270
5784;270
5840;270
5898;270
5956;270
6015;270
6072;270
6130;270
6196;270
6255;270
6314;270
6376;270
6457;270
6543;270
6621;270
6698;270
6791;270
6847;270
6902;270
6966;270
7022;270
7079;270
7137;270
7193;270
7254;163
7314;163
7399;165
7492;165
7579;165
7667;165
7769;165
7831;165
7890;165
7960;165
8029;165
8113;165
8210;165
8292;165
8377;165
8456;165
8547;165
8622;165
8697;165
8779;165
8865;165
8947;165
9029;165
9110;165
9195;165
9292;165
9377;165
9474;111
9555;111
9616;111
9673;111
9730;111
9808;110
9932;110
10025;110
10094;110
10194;83
10294;83
10401;83
10492;83
10580;83
10638;83
10696;83
10774;83
10851;83
10915;83
10975;83
11031;83
11087;83
11143;83
11200;83
11257;83
11314;83
11375;83
11433;83
11491;83
11551;83
11611;83
11669;83
11730;83
11788;83
11847;83
11908;83
11966;83
12025;83
12082;83
12140;83
12199;83
12268;83
12325;83
12385;83
12443;83
12502;83
12562;83
12618;83
12674;83
12729;83
12789;85
12844;85
12900;85
12956;85
13013;85
13071;85
13129;85
13188;85
13247;85
13304;85
13361;85
13419;85
13476;85
13533;85
13589;85
13646;85
13703;85
13764;85
13822;85
13878;85
13935;85
13991;85
14051;85
14114;85
14178;85
14236;85
14293;85
14363;85
14459;85
14550;85
14640;85
14745;85
14857;85
14960;85
15060;85
15166;85
15235;85
15330;85
15413;85
15471;85
15533;85
15601;85
15657;85
15713;85
15770;85
15825;85
15881;85
15936;85
15993;85
16050;85
16105;85
16160;85
16216;85
16276;85
16344;85
16404;85
16462;85
16519;85
16578;85
16637;85
16694;85
16751;85
16807;85
16871;85
16933;85
16988;85
17044;85
17099;85
17156;85
17216;80
17274;80
17331;80
17389;80
17445;80
17502;80
17563;80
17620;80
17679;80
17745;80
17801;80
17861;80
17918;80
17977;80
18036;80
18100;85
18160;85
18221;85
18278;85
18333;85
18391;85
18448;85
18503;85
18559;85
18622;85
18678;85
18741;85
18797;85
18853;85
18911;85
18968;85
19029;85
19085;85
19144;85
19201;85
19259;85
19316;85
19377;85
19439;85
19495;85
19558;85
19613;85
19668;85
19724;85
19783;85
19851;86
19906;86
19965;86
20022;86
20082;86
20141;86
20199;86
20257;86
20314;86
20373;86
20429;86
20491;86
20558;86
20613;86
20669;86
20725;86
20781;86
20837;86
20897;86
20953;86
21007;84
21065;84
21121;84
21177;83
21237;83
21294;83
21351;83
21409;83
21465;83
21524;83
21582;83
21647;83
21708;83
21764;83
21821;83
21877;83
21932;83
21987;83
22044;83
22100;83
22155;83
22217;83
22273;83
22336;83
22394;83
22455;83
22512;83
22571;83
22629;83
22686;83
22746;83
22803;83
22867;83
22924;83
22980;83
23037;83
23094;83
23153;83
23209;83
23268;83
23325;83
23383;83
23440;83
23502;84
23564;84
23621;84
23678;84
23738;84
23794;84
23851;84
23909;84
23974;84
24031;84
24089;84
24146;84
24203;84
24258;84
24315;84
24372;84
24432;84
24490;84
24547;84
24608;84
24673;84
24729;84
24792;84
24857;84
24913;84
24970;84
25026;84
25085;84
25141;84
25197;84
25253;84
25312;84
25379;84
25437;84
25500;84
25559;84
25619;84
25676;84
25731;84
25786;84
25841;84
25900;86
25957;86
26013;86
26067;86
26124;86
26184;81
26240;81
26299;81
26357;81
26415;81
26477;81
26532;81
26589;81
26644;81
26700;81
26755;81
26810;81
26866;81
26921;81
26976;81
27034;81
27090;81
27147;81
27207;80
27274;80
27328;80
27383;80
27438;80
27493;80
27549;80
27612;80
27666;80
27725;80
27780;80
27835;80
27889;80
27945;80
28002;80
28066;80
28123;80
28178;80
28241;80
28296;80
28351;80
28407;80
28464;80
28527;80
28585;80
28641;80
28698;80
28754;80
28816;80
28872;80
28926;80
28984;80
29039;80
29094;80
29149;80
29207;80
29264;80
29323;80
29378;80
29434;80
29491;80
29550;80
29607;80
29661;80
29718;80
29773;80
29829;80
29885;80
29940;80
29995;80
30050;80
30108;80
30176;80
30231;80
30288;80
30343;80
30405;80
30462;80
30519;80
30574;80
30633;80
30689;80
30746;80
30800;78
30859;78
30918;78
30974;78
31029;78
31084;78
31139;78
31196;78
31256;78
31312;78
31367;78
31423;78
31482;78
31538;78
31595;78
31654;78
31708;78
31763;78
31818;78
31873;78
31931;78
31986;78
32047;78
32106;78
32160;78
32217;78
32274;78
32330;78
32390;78
32444;78
32498;78
32553;78
32614;78
32668;78
32725;78
32781;78
32842;78
32898;78
32953;78
33010;78
33066;78
33123;78
33186;78
33242;78
33299;78
33354;78
33414;78
33469;78
33528;78
33583;78
33639;78
33697;78
33752;78
33810;78
33865;78
33924;78
33980;78
34035;78
34093;78
34157;78
34210;78
34265;78
34319;78
34381;78
34435;78
34492;78
34547;78
34601;78
34662;78
34721;78
34775;78
34830;78
34889;78
34944;78
34999;78
35055;78
35116;78
35171;78
35225;78
35284;78
35341;78
35402;78
35458;78
35521;78
35575;78
35630;78
35687;78
35741;78
35797;78
35852;78
35908;78
35963;78
36021;78
36082;78
36137;78
36197;78
36258;78
36312;78
36366;78
36426;78
36481;78
36535;78
36595;78
36649;78
36705;78
36760;78
36816;78
36879;78
36941;78
37008;78
37073;78
37127;78
37184;78
37239;78
37295;78
37350;78
37406;78
37460;78
37519;78
37578;78
37633;78
37695;78
37755;78
37811;78
37865;78
37928;78
37982;78
38037;78
38092;78
38152;78
38207;78
38261;78
38317;78
38372;78
38432;78
38487;78
38543;78
38601;78
38656;78
38710;78
38767;78
38828;78
38883;78
38939;78
38996;78
39050;78
39105;78
39159;78
39214;78
39289;78
39344;78
39400;78
39466;78
39520;78
39575;78
39630;78
39684;78
39740;78
39798;78
39854;78
39908;78
39963;78
40018;78
40076;78
40141;78
40197;78
40252;78
40307;78
40366;78
40422;78
40478;78
40533;78
40590;78
40646;78
40707;78
40761;78
40819;78
40876;78
40932;78
40988;78
41042;78
41101;78
41157;78
41212;78
41268;78
41333;78
41389;78
41444;78
41499;78
41555;78
41610;78
41667;78
41722;78
41777;78
41842;78
41897;78
41954;78
42010;78
42065;78
42120;78
42175;78
42234;78
42290;78
42348;78
42413;78
42469;78
42524;78
42579;78
42634;78
42692;78
42747;78
42806;78
42863;78
42922;78
42984;78
43039;78
43094;78
43150;78
43206;78
43261;78
43317;78
43387;78
43442;78
43500;78
43555;78
43611;78
43667;78
43722;78
43781;78
43846;78
43902;78
43957;78
44016;78
44072;78
44130;78
44186;78
44241;78
44300;78
44356;78
44420;78
44473;78
44530;78
44586;78
44643;78
44698;78
44752;78
44809;78
44867;78
44923;78
44981;78
45036;78
45098;78
45156;78
45211;78
45266;78
45325;78
45384;78
45444;78
45500;78
45555;78
45610;78
45665;78
45719;78
45775;78
45832;78
45888;78
45952;78
46009;78
46067;78
46124;78
46179;78
46233;78
46292;78
46347;78
46405;78
46464;78
46518;78
46576;78
46635;78
46691;78
46748;78
46818;78
46872;78
46931;78
46986;78
47043;78
47098;78
47156;78
47213;78
47269;78
47325;78
47380;78
47437;78
47498;78
47557;78
47619;78
47678;78
47738;78
47801;78
47869;78
47931;78
47989;78
48048;78
48115;78
48176;78
48233;78
48292;78
48350;78
48411;78
48489;78
48545;78
48601;78
48660;78
48719;78
48779;78
48836;78
48904;78
48960;78
49016;78
49076;78
49132;78
49189;78
49246;78
49303;78
49359;78
49418;78
49473;78
49530;78
49588;78
49647;78
49705;78
49764;78
49830;78
49887;78
49943;78
50014;78
50077;78
50132;78
50188;78
50248;78
50304;78
50361;78
50422;78
50478;78
50534;78
50591;78
50647;78
50705;78
50771;78
50826;78
50880;78
50935;78
50991;78
51049;78
51104;78
51162;78
51217;78
51272;78
51326;78
51384;78
51445;78
51506;78
51566;78
51631;78
51689;78
51745;78
51805;78
51860;78
51915;78
51971;78
52025;78
52081;78
52138;78
52193;78
52251;78
52307;78
52364;78
52432;78
52488;78
52544;78
52599;78
52662;78
52749;78
52831;78
52933;78
53021;78
53116;78
53182;78
53239;78
53297;78
53354;78
53421;78
53477;78
53533;78
53593;79
53649;79
53705;79
53760;79
53815;79
53870;79
53925;79
53981;79
54039;79
54096;79
54158;79
54215;79
54269;79
54326;79
54385;79
54441;79
54497;79
54552;79
54611;79
54682;79
54736;79
54792;79
54860;79
54917;79
54973;79
55029;79
55084;79
55139;79
55193;79
55252;79
55308;79
55366;79
55422;79
55479;79
55535;79
55591;79
55647;79
55711;79
55767;79
55823;79
55878;79
55934;79
55989;79
56043;79
56102;79
56164;79
56231;79
56287;79
56345;79
56402;79
56458;79
56525;79
56584;79
56640;79
56696;79
56750;79
56805;79
56859;79
56914;79
56970;79
57026;79
57082;79
57137;79
57194;79
57250;79
57308;79
57368;79
57427;79
57489;79
57544;79
57603;79
57675;79
57778;79
57855;79
57911;79
57967;79
58022;79
58078;79
58132;79
58187;79
58243;79
58299;79
58357;79
58414;79
58470;79
58530;79
58586;79
58643;79
58699;79
58755;79
58810;79
58864;79
58920;79
58974;79
59029;79
59084;79
59139;79
59195;79
59255;79
59313;79
59380;79
59435;79
59490;79
59546;79
59601;79
59656;79
59711;79
59766;79
59821;79
59877;79
59933;79
59990;79
60046;79
60104;79
60161;79
60224;79
60283;79
60338;79
60395;79
60450;79
60505;79
60559;79
60615;79
60673;79
60728;79
60784;79
60841;79
60895;79
60951;79
61019;79
61073;79
61136;79
61191;79
61246;79
61303;79
61358;79
61415;79
61469;78
61528;78
61586;79
61643;79
61699;79
61758;79
61817;79
61871;79
61927;79
61982;79
62038;79
62093;79
62148;78
62203;78
62258;78
62314;78
62372;78
62432;78
62487;78
62548;78
62606;78
62663;78
62721;78
62777;78
62832;78
62886;78
62941;78
62998;78
63053;78
63113;78
63182;78
63243;78
63303;78
63359;78
63416;78
63475;78
63537;78
63597;78
63653;78
63713;78
63777;78
63835;78
63898;78
63958;78
64021;78
64085;78
64140;78
64195;78
64250;78
64307;78
64363;78
64422;78
64478;78
64535;78
64595;78
64651;78
64708;78
64763;78
64818;78
64872;78
64932;78
64988;78
65043;78
65098;78
65154;78
65212;78
65267;78
65324;78
65380;78
65437;78
65492;78
65550;78
65605;78
65660;78
65715;78
65773;78
65828;78
65884;78
65939;78
65995;78
66051;78
66106;78
66163;78
66219;78
66274;78
66339;78
66405;78
66463;78
66519;78
66576;78
66632;78
66690;78
66743;78
66798;78
66862;78
66920;78
66986;78
67041;78
67102;78
67168;78
67259;78
67361;78
67449;78
67556;78
67667;78
67772;78
67911;78
68029;78
68139;78
68253;78
68328;78
68433;78
68541;78
68659;78
68795;80
68880;80
68959;80
69064;80
69153;80
69280;80
69380;80
69491;80
69626;80
69710;80
69774;80
69838;80
69903;80
70035;80
70132;80
70213;80
70280;78
70366;78
70467;78
70557;78
70652;78
70755;78
70848;78
70932;78
71016;78
71098;78
71202;78
71298;78
71360;78
71450;78
71526;78
71605;78
71666;78
71723;78
71779;78
71834;78
71890;78
71946;78
72003;78
72065;78
72123;78
72215;78
72311;78
72444;78
72519;78
72594;78
72655;78
72718;78
72817;78
72903;78
72990;78
73079;78
73174;78
73280;78
73375;78
73461;78
73552;78
73627;78
73685;78
73752;78
73808;78
73865;78
73920;78
73975;78
74034;78
74091;78
74147;78
74202;78
74257;78
74313;78
74368;78
74426;78
74485;78
74541;78
74600;78
74669;78
74727;78
74786;78
74842;78
74897;78
74952;78
75006;78
75063;78
75119;78
75174;78
75231;78
75287;78
75344;78
75422;78
75502;78
75585;78
75664;78
75764;78
75842;78
75915;78
75971;78
76027;78
76083;78
76139;78
76196;78
76254;78
76313;78
76370;78
76425;78
76480;78
76536;78
76594;78
76653;78
76710;78
76766;78
76822;78
76879;78
76939;78
77003;78
77058;78
77115;78
77172;78
77226;78
77282;78
77340;78
77399;78
77455;78
77511;78
77570;78
77625;78
77681;78
77739;78
77798;78
77859;78
77915;78
77972;78
78038;78
78092;78
78148;78
78209;78
78264;78
78320;78
78378;78
78433;78
78490;78
78545;78
78601;78
78661;78
78718;78
78777;78
78833;78
78890;78
78956;78
79019;78
79078;78
79145;78
79224;78
79320;78
79377;78
79434;78
79489;78
79545;78
79602;78
79664;78
79729;78
79784;78
79838;78
79893;78
79954;78
80012;78
80070;78
80127;78
80184;78
80243;78
80299;78
80355;78
80415;78
80472;78
80528;78
80596;78
80661;78
80716;78
80772;78
80829;78
80887;78
80942;78
80998;78
81056;78
81112;78
81168;78
81223;78
81280;78
81336;78
81394;78
81452;78
81510;78
81566;78
81627;78
81686;78
81744;78
81847;78
81968;78
82040;78
82097;78
