249;63
394;63
538;63
676;63
805;63
972;63
1093;63
1232;63
1365;63
1506;63
1659;63
1803;63
1950;63
2065;63
2193;63
2314;63
2455;63
2593;63
2710;63
2818;63
2933;63
3056;63
3210;66
3366;66
3542;66
3696;66
3856;66
3962;65
4062;65
4178;65
4290;65
4405;65
4531;65
4641;65
4775;65
4884;65
5011;65
5129;65
5231;65
5338;65
5465;65
5574;65
5685;65
5796;65
5905;65
6014;65
6120;65
6229;65
6362;65
6523;65
6676;65
6787;65
6893;65
6998;65
7102;65
7245;65
7354;65
7466;65
7574;65
7686;65
7796;65
7906;65
8042;65
8155;65
8272;65
8383;65
8487;65
8590;65
8700;65
8840;65
8969;65
9100;65
9208;65
9339;65
9454;65
9566;65
9677;65
9803;65
9912;65
10027;65
10136;65
10246;65
10364;65
10480;65
10590;65
10701;65
10808;65
10918;65
11047;65
11178;65
11304;65
11406;65
11515;65
11624;65
11724;65
11834;65
11941;65
12049;65
12160;65
12290;65
12443;65
12555;65
12678;65
12784;65
12902;65
13007;65
13111;65
13221;65
13331;65
13440;65
13551;65
13663;65
13787;65
13895;65
14002;65
14106;65
14231;65
14408;65
14515;65
14637;65
14739;65
14846;65
14956;65
15071;65
15177;65
15290;65
15403;65
15533;65
15640;65
15764;65
15874;65
15990;65
16104;65
16210;65
16316;65
16473;65
16589;65
16698;65
16826;65
16929;65
17054;65
17160;65
17294;65
17403;65
17524;65
17632;65
17743;65
17845;65
17948;65
18089;65
18252;65
18366;65
18508;65
18617;65
18727;65
18836;65
18977;65
19080;65
19200;65
19304;65
19413;65
19521;65
19629;65
19738;65
19842;65
19946;65
20058;65
20165;65
20291;65
20412;65
20540;65
20647;65
20762;65
20871;65
21014;65
21122;65
21228;65
21356;65
21490;65
21600;65
21707;65
21837;65
21949;65
22069;65
22176;65
22278;65
22387;65
22529;65
22644;65
22754;65
22858;65
22966;65
23083;65
23188;65
23304;65
23415;65
23524;65
23638;65
23743;65
23853;65
23970;65
24083;65
24192;65
24301;65
24412;65
24569;65
24679;65
24779;65
24889;65
24997;65
25103;65
25227;65
25344;65
25537;65
25711;63
25820;63
25955;63
26053;63
26162;63
26262;63
26363;63
26532;63
26645;63
26794;63
26904;63
27011;63
27122;63
27234;63
27383;63
27488;63
27602;63
27709;63
27835;63
27941;63
28081;63
28194;63
28305;63
28439;63
28560;63
28688;63
28811;63
28920;63
29030;63
29150;63
29274;63
29380;63
29514;63
29648;63
29756;63
29869;63
29972;63
30096;63
30208;63
30314;63
30431;63
30547;63
30675;63
30776;63
30880;63
30992;63
31134;63
31244;63
31367;63
31485;63
31607;63
31723;63
31827;63
31930;63
32044;63
32189;63
32292;63
32406;63
32522;63
32675;63
32778;63
32891;63
32996;63
33110;63
33217;63
33321;63
33431;63
33550;63
33688;63
33789;63
33893;63
34030;63
34144;63
34280;63
34394;63
34510;63
34616;63
34731;63
34851;63
34962;63
35072;63
35182;63
35296;63
35403;63
35517;63
35621;63
35754;63
35880;63
35987;63
36109;63
36215;63
36366;63
36496;63
36675;63
36785;63
36908;63
37008;63
37122;63
37230;63
37335;63
37448;63
37567;63
37678;63
37785;63
37926;63
38029;63
38132;63
38297;63
38412;63
38517;63
38627;63
38747;63
38859;63
38982;63
39093;63
39239;63
39349;63
39460;63
39566;63
39674;63
39781;63
39909;63
40039;63
40145;63
40270;63
40374;63
40478;63
40584;63
40714;63
40847;63
40958;63
41065;63
41171;63
41302;63
41409;63
41511;63
41618;63
41749;63
41878;67
41984;63
42103;63
42208;63
42361;63
42488;63
42637;63
42756;63
42865;63
42987;63
43101;63
43214;63
43328;63
43446;63
43575;63
43715;63
43825;63
43941;63
44063;63
44167;63
44291;63
44395;63
44512;63
44635;63
44762;63
44872;63
44978;63
45090;63
45197;63
45315;63
45469;63
45619;63
45726;63
45857;63
45966;63
46078;63
46188;63
46300;63
46418;63
46572;64
46687;64
46792;64
46898;64
47017;64
47146;64
47245;64
47346;64
47468;64
47593;64
47705;64
47810;64
47922;64
48029;64
48139;64
48253;64
48383;64
48486;64
48594;64
48724;64
48829;64
48931;64
49041;64
49145;64
49310;64
49441;64
49556;64
49674;64
49798;64
49902;64
50047;64
50155;64
50278;64
50407;64
50548;64
50662;64
50765;64
50875;64
51004;64
51117;64
51240;63
51368;63
51492;63
51595;63
51739;63
51850;63
51967;63
52069;63
52212;63
52314;63
52425;63
52557;63
52667;63
52773;63
52879;63
52994;63
53098;63
53211;63
53312;63
53418;63
53560;63
53670;63
53797;63
53907;63
54009;63
54134;63
54262;63
54391;63
54508;63
54609;63
54716;63
54819;63
54937;63
55067;63
55186;63
55296;63
55404;63
55513;63
55651;63
55781;63
55891;63
55998;63
56101;63
56221;63
56326;63
56464;63
56571;63
56689;63
56837;63
56957;63
57076;63
57199;63
57305;63
57410;63
57518;63
57625;63
57734;63
57861;63
57966;63
58075;63
58201;63
58303;63
58406;63
58512;63
58627;63
58752;63
58863;63
58968;63
59073;63
59194;63
59304;63
59407;63
59517;63
59624;63
59733;63
59851;63
59988;63
60091;63
60197;63
60325;63
60427;63
60528;63
60641;63
60751;63
60866;63
60977;63
61097;63
61219;63
61353;63
61483;63
61585;63
61691;63
61807;63
61918;63
62028;63
62135;63
62245;63
62355;63
62481;63
62625;66
62752;66
62891;65
63017;65
63146;65
63251;65
63379;65
63482;65
63583;65
63706;65
63809;65
63914;65
64020;65
64130;65
64253;65
64354;65
64475;65
64578;65
64686;65
64795;65
64917;65
65023;65
65126;65
65245;65
65367;66
65491;66
65601;66
65716;66
65823;65
65932;65
66064;65
66187;65
66289;65
66424;65
66536;65
66670;65
66778;65
66914;65
67019;65
67135;65
67240;65
67355;65
67480;65
67585;65
67686;65
67809;65
67916;65
68048;64
68155;64
68262;64
68371;64
68498;64
68618;64
68761;64
68868;64
68992;65
69101;65
69218;65
69331;65
69445;65
69579;65
69690;65
69797;65
69915;65
70039;65
70229;65
70355;65
70458;65
70586;65
70687;65
70808;65
70915;65
71027;65
71145;65
71262;65
71377;65
71492;65
71606;65
71729;65
71835;65
71962;65
72064;65
72176;65
72295;65
72404;65
72516;65
72630;65
72741;65
72858;65
72966;65
73072;65
73234;65
73360;65
73488;65
73594;65
73719;65
73829;65
73936;65
74065;65
74173;65
74307;65
74436;65
74567;65
74675;65
74786;65
74895;65
75018;65
75127;65
75264;65
75378;65
75485;65
75654;65
75763;65
75900;65
76020;65
76126;65
76232;65
76351;65
76487;65
76593;65
76702;65
76817;65
76919;65
77035;65
77172;65
77298;65
77416;65
77532;65
77643;65
77757;65
77863;65
77976;65
78094;65
78201;65
78305;65
78424;64
78549;64
78689;64
78807;64
78915;64
79024;64
79129;64
79234;64
79368;65
79479;65
79586;65
79693;65
79818;63
79927;63
80032;63
80152;63
80281;63
80410;63
80539;63
80659;63
80762;63
80874;63
80978;63
81116;63
81225;63
81334;63
81443;63
81551;63
81662;63
81771;63
81899;63
82017;63
82121;63
82237;63
82343;63
82472;63
82582;63
82689;63
82848;63
82964;63
83088;63
83205;62
83331;62
83432;62
83536;62
83670;62
83786;62
83891;62
83999;62
84109;62
84248;62
84365;62
84469;62
84581;62
84685;62
84816;62
84948;62
85053;62
85171;62
85281;62
85390;62
85555;62
85740;62
85851;62
85974;62
86086;62
86209;62
86319;62
86452;62
86570;62
86679;62
86783;62
86899;62
87013;62
87115;62
87241;62
87357;62
87484;62
87604;62
87706;62
87806;62
87928;62
88028;62
88143;62
88251;62
88366;62
88481;62
88609;62
88718;62
88823;62
88963;62
89070;62
89175;62
89293;62
89404;62
89601;62
89712;62
89813;62
89923;62
90033;62
90201;62
90314;62
90434;62
90562;62
90668;62
90768;62
90892;62
91048;62
91154;62
91283;62
91384;62
91491;62
91634;62
91736;62
91851;62
91958;62
92063;62
92170;62
92288;62
92396;62
92506;62
92611;62
92717;62
92829;62
92941;62
93068;62
93174;62
93279;62
93408;62
93520;62
93621;62
93726;62
93829;62
93949;62
94068;62
94215;62
94344;62
94466;62
94581;62
94698;62
94801;62
94931;62
95047;62
95153;62
95264;62
95374;62
95482;62
95615;62
95754;62
95861;62
95983;62
96083;62
96200;62
96387;62
96519;62
96689;62
96816;62
97029;62
97135;62
97246;62
97376;62
97494;62
97609;62
97714;62
97832;62
97949;62
98060;62
98160;62
98265;62
98374;62
98479;62
98582;62
98693;62
98800;62
98918;62
99030;62
99134;62
99272;62
99393;62
99505;62
99620;62
99727;62
99847;62
99954;62
100060;62
100184;62
100292;62
100398;62
100509;62
100626;62
100729;62
100834;62
100936;62
101040;62
101146;62
101263;62
101376;62
101528;62
101657;62
101770;62
101882;63
101985;63
102103;63
102217;63
102336;62
102455;62
102580;62
102688;62
102815;62
102920;62
103032;62
103135;62
103262;62
103367;62
103486;62
103657;62
103768;62
103931;62
104030;62
104136;62
104239;62
104369;62
104500;62
104615;62
104724;62
104844;62
104969;62
105079;62
105237;62
105366;62
105477;62
105588;62
105752;62
105856;62
105960;62
106069;62
106175;62
106290;62
106417;62
106528;62
106657;62
106764;62
106872;62
106975;62
107082;62
107187;61
107293;61
107415;61
107526;61
107654;61
107773;61
107903;61
108021;61
108164;61
108287;61
108392;61
108500;61
108633;61
108748;61
108855;61
108967;61
109096;61
109201;61
109311;61
109460;61
109590;63
109727;63
109844;63
109976;63
110088;63
110187;63
110290;63
110397;63
110520;63
110693;63
110799;63
110911;63
111042;63
111165;61
111285;61
111396;61
111499;61
111599;61
111730;61
111867;61
111971;61
112085;61
112193;61
112304;61
112457;61
112573;61
112677;61
112822;61
112934;61
113055;61
113165;61
113268;61
113380;61
113490;61
113598;61
113736;61
113844;61
113950;61
114078;61
114187;61
114301;61
114408;61
114513;61
114618;61
114730;61
114859;61
114991;63
115102;63
115244;63
115384;63
115496;63
115599;63
115720;63
115837;63
115944;63
116058;63
116162;63
116290;63
116406;63
116516;63
116629;63
116729;63
116848;63
116982;63
117114;63
117221;63
117330;63
117440;63
117545;63
117655;63
117771;63
117881;63
118024;63
118192;63
118300;63
118416;63
118526;63
118663;63
118768;63
118884;63
118992;63
119102;63
119219;63
119319;63
119426;63
119532;63
119644;63
119756;63
119880;63
120003;63
120118;63
120233;63
120345;63
120465;63
120570;63
120683;63
120784;63
120906;63
121006;63
121121;63
121228;63
121372;63
121482;63
121604;63
121717;63
121978;63
122102;63
122209;63
122331;63
122458;63
122577;63
122687;63
122801;63
122928;63
123067;63
123208;63
123328;63
123437;63
123538;63
123640;63
123749;63
123863;63
123971;63
124077;63
124185;63
124290;63
124428;63
124563;63
124672;63
124795;63
124901;63
125024;63
125139;63
125248;63
125368;63
125479;63
125585;63
125706;63
125818;63
125931;63
126035;63
126151;63
126268;63
126376;63
126484;63
126593;63
126706;63
126820;63
126925;63
127045;63
127177;63
127289;63
127393;63
127498;63
127598;63
127727;63
127837;63
127942;63
128048;63
128154;63
128257;63
128376;63
128478;63
128589;63
128690;63
128816;63
128931;63
129048;63
129170;63
129278;63
129387;63
129497;63
129605;63
129710;63
129808;63
129911;63
130010;63
130117;63
130228;63
130338;63
130454;63
130582;63
130689;63
130842;62
130954;62
131059;62
131204;62
131315;62
131420;62
131527;62
131634;62
131746;62
131855;62
131967;62
132087;62
132212;62
132334;62
132444;62
132555;62
132658;62
132765;62
132872;62
132982;62
133094;62
133210;62
133311;62
133442;62
133552;62
133653;62
133761;62
133870;62
133979;62
134085;62
134193;62
134304;62
134408;62
134529;62
134634;62
134741;62
134851;62
134979;62
135100;62
135211;62
135318;62
135432;62
135556;62
135662;62
135783;62
135908;62
136025;62
136149;62
136260;62
136366;62
136476;62
136600;62
136719;62
136830;62
136952;62
137072;62
137177;62
137300;62
137421;62
137531;62
137641;62
137757;62
137863;62
138004;62
138111;62
138220;62
138319;62
138430;62
138563;62
138667;62
138770;62
138876;62
138996;62
139101;62
139208;62
139327;62
139441;62
139557;62
139669;62
139776;62
139887;62
140004;62
140118;62
140225;62
140347;62
140453;62
140556;62
140665;62
140766;62
140875;62
141007;62
141119;62
141235;62
141368;63
141475;63
141583;63
141699;63
141803;63
141907;63
142030;63
142174;63
142280;63
142387;63
142501;62
142621;62
142737;62
142839;62
142959;62
143111;62
143231;62
143354;62
143460;62
143574;62
143697;62
143817;62
143935;62
144042;62
144149;62
144267;62
144399;63
144510;63
144620;63
144735;63
144846;63
144949;63
145060;63
145166;63
145274;63
145406;63
145601;63
145704;63
145809;63
145914;63
146017;63
146126;63
146238;63
146399;63
146503;63
146615;63
146736;63
146864;63
146979;63
147090;63
147195;63
147311;63
147439;63
147542;63
147644;63
147766;63
147874;63
147978;63
148091;63
148192;63
148295;63
148412;63
148547;63
148662;63
148777;63
148883;63
148999;63
149101;63
149231;63
149337;63
149442;63
149549;63
149668;63
149795;63
149917;63
150022;63
150121;63
150223;63
150328;63
150456;63
150563;63
150666;63
150778;63
150886;63
150999;63
151124;63
151254;63
151373;62
151487;62
151617;62
151736;62
151838;62
151954;62
152068;62
152173;62
152276;62
152380;62
152504;62
152617;62
152726;62
152836;62
152974;62
153077;62
153248;62
153393;62
153499;62
153625;62
153795;62
153907;62
154043;62
154150;62
154267;62
154378;62
154485;62
154614;62
154711;62
154822;62
154924;62
155042;62
155150;62
155263;62
155389;62
155496;62
155635;62
155752;62
155860;62
156013;62
156174;62
156288;62
156397;62
156510;62
156624;62
156813;62
156994;62
157149;62
157279;64
157389;64
157494;64
157607;64
157721;64
157862;64
157968;64
158076;64
158184;64
158293;64
158408;64
158524;64
158641;64
158748;64
158873;64
158982;64
159090;64
159194;64
159310;64
159431;64
159538;64
159650;64
159752;64
159856;64
159966;64
160072;63
160199;63
160316;63
160429;63
160536;63
160645;63
160781;63
160891;63
160997;63
161118;63
161243;63
161348;63
161467;63
161576;63
161723;63
161827;63
161941;63
162088;63
162215;63
162326;63
162443;63
162566;63
162671;63
162772;63
162872;63
162983;63
163113;63
163226;63
163331;63
163441;63
163548;63
163651;63
163795;63
163897;63
164007;63
164107;63
164217;63
164318;63
164422;63
164530;63
164637;63
164757;63
164866;63
164980;63
165097;63
165200;63
165305;63
165440;63
165555;63
165655;63
165757;63
165867;63
165976;63
166083;63
166195;63
166310;63
166423;63
166534;63
166648;63
166768;63
166879;63
166984;63
167101;63
167236;63
167350;63
167499;63
167626;62
167747;62
167859;62
167995;62
168110;62
168222;62
168321;62
168437;62
168556;62
168656;62
168764;62
168879;62
168982;62
169090;62
169247;62
169359;62
169508;62
169615;62
169720;62
169833;62
169944;62
170070;62
170206;62
170311;62
170419;62
170529;62
170660;62
170769;62
170882;62
170982;62
171082;62
171193;62
171303;62
171420;62
171529;62
171637;62
171743;62
171877;62
171984;62
172110;62
172224;62
172328;62
172437;62
172557;62
172676;62
172793;62
172906;62
173008;62
173142;62
173268;62
173384;62
173493;62
173599;62
173706;62
173808;62
173912;62
174026;62
174143;62
174254;62
174357;62
174521;62
174628;62
174733;62
174843;62
174952;62
175064;62
175169;62
175293;62
175404;62
175516;62
175623;62
175737;62
175844;62
175969;62
176075;62
176215;62
176340;62
176456;62
176565;62
176693;62
176804;62
176915;62
177023;62
177133;62
177246;62
177419;62
177555;62
177657;62
177758;62
177859;62
177959;62
178090;62
178214;62
178328;62
178444;62
178552;62
178659;62
178764;62
178868;62
178975;62
179076;62
179180;62
179298;62
179440;62
179618;62
179810;62
180014;62
180205;62
180344;62
180515;62
180632;62
180746;62
180843;62
180942;62
181045;62
181149;62
181262;62
181371;62
181482;62
181629;62
181732;62
181861;62
181960;62
182065;62
182174;62
182273;62
182385;62
182505;62
182617;62
182723;62
182827;62
182944;62
183086;62
183188;62
183293;62
183428;62
183536;62
183658;62
183763;62
183865;62
183975;62
184098;62
184211;62
184311;62
184423;62
184533;62
184651;62
184768;62
184880;62
184995;62
185119;62
185221;62
185357;62
185468;62
185574;62
185682;62
185774;62
185885;62
186031;62
186142;62
186250;62
186377;62
186487;62
186595;62
186729;62
186838;62
186971;62
187081;62
187185;62
187290;62
187407;62
187537;62
187642;62
187749;62
187858;62
187970;62
188105;62
188213;62
188324;62
188433;62
188534;62
188639;62
188770;62
188883;62
189033;62
189143;62
189253;62
189356;62
189506;62
189614;62
189715;62
189823;62
189932;62
190045;62
190180;62
190282;62
190409;62
190527;62
190641;62
190745;62
190862;62
190985;62
191098;62
191204;62
191309;62
191414;62
191525;62
191635;62
191751;62
191853;62
191956;62
192072;62
192191;62
192368;62
192469;62
192596;62
192700;62
192823;62
192932;62
193039;62
193148;62
193281;62
193390;62
193492;62
193601;62
193712;62
193820;62
193927;62
194027;62
194127;62
194237;62
