196;62
367;62
493;62
628;62
745;62
891;62
1030;62
1144;62
1285;62
1450;62
1851;62
2079;62
2225;62
2348;62
2485;62
2617;62
2831;62
2972;62
3109;62
3211;62
3402;62
3610;62
3997;62
4604;62
5192;62
5706;62
6157;62
6258;62
6368;62
6468;62
6590;62
6703;62
6810;62
6916;62
7024;62
7130;62
7239;62
7420;62
7518;62
7622;62
7726;62
7831;62
7938;62
8042;62
8157;62
8266;62
8386;63
8489;63
8812;63
9223;63
9527;63
9637;63
9738;63
9849;63
9950;63
10060;63
10165;63
10276;63
10387;62
10500;62
10616;62
10725;62
10864;62
11013;62
11115;62
11218;62
11320;62
11428;62
11535;62
11661;62
11770;62
11885;62
11990;63
12105;63
12239;63
12347;63
12454;63
12562;63
12664;63
12768;63
12873;63
13005;63
13140;63
13260;63
13370;63
13488;63
13616;63
13727;63
13835;63
13943;63
14054;63
14158;62
14263;62
14374;62
14490;62
14602;62
14726;62
14834;62
14940;62
15047;62
15171;62
15283;62
15389;62
15557;62
15675;62
15779;62
15882;62
15986;62
16106;62
16219;62
16326;62
16435;62
16540;62
16661;62
16783;62
16888;62
17002;62
17105;62
17204;62
17302;62
17407;62
17517;62
17641;62
17756;62
17875;62
17983;62
18088;62
18196;62
18307;62
18414;62
18527;62
18660;62
18764;62
18864;62
18992;62
19099;62
19210;62
19319;62
19413;62
19522;62
19637;62
19765;63
19877;62
19985;62
20093;62
20195;62
20311;62
20419;62
20524;62
20633;62
20765;62
20870;62
21008;62
21111;62
21248;62
21369;62
21513;62
21625;62
21735;62
21835;62
21941;62
22047;62
22150;62
22255;62
22361;62
22465;62
22567;62
22698;62
22810;62
22957;62
23107;62
23209;62
23317;62
23428;62
23548;62
23656;62
23767;62
23875;62
23980;62
24101;62
24236;62
24345;62
24466;62
24632;62
24736;62
24838;62
24939;62
25045;62
25163;62
25278;62
25386;62
25493;62
25602;62
25712;62
25813;62
25920;62
26089;62
26205;62
26323;62
26425;62
26539;62
26648;62
26764;62
26873;62
27005;62
27129;62
27239;62
27345;62
27466;62
27579;62
27683;62
27786;62
27888;62
28007;62
28118;62
28223;62
28332;62
28460;62
28585;62
28692;62
28813;62
28917;62
29028;62
29142;62
29291;62
29394;62
29516;62
29620;62
29770;62
29881;62
30002;62
30123;62
30244;62
30348;62
30453;62
30572;62
30674;62
30802;64
30913;64
31019;64
31135;64
31244;64
31351;64
31459;64
31595;64
31710;63
31864;63
31975;63
32085;63
32196;63
32314;63
32417;63
32535;63
32652;63
32760;63
32867;63
32991;63
33098;63
33203;63
33309;63
33421;63
33549;63
33651;63
33763;63
33882;63
33984;63
34098;63
34207;63
34310;63
34421;63
34525;63
34629;63
34737;63
34840;63
34950;63
35072;63
35173;63
35276;63
35390;63
35503;63
35613;63
35718;63
35840;63
35947;63
36055;63
36171;63
36272;63
36372;63
36476;63
36597;63
36708;63
36814;63
36923;63
37038;63
37143;63
37259;63
37374;63
37473;63
37582;63
37704;63
37818;63
37921;63
38028;63
38151;63
38268;63
38379;63
38484;63
38593;63
38694;63
38795;63
38894;63
38998;63
39102;63
39213;63
39319;63
39425;63
39534;63
39652;63
39751;63
39854;63
39952;63
40071;63
40178;63
40296;63
40417;63
40530;63
40660;63
40760;63
40861;63
40976;63
41102;63
41209;63
41315;63
41472;63
41587;63
41707;63
41813;63
41916;63
42039;63
42156;63
42266;63
42370;63
42473;63
42579;63
42691;63
42792;63
42893;63
43009;63
43113;63
43225;63
43326;63
43432;63
43574;62
43679;62
43800;62
43907;62
44007;62
44112;62
44223;62
44325;62
44429;62
44531;62
44667;62
44775;62
44881;62
45007;62
45111;62
45218;62
45323;62
45431;62
45537;62
45651;62
45757;62
45863;62
45965;62
46068;62
46179;62
46294;62
46399;62
46519;62
46630;62
46760;62
46879;62
46989;62
47099;62
47218;62
47340;62
47471;62
47577;62
47687;62
47791;62
47919;62
48017;62
48116;62
48218;62
48326;62
48454;62
48580;62
48691;62
48813;62
48909;62
49029;62
49131;62
49231;62
49338;62
49447;62
49549;62
49688;62
49794;62
49910;62
50008;62
50107;62
50219;62
50313;62
50416;62
50534;62
50648;62
50784;62
50888;62
51004;62
51105;62
51209;62
51327;62
51446;62
51549;62
51692;62
51919;62
52041;62
52142;62
52254;62
52353;62
52459;62
52603;62
52708;62
52814;62
52920;62
53038;63
53181;66
53293;66
53430;66
53526;66
53628;66
53733;66
53835;66
53939;66
54040;66
54140;66
54251;66
54369;66
54484;66
54597;66
54706;66
54816;66
54913;66
55021;66
55118;64
55225;64
55330;64
55433;64
55552;64
55668;64
55772;64
55875;64
56036;64
56139;64
56241;64
56351;64
56457;64
56564;64
56669;64
56772;64
56874;64
56984;64
57110;64
57223;64
57339;63
57514;63
57623;63
57735;63
57836;63
57942;63
58045;63
58147;63
58248;63
58358;63
58469;63
58576;63
58684;63
58795;63
59023;63
59131;63
59239;63
59339;63
59441;63
59553;63
59659;63
59770;63
59875;63
59982;63
60089;63
60215;63
60317;63
60427;63
60533;63
60635;63
60739;63
60839;63
60963;63
61072;63
61175;63
61281;63
61383;63
61486;63
61590;63
61697;63
61809;63
61935;63
62036;63
62137;63
62255;63
62358;63
62461;63
62566;63
62669;63
62777;63
62886;63
62992;63
63096;63
63216;63
63407;63
63521;63
63698;63
63830;63
63960;63
64063;63
64167;63
64269;63
64371;63
64477;63
64597;63
64704;63
64820;63
64930;63
65048;63
65166;63
65270;63
65372;63
65479;63
65585;63
65694;63
65846;63
65950;63
66062;63
66164;63
66270;63
66376;63
66484;63
66591;63
66696;63
66801;63
66903;63
67008;63
67108;63
67213;63
67319;63
67425;63
67529;63
67636;63
67796;63
67915;63
68013;63
68112;63
68211;63
68333;63
68438;63
68572;63
68674;63
68779;63
68887;63
68993;63
69099;63
69202;63
69312;63
69427;63
69538;63
69650;63
69778;63
69914;63
70025;63
70158;63
70292;63
70397;63
70503;63
70608;63
70715;63
70853;63
70982;63
71086;63
71187;63
71289;63
71397;63
71504;63
71615;63
71718;63
71863;62
71970;62
72076;62
72182;62
72283;62
72405;62
72507;62
72618;62
72718;62
72821;62
72927;62
73030;62
73131;62
73235;62
73348;62
73458;62
73566;62
73676;62
73794;62
73938;62
74037;62
74160;62
74258;62
74387;62
74499;62
74603;62
74709;62
74817;62
74936;62
75037;62
75143;62
75322;62
75418;62
75521;62
75627;62
75743;62
75890;62
76047;62
76171;62
76273;62
76407;62
76512;62
76624;62
76728;62
76887;62
76987;62
77090;62
77214;62
77313;62
77415;61
77522;61
77641;61
77743;61
77869;61
77985;61
78086;61
78190;61
78294;61
78418;61
78520;61
78625;61
78728;61
78841;61
78950;61
79067;61
79183;61
79285;61
79387;61
79494;61
79616;61
79722;61
79858;61
80007;61
80110;61
80211;61
80312;61
80445;61
80565;61
80669;61
80772;61
80891;61
80995;61
81115;61
81282;61
81401;61
81506;61
81620;61
81735;61
81840;61
81990;61
82111;61
82240;61
82368;61
82470;61
82583;61
82689;61
82795;61
82941;61
83056;61
83166;61
83282;61
83389;61
83495;61
83611;61
83722;61
83829;61
83969;61
84071;61
84172;61
84282;61
84388;61
84516;61
84627;61
84732;61
84839;61
84949;61
85085;61
85192;61
85294;61
85411;61
85519;61
85639;61
85757;61
85867;61
86011;61
86114;61
86213;61
86314;61
86424;61
86531;61
86633;61
86746;61
86910;61
87017;61
87151;61
87253;61
87355;61
87465;61
87572;61
87688;61
87810;61
87929;61
88052;61
88156;61
88270;61
88377;61
88487;61
88590;61
88704;61
88826;61
88936;61
89039;61
89140;61
89241;61
89369;61
89487;61
89604;61
89714;61
89823;61
89928;61
90070;61
90183;61
90298;61
90401;61
90502;61
90608;61
90737;61
90866;61
90968;61
91073;61
91190;61
91321;61
91441;61
91563;61
91665;61
91781;61
91893;61
92010;61
92113;61
92231;61
92342;61
92451;61
92556;61
92661;61
92801;61
92903;61
93000;61
93108;61
93213;61
93348;61
93447;61
93551;61
93679;61
93784;61
93904;61
94003;61
94126;61
94231;61
94365;61
94464;61
94566;61
94671;61
94774;61
94900;61
95047;61
95181;61
95306;61
95403;61
95507;61
95614;61
95724;61
95833;61
95935;61
96074;61
96176;61
96287;61
96413;61
96513;61
96613;61
96718;61
96820;61
96935;61
97065;61
97183;61
97294;61
97398;61
97504;61
97617;61
97738;61
97835;61
97937;61
98080;61
98203;61
98306;61
98432;61
98541;61
98648;61
98775;61
98897;61
99003;61
99130;61
99232;61
99334;61
99436;61
99546;61
99652;61
99770;61
99879;61
99987;61
100098;61
100206;61
100324;61
100440;61
100542;61
100643;61
100780;61
100888;61
100995;61
101113;61
101240;61
101365;61
101476;61
101582;61
101689;61
101793;61
101901;61
102010;61
102122;61
102232;61
102342;61
102461;61
102621;61
102773;61
102876;61
102975;61
103080;61
103187;61
103320;61
103424;61
103571;61
103681;61
103783;61
103890;61
104006;61
104118;61
104224;61
104321;61
104431;61
104533;61
104660;61
104783;61
104905;61
105033;61
105139;61
105253;61
105353;61
105460;61
105581;61
105683;61
105799;61
105901;61
106003;61
106128;61
106238;61
106352;61
106471;61
106581;61
106680;61
106795;61
106899;61
107002;61
107104;61
107212;61
107347;61
107446;61
107557;61
107682;61
107784;61
107888;61
107994;61
108099;61
108239;61
108364;61
108470;61
108570;61
108699;61
108824;61
108927;61
109053;61
109154;61
109264;61
109366;61
109490;61
109595;61
109715;61
109850;61
109954;61
110074;62
110192;62
110294;62
110394;62
110493;62
110600;62
110705;62
110812;62
110938;62
111069;62
111172;62
111290;62
111388;62
111489;62
111605;62
111789;62
111901;62
112009;62
112112;62
112223;62
112322;62
112425;62
112530;62
112642;62
112750;62
112858;62
112966;62
113065;62
113172;62
113295;62
113396;62
113499;62
113615;62
113738;62
113838;62
113945;62
114064;62
114168;62
114299;62
114398;62
114520;62
114621;62
114725;62
114831;62
114970;62
115071;62
115174;62
115286;62
115405;62
115506;62
115608;62
115712;62
115819;62
115923;62
116040;62
116151;62
116268;62
116383;62
116494;61
116593;61
116710;61
116814;61
116917;61
117033;61
117157;61
117263;61
117388;61
117496;61
117601;61
117701;61
117807;61
117913;61
118048;61
118178;61
118303;61
118408;61
118518;61
118628;61
118766;61
118876;61
118978;61
119093;61
119229;61
119340;61
119442;61
119555;61
119663;61
119791;61
119892;61
119998;61
120185;61
120286;61
120396;61
120512;61
120615;61
120734;61
120842;61
120950;61
121061;61
121167;61
121274;61
121382;61
121662;61
121953;61
122055;61
122158;61
122260;61
122373;61
122481;61
122596;61
122718;61
122841;61
122949;61
123056;61
123179;61
123318;61
123588;61
123732;61
123843;61
123945;61
124053;61
124164;61
124275;61
124392;61
124494;61
124608;61
124716;61
124831;61
124955;61
125160;61
125259;61
125361;61
125468;61
125570;61
125738;61
125841;61
125944;61
126048;61
126152;61
126275;61
126382;61
126508;61
126620;61
126737;61
126838;61
126940;61
127054;61
127158;61
127262;61
127364;61
127492;61
127613;61
127736;61
127848;61
127952;61
128058;61
128181;61
128290;61
128392;61
128490;61
128597;61
128719;61
128829;61
128930;61
129047;61
129157;61
129262;61
129370;61
129480;61
129646;61
129748;61
129875;61
129993;61
130098;61
130267;61
130376;61
130477;61
130591;61
130703;61
130804;61
130924;61
131036;61
131146;61
131255;61
131358;61
131460;61
131568;61
131675;61
131777;61
131902;61
132006;61
132125;61
132256;61
132369;61
132481;61
132588;61
132708;61
132813;61
132912;61
133026;61
133133;61
133260;61
133359;61
133484;61
133594;61
133714;61
133826;61
133946;61
134060;61
134183;61
134317;61
134431;61
134583;61
134683;61
134791;61
134895;61
134995;61
135105;61
135211;61
135328;61
135428;61
135554;61
135672;61
135774;61
135890;61
135991;61
136097;61
136206;61
136319;61
136424;61
136526;61
136654;61
136762;61
136870;61
136973;61
137077;61
137192;61
137293;61
137400;61
137514;61
137646;61
137764;61
137864;61
137969;61
138074;61
138179;61
138294;61
138405;61
138539;61
138651;61
138756;61
138881;61
138984;61
139085;61
139203;61
139308;61
139414;61
139519;61
139628;61
139729;61
139839;61
139991;61
140087;61
140201;61
140307;61
140416;61
140545;61
140657;61
140781;61
140890;61
141000;61
141101;61
141203;61
141308;61
141498;61
141597;61
141698;61
141795;61
141911;61
142016;61
142138;61
142241;61
142372;61
142477;61
142580;61
142718;61
142838;61
142943;61
143064;61
143172;61
143289;61
143409;61
143515;61
143626;61
143730;61
143855;61
143965;61
144125;61
144251;61
144364;61
144468;61
144580;61
144680;61
144783;61
144886;61
145014;61
145123;61
145226;61
145330;61
145433;61
145538;61
145662;61
145772;61
145911;61
146030;61
146134;61
146237;61
146349;61
146455;61
146574;61
146676;61
146786;61
146896;61
147015;61
147120;61
147227;61
147337;61
147457;61
147561;61
147684;61
147808;61
147909;61
148036;61
148138;61
148239;61
148344;61
148454;61
148557;61
148678;61
148792;61
148923;61
149049;61
149150;61
149255;61
149359;61
149466;61
149587;61
149725;61
149858;61
149963;61
150068;61
150190;61
150307;61
150426;61
150533;61
150636;61
150745;61
150845;61
150948;61
151059;61
151177;61
151288;61
151390;61
151490;61
151597;61
151767;61
151873;61
151974;61
152096;61
152208;61
152334;61
152443;61
152561;61
152744;61
152849;61
152950;61
153094;63
153192;63
153300;63
153401;63
153504;63
153609;63
153717;63
153822;63
153950;63
154059;63
154167;63
154292;63
154426;63
154543;63
154660;63
154768;63
154871;63
154976;63
155079;63
155181;63
155299;63
155402;63
155533;63
155658;63
155762;63
155862;63
155990;63
156107;63
156231;63
156335;63
156471;63
156579;63
156697;63
156818;63
157057;63
157156;63
157257;63
157355;63
157459;63
157562;63
157673;63
157779;63
157883;63
157987;63
158090;63
158209;63
158409;63
158519;63
158627;63
158798;63
158914;63
159052;63
159158;63
159272;63
159377;63
159487;63
159597;63
159708;63
159817;63
160040;63
160208;63
160320;63
160425;63
160530;63
160636;63
160745;63
160853;63
160953;63
161057;63
161169;63
161275;63
161385;63
161497;63
161621;63
161718;63
161816;63
161937;63
162046;63
162152;63
162251;63
162356;63
162459;63
162563;63
162665;63
162772;63
162881;63
162995;63
163094;63
163194;63
163295;63
163416;63
163518;63
163632;63
163735;63
163844;63
163952;63
164071;63
164176;63
164279;63
164386;63
164495;63
164612;63
164719;63
164817;63
164927;63
165040;63
165153;63
165262;63
165372;63
165472;63
165586;63
165696;63
165802;63
165954;63
166062;63
166159;63
166256;63
166359;63
166479;63
166612;63
166721;63
166836;63
166939;63
167044;63
167153;63
167268;63
167383;63
167483;63
167586;63
167700;63
167800;63
167900;63
168002;63
168111;63
168213;63
168356;63
168458;63
168568;63
168671;63
168774;63
168886;63
168983;63
169097;63
169197;63
169303;63
169422;63
169530;63
169637;63
169794;63
169896;63
170013;63
170131;63
170257;63
170365;63
170463;63
170569;63
170676;63
170792;63
170895;63
170998;63
171107;63
171218;63
171345;63
171450;63
171554;63
171691;63
171921;63
172022;63
172136;63
172243;63
172364;63
172470;63
172578;63
172686;63
172791;63
172895;63
172999;63
173105;63
173218;63
173337;63
173451;63
173569;63
173677;63
173781;63
173892;63
173996;63
174114;63
174225;63
174372;63
174473;63
174611;63
174720;63
174828;63
174945;63
175052;63
175165;63
175272;63
175371;63
175475;63
175586;63
175717;63
175817;63
175921;63
176023;63
176130;63
176231;63
176343;63
176445;63
176551;63
176654;63
176760;63
176863;63
176975;63
177078;63
177180;63
177285;63
177387;63
177497;63
177602;63
177720;63
177813;63
177920;63
178018;63
178118;63
178227;63
178336;63
178440;63
178548;63
178658;63
178766;63
178908;63
179017;63
179120;63
179241;63
179344;63
179446;63
179546;63
179655;63
179758;63
179860;63
179966;63
180067;63
180171;63
180284;63
180395;63
180507;63
180624;63
180730;63
180832;63
180934;63
181082;63
181200;63
181299;63
181424;63
181528;63
181657;63
181771;63
181880;63
181985;63
182109;63
182210;63
182316;63
182420;63
182527;63
182638;63
182743;63
182863;63
182970;63
183075;63
183184;63
183343;63
183484;63
183639;63
183789;63
183890;63
183988;63
184087;63
184194;63
184298;63
184402;63
184506;63
184615;63
184722;63
184827;63
184950;63
185072;63
185178;63
185281;63
185383;63
185491;63
185597;63
185699;63
185806;63
185909;63
186011;63
186113;63
186225;63
186330;63
186455;63
186562;63
186695;63
186796;63
186898;63
187004;63
187104;63
187212;63
187313;63
187417;63
187527;63
187636;63
187739;63
187844;63
187943;63
188046;63
188154;63
188263;63
188364;63
188465;63
188571;63
188705;63
188814;63
188929;63
189048;63
189144;63
189246;63
189349;63
189449;63
189556;63
189683;63
189811;63
189916;63
190018;63
190120;63
190240;63
190345;63
190450;63
190563;63
190692;62
190799;62
190906;62
191014;62
191122;62
191232;62
191351;62
191466;62
191574;62
191699;62
