128;261
239;261
355;261
453;261
517;261
568;261
624;261
668;261
725;261
764;261
800;261
848;261
907;265
966;265
1028;265
1082;265
1127;265
1172;265
1209;270
1250;270
1298;270
1335;270
1393;270
1440;270
1485;270
1531;270
1577;270
1616;270
1653;270
1694;270
1745;270
1803;270
1857;270
1909;270
1965;270
2020;270
2083;270
2121;270
2168;270
2209;270
2251;273
2292;273
2338;273
2376;273
2416;273
2462;273
2498;273
2533;273
2568;273
2602;273
2636;273
2678;273
2709;273
2745;273
2780;273
2817;273
2857;273
2890;273
2925;273
2959;273
2991;273
3023;273
3058;273
3092;273
3130;273
3170;273
3214;273
3262;273
3322;273
3377;273
3424;273
3477;273
3526;273
3578;273
3621;273
3656;273
3693;273
3725;273
3762;273
3798;273
3832;273
3867;273
3904;270
3938;270
3976;270
4011;270
4047;270
4086;270
4121;270
4156;270
4193;272
4231;272
4269;272
4303;272
4337;272
4376;272
4413;272
4454;272
4491;273
4523;273
4557;273
4591;273
4627;273
4663;273
4695;273
4738;273
4771;273
4808;273
4845;274
4879;274
4913;274
4958;274
4994;274
5028;274
5060;274
5092;274
5126;274
5163;274
5201;274
5242;274
5279;274
5324;274
5379;274
5431;274
5479;274
5528;274
5579;274
5635;274
5680;274
5723;274
5764;274
5811;274
5859;274
5904;274
5946;274
5989;274
6029;276
6062;276
6099;276
6133;276
6165;276
6197;276
6230;276
6267;276
6302;276
6342;276
6378;276
6413;276
6447;276
6479;276
6512;276
6553;276
6588;276
6621;276
6654;276
6686;274
6719;274
6753;274
6787;274
6820;274
6854;274
6890;274
6922;274
6958;274
6995;274
7035;274
7068;274
7101;274
7140;274
7176;274
7209;274
7252;274
7285;273
7318;273
7357;273
7390;273
7427;273
7460;273
7496;273
7535;270
7573;270
7607;270
7644;270
7681;270
7715;265
7748;265
7781;265
7813;265
7848;265
7886;265
7928;265
7962;265
8000;265
8036;265
8070;265
8105;265
8139;265
8173;265
8209;265
8243;265
8277;265
8316;265
8351;265
8385;265
8419;265
8458;265
8491;265
8527;265
8573;265
8606;267
8644;267
8684;267
8721;267
8756;267
8788;267
8821;267
8855;267
8889;267
8922;267
8955;267
8992;267
9026;267
9060;267
9097;267
9131;267
9166;267
9197;267
9231;267
9268;267
9301;267
9338;267
9370;267
9409;267
9449;267
9481;267
9514;267
9548;267
9585;267
9620;267
9653;267
9689;267
9721;267
9756;267
9789;267
9822;267
9855;267
9895;267
9926;267
9962;267
9998;266
10031;266
10065;266
10098;266
10135;266
10170;266
10207;266
10243;266
10280;266
10313;266
10352;266
10391;266
10425;266
10459;266
10495;266
10531;266
10565;266
10601;266
10637;266
10669;266
10706;266
10741;266
10779;266
10815;266
10858;266
10892;266
10926;266
10962;264
10994;264
11026;264
11059;264
11095;264
11129;264
11167;264
11202;264
11237;264
11270;265
11306;265
11342;265
11378;265
11428;265
11463;265
11497;265
11532;265
11562;265
11596;265
11630;265
11671;265
11714;265
11757;265
11791;265
11825;265
11858;264
11892;264
11929;264
11968;264
12004;265
12038;265
12071;265
12104;265
12136;265
12169;265
12205;265
12241;265
12275;265
12311;265
12348;265
12398;265
12442;265
12480;265
12512;265
12545;265
12579;265
12610;265
12642;265
12677;265
12711;265
12744;265
12777;265
12821;265
12860;265
12893;265
12930;265
12964;265
13000;265
13032;265
13065;265
13100;265
13134;265
13169;265
13204;265
13242;265
13295;265
13328;265
13368;265
13402;265
13443;265
13477;265
13521;265
13557;265
13588;265
13616;265
13650;265
13683;265
13727;266
13770;266
13804;266
13837;266
13878;266
13916;266
13948;266
13983;266
14017;266
14051;266
14085;266
14119;266
14151;266
14192;266
14228;266
14267;266
14303;267
14337;267
14375;267
14427;267
14470;267
14502;267
14539;267
14573;267
14608;267
14640;267
14675;267
14708;267
14742;267
14782;267
14836;267
14873;267
14905;267
14941;267
14974;267
15007;267
15040;267
15074;267
15123;267
15160;270
15190;270
15224;270
15257;270
15290;270
15323;270
15356;269
15388;269
15430;269
15464;269
15507;269
15552;269
15584;269
15616;269
15649;269
15682;269
15726;269
15755;269
15789;269
15824;269
15856;269
15897;269
15931;269
15965;269
16002;269
16036;269
16069;269
16103;269
16136;269
16169;269
16202;269
16236;269
16270;269
16305;269
16351;269
16396;269
16447;269
16484;269
16517;269
16560;269
16593;269
16629;269
16662;269
16697;269
16730;269
16765;269
16807;269
16838;269
16874;269
16910;269
16942;269
16975;269
17007;266
17039;266
17076;267
17114;267
17146;267
17182;267
17215;267
17247;267
17284;267
17315;267
17351;267
17384;267
17418;267
17451;267
17483;267
17515;267
17547;267
17580;267
17613;267
17658;267
17694;267
17725;267
17754;267
17787;267
17822;267
17856;267
17910;267
17943;267
17979;267
18015;267
18046;267
18079;267
18112;267
18149;267
18186;267
18223;267
18256;267
18292;267
18335;267
18366;267
18399;267
18453;267
18497;267
18529;267
18563;267
18597;267
18630;267
18668;268
18701;268
18732;267
18765;267
18798;267
18840;267
18873;267
18905;267
18945;267
18985;267
19022;267
19058;267
19096;267
19130;267
19167;267
19207;266
19240;266
19278;266
19318;266
19351;266
19382;266
19435;266
19481;266
19521;266
19558;266
19590;266
19633;266
19662;266
19695;266
19727;266
19766;266
19800;266
19832;266
19869;266
19905;266
19942;266
19978;266
20014;266
20051;266
20086;266
20122;266
20152;266
20189;266
20226;266
20260;266
20296;266
20332;266
20365;266
20400;266
20455;266
20509;266
20549;266
20582;266
20617;266
20651;266
20683;266
20716;266
20749;266
20785;266
20819;266
20855;266
20892;266
20925;266
20961;266
21009;266
21046;266
21082;266
21122;266
21156;266
21191;266
21223;266
21262;266
21293;266
21332;266
21367;266
21403;266
21438;265
21485;265
21521;265
21559;268
21593;268
21629;268
21662;268
21695;268
21731;268
21763;268
21796;268
21828;268
21867;268
21898;268
21930;268
21969;268
22009;268
22049;268
22082;268
22113;268
22145;268
22181;268
22217;268
22255;266
22295;263
22334;264
22369;264
22401;264
22462;264
22508;264
22554;264
22590;261
22625;261
22657;261
22689;261
22721;261
22751;261
22784;261
22816;261
22851;261
22892;261
22924;261
22958;261
22992;261
23025;261
23059;261
23093;261
23125;261
23158;261
23191;261
23225;261
23263;261
23294;261
23326;261
23358;261
23390;261
23424;261
23457;261
23489;261
23523;261
23560;261
23594;261
23627;261
23665;261
23699;261
23733;261
23766;261
23800;261
23836;261
23872;261
23910;261
23946;261
23977;261
24013;261
24047;261
24084;261
24119;261
24155;261
24188;261
24220;261
24263;261
24296;261
24327;261
24370;261
24402;261
24435;261
24473;261
24508;261
24543;261
24574;261
24607;261
24646;261
24679;261
24715;261
24748;261
24780;261
24813;261
24846;261
24878;261
24910;261
24942;261
24975;261
25007;261
25043;261
25081;261
25111;261
25145;261
25178;261
25210;261
25244;261
25278;261
25313;261
25348;261
25380;261
25419;261
25452;261
25484;261
25515;261
25552;261
25586;261
25625;261
25659;261
25692;261
25724;261
25757;261
25790;261
25823;261
25859;261
25896;261
25928;261
25963;261
25995;261
26028;261
26060;261
26092;261
26124;261
26172;261
26203;261
26242;261
26275;261
26308;261
26339;261
26372;261
26407;261
26444;261
26482;261
26517;261
26549;261
26581;261
26612;261
26648;261
26686;261
26717;261
26748;261
26782;261
26818;261
26851;261
26892;261
26926;261
26962;261
26996;261
27032;261
27065;261
27098;261
27131;261
27166;261
27201;261
27232;261
27268;261
27299;261
27332;261
27372;261
27410;261
27445;261
27479;261
27512;261
27544;261
27577;261
27618;261
27650;261
27683;261
27715;261
27754;261
27788;261
27821;261
27864;261
27900;261
27933;261
27969;261
28003;261
28038;261
28074;261
28109;261
28140;261
28178;261
28211;261
28243;262
28275;262
28308;262
28342;262
28380;262
28414;262
28448;262
28490;262
28527;262
28559;262
28597;262
28631;262
28673;268
28716;268
28749;268
28783;268
28819;268
28855;268
28887;268
28920;267
28956;263
28993;263
29030;263
29074;263
29105;263
29137;263
29169;263
29201;263
29242;264
29275;264
29309;264
29342;264
29381;264
29412;264
29445;264
29478;264
29511;264
29543;264
29583;264
29614;264
29650;264
29683;264
29720;264
29753;264
29785;264
29817;264
29851;264
29888;264
29932;264
29968;264
30004;264
30036;264
30069;264
30101;264
30133;264
30171;264
30206;264
30242;264
30273;264
30305;264
30337;264
30370;263
30409;264
30445;264
30477;264
30521;264
30558;264
30590;264
30623;264
30659;264
30697;264
30730;264
30763;264
30794;264
30827;264
30859;264
30894;264
30926;264
30957;264
30990;264
31028;264
31061;264
31097;264
31129;264
31162;264
31193;264
31227;264
31264;264
31298;264
31334;264
31369;264
31402;264
31439;264
31475;258
31509;258
31542;258
31574;258
31610;258
31642;258
31676;258
31722;258
31755;258
31789;258
31823;258
31855;258
31888;258
31921;258
31955;258
31990;258
32021;258
32052;258
32088;258
32121;258
32154;258
32187;258
32223;263
32258;263
32287;263
32321;263
32354;263
32386;263
32420;263
32452;263
32490;263
32525;263
32559;263
32592;263
32624;263
32661;263
32692;263
32728;263
32761;263
32794;263
32825;263
32859;263
32892;263
32929;263
32963;263
32996;263
33028;263
33061;263
33094;263
33130;263
33166;263
33199;263
33232;263
33267;263
33302;263
33333;263
33365;263
33394;263
33427;263
33459;263
33497;263
33530;263
33566;263
33599;263
33631;263
33666;263
33700;263
33733;263
33766;263
33802;263
33834;263
33871;263
33904;263
33940;263
33981;263
34018;263
34055;263
34087;263
34119;263
34151;263
34187;263
34221;263
34253;263
34285;263
34320;263
34352;263
34385;263
34423;263
34459;263
34492;263
34539;263
34595;263
34641;263
34674;263
34707;263
34739;263
34770;263
34804;263
34838;263
34870;263
34906;263
34939;263
34973;263
35006;263
35041;263
35074;263
35106;263
35140;263
35168;263
35201;263
35233;261
35265;261
35297;261
35331;261
35372;261
35408;261
35442;261
35476;261
35512;261
35544;261
35577;261
35614;263
35649;263
35689;263
35722;263
35756;263
35791;263
35823;263
35856;263
35890;263
35922;263
35953;263
35990;263
36022;263
36055;263
36089;263
36122;263
36154;263
36190;263
36229;263
36264;263
36296;263
36332;263
36368;263
36400;263
36432;263
36465;261
36498;261
36542;261
36592;261
36627;261
36660;261
36696;261
36737;261
36775;261
36805;261
36837;261
36873;261
36909;261
36942;261
36978;261
37009;261
37042;261
37078;261
37115;261
37148;263
37184;263
37219;263
37255;263
37285;263
37317;263
37356;263
37390;263
37423;263
37454;263
37487;263
37517;263
37550;263
37582;263
37614;263
37650;263
37685;263
37716;263
37752;263
37784;263
37812;263
37845;263
37883;263
37917;263
37953;263
37989;263
38021;263
38053;263
38092;263
38128;263
38162;263
38197;263
38231;263
38270;263
38306;263
38338;263
38371;263
38405;263
38439;263
38472;263
38510;263
38549;263
38602;263
38634;263
38670;263
38702;263
38738;263
38769;263
38802;263
38837;263
38870;263
38903;263
38939;261
38971;261
39002;261
39035;261
39071;261
39105;261
39137;261
39172;261
39204;261
39235;261
39267;261
39305;261
39337;261
39369;261
39402;261
39434;261
39474;261
39507;261
39541;261
39573;261
39604;261
39640;261
39676;261
39708;261
39740;261
39771;260
39800;260
39832;260
39868;260
39901;260
39933;260
39968;260
40004;260
40036;260
40074;260
40106;260
40138;260
40172;260
40209;260
40241;260
40274;260
40308;260
40347;260
40377;260
40412;260
40451;260
40487;260
40520;260
40563;260
40617;260
40650;260
40686;260
40723;260
40756;260
40792;260
40822;260
40859;260
40892;260
40929;260
40962;260
40994;260
41027;260
41060;260
41096;260
41129;260
41162;260
41200;260
41233;260
41266;260
41298;260
41329;260
41368;260
41405;260
41437;260
41470;260
41506;260
41539;260
41572;260
41610;261
41651;261
41701;261
41734;261
41774;261
41805;261
41836;261
41872;261
41906;261
41941;261
41974;261
42008;261
42038;261
42070;261
42108;261
42144;261
42180;261
42215;261
42250;261
42281;261
42316;261
42350;261
42386;261
42425;261
42461;261
42497;261
42530;261
42572;261
42625;261
42673;261
42706;261
42743;261
42774;261
42809;261
42842;261
42878;261
42912;261
42949;261
42982;261
43014;261
43046;261
43082;261
43120;261
43152;261
43192;261
43227;261
43258;261
43290;261
43322;261
43358;261
43391;261
43424;261
43461;261
43493;261
43525;261
43563;261
43598;261
43631;261
43667;261
43708;261
43741;261
43772;261
43809;261
43841;261
43873;261
43905;261
43937;261
43972;261
44010;261
44049;261
44085;261
44122;261
44167;261
44201;261
44232;261
44265;261
44298;261
44334;261
44366;261
44404;261
44440;261
44478;261
44514;261
44551;261
44596;261
44631;261
44667;261
44702;261
44738;261
44777;261
44809;261
44843;261
44878;261
44911;261
44945;261
44976;261
45008;261
45039;261
45075;261
45110;261
45143;261
45184;261
45217;261
45254;261
45289;261
45321;261
45359;261
45391;261
45437;261
45474;261
45511;261
45544;261
45576;261
45611;261
45644;261
45682;261
45719;261
45758;261
45796;261
45839;261
45877;261
45909;261
45940;261
45985;261
46017;261
46051;261
46084;261
46129;261
46166;261
46199;261
46239;261
46275;261
46311;261
46347;261
46381;261
46418;261
46458;261
46491;261
46524;261
46558;261
46589;261
46625;261
46660;261
46694;261
46728;261
46764;261
46797;261
46828;261
46861;261
46894;261
46928;261
46964;261
46999;261
47036;261
47070;261
47108;261
47143;261
47178;261
47214;261
47247;261
47279;261
47322;261
47364;261
47395;261
47431;261
47466;261
47504;261
47537;261
47573;261
47606;261
47643;261
47676;261
47709;261
47750;261
47784;261
47817;261
47852;261
47884;261
47927;261
47964;261
47998;261
48031;261
48068;261
48103;261
48136;261
48168;261
48205;261
48243;261
48276;261
48311;261
48345;261
48379;261
48412;261
48445;261
48492;261
48525;261
48567;261
48611;261
48646;261
48682;261
48718;261
48756;261
48789;261
48832;261
48870;261
48901;261
48937;261
48970;261
49014;261
49049;261
49081;261
49112;261
49143;261
49174;261
49207;261
49243;261
49276;261
49311;261
49343;261
49376;261
49416;261
49454;261
49489;261
49534;261
49571;261
49606;261
49642;263
49673;263
49705;263
49738;263
49773;263
49813;263
49845;263
49877;263
49910;263
49943;263
49976;263
50010;263
50045;263
50080;263
50127;261
50162;261
50193;261
50225;261
50257;261
50290;261
50321;261
50353;261
50389;261
50424;261
50459;261
50494;261
50525;261
50558;261
50590;261
50624;261
50663;261
50700;261
50736;261
50768;261
50802;261
50836;261
50871;261
50909;261
50942;261
50977;261
51014;261
51047;261
51081;261
51118;261
51152;261
51190;261
51227;261
51260;261
51292;261
51332;261
51366;261
51400;261
51440;261
51476;261
51512;261
51548;261
51578;261
51614;261
51656;261
51694;261
51728;261
51761;261
51797;261
51831;261
51862;261
51893;261
51929;261
51962;261
51998;261
52029;261
52061;261
52104;261
52140;261
52176;261
52210;261
52243;261
52276;261
52316;261
52351;261
52386;261
52420;261
52452;261
52484;261
52520;261
52548;261
52580;261
52613;261
52651;261
52685;261
52718;261
52750;261
52789;261
52822;261
52863;261
52893;260
52925;260
52956;260
52988;260
53020;260
53057;260
53093;260
53128;260
53168;260
53222;260
53258;260
53290;260
53321;260
53362;260
53406;260
53444;260
53481;260
53518;260
53551;260
53595;260
53629;260
53661;260
53692;260
53733;260
53768;260
53801;260
53833;260
53870;260
53904;260
53937;260
53976;260
54009;260
54046;260
54085;260
54118;260
54152;260
54192;260
54227;260
54263;260
54295;260
54333;260
54369;260
54407;260
54441;260
54477;260
54511;260
54542;260
54575;260
54606;260
54639;260
54674;260
54717;260
54752;260
54789;260
54822;260
54855;260
54889;260
54925;260
54959;260
54994;260
55027;260
55060;260
55090;260
55125;260
55158;260
55193;260
55227;260
55260;260
55294;260
55329;260
55362;260
55396;260
55435;260
55478;260
55513;260
55547;260
55579;260
55612;260
55644;260
55676;260
55712;260
55749;260
55785;260
55818;260
55852;260
55883;260
55915;260
55954;260
55987;260
56021;260
56053;260
56084;260
56124;260
56156;260
56193;260
56226;260
56264;260
56299;260
56332;260
56363;260
56400;260
56433;260
56467;260
56501;260
56533;260
56569;260
56607;260
56657;260
56715;260
56746;260
56779;260
56815;260
56850;260
56886;260
56918;260
56954;260
56987;260
57018;260
57051;260
57088;260
57122;260
57154;260
57186;260
57224;260
57262;260
57298;260
57349;260
57414;260
57461;260
57499;260
57570;260
57631;260
57715;260
57765;260
57801;260
57835;260
57871;260
57918;260
57954;260
57986;260
58022;260
58054;260
58090;260
58126;260
58164;260
58207;260
58241;260
58279;260
58311;260
58343;260
58375;260
58408;260
58442;260
58476;260
58509;260
58542;260
58574;260
58607;260
58642;260
58675;260
58709;260
58751;260
58791;260
58825;260
58863;260
58898;260
58930;260
58963;260
59000;260
59036;260
59069;260
59102;260
59138;260
59179;260
59215;260
59248;260
59280;260
59315;260
59350;260
59383;260
59418;260
59454;260
59492;260
59525;260
59556;260
59593;260
59630;260
59663;260
59696;260
59730;260
59763;260
59792;260
