1205;67
1566;67
1958;67
2313;67
2677;67
3029;67
3377;67
3725;67
4068;67
4498;67
4935;67
5268;67
5608;67
5945;67
6292;67
6670;67
7099;67
7550;67
7996;67
8551;67
9006;67
9467;67
9880;67
10259;67
10631;67
10974;67
11303;67
11641;67
11992;67
12434;67
12802;67
13189;67
13567;67
13900;67
14237;67
14552;67
14864;67
15177;67
15480;67
15797;67
16098;67
16399;67
16700;67
16989;67
17274;67
17560;67
17835;67
18106;67
18371;67
18646;67
18907;67
19169;67
19422;67
19671;67
19913;67
20148;67
20381;67
20617;67
20837;67
21055;67
21274;67
21484;67
21701;67
21908;67
22209;66
22413;66
22614;66
22806;66
23001;66
23187;66
23461;65
23646;65
23848;65
24147;63
24340;63
24542;63
24740;63
24935;63
25145;63
25371;63
25622;63
25823;63
26034;63
26249;63
26466;63
26667;63
26842;63
27004;63
27198;63
27412;63
27616;63
27903;63
28097;63
28281;63
28440;63
28604;63
28760;63
28911;63
29061;63
29210;63
29379;63
29540;63
29778;62
29930;62
30076;62
30223;62
30377;62
30527;62
30776;61
30923;61
31075;61
31325;60
31473;60
31621;60
31768;60
31915;60
32060;60
32206;60
32456;60
32605;60
32747;60
32894;60
33038;60
33181;60
33325;60
33476;60
33623;60
33767;60
33913;60
34061;60
34203;60
34345;60
34489;60
34726;60
34876;60
35018;60
35162;60
35302;60
35447;60
35594;60
35741;60
35886;60
36026;60
36169;60
36310;60
36453;60
36600;60
36744;60
36885;60
37029;60
37229;60
37371;60
37517;60
37660;60
37805;60
37948;60
38093;60
38237;60
38385;60
38532;60
38679;60
38822;60
38966;60
39112;60
39258;60
39406;60
39554;60
39693;60
39837;60
39977;60
40122;60
40265;60
40406;60
40549;60
40696;60
40842;60
40990;60
41135;60
41280;60
41427;60
41575;60
41722;60
41867;60
42012;60
42158;60
42303;60
42444;60
42595;60
42738;60
42883;60
43027;60
43177;60
43323;60
43467;60
43617;60
43759;60
43901;60
44042;60
44188;60
44330;60
44477;60
44622;60
44780;60
44923;60
45066;60
45212;60
45357;60
45507;60
45652;60
45797;60
45941;60
46087;60
46230;60
46376;60
46531;60
46673;60
46824;60
46973;60
47115;60
47257;60
47400;60
47544;60
47689;60
47841;60
47984;60
48127;60
48267;60
48414;60
48564;60
48708;60
48852;60
48995;60
49137;60
49281;60
49434;60
49591;60
49737;60
49879;60
50024;60
50172;60
50314;60
50457;60
50600;60
50745;60
50892;60
51037;60
51176;60
51322;60
51467;60
51629;60
51772;60
51913;60
52054;60
52201;60
52347;60
52495;60
52636;60
52783;60
52924;60
53072;60
53212;60
53359;60
53501;60
53644;60
53787;60
53940;60
54088;60
54229;60
54371;60
54533;60
54680;60
54822;60
54966;60
55110;60
55249;60
55393;60
55546;60
55693;60
55837;60
55980;60
56120;60
56261;60
56406;60
56550;60
56692;60
56838;60
56981;60
57129;60
57273;60
57425;60
57577;60
57725;60
57870;60
58018;60
58160;60
58302;60
58444;60
58605;60
58750;60
58892;60
59040;60
59183;60
59330;60
59476;60
59620;60
59764;60
59905;60
60052;60
60200;60
60344;60
60489;60
60636;60
60785;60
60933;60
61078;60
61225;60
61374;60
61521;60
61670;60
61815;60
61965;60
62112;60
62254;60
62399;60
62542;60
62687;60
62829;60
62979;60
63126;60
63269;60
63415;60
63585;60
63729;60
63874;60
64019;60
64160;60
64307;60
64450;60
64596;60
64743;60
64885;60
65030;60
65172;60
65320;60
65461;60
65607;60
65750;60
65895;60
66039;60
66182;60
66335;60
66476;60
66627;60
66772;60
66920;60
67066;60
67207;60
67350;60
67497;60
67647;60
67796;60
67940;60
68084;60
68227;60
68371;60
68516;60
68661;60
68804;60
68946;60
69095;60
69241;60
69404;60
69553;60
69701;60
69844;60
69988;60
70131;60
70274;60
70415;60
70558;60
70702;60
70858;60
71001;60
71146;60
71293;60
71441;60
71587;60
71734;60
71878;60
72033;60
72230;60
72448;60
72601;60
72756;60
72899;60
73045;60
73186;60
73328;60
73471;60
73614;60
73758;60
73902;60
74052;60
74193;60
74333;60
74476;60
74621;60
74765;60
74907;60
75051;60
75193;60
75334;60
75493;60
75641;60
75784;60
75928;60
76074;60
76216;60
76361;60
76511;60
76655;60
76800;60
76945;60
77094;60
77240;60
77385;60
77530;60
77673;60
77817;60
77959;60
78105;60
78249;60
78394;60
78556;60
78702;60
78847;60
78992;60
79138;60
79287;60
79433;60
79585;60
79734;60
79883;60
80027;60
80175;60
80319;60
80464;60
80606;60
80752;60
80898;60
81041;60
81184;60
81327;60
81470;60
81623;60
81767;60
81916;60
82063;60
82206;60
82359;60
82510;60
82655;60
82800;60
82943;60
83087;60
83244;60
83386;60
83533;60
83678;60
83825;60
83971;60
84117;60
84261;60
84406;60
84555;60
84708;60
84857;60
85003;60
85152;60
85294;60
85436;60
85592;60
85737;60
85881;60
86024;60
86170;60
86319;60
86463;60
86612;60
86756;60
86900;60
87044;60
87190;60
87331;60
87476;60
87682;60
87871;60
88015;60
88157;60
88302;60
88446;60
88590;60
88737;60
88882;60
89028;60
89170;60
89314;60
89463;60
89609;60
89753;60
89898;60
90039;60
90180;60
90324;60
90467;60
90615;60
90758;60
90905;60
91049;60
91192;60
91334;60
91476;60
91620;60
91763;60
91904;60
92051;60
92193;60
92337;60
92486;60
92632;60
92778;60
92923;60
93064;60
93204;60
93350;60
93500;60
93649;60
93793;60
93943;60
94087;60
94230;60
94374;60
94526;60
94669;60
94810;60
94955;60
95099;60
95242;60
95386;60
95541;60
95685;60
95829;60
95977;60
96122;60
96266;60
96410;60
96577;60
96720;60
96866;60
97014;60
97157;60
97302;60
97447;60
97595;60
97737;60
97882;60
98026;60
98171;60
98317;60
98460;60
98609;60
98755;60
98903;60
99048;60
99194;60
99343;60
99491;60
99636;60
99782;60
99927;60
100087;60
100231;60
100380;60
100542;60
100752;60
101011;60
101280;60
101528;60
101778;60
102035;60
102289;60
102556;60
102799;60
102955;60
103116;60
103261;60
103408;60
103560;60
103710;60
103854;60
103998;60
104147;60
104293;60
104439;60
104584;60
104734;60
104877;60
105023;60
105169;60
105312;60
105456;60
105603;60
105749;60
105897;60
106042;60
106187;60
106343;60
106486;60
106632;60
106778;60
106941;60
107087;60
107237;60
107384;60
107528;60
107670;60
107819;60
107963;60
108119;60
108266;60
108427;60
108572;60
108718;60
108864;60
109009;60
109152;60
109303;60
109461;60
109611;60
109754;60
109899;60
110041;60
110185;60
110328;60
110472;60
110620;60
110766;60
110918;60
111063;60
111205;60
111350;60
111502;60
111650;60
111797;60
111940;60
112085;60
112230;60
112370;60
112521;60
112664;60
112866;60
113119;60
113390;60
113577;60
113726;60
113936;60
114139;60
114337;60
114566;60
114791;60
115028;60
115262;60
115482;60
115697;60
115866;60
116033;60
116205;60
116417;60
116625;60
116809;60
116975;60
117142;60
117309;60
117480;60
117667;60
117836;60
118006;60
118177;60
118348;60
118521;60
118694;60
118863;60
119056;60
119224;60
119419;60
119598;60
119767;60
119934;60
120101;60
120271;60
120440;60
120644;60
120880;60
121079;60
121314;60
121479;60
121698;60
121918;60
122095;60
122261;60
122429;60
122603;60
122768;60
122933;60
123103;60
123274;60
123442;60
123621;60
123792;60
123963;60
124137;60
124309;60
124488;60
124659;60
124829;60
125017;60
125231;60
125432;60
125610;60
125799;60
126006;60
126154;60
126352;60
126577;60
126780;60
126929;60
127116;60
127326;60
127485;60
127632;60
127788;60
127936;60
128125;60
128289;60
128438;60
128582;60
128734;60
128881;60
129025;60
129173;60
129326;60
129478;60
129626;60
129781;60
129935;60
130080;60
130232;60
130382;60
130540;60
130697;60
130841;60
131003;60
131150;60
131304;60
131449;60
131596;60
131749;60
131890;60
132054;60
132274;60
132483;60
132649;60
132802;60
132952;60
133093;60
133244;60
133387;60
133538;60
133687;60
133833;60
133979;60
134137;60
134285;60
134434;60
134582;60
134732;60
134876;60
135021;60
135165;60
135315;60
135460;60
135618;60
135780;60
135929;60
136074;60
136227;60
136371;60
136516;60
136663;60
136815;60
136961;60
137107;60
137270;60
137417;60
137561;60
137714;60
137862;60
138013;60
138162;60
138315;60
138468;60
138631;60
138789;60
138938;60
139084;60
139234;60
139384;60
139539;60
139698;60
139846;60
139995;60
140137;60
140295;60
140444;60
140593;60
140748;60
140893;60
141044;60
141198;60
141343;60
141493;60
141641;60
141797;60
141948;60
142088;60
142241;60
142384;60
142536;60
142683;60
142835;60
142979;60
143124;60
143277;60
143426;60
143573;60
143721;60
143864;60
144013;60
144161;60
144313;60
144463;60
144611;60
144759;60
144911;60
145057;60
145206;60
145349;60
145498;60
145642;60
145800;60
145947;60
146089;60
146239;60
146386;60
146532;60
146681;60
146832;60
146975;60
147123;60
147275;60
147428;60
147590;60
147816;60
147974;60
148120;60
148272;60
148417;60
148565;60
148719;60
148864;60
149007;60
149153;60
149303;60
149458;60
149608;60
149761;60
149905;60
150052;60
150201;60
150348;60
150494;60
150641;60
150794;60
150947;60
151105;60
151253;60
151400;60
151556;60
151703;60
151850;60
151998;60
152144;60
152297;60
152446;60
152603;60
152757;60
152901;60
153046;60
153193;60
153342;60
153491;60
153636;60
153790;60
153937;60
154082;60
154235;60
154381;60
154532;60
154679;60
154826;60
154976;60
155120;60
155275;60
155420;60
155569;60
155729;60
155875;60
156025;60
156174;60
156327;60
156477;60
156641;60
156799;60
156953;60
157098;60
157258;60
157402;60
157557;60
157705;60
157856;60
158007;60
158152;60
158312;60
158464;60
158612;60
158773;60
158924;60
159070;60
159223;60
159373;60
159525;60
159669;60
159821;60
159971;60
160120;60
160274;60
160420;60
160566;60
160712;60
160864;60
161015;60
161159;60
161314;60
161463;60
161613;60
161768;60
161913;60
162057;60
162209;60
162358;60
162507;60
162655;60
162811;60
162957;60
163102;60
163254;60
163413;60
163565;60
163717;60
163865;60
164012;60
164157;60
164314;60
164462;60
164609;60
164765;60
164914;60
165057;60
165207;60
165358;60
165507;60
165667;60
165815;60
165960;60
166106;60
166257;60
166404;60
166559;60
166708;60
166857;60
167004;60
167150;60
167303;60
167452;60
167606;60
167762;60
167908;60
168061;60
168205;60
168355;60
168509;60
168658;60
168811;60
168959;60
169103;60
169257;60
169404;60
169555;60
169703;60
169852;60
170002;60
170144;60
170300;60
170447;60
170593;60
170742;60
170889;60
171065;60
171210;60
171358;60
171514;60
171676;60
171827;60
171973;60
172119;60
172269;60
172413;60
172572;60
172719;60
172866;60
173013;60
173159;60
173312;60
173466;60
173610;60
173770;60
173912;60
174063;60
174216;60
174372;60
174528;60
174679;60
174831;60
175007;60
175236;60
175451;60
175647;60
175907;60
176151;60
176383;60
176594;60
176786;60
177062;60
177286;60
177456;60
177650;60
177816;60
177989;60
178190;60
178445;60
178617;60
178766;60
178909;60
179055;60
179197;60
179343;60
179493;60
179639;60
179784;60
179928;60
180073;60
180217;60
180365;60
180509;60
180684;60
180847;60
181016;60
181182;60
181343;60
181521;60
181672;60
181821;60
181964;60
182107;60
182250;60
182394;60
182548;60
182693;60
182836;60
182982;60
183125;60
183269;60
183418;60
183569;60
183713;60
183859;60
184000;60
184145;60
184287;60
184431;60
184576;60
184717;60
184864;60
185005;60
185154;60
185297;60
185441;60
185588;60
185730;60
185873;60
186018;60
186162;60
186311;60
186462;60
186609;60
186752;60
186898;60
187040;60
187188;60
187331;60
187477;60
187627;60
187769;60
187918;60
188063;60
188212;60
188359;60
188505;60
188652;60
188800;60
188944;60
189091;60
189239;60
189383;60
189537;60
189681;60
189825;60
189970;60
190117;60
190262;60
190407;60
190553;60
190696;60
190840;60
190991;60
191136;60
191284;60
191427;60
191574;60
191720;60
191864;60
192013;60
192204;60
192380;60
192560;60
192716;60
192858;60
193008;60
193152;60
193300;60
193444;60
193598;60
193752;60
193913;60
194060;60
194209;60
194352;60
194506;60
194665;60
194807;60
194950;60
195097;60
195240;60
195385;60
195552;60
195699;60
195844;60
195986;60
196129;60
196273;60
196418;60
196574;60
196722;60
196871;60
197017;60
197164;60
197308;60
197454;60
197599;60
197747;60
