175;85
302;85
434;85
547;85
618;85
692;85
774;85
868;86
956;86
1033;86
1102;86
1168;86
1235;86
1323;86
1388;86
1457;86
1549;86
1614;86
1689;86
1775;86
1861;86
1948;86
2036;86
2125;86
2192;86
2257;86
2321;86
2391;86
2457;86
2521;86
2590;86
2659;86
2755;86
2818;86
2879;86
2943;86
3001;86
3062;86
3120;86
3178;86
3243;86
3301;86
3357;86
3417;86
3502;86
3581;86
3663;86
3743;86
3820;86
3901;86
3982;86
4061;86
4147;86
4204;86
4260;86
4316;86
4374;86
4430;86
4491;86
4550;86
4615;86
4696;86
4764;86
4821;86
4880;86
4939;86
4995;86
5057;86
5115;86
5172;86
5228;86
5287;86
5356;86
5411;86
5471;86
5530;86
5590;86
5648;86
5705;86
5761;86
5822;86
5880;86
5937;86
5997;86
6055;86
6111;86
6169;86
6227;86
6281;86
6344;86
6400;86
6458;86
6524;86
6600;86
6691;86
6779;86
6857;86
6928;86
6984;86
7040;86
7095;86
7152;86
7207;86
7264;86
7319;86
7377;85
7433;85
7494;85
7550;85
7607;85
7665;85
7722;83
7780;83
7837;83
7893;83
7948;83
8006;83
8064;83
8120;83
8177;83
8234;83
8290;83
8352;83
8408;83
8465;83
8522;83
8579;83
8638;83
8715;83
8781;83
8836;83
8895;83
8952;83
9008;83
9067;83
9123;83
9181;83
9238;83
9294;83
9350;83
9404;83
9463;83
9521;83
9580;83
9639;83
9695;83
9753;83
9817;83
9880;83
9939;83
9997;83
10056;83
10115;83
10171;83
10227;83
10286;83
10346;83
10404;83
10464;83
10524;83
10584;83
10640;83
10700;83
10767;83
10823;83
10879;83
10939;83
10995;83
11051;83
11107;83
11161;83
11218;83
11281;83
11337;83
11391;83
11450;83
11509;83
11564;83
11619;83
11673;83
11730;83
11788;83
11847;83
11909;83
11972;83
12028;83
12091;83
12146;83
12201;83
12281;83
12339;83
12396;83
12451;83
12509;83
12566;83
12621;83
12677;83
12752;83
12806;83
12863;83
12921;83
12979;83
13037;83
13092;83
13152;83
13212;83
13269;83
13327;83
13385;83
13448;83
13510;83
13610;83
13694;83
13762;83
13835;83
13890;83
13947;83
14001;83
14057;83
14112;83
14169;83
14224;83
14296;83
14347;83
14402;83
14458;83
14518;83
14575;83
14631;83
14687;83
14746;83
14802;83
14857;83
14915;83
14970;83
15027;83
15087;83
15141;83
15197;83
15255;83
15314;83
15388;83
15443;83
15502;83
15561;83
15616;83
15674;83
15730;83
15795;83
15849;83
15907;83
15969;83
16027;83
16090;78
16146;78
16202;78
16260;78
16315;78
16371;78
16428;78
16486;78
16543;78
16598;78
16657;78
16715;78
16775;78
16832;78
16909;78
16984;78
17102;78
17165;78
17232;78
17337;78
17393;78
17452;78
17511;78
17571;78
17629;78
17686;78
17742;78
17801;78
17857;78
17916;78
17974;78
18032;78
18090;78
18145;78
18202;78
18260;78
18316;78
18371;78
18436;78
18500;78
18555;78
18611;78
18673;78
18727;78
18787;78
18846;78
18904;78
18960;78
19013;78
19073;78
19138;78
19198;78
19258;78
19315;78
19373;78
19433;78
19490;78
19548;78
19605;78
19662;78
19718;78
19775;78
19835;78
19896;78
19952;78
20016;78
20072;78
20132;78
20192;78
20250;78
20308;78
20368;78
20425;78
20492;78
20554;78
20613;78
20669;78
20727;78
20812;78
20869;78
20924;78
20980;78
21036;78
21091;78
21152;78
21207;78
21265;78
21322;78
21380;78
21436;78
21495;78
21554;78
21611;78
21669;78
21728;78
21784;78
21839;78
21894;78
21951;78
22008;78
22066;78
22122;78
22181;78
22237;78
22297;78
22352;78
22409;78
22469;78
22526;78
22584;78
22641;78
22702;78
22760;78
22821;78
22882;78
22938;78
22995;78
23054;78
23120;78
23179;79
23236;79
23294;79
23349;79
23408;79
23462;79
23518;79
23574;79
23630;79
23688;79
23746;79
23805;79
23862;79
23918;79
23973;79
24033;79
24090;79
24146;79
24203;79
24275;79
24334;79
24391;79
24450;79
24507;79
24570;79
24628;79
24686;79
24745;79
24803;79
24859;79
24914;79
24972;79
25028;79
25085;79
25143;79
25200;79
25255;79
25311;79
25367;79
25431;79
25483;79
25539;79
25595;79
25653;79
25711;79
25768;79
25826;79
25881;79
25936;79
25993;79
26050;79
26109;79
26165;79
26222;79
26277;79
26333;79
26392;79
26446;79
26503;79
26563;79
26618;79
26674;79
26730;79
26789;79
26849;79
26904;79
26960;79
27017;79
27074;79
27129;79
27185;79
27248;79
27303;79
27357;79
27416;79
27477;79
27536;79
27595;79
27653;79
27710;79
27768;79
27824;79
27879;79
27934;79
27993;78
28052;78
28117;78
28170;78
28225;78
28279;78
28334;78
28391;78
28447;78
28506;78
28562;78
28618;78
28678;78
28739;78
28798;78
28856;78
28914;78
28975;78
29029;78
29090;78
29149;78
29208;78
29266;78
29323;78
29381;78
29441;78
29503;78
29559;78
29615;78
29672;78
29737;78
29792;78
29849;78
29905;78
29962;78
30018;78
30072;78
30128;78
30184;78
30242;78
30299;78
30355;78
30412;78
30477;78
30531;78
30588;78
30651;78
30711;78
30768;78
30829;78
30885;78
30939;78
30993;78
31048;78
31105;78
31163;78
31220;78
31275;78
31330;78
31386;78
31442;78
31500;78
31557;78
31613;78
31671;78
31729;78
31786;78
31843;78
31900;78
31956;78
32015;78
32072;78
32131;78
32186;78
32246;78
32299;78
32357;78
32412;78
32471;78
32533;78
32587;78
32643;78
32698;78
32757;78
32815;78
32874;78
32928;78
32984;78
33039;78
33097;78
33158;78
33212;78
33267;78
33322;78
33377;78
33433;78
33492;78
33550;78
33608;78
33666;78
33744;78
33799;78
33854;78
33913;78
33968;78
34025;78
34083;78
34141;78
34195;78
34250;78
34322;83
34380;83
34444;83
34502;83
34557;83
34616;83
34672;83
34726;83
34781;83
34839;83
34900;83
34954;83
35011;83
35066;83
35122;83
35179;83
35235;83
35296;83
35354;83
35413;83
35470;83
35526;83
35582;83
35638;83
35695;83
35757;83
35819;83
35884;83
35952;83
36030;83
36102;83
36160;83
36219;83
36277;83
36332;83
36388;83
36443;83
36502;83
36565;83
36620;83
36675;83
36730;83
36797;83
36869;83
36931;83
36990;83
37045;83
37100;83
37154;83
37214;81
37271;81
37327;81
37389;78
37442;78
37500;78
37557;78
37613;78
37670;78
37725;78
37782;78
37838;78
37896;78
37951;78
38014;78
38069;78
38125;78
38178;78
38237;78
38294;78
38361;78
38422;78
38477;78
38533;78
38592;78
38648;78
38703;78
38757;78
38815;78
38876;78
38934;78
38992;78
39053;78
39109;78
39173;78
39233;78
39287;78
39342;78
39403;78
39462;78
39518;78
39574;78
39631;78
39685;78
39741;78
39800;78
39857;78
39931;78
39987;78
40052;78
40106;78
40160;78
40217;78
40274;78
40331;78
40387;78
40446;78
40503;78
40561;78
40618;78
40681;78
40737;78
40793;78
40857;78
40916;78
40971;78
41033;78
41091;78
41150;78
41204;78
41265;78
41323;78
41384;78
41458;78
41519;78
41575;78
41640;78
41692;78
41752;78
41808;78
41862;78
41919;78
41974;78
42028;78
42088;78
42146;78
42203;78
42261;78
42318;78
42383;78
42436;78
42494;78
42551;78
42607;78
42664;78
42722;78
42777;78
42832;78
42891;78
42947;78
43020;78
43076;78
43145;83
43200;83
43255;83
43310;83
43368;83
43422;83
43478;83
43532;83
43587;83
43644;83
43700;83
43769;83
43821;83
43876;83
43938;83
43993;83
44051;83
44108;83
44163;83
44220;83
44278;83
44333;83
44401;83
44454;83
44513;83
44571;83
44626;83
44682;83
44741;83
44796;83
44852;83
44913;83
44969;83
45025;83
45080;83
45137;83
45199;83
45254;83
45313;83
45369;83
45424;83
45482;83
45542;83
45603;83
45658;83
45713;83
45772;83
45837;83
45892;83
45959;83
46014;83
46086;83
46141;83
46195;83
46251;83
46306;83
46361;83
46416;83
46472;83
46531;83
46587;83
46645;83
46702;83
46760;83
46818;83
46885;83
46958;83
47020;83
47075;83
47131;83
47186;83
47243;83
47299;83
47354;83
47410;83
47466;83
47527;83
47598;83
47660;83
47714;83
47772;83
47828;83
47882;83
47938;83
47995;83
48050;83
48107;83
48162;83
48219;83
48275;83
48329;83
48385;83
48440;83
48495;83
48553;83
48608;83
48662;83
48717;83
48776;83
48832;83
48887;83
48944;83
49007;83
49066;83
49122;83
49182;83
49239;83
49296;83
49354;83
49411;83
49468;83
49525;83
49582;83
49639;83
49697;83
49754;83
49811;83
49870;83
49925;83
49986;83
50043;83
50100;83
50155;83
50209;83
50264;83
50320;83
50381;83
50436;83
50495;83
50551;83
50607;83
50667;83
50730;83
50789;83
50847;83
50907;83
50975;78
51030;78
51086;78
51141;78
51195;78
51255;78
51311;78
51367;78
51426;78
51487;78
51542;78
51600;78
51656;78
51711;78
51774;78
51831;78
51885;78
51944;78
51999;78
52055;78
52117;78
52175;78
52233;78
52289;78
52345;78
52402;78
52457;78
52515;78
52572;78
52628;78
52687;78
52751;78
52808;78
52866;78
52926;79
52985;79
53039;79
53094;79
53151;79
53205;79
53263;79
53327;79
53383;79
53442;79
53500;79
53558;79
53615;79
53670;79
53729;79
53785;79
53841;79
53912;79
53965;79
54020;79
54075;79
54131;79
54185;79
54240;79
54297;79
54351;79
54409;79
54465;79
54524;79
54593;79
54646;79
54700;79
54756;79
54811;79
54865;79
54933;79
55007;79
55062;79
55118;79
55174;79
55230;79
55290;79
55344;79
55399;79
55458;79
55512;79
55569;79
55624;79
55681;79
55738;79
55797;79
55851;79
55907;79
55964;79
56021;79
56077;79
56136;79
56190;79
56245;79
56300;79
56358;79
56410;79
56468;79
56527;79
56584;78
56641;78
56698;78
56754;78
56814;78
56873;78
56937;78
57015;78
57069;78
57125;78
57180;78
57241;78
57296;78
57355;78
57411;78
57468;78
57524;78
57581;78
57637;78
57693;78
57750;78
57810;78
57868;78
57924;78
57982;78
58043;78
58098;78
58155;78
58212;78
58267;78
58329;78
58387;78
58442;78
58499;78
58558;78
58631;78
58687;78
58744;78
58802;78
58861;78
58923;78
58982;78
59038;78
59094;78
59151;78
59206;78
59261;78
59319;78
59378;78
59433;78
59495;78
59552;78
59616;78
59671;78
59731;78
59787;78
59847;79
59904;79
59960;79
60015;79
60071;79
60129;79
60186;79
60242;79
60305;79
60358;79
60413;79
60473;79
60531;79
60588;79
60643;79
60699;79
60755;79
60811;79
60869;79
60923;79
60994;79
61048;79
61106;79
61166;79
61224;79
61283;79
61338;79
61397;79
61454;79
61512;79
61567;79
61622;79
61683;79
61739;79
61794;79
61852;79
61908;79
61963;79
62017;79
62074;79
62128;79
62183;79
62238;79
62295;79
62348;79
62404;79
62460;79
62519;79
62575;79
62629;79
62686;79
62744;79
62802;79
62863;78
62919;78
62976;78
63034;78
63096;78
63152;78
63210;78
63265;78
63324;79
63382;79
63449;79
63506;79
63562;79
63619;79
63679;79
63735;79
63792;79
63845;79
63903;79
63957;79
64012;79
64070;79
64132;79
64184;79
64238;79
64293;79
64348;79
64404;79
64463;79
64520;79
64578;79
64647;79
64718;79
64790;79
64856;79
64910;79
64967;79
65026;79
65081;79
65139;79
65193;79
65256;79
65315;79
65371;79
65426;79
65491;79
65548;79
65606;79
65667;79
65722;79
65782;79
65839;79
65901;79
65966;79
66030;79
66093;79
66148;79
66212;79
66269;79
66326;79
66384;79
66441;79
66498;79
66555;79
66612;79
66676;79
66731;79
66788;79
66844;79
66902;79
66959;79
67017;79
67072;79
67129;79
67186;79
67244;79
67299;79
67358;79
67416;79
67471;79
67532;79
67587;79
67644;79
67699;79
67757;79
67811;79
67868;79
67924;79
67981;79
68040;79
68097;79
68152;79
68209;79
68269;79
68322;79
68375;79
68430;79
68487;79
68543;79
68597;79
68653;79
68714;79
68767;79
68821;79
68877;79
68934;79
68991;79
69054;79
69112;79
69177;79
69233;79
69287;79
69345;78
69401;78
69461;78
69519;78
69575;78
69641;78
69695;78
69753;78
69808;78
69863;78
69919;78
69973;78
70034;78
70091;78
70146;78
70203;78
70258;78
70313;78
70367;78
70433;78
70489;78
70545;78
70602;78
70659;78
70717;78
70770;78
70828;78
70886;78
70949;78
71010;78
71087;78
71142;78
71197;78
71254;78
71310;78
71365;78
71421;78
71479;78
71539;78
71594;78
71649;78
71708;78
71764;78
71820;78
71875;78
71929;78
71983;78
72041;78
72098;78
72157;78
72219;78
72278;78
72336;78
72392;78
72446;78
72510;78
72566;78
72624;78
72681;78
72735;78
72795;78
72866;78
72918;78
72974;78
73034;78
73094;78
73150;78
73206;78
73260;78
73314;78
73371;78
73428;78
73487;78
73588;78
73670;78
73749;78
73804;78
73860;78
73921;78
73979;78
74035;78
74090;78
74144;78
74199;78
74254;78
74317;78
74395;78
74451;78
74511;78
74567;78
74624;78
74682;78
74739;78
74795;78
74850;78
74906;78
74964;79
75025;79
75104;79
75193;79
75246;79
75303;79
75359;79
75413;79
75471;79
75526;79
75582;79
75636;79
75692;79
75749;79
75803;79
75859;79
75914;79
75969;79
76038;79
76093;79
76150;79
76205;79
76264;79
76320;79
76376;79
76433;79
76489;79
76545;79
76602;79
76658;79
76715;79
76772;79
76832;79
76909;79
76985;79
77054;79
77110;79
77169;79
77223;79
77279;79
77337;79
77439;79
77523;79
77584;79
77653;79
77741;79
77795;79
77850;79
77905;79
77964;79
78019;79
78074;79
78139;79
78192;79
78248;79
78303;79
78358;79
78415;79
78470;79
78527;79
78582;79
78638;79
78695;79
78751;79
78806;79
78863;79
78923;79
78982;79
79038;79
79102;79
79179;79
79258;79
79336;79
79392;79
79446;79
79500;79
79556;79
79613;79
79671;79
79726;79
79783;79
79841;79
79898;79
79953;79
80009;79
80068;79
80122;79
80178;79
80235;79
80297;79
80355;79
80412;79
80467;79
80533;79
80587;79
80641;79
80696;79
80753;79
80813;79
80870;79
80924;79
80980;79
81035;79
81095;79
81153;79
81208;78
81263;78
81321;78
81378;78
81436;78
81491;78
81547;78
81603;78
81658;78
81731;78
81810;78
81887;78
81968;78
82025;78
82081;78
82134;78
82189;78
82243;78
82299;78
82355;78
82415;78
82470;78
82525;78
82584;78
82641;78
82699;78
82753;78
82808;78
82869;78
82924;78
82978;78
83036;78
83093;78
83151;78
83207;78
83262;78
83323;78
83376;78
83431;78
83485;78
83545;78
83602;78
83660;78
83714;78
83771;78
83827;78
83885;78
83943;78
83997;78
84051;78
84107;78
84162;78
84219;78
84274;78
84327;78
84386;78
84441;78
84498;78
84566;78
84622;78
84678;78
84734;78
84793;78
84851;78
84908;78
84964;78
85021;78
85088;78
85151;78
85208;78
85262;78
85319;78
85374;78
85428;78
85486;78
85544;78
85603;78
85659;78
85717;78
85779;78
85831;78
85886;78
85944;78
86002;78
86060;78
86114;78
86171;78
86228;78
86285;78
86343;78
86400;78
86456;78
86511;78
86567;78
86623;78
86681;78
86737;78
86795;78
86858;78
86921;78
86974;78
87029;78
87084;78
87143;78
87197;78
87252;78
87305;78
87363;78
87419;78
87479;78
87543;78
87599;78
87653;78
87709;78
87765;78
87820;78
87875;78
87932;78
87990;78
88051;78
88108;78
88162;78
88217;78
88273;78
88331;78
88389;80
88445;80
88501;80
88559;80
88620;80
88680;80
88737;78
88794;78
88848;78
88903;78
88964;78
89020;78
89082;78
89158;78
89220;78
89278;78
89333;78
89391;78
89453;78
89511;78
89567;78
89633;78
89697;78
89754;78
89813;78
89869;78
89925;78
89981;78
90038;78
90092;78
90150;78
90207;78
90263;78
90318;78
90373;78
90431;78
90489;78
90547;78
90605;78
90668;78
90723;78
90779;78
90834;78
90889;78
90944;78
91002;78
91064;78
91118;78
91176;78
91233;78
91288;78
91342;78
91396;78
91451;78
91506;78
91564;78
91624;78
91682;78
91738;78
91796;78
91852;78
91911;78
91978;78
92036;78
92091;78
92151;78
92206;78
92261;78
92318;78
92374;78
92429;78
92489;78
92547;78
92604;78
92659;78
92716;78
92771;78
92825;78
92887;78
92939;78
92994;78
93049;78
93105;78
93165;78
93222;78
93278;78
93335;78
93390;78
93450;78
93507;78
93568;78
93626;78
93689;78
93743;78
93800;78
93856;78
93911;78
93975;78
94030;78
94084;78
94141;78
94195;78
94252;78
94306;78
94360;78
94415;78
94477;78
94530;78
94586;78
94640;78
94695;78
94752;78
94808;78
94863;78
94918;78
94977;78
95034;78
95094;78
95151;78
95220;78
95272;78
95327;78
95382;78
95445;78
95503;78
95561;78
95618;78
95680;78
95736;78
95793;78
95852;78
95910;78
95965;78
96021;78
96079;78
96143;78
96199;78
96252;78
96309;78
96363;78
96418;78
96477;78
96533;78
96589;78
96648;78
96702;78
96757;78
96810;78
96866;78
96920;78
96979;78
97038;78
97093;78
97149;78
97209;78
97271;78
97325;78
97383;78
97440;78
97501;78
97555;78
97611;78
97667;78
97726;78
97783;78
