193;85
305;85
381;85
471;85
541;85
634;85
719;85
832;85
925;85
991;85
1058;85
1124;85
1190;83
1275;83
1339;83
1422;83
1491;83
1562;83
1636;83
1728;83
1815;83
1905;83
1994;83
2085;83
2155;83
2222;83
2292;83
2362;83
2428;83
2502;83
2572;83
2641;83
2711;83
2791;83
2855;83
2921;83
2990;83
3048;83
3108;83
3168;83
3228;83
3289;83
3349;83
3412;83
3495;83
3577;83
3668;83
3749;83
3846;83
3927;83
4006;83
4089;83
4185;83
4242;83
4302;83
4362;83
4422;83
4482;83
4546;83
4606;83
4666;83
4725;83
4787;83
4847;83
4905;83
4964;83
5023;83
5081;83
5141;83
5200;83
5258;83
5326;83
5401;83
5457;83
5516;83
5577;83
5636;83
5696;83
5755;83
5815;83
5874;83
5933;83
6000;83
6063;83
6122;83
6181;83
6241;83
6303;83
6362;83
6428;83
6487;83
6552;83
6611;83
6687;83
6768;83
6848;83
6936;83
7018;83
7084;83
7146;83
7204;83
7265;83
7324;83
7383;83
7442;83
7502;83
7566;83
7625;83
7683;83
7755;83
7819;83
7877;83
7934;83
7993;83
8053;83
8116;83
8179;83
8244;83
8307;83
8374;83
8442;83
8501;83
8563;83
8624;83
8681;83
8738;83
8796;83
8853;83
8913;83
8970;83
9032;83
9093;83
9152;83
9212;83
9279;83
9338;83
9405;83
9464;83
9531;83
9590;83
9651;83
9710;83
9775;83
9835;83
9894;83
9957;83
10016;83
10075;83
10146;83
10205;83
10265;83
10328;83
10388;83
10450;83
10515;83
10576;83
10642;83
10702;83
10764;83
10823;83
10881;83
10942;83
11002;83
11059;83
11118;83
11176;83
11238;83
11300;83
11360;83
11420;83
11479;83
11541;83
11609;83
11670;83
11734;83
11790;83
11849;83
11910;83
11968;83
12028;83
12091;83
12152;83
12212;83
12272;83
12334;83
12392;83
12449;83
12508;83
12568;83
12627;83
12686;83
12754;83
12821;83
12880;83
12940;83
13007;83
13066;83
13127;83
13187;83
13253;83
13312;83
13371;83
13430;83
13489;83
13548;83
13615;83
13678;83
13740;83
13800;83
13859;83
13918;83
13977;83
14037;83
14095;83
14153;83
14215;84
14273;84
14334;84
14393;84
14454;84
14513;84
14577;84
14636;84
14705;84
14766;84
14823;84
14881;83
14943;83
15002;83
15060;83
15120;83
15179;83
15241;83
15304;83
15362;83
15422;83
15480;83
15546;83
15608;83
15671;83
15732;83
15793;78
15851;78
15908;78
15965;78
16030;78
16097;78
16155;78
16216;78
16276;78
16340;78
16404;78
16461;78
16522;78
16582;78
16645;78
16707;78
16768;78
16826;78
16887;78
16947;78
17006;78
17072;83
17132;83
17193;83
17252;83
17312;83
17372;83
17437;83
17495;83
17557;83
17619;83
17679;83
17740;83
17799;83
17858;83
17921;78
17978;78
18039;78
18099;78
18165;78
18227;78
18288;78
18351;78
18408;78
18466;78
18528;78
18592;78
18655;78
18719;78
18783;83
18843;83
18901;83
18968;83
19026;83
19089;83
19150;83
19210;83
19268;83
19327;83
19387;84
19446;84
19506;84
19566;84
19629;84
19687;84
19749;84
19809;84
19870;84
19933;84
19990;84
20051;84
20115;84
20178;84
20237;83
20308;83
20387;83
20444;83
20517;83
20583;83
20648;83
20708;83
20770;81
20828;81
20886;78
20946;78
21012;78
21073;78
21132;78
21189;78
21247;78
21305;78
21368;78
21425;78
21483;78
21543;78
21606;78
21665;78
21724;78
21781;78
21844;78
21906;78
21968;78
22027;78
22085;78
22145;78
22212;78
22267;78
22340;78
22414;78
22476;78
22535;78
22598;78
22666;78
22729;79
22786;79
22846;79
22908;79
22967;79
23028;79
23088;79
23148;79
23208;79
23275;79
23332;79
23398;79
23466;79
23525;79
23584;79
23647;79
23707;79
23766;79
23823;79
23882;79
23942;79
24002;79
24061;78
24123;78
24182;78
24239;78
24300;78
24384;78
24448;78
24519;78
24579;78
24639;78
24699;78
24761;78
24820;78
24880;78
24939;78
25003;78
25070;78
25127;78
25186;78
25249;78
25307;78
25366;78
25424;78
25485;78
25547;78
25610;78
25668;78
25727;78
25789;78
25848;78
25907;78
25969;78
26030;78
26088;78
26152;78
26211;78
26269;78
26327;78
26416;78
26475;78
26537;78
26599;78
26660;78
26723;78
26782;78
26840;78
26899;78
26961;78
27018;78
27079;78
27134;78
27193;78
27251;78
27310;78
27377;78
27438;78
27506;78
27566;78
27625;78
27687;78
27749;78
27808;78
27874;78
27933;78
27989;78
28048;78
28106;78
28163;78
28224;78
28282;78
28340;78
28425;78
28484;78
28546;78
28603;78
28670;78
28725;78
28782;78
28841;78
28900;78
28956;78
29025;78
29086;78
29150;78
29211;78
29271;78
29333;78
29390;78
29452;78
29509;78
29567;78
29628;78
29690;78
29750;78
29809;78
29867;78
29928;78
29986;78
30043;78
30102;78
30164;78
30220;78
30280;78
30338;78
30400;78
30462;78
30523;78
30588;78
30647;78
30710;78
30772;78
30835;78
30891;78
30956;78
31015;78
31073;78
31131;78
31190;78
31256;78
31317;78
31375;78
31434;78
31497;78
31555;78
31613;78
31672;78
31733;78
31796;78
31850;78
31907;78
31970;78
32031;78
32119;78
32176;78
32234;78
32291;78
32351;78
32437;78
32499;78
32565;78
32628;78
32689;78
32762;78
32818;78
32879;78
32939;78
32998;78
33059;78
33117;78
33178;78
33237;78
33309;78
33363;78
33420;78
33480;78
33539;78
33599;78
33660;78
33720;78
33779;78
33836;78
33897;78
33958;78
34030;78
34085;78
34141;78
34200;78
34261;78
34321;78
34380;78
34450;78
34509;78
34572;78
34634;78
34694;78
34755;78
34815;78
34874;78
34943;78
34999;78
35058;78
35117;78
35177;78
35236;78
35296;78
35356;78
35416;78
35475;78
35537;78
35611;78
35702;78
35809;78
35879;78
35937;78
35998;78
36057;78
36118;78
36185;78
36246;78
36304;78
36366;78
36429;78
36490;78
36555;78
36616;78
36680;78
36739;78
36797;78
36857;78
36915;78
36973;78
37030;78
37088;78
37145;78
37203;78
37265;78
37324;78
37386;78
37454;78
37522;78
37596;78
37657;78
37719;78
37782;78
37846;78
37946;78
38037;78
38107;78
38199;78
38280;78
38339;78
38402;78
38463;78
38525;78
38583;78
38646;78
38707;78
38764;78
38823;78
38882;78
38958;78
39040;78
39097;78
39153;78
39211;78
39269;78
39327;78
39387;78
39447;78
39505;78
39568;78
39627;78
39687;78
39748;78
39808;78
39864;78
39925;78
39982;78
40043;78
40106;78
40165;78
40225;78
40283;78
40354;78
40414;78
40475;78
40537;78
40601;78
40661;78
40721;78
40780;78
40840;78
40897;78
40955;78
41012;78
41069;78
41130;78
41190;78
41251;78
41310;78
41376;78
41435;78
41493;78
41561;78
41634;78
41690;78
41755;78
41813;78
41872;78
41934;78
41991;78
42049;78
42107;78
42166;78
42224;78
42282;78
42341;78
42401;78
42463;78
42525;78
42586;78
42644;78
42707;78
42769;78
42845;78
42902;78
42961;78
43018;78
43077;78
43139;78
43197;78
43257;78
43319;78
43377;78
43438;78
43496;78
43558;78
43619;78
43679;78
43738;78
43796;78
43855;78
43914;78
43975;78
44037;78
44092;78
44149;78
44210;78
44269;78
44331;78
44394;78
44456;78
44520;78
44581;78
44641;78
44703;78
44765;78
44823;78
44885;78
44945;78
45002;78
45062;78
45126;78
45183;78
45243;78
45300;78
45359;78
45418;78
45476;78
45544;78
45604;78
45668;78
45728;78
45788;78
45845;78
45923;78
45981;78
46038;78
46097;78
46153;78
46212;78
46268;78
46328;78
46386;78
46445;78
46505;78
46564;78
46623;78
46681;78
46739;78
46798;78
46855;78
46916;78
46973;78
47039;83
47114;83
47176;83
47230;83
47287;83
47351;83
47430;83
47492;83
47551;83
47612;83
47670;83
47727;83
47787;83
47846;83
47907;83
47970;83
48027;83
48087;83
48152;83
48208;83
48266;83
48323;83
48383;83
48441;83
48507;83
48565;83
48625;83
48682;83
48744;83
48801;83
48863;83
48923;83
48998;83
49069;83
49130;83
49186;83
49245;83
49303;83
49362;83
49420;83
49477;83
49537;83
49601;83
49661;83
49719;83
49779;83
49838;83
49895;83
49955;83
50012;83
50069;83
50126;83
50184;83
50245;83
50308;83
50368;83
50425;83
50498;83
50574;83
50629;83
50688;83
50747;83
50812;83
50867;83
50924;83
50984;83
51042;83
51102;83
51162;83
51220;83
51275;83
51332;83
51392;83
51454;83
51514;83
51577;83
51634;83
51694;83
51752;83
51810;83
51868;83
51934;83
51993;83
52057;83
52118;83
52178;83
52238;83
52311;83
52367;83
52426;83
52489;83
52568;83
52636;83
52695;83
52755;83
52814;83
52872;83
52932;83
52989;83
53050;83
53114;83
53175;83
53236;83
53297;83
53359;83
53418;83
53478;83
53537;83
53601;83
53660;83
53721;83
53785;83
53841;83
53898;83
53958;83
54017;83
54079;83
54139;83
54206;83
54266;83
54326;83
54386;83
54448;83
54513;83
54592;83
54652;83
54712;83
54772;83
54833;83
54892;83
54953;83
55010;83
55068;83
55132;83
55188;83
55248;83
55307;83
55367;83
55425;83
55485;83
55545;83
55605;83
55664;83
55727;83
55783;83
55841;83
55900;83
55963;83
56022;83
56080;83
56143;83
56200;83
56269;83
56324;83
56381;83
56438;83
56496;83
56583;83
56647;83
56708;83
56769;83
56829;83
56889;83
56947;83
57008;83
57067;83
57124;83
57185;83
57246;83
57305;83
57364;83
57423;83
57482;83
57542;83
57601;83
57660;83
57721;83
57783;83
57844;83
57900;83
57962;83
58027;83
58084;83
58142;83
58204;83
58262;83
58320;83
58379;83
58437;83
58498;83
58561;83
58625;83
58685;83
58744;83
58802;83
58863;83
58922;83
58981;83
59040;83
59103;83
59162;83
59222;83
59280;83
59339;83
59401;83
59457;83
59514;83
59575;83
59635;83
59696;83
59763;83
59821;83
59880;83
59937;83
59996;83
60053;83
60119;83
60175;83
60232;83
60289;83
60348;83
60406;83
60465;83
60521;83
60586;83
60645;83
60712;83
60779;83
60836;83
60897;83
60957;83
61017;83
61081;83
61140;83
61202;83
61264;83
61321;83
61380;83
61437;83
61502;83
61561;83
61622;83
61681;83
61741;83
61807;83
61866;83
61929;83
61987;83
62046;83
62109;83
62169;83
62232;83
62288;83
62346;83
62405;83
62467;83
62526;83
62611;83
62674;83
62738;83
62797;83
62854;83
62914;83
62972;83
63030;83
63088;83
63146;83
63207;83
63265;83
63327;83
63385;83
63452;83
63516;83
63575;83
63634;83
63694;83
63754;83
63812;83
63874;83
63938;83
63996;83
64053;83
64111;83
64170;83
64230;83
64292;83
64352;83
64412;83
64467;83
64525;83
64595;83
64669;83
64729;83
64788;83
64850;83
64919;83
64978;83
65035;83
65094;83
65154;83
65214;83
65275;83
65334;83
65391;83
65449;83
65507;83
65569;83
65629;83
65697;83
65757;83
65817;83
65878;83
65936;83
66002;83
66059;83
66131;83
66188;83
66244;83
66311;78
66371;78
66430;78
66488;78
66545;78
66605;78
66666;78
66731;78
66792;78
66861;78
66917;78
66982;78
67041;78
67102;78
67164;78
67224;78
67282;78
67342;78
67405;78
67467;78
67525;78
67584;78
67646;78
67710;78
67768;78
67829;78
67886;78
67948;78
68007;78
68065;78
68122;78
68180;78
68243;78
68300;78
68361;78
68424;78
68490;78
68548;78
68608;78
68671;80
68732;80
68791;80
68856;80
68918;80
68976;80
69040;80
69097;80
69155;80
69215;80
69285;80
69341;80
69400;80
69458;80
69517;80
69578;80
69637;80
69701;80
69761;80
69819;80
69877;78
69935;78
69994;78
70054;78
70112;78
70169;78
70231;78
70286;78
70343;78
70400;78
70461;78
70523;78
70585;78
70647;78
70707;78
70769;78
70831;78
70890;78
70950;78
71012;78
71082;78
71136;78
71191;78
71249;78
71309;78
71366;78
71424;78
71485;78
71546;78
71609;78
71667;78
71726;78
71785;78
71847;78
71906;78
71971;78
72031;78
72090;78
72149;78
72208;78
72267;78
72328;78
72385;78
72447;78
72505;78
72565;78
72626;78
72689;78
72751;78
72806;78
72863;78
72921;78
72980;78
73043;78
73104;78
73169;78
73229;78
73288;78
73348;78
73408;78
73469;78
73534;78
73595;78
73656;78
73716;78
73774;78
73833;78
73899;78
73959;78
74018;78
74078;78
74137;78
74196;78
74259;78
74317;78
74374;78
74431;78
74497;78
74555;78
74615;78
74680;78
74743;78
74801;78
74862;78
74922;78
74985;78
75058;78
75116;78
75174;78
75232;78
75291;78
75351;78
75411;78
75469;78
75533;78
75595;78
75656;78
75724;78
75781;78
75839;78
75909;78
75967;78
76026;78
76084;78
76145;78
76205;78
76274;78
76328;78
76387;78
76447;78
76506;78
76571;78
76637;78
76700;78
76766;78
76825;78
76887;78
76949;78
77008;78
77068;78
77125;78
77183;78
77244;78
77305;78
77362;78
77423;78
77488;78
77542;78
77601;78
77659;78
77719;78
77783;78
77841;78
77901;78
77972;78
78074;78
78168;78
78237;78
78302;78
78372;78
78439;78
78500;78
78564;78
78629;78
78698;78
78765;78
78826;78
78893;78
78955;78
79012;78
79072;78
79135;78
79193;78
79259;78
79316;78
79382;78
79440;78
79502;78
79564;78
79625;78
79683;78
79749;78
79806;78
79863;78
79922;78
79983;78
80048;78
80108;78
80166;78
80234;78
80295;78
80369;78
80427;78
80485;78
80543;78
80604;78
80664;78
80727;78
80786;78
80847;78
80906;78
80967;78
81022;78
81081;78
81152;78
81217;78
81278;78
81337;78
81396;78
81453;78
81513;78
81570;78
81630;78
81691;78
81748;78
81816;78
81878;78
81936;78
82004;78
82060;78
82118;78
82176;78
82235;78
82295;78
82352;78
82412;78
82483;78
82540;78
82598;78
82658;78
82736;78
82797;78
82856;78
82915;78
82978;78
83036;78
83109;78
83165;78
83230;78
83289;78
83349;78
83407;78
83466;78
83526;78
83585;78
83654;78
83717;78
83778;78
83844;78
83901;78
83957;78
84013;78
84074;78
84131;78
84188;78
84263;78
84323;78
84386;78
84443;78
84501;78
84563;78
84631;78
84687;78
84751;78
84808;78
84869;78
84930;78
84986;78
85047;78
85106;78
85163;78
85221;78
85279;78
85338;78
85398;78
85480;78
85542;78
85599;78
85658;78
85715;78
85792;78
85853;78
85914;78
85972;78
86034;78
86091;78
86150;78
86208;78
86267;78
86353;78
86411;78
86466;78
86525;78
86587;78
86649;78
86711;78
86772;78
86839;78
86899;78
86960;78
87025;78
87084;78
87143;78
87200;78
87265;78
87363;78
87462;78
87523;78
87582;78
87641;78
87703;78
87764;78
87825;78
87883;78
87943;78
88002;78
88062;78
88120;78
88177;78
88234;78
88291;78
88350;78
88406;78
88465;78
88535;78
88591;78
88648;78
88707;78
88769;78
88832;78
88894;78
88953;78
89010;78
89073;78
89137;78
89196;78
89256;78
89315;78
89376;78
89437;78
89496;78
89560;78
89643;78
89722;78
89805;78
89868;78
89928;78
89986;78
90054;78
90115;78
90176;78
90235;78
90296;78
90359;78
90429;78
90492;78
90555;78
90613;78
90674;78
90735;78
90797;78
90854;78
90914;78
90973;78
91052;78
91107;78
91163;78
91223;78
91281;78
91338;78
91398;78
91455;78
91518;79
91578;79
91643;79
91701;79
91762;79
91825;79
91888;79
91949;79
92010;79
92069;79
92129;79
92188;79
92247;79
92312;79
92389;79
92471;79
92553;79
92633;78
92693;78
92755;78
92817;78
92879;78
92940;78
93001;78
93063;78
93122;78
93185;78
93247;78
93310;78
93369;78
93429;78
93489;78
93549;78
93607;78
93667;78
93729;78
93788;78
93850;78
93910;78
93966;78
94027;78
94089;78
94159;78
94223;78
94281;78
94340;78
94404;78
94466;78
94529;78
94590;78
94650;78
94707;78
94772;78
94831;78
94892;78
94953;78
95013;78
95070;78
95126;78
95184;78
95243;78
95301;78
95357;78
95414;78
95472;78
95530;78
95604;78
95709;78
95809;78
95871;78
95930;78
95991;78
96052;78
96115;78
96177;78
96238;78
96295;78
96355;78
96415;78
96480;78
96546;78
96605;78
96665;78
96724;78
96786;78
96848;78
96908;78
96970;78
97028;78
97086;78
97151;78
97218;78
97276;78
97332;78
97397;78
97453;78
97514;78
97578;78
97636;78
97697;78
97756;78
97817;78
97879;78
97937;78
97997;78
98058;78
98116;78
98178;78
98235;78
98315;78
98416;78
98479;78
98545;78
98647;78
98712;78
98769;78
98834;78
98895;78
98955;78
99012;78
99074;78
99132;78
99194;78
99253;78
99310;78
99373;78
99432;78
99492;78
99555;78
99616;78
99677;78
99737;78
99798;78
99855;78
99917;78
99974;78
100040;78
100098;78
100155;78
100216;78
100278;78
100343;78
100406;78
100465;78
100526;78
100593;78
100654;78
100714;78
100778;78
100842;78
100901;78
100961;78
101020;78
101078;78
101143;78
101203;78
101260;78
101325;78
101380;78
101438;78
101496;78
101557;78
101616;78
101673;78
101731;78
101789;78
101852;78
101911;78
101973;78
102030;78
102091;78
102148;78
102207;78
102267;78
102328;78
102388;78
102448;78
102517;78
102573;78
102635;78
102697;78
102756;78
102822;78
102884;78
