160;3686
303;3580
381;3546
433;3546
500;3499
545;3435
617;3324
679;3263
762;3215
823;3086
880;2994
928;2919
970;2919
1035;2822
1110;2738
1187;2666
1234;2401
1305;2282
1370;2260
1434;2181
1496;2181
1567;2181
1620;2181
1685;2144
1741;2144
1808;2144
1871;2052
1915;2052
1959;2052
1999;2052
2047;1970
2095;1970
2139;1970
2181;1970
2228;1939
2267;1938
2332;1938
2374;1796
2418;1700
2458;1557
2505;1559
2544;1559
2593;1515
2630;1515
2671;1515
2724;1315
2762;1253
2799;1253
2838;1253
2877;1253
2927;1250
2965;1250
3006;1251
3047;1251
3086;1136
3127;1136
3166;1084
3203;1084
3241;1047
3283;905
3325;808
3367;770
3405;742
3444;742
3478;742
3513;742
3549;742
3586;742
3627;742
3670;742
3720;741
3770;741
3820;741
3869;702
3923;702
3974;702
4017;702
4065;702
4116;702
4147;702
4181;702
4220;645
4256;609
4291;569
4324;569
4357;569
4387;569
4424;567
4456;490
4487;490
4519;490
4553;488
4584;488
4614;488
4646;488
4676;488
4706;488
4738;488
4774;488
4809;488
4840;488
4874;488
4905;488
4938;488
4970;488
5002;488
5033;488
5069;488
5111;488
5143;488
5175;488
5210;488
5246;487
5279;487
5323;482
5360;480
5398;480
5473;446
5531;446
5565;446
5599;379
5629;379
5663;377
5698;324
5732;324
5764;324
5796;324
5827;324
5859;324
5893;324
5936;324
5981;324
6013;324
6044;324
6076;324
6107;324
6144;321
6188;321
6244;321
6289;321
6331;321
6375;320
6419;320
6466;320
6496;320
6527;320
6557;320
6587;320
6618;320
6650;320
6683;320
6717;320
6748;320
6782;320
6813;320
6844;320
6874;320
6904;320
6938;320
6969;320
7000;319
7031;319
7061;319
7093;319
7124;319
7158;319
7190;319
7218;319
7250;319
7282;319
7311;319
7343;319
7378;319
7409;314
7441;314
7483;314
7525;314
7558;314
7591;260
7622;260
7658;260
7689;260
7720;260
7752;260
7782;260
7814;260
7846;260
7882;260
7912;260
7943;260
7972;260
8006;260
8037;260
8067;260
8097;260
8130;260
8161;260
8191;260
8222;260
8254;260
8287;260
8328;260
8360;260
8392;260
8423;260
8458;260
8492;260
8530;260
8560;260
8594;260
8625;260
8661;260
8694;260
8728;260
8760;260
8796;260
8842;260
8873;260
8908;260
8938;260
8975;260
9007;260
9060;260
9091;260
9123;260
9157;260
9191;260
9222;260
9256;260
9287;260
9316;260
9349;260
9379;260
9413;260
9445;260
9478;260
9512;260
9550;260
9581;260
9615;260
9646;260
9678;260
9710;260
9746;260
9778;260
9808;260
9844;261
9879;261
9910;261
9941;261
9973;261
10011;261
10042;261
10075;261
10109;261
10153;261
10186;261
10216;261
10246;261
10279;261
10310;261
10341;261
10376;261
10411;261
10442;261
10473;261
10504;261
10534;261
10582;261
10617;261
10653;261
10682;261
10715;261
10751;259
10784;259
10816;259
10846;259
10879;261
10914;261
10954;261
10987;261
11021;261
11053;261
11086;261
11119;261
11151;261
11184;261
11219;261
11254;261
11295;261
11328;261
11361;261
11398;261
11431;261
11471;258
11514;258
11548;258
11581;258
11614;258
11647;258
11683;258
11720;258
11758;258
11792;258
11824;258
11854;258
11886;258
11917;258
11950;258
11981;258
12015;258
12045;258
12077;258
12121;258
12158;258
12191;263
12223;263
12256;263
12291;263
12326;263
12358;263
12391;263
12424;263
12457;263
12495;263
12527;263
12557;263
12592;263
12622;263
12654;263
12684;258
12715;258
12749;258
12786;258
12818;258
12853;258
12884;258
12915;258
12953;258
12985;258
13016;258
13065;258
13110;258
13161;258
13207;258
13264;258
13313;258
13365;258
13421;258
13465;258
13513;258
13553;258
13591;258
13627;258
13665;258
13707;258
13749;258
13789;258
13821;258
13851;258
13885;258
13918;258
13949;258
13980;258
14017;258
14050;258
14081;258
14112;258
14147;258
14175;258
14206;258
14240;258
14272;258
14305;258
14337;258
14369;258
14400;258
14431;258
14465;258
14507;258
14536;258
14571;258
14608;258
14645;258
14684;258
14715;259
14749;259
14783;259
14814;259
14853;259
14887;259
14922;259
14955;259
14985;259
15024;259
15061;259
15092;259
15127;259
15161;259
15198;259
15233;259
15264;259
15295;259
15328;259
15359;259
15389;259
15420;259
15451;259
15485;259
15523;259
15555;258
15587;258
15624;258
15663;258
15695;258
15725;258
15760;258
15800;258
15851;258
15891;258
15921;258
15952;258
15987;258
16020;258
16053;258
16088;258
16118;258
16151;258
16186;258
16217;258
16248;258
16285;258
16312;258
16346;258
16379;258
16409;258
16440;258
16470;258
16507;258
16547;258
16582;258
16616;259
16650;259
16687;259
16721;259
16755;259
16792;259
16830;259
16869;259
16899;259
16930;259
16961;259
16990;259
17022;259
17053;259
17083;259
17116;259
17145;259
17175;259
17205;259
17238;259
17271;260
17300;260
17330;259
17361;259
17393;259
17426;259
17456;259
17488;259
17519;259
17550;259
17580;259
17612;259
17645;259
17676;259
17711;259
17744;259
17774;259
17803;259
17836;259
17871;259
17900;259
17930;259
17961;259
17990;259
18023;259
18053;259
18086;259
18119;259
18155;259
18193;259
18227;259
18262;259
18296;259
18326;259
18358;259
18389;259
18420;259
18454;259
18484;259
18518;259
18550;259
18587;260
18617;260
18646;260
18676;260
18706;259
18737;259
18767;259
18799;259
18829;259
18860;259
18889;259
18922;259
18951;259
18983;259
19013;259
19051;259
19081;259
19117;259
19147;259
19177;262
19214;262
19247;262
19279;262
19313;262
19352;262
19384;262
19416;262
19448;262
19477;262
19508;262
19539;262
19570;262
19600;262
19633;262
19666;262
19696;262
19728;262
19759;262
19799;262
19830;262
19860;262
19893;262
19923;262
19953;259
19983;259
20013;259
20047;259
20078;259
20113;259
20145;262
20176;262
20206;262
20240;262
20270;262
20304;262
20339;266
20368;266
20404;266
20433;266
20465;266
20498;266
20534;266
20580;266
20625;266
20671;266
20724;266
20779;266
20855;266
20930;266
20998;266
21041;266
21089;266
21133;266
21180;266
21216;266
21249;266
21280;266
21312;266
21345;266
21375;266
21419;266
21461;266
21507;266
21560;266
21607;266
21651;266
21699;266
21741;266
21790;266
21828;266
21857;266
21902;263
21941;263
22014;263
22066;263
22114;263
22144;262
22172;262
22202;262
22232;262
22263;262
22294;262
22325;262
22360;262
22393;262
22430;262
22464;262
22493;262
22527;262
22556;262
22589;262
22620;262
22650;262
22681;262
22719;262
22755;262
22786;262
22817;262
22849;262
22897;262
22935;262
22970;262
23023;262
23074;262
23133;262
23177;262
23210;263
23240;263
23270;263
23303;263
23339;263
23373;263
23405;263
23454;263
23500;264
23550;264
23598;264
23647;264
23694;264
23736;264
23779;264
23828;264
23875;264
23923;264
23968;264
24014;264
24065;264
24117;264
24163;264
24208;264
24256;264
24301;264
24354;264
24397;264
24441;264
24488;264
24532;264
24576;264
24623;264
24676;264
24721;264
24763;264
24806;264
24836;264
24863;264
24897;264
24931;264
24964;264
24997;264
25034;264
25077;264
25118;264
25147;264
25178;264
25214;264
25275;264
25310;264
25346;264
25386;264
25448;264
25527;264
25586;264
25657;264
25707;264
25767;264
25819;264
25874;264
25937;264
26006;264
26059;264
26120;264
26169;264
26221;264
26269;264
26326;264
26391;264
26458;264
26516;264
26573;264
26623;264
26672;264
26725;264
26777;264
26827;264
26886;264
26934;262
26985;262
27035;262
27077;262
27140;262
27200;263
27253;263
27301;263
27359;263
27411;263
27466;263
27536;263
27601;263
27645;263
27691;263
27753;263
27811;263
27868;263
27923;263
27990;263
28038;263
28083;263
28122;263
28164;263
28227;263
28299;263
28356;263
28407;263
28478;263
28521;263
28585;263
28620;263
28653;263
28688;263
28722;263
28758;263
28793;263
28825;263
28858;263
28892;263
28923;263
28954;263
28985;263
29016;263
29062;263
29102;263
29136;263
29166;263
29196;263
29229;263
29259;263
29292;261
29333;258
29363;258
29394;258
29425;258
29459;258
29490;258
29526;258
29557;258
29588;258
29619;258
29650;258
29680;258
29710;258
29744;258
29779;258
29813;258
29850;258
29880;258
29912;258
29946;258
29983;258
30013;257
30045;257
30081;257
30114;257
30147;257
30187;257
30223;257
30260;257
30295;257
30331;257
30381;257
30426;257
30491;257
30538;257
30584;257
30641;257
30684;257
30729;257
30773;257
30812;257
30858;257
30902;257
30946;257
30979;257
31016;257
31047;257
31083;257
31123;257
31155;257
31188;257
31221;257
31272;257
31341;257
31400;257
31474;257
31531;257
31602;257
31651;257
31683;257
31713;257
31743;257
31777;257
31807;257
31840;257
31873;257
31903;257
31935;257
31966;259
32002;259
32033;259
32067;259
32104;259
32139;259
32173;259
32203;259
32238;259
32270;259
32301;259
32334;259
32366;259
32398;259
32430;259
32461;259
32491;259
32525;259
32557;259
32593;259
32626;259
32658;259
32692;259
32728;259
32763;259
32803;259
32837;259
32869;259
32902;259
32932;259
32962;259
32991;259
33022;259
33051;259
33085;259
33121;259
33152;259
33185;259
33219;259
33249;259
33294;259
33321;259
33357;259
33390;259
33424;259
33455;259
33485;259
33519;259
33552;259
33586;259
33616;259
33647;259
33682;259
33728;259
33758;259
33791;259
33827;259
33861;259
33891;259
33935;259
33966;259
33998;259
34058;259
34098;259
34129;259
34165;259
34200;259
34231;259
34266;259
34308;259
34354;259
34398;259
34443;259
34486;259
34529;259
34574;259
34621;259
34651;259
34682;259
34713;259
34743;259
34777;259
34807;257
34837;257
34870;257
34900;257
34938;257
34970;257
35003;257
35037;257
35071;257
35104;257
35142;257
35177;257
35207;257
35262;257
35307;257
35355;257
35398;257
35440;257
35480;257
35525;256
35569;256
35615;256
35656;256
35697;256
35753;256
35803;256
35850;256
35897;256
35945;256
35993;256
36038;256
36080;256
36121;256
36165;256
36201;256
36232;256
36277;256
36332;256
36386;256
36450;256
36499;256
36577;256
36635;256
36686;256
36717;256
36747;256
36775;256
36807;256
36839;256
36869;256
36902;256
36931;256
36965;256
36995;256
37028;256
37059;256
37098;256
37128;256
37162;256
37194;256
37227;256
37262;256
37295;256
37328;256
37358;256
37389;256
37419;256
37449;256
37480;256
37513;256
37548;256
37578;256
37608;256
37643;256
37678;256
37722;256
37769;256
37822;256
37869;256
37910;256
37960;256
38004;256
38044;256
38093;256
38136;256
38184;256
38227;256
38272;256
38327;256
38380;256
38420;256
38451;256
38482;256
38523;256
38579;256
38639;256
38695;256
38756;256
38823;256
38879;256
38914;256
38950;256
38980;256
39016;256
39071;256
39138;256
39206;256
39248;256
39288;256
39340;256
39396;256
39455;256
39516;256
39576;256
39642;256
39718;256
39803;256
39852;256
39944;256
40026;256
40093;256
40151;256
40209;257
40259;257
40306;257
40356;257
40410;257
40485;257
40563;257
40631;257
40691;257
40757;257
40830;257
40902;257
40995;257
41066;257
41140;257
41181;257
41222;257
41301;257
41369;257
41433;257
41496;257
41550;257
41595;257
41648;257
41698;257
41744;257
41805;257
41864;257
41937;257
41997;257
42053;257
42101;257
42161;257
42240;257
42298;257
42356;257
42415;257
42472;257
42529;256
42598;256
42640;256
42693;256
42751;256
42791;256
42825;256
42857;256
42887;256
42921;256
42951;256
42983;256
43025;256
43057;256
43088;256
43117;256
43150;256
43190;256
43231;256
43282;256
43324;256
43362;256
43407;256
43449;256
43512;256
43569;256
43621;256
43667;256
43712;256
43762;256
43804;256
43853;256
43897;256
43938;256
43979;256
44014;256
44057;256
44091;256
44141;256
44172;256
44202;256
44234;256
44265;256
44295;256
44337;256
44372;256
44403;256
44435;256
44469;256
44499;256
44545;256
44602;256
44659;256
44703;256
44752;256
44800;256
44852;256
44892;256
44937;256
44987;256
45031;256
45076;256
45120;256
45164;256
45198;256
45235;256
45276;256
45307;256
45339;256
45370;256
45404;256
45435;256
45466;256
45497;256
45531;256
45562;256
45594;256
45625;256
45660;256
45692;256
45731;256
45768;256
45800;256
45830;256
45863;256
45893;256
45923;256
45955;256
45997;256
46035;256
46068;256
46123;256
46161;256
46195;256
46226;256
46259;256
46293;256
46325;256
46355;256
46392;256
46426;256
46469;256
46500;256
46532;256
46571;256
46613;256
46644;256
46672;256
46704;256
46734;256
46767;256
46803;256
46836;256
46872;256
46907;256
46944;256
46975;256
47009;256
47046;256
47077;256
47113;256
47144;256
47175;256
47208;256
47244;256
47303;256
47360;256
47409;256
47458;256
47505;256
47551;256
47602;256
47653;256
47701;256
47750;256
47797;256
47845;256
47890;256
47921;256
47952;256
47985;256
48020;256
48050;256
48081;256
48111;256
48144;256
48175;256
48206;256
48239;256
48271;256
48304;256
48338;256
48367;256
48407;256
48441;256
48472;256
48513;256
48544;256
48575;256
48607;256
48638;256
48672;256
48703;256
48733;256
48765;256
48796;256
48827;256
48861;256
48892;256
48930;256
48961;256
48992;256
49027;256
49071;256
49105;256
49142;256
49174;256
49208;256
49241;256
49281;256
49315;256
49349;256
49381;256
49412;256
49444;256
49482;256
49514;256
49547;256
49580;256
49611;256
49641;256
49680;256
49724;256
49759;256
49789;256
49820;256
49851;256
49884;256
49914;256
49945;256
49979;256
50012;256
50043;256
50076;256
50112;256
50143;256
50175;256
50214;256
50257;256
50296;256
50337;256
50378;256
50418;256
50458;256
50512;256
50549;256
50598;256
50639;256
50677;256
50728;256
50765;256
50794;256
50822;256
50852;256
50885;256
50918;256
50948;256
50978;256
51015;256
51048;256
51078;256
51109;256
51139;256
51169;256
51205;256
51236;256
51263;256
51293;256
51323;256
51363;256
51405;256
51434;256
51470;256
51500;256
51533;256
51567;256
51603;256
51631;256
51666;256
51696;256
51729;256
51761;256
51791;256
51823;256
51853;256
51886;256
51924;256
51954;256
51987;256
52018;256
52048;256
52079;256
