169;234
264;234
356;234
457;234
544;234
619;234
764;234
840;234
918;234
993;234
1081;234
1159;234
1231;234
1320;234
1403;234
1492;234
1577;234
1661;234
1728;234
1795;234
1861;234
1933;234
2001;234
2069;234
2150;234
2212;234
2278;234
2335;234
2404;234
2476;234
2551;235
2610;235
2672;235
2762;235
2880;235
2967;235
3047;235
3129;235
3223;235
3307;235
3397;235
3454;235
3511;235
3570;235
3628;235
3687;235
3751;235
3815;235
3879;235
3940;235
4000;235
4065;235
4130;235
4200;235
4258;235
4322;235
4387;235
4443;235
4501;235
4560;235
4618;235
4679;235
4762;235
4855;235
4919;235
4979;235
5044;235
5113;235
5172;235
5236;235
5301;235
5366;235
5431;235
5513;235
5593;235
5672;235
5748;235
5821;235
5878;235
5945;235
6012;235
6072;235
6144;235
6202;235
6276;235
6340;235
6400;235
6457;235
6515;235
6573;235
6632;235
6689;235
6759;235
6845;235
6903;235
6968;235
7029;235
7089;235
7154;235
7214;235
7279;235
7353;235
7421;235
7486;235
7551;235
7609;235
7667;235
7737;235
7799;235
7860;235
7926;235
7987;235
8045;235
8105;235
8164;235
8222;235
8287;235
8358;235
8415;235
8475;235
8541;235
8602;235
8659;235
8720;235
8778;235
8841;235
8906;235
8977;235
9036;235
9097;235
9164;235
9224;235
9281;235
9364;235
9425;235
9483;235
9557;235
9615;235
9672;235
9750;235
9808;235
9867;235
9929;235
9987;237
10051;237
10110;237
10167;237
10228;237
10301;237
10371;237
10451;237
10512;237
10570;237
10627;237
10694;237
10762;237
10829;238
10900;238
10966;238
11031;238
11089;238
11149;238
11206;238
11277;238
11334;237
11394;237
11453;237
11514;237
11576;237
11640;237
11705;237
11763;237
11826;237
11882;237
11941;237
12006;237
12066;237
12128;237
12193;237
12257;237
12315;237
12391;237
12450;237
12514;238
12580;238
12644;238
12712;238
12774;238
12841;238
12902;238
12960;238
13017;238
13082;238
13142;238
13215;238
13275;238
13340;238
13412;238
13481;238
13545;238
13606;238
13663;238
13721;238
13799;238
13855;237
13922;237
13981;237
14046;237
14104;237
14164;237
14231;237
14288;237
14349;237
14414;237
14486;237
14549;237
14620;237
14680;237
14744;237
14807;237
14870;237
14929;237
14990;237
15059;237
15124;237
15184;237
15253;237
15323;237
15380;237
15441;237
15503;237
15561;237
15627;237
15683;237
15749;237
15807;237
15866;237
15925;237
15993;237
16053;237
16131;237
16190;237
16255;237
16316;237
16375;237
16436;237
16496;237
16554;237
16611;237
16672;237
16730;237
16790;237
16853;237
16924;237
16988;237
17047;237
17105;237
17165;237
17231;237
17290;237
17348;237
17407;237
17468;237
17538;237
17595;237
17652;237
17709;237
17773;237
17833;237
17892;237
17951;237
18034;237
18094;237
18156;237
18219;237
18276;237
18347;237
18405;237
18468;237
18528;238
18593;238
18657;238
18722;238
18782;238
18839;238
18901;238
18963;238
19021;238
19079;238
19148;238
19205;238
19262;238
19324;238
19393;238
19458;238
19516;238
19576;238
19646;238
19714;238
19779;238
19850;238
19918;238
19990;237
20085;237
20186;237
20286;237
20344;237
20401;235
20480;235
20544;235
20601;235
20661;235
20722;235
20779;235
20852;235
20917;235
20975;235
21039;235
21097;235
21159;235
21218;235
21276;235
21333;235
21398;235
21458;235
21518;235
21578;235
21640;235
21698;235
21761;235
21818;235
21878;235
21945;235
22016;235
22082;235
22138;235
22202;235
22259;235
22330;235
22387;235
22445;235
22503;235
22560;235
22622;235
22677;235
22734;235
22791;235
22851;235
22923;235
22988;235
23045;235
23103;235
23170;235
23226;235
23283;235
23354;235
23411;235
23468;235
23531;235
23601;235
23666;235
23727;235
23784;235
23851;235
23906;235
23964;235
24022;235
24080;235
24143;235
24202;235
24259;235
24316;235
24374;235
24440;235
24496;235
24559;235
24617;235
24684;235
24749;235
24806;235
24865;235
24927;235
24987;235
25084;235
25178;235
25244;235
25332;235
25413;235
25469;235
25526;235
25590;235
25659;235
25731;235
25787;235
25844;235
25901;235
25966;235
26026;235
26085;235
26153;235
26210;235
26261;235
26320;235
26384;235
26448;235
26508;235
26569;235
26633;235
26690;235
26753;235
26809;235
26868;235
26941;235
26998;235
27062;237
27124;237
27181;237
27245;237
27308;237
27376;237
27454;237
27511;237
27575;237
27638;237
27693;237
27764;237
27821;238
27878;238
27939;238
28001;238
28060;238
28123;238
28180;238
28236;238
28297;238
28357;238
28413;238
28484;244
28561;244
28617;244
28674;244
28733;244
28789;244
28847;244
28932;244
28985;244
29041;244
29105;244
29164;244
29220;244
29279;244
29343;244
29400;244
29456;244
29523;244
29581;244
29639;244
29698;244
29778;244
29833;244
29891;244
29949;244
30013;244
30069;244
30139;244
30197;244
30253;244
30309;244
30367;244
30431;244
30508;244
30567;244
30626;244
30701;244
30760;244
30821;244
30880;244
30942;243
31006;243
31065;243
31122;243
31179;243
31238;243
31294;243
31359;243
31418;243
31474;243
31530;243
31590;243
31657;243
31715;243
31779;243
31842;243
31902;243
31965;242
32023;242
32079;243
32136;243
32192;243
32250;243
32311;243
32371;243
32436;243
32491;243
32559;243
32617;243
32673;243
32729;243
32789;243
32857;243
32917;243
32975;243
33039;243
33096;243
33166;243
33229;243
33296;243
33352;243
33418;243
33475;243
33538;243
33597;243
33656;243
33716;243
33774;243
33831;241
33893;241
33955;241
34021;241
34076;241
34135;241
34192;241
34249;241
34308;241
34369;241
34433;240
34492;240
34563;240
34627;240
34686;240
34746;240
34809;240
34879;240
34966;240
35025;240
35090;240
35148;240
35204;240
35272;237
35329;237
35395;237
35464;237
35521;237
35577;237
35633;237
35710;237
35768;237
35829;237
35886;237
35947;237
36007;237
36066;237
36137;237
36196;237
36252;237
36315;237
36375;237
36449;237
36516;237
36585;237
36649;237
36709;237
36766;237
36836;237
36891;237
36963;237
37028;237
37085;237
37155;237
37212;237
37268;237
37331;237
37388;237
37454;237
37511;237
37567;236
37631;236
37687;236
37744;236
37813;236
37873;236
37936;236
37993;236
38051;236
38116;236
38182;236
38250;236
38310;236
38375;236
38442;236
38516;236
38575;236
38655;235
38713;235
38770;235
38838;235
38895;235
38960;235
39019;235
39079;235
39148;235
39207;235
39264;235
39321;235
39379;235
39443;235
39507;236
39564;235
39620;235
39693;235
39759;235
39822;235
39881;235
39946;235
40008;235
40069;235
40128;235
40193;235
40250;235
40312;235
40372;235
40443;235
40500;235
40560;235
40624;235
40684;235
40742;235
40802;235
40862;235
40924;235
40984;235
41044;235
41115;235
41168;234
41223;234
41293;234
41366;234
41428;234
41489;234
41556;234
41613;234
41692;234
41750;234
41807;234
41865;234
41925;234
41982;234
42035;234
42098;234
42159;234
42216;234
42279;234
42354;234
42409;234
42470;234
42539;234
42596;234
42659;234
42722;234
42794;234
42852;234
42910;234
42987;234
43066;234
43142;234
43210;234
43268;234
43339;234
43396;234
43454;234
43511;234
43571;234
43629;234
43693;234
43756;234
43819;234
43879;234
43948;234
44005;234
44061;234
44119;234
44179;234
44235;234
44292;234
44352;234
44412;234
44471;234
44535;234
44600;234
44666;234
44720;234
44776;234
44835;234
44892;234
44956;234
45020;234
45079;234
45145;234
45210;234
45274;234
45330;234
45388;234
45450;234
45505;234
45569;234
45626;234
45684;234
45747;234
45805;234
45862;234
45938;234
45995;234
46051;234
46111;234
46173;234
46228;234
46285;234
46354;234
46412;234
46470;234
46530;234
46588;234
46656;234
46713;234
46769;234
46829;234
46890;234
46951;234
47030;234
47099;234
47158;234
47215;234
47279;234
47337;234
47393;234
47452;234
47530;234
47601;234
47660;234
47724;234
47781;234
47842;234
47898;234
47956;234
48027;234
48090;234
48155;234
48216;234
48277;234
48333;234
48392;234
48450;234
48514;234
48572;234
48631;234
48701;234
48775;234
48847;234
48902;234
48961;234
49039;234
49103;234
49165;234
49225;234
49284;234
49347;234
49407;234
49467;234
49525;234
49583;234
49647;234
49704;234
49763;234
49827;236
49883;235
49948;235
50008;235
50066;235
50130;235
50190;235
50247;235
50304;235
50362;235
50418;235
50481;235
50546;235
50601;235
50656;235
50723;235
50782;235
50839;235
50903;235
50967;235
51029;235
51092;235
51159;235
51218;235
51274;235
51333;235
51391;235
51450;235
51511;235
51565;235
51621;235
51684;235
51751;235
51814;235
51874;235
51935;235
51995;235
52051;235
52106;235
52163;235
52221;235
52281;235
52343;235
52404;235
52465;235
52521;235
52588;235
52645;235
52704;235
52768;235
52828;235
52885;235
52968;235
53029;235
53088;235
53147;235
53207;235
53267;235
53322;235
53385;235
53449;235
53515;235
53572;235
53630;235
53699;235
53760;235
53818;235
53873;235
53936;235
54008;235
54068;235
54145;235
54202;235
54262;235
54322;235
54377;235
54433;235
54492;235
54551;234
54607;234
54667;234
54732;234
54792;234
54858;234
54913;234
54968;234
55025;234
55092;234
55148;234
55207;234
55266;234
55329;234
55404;234
55469;234
55524;234
55582;234
55638;234
55708;234
55767;234
55845;234
55905;234
55966;234
56025;234
56090;234
56148;234
56203;234
56260;234
56316;234
56375;234
56439;234
56498;234
56567;234
56624;234
56685;234
56765;234
56836;234
56891;234
56948;234
57004;234
57063;234
57141;234
57199;234
57258;234
57322;234
57381;234
57444;234
57513;234
57569;234
57625;234
57684;234
57748;234
57804;234
57863;234
57920;234
57979;234
58037;234
58097;234
58165;234
58224;234
58298;234
58392;234
58449;234
58505;234
58564;234
58622;234
58681;234
58745;234
58803;234
58861;234
58922;234
58980;234
59039;234
59100;234
59163;234
59220;234
59285;234
59344;234
59403;234
59467;234
59529;234
59600;234
59659;234
59722;234
59785;234
59844;234
59905;234
59974;234
60034;234
60105;234
60175;234
60257;234
60338;234
60395;234
60453;234
60510;234
60569;234
60632;234
60685;234
60751;234
60810;234
60880;234
60937;234
60996;234
61056;234
61122;234
61179;234
61242;234
61298;234
61375;234
61433;234
61501;234
61557;234
61615;234
61674;234
61732;234
61788;234
61846;234
61904;234
61964;234
62024;234
62082;234
62138;234
62203;234
62260;234
62320;234
62378;234
62451;234
62534;234
62609;234
62675;234
62730;234
62785;234
62842;234
62899;234
62967;234
63023;234
63081;234
63144;234
63202;234
63259;234
63316;234
63374;234
63432;234
63495;234
63554;234
63613;234
63671;234
63741;234
63811;234
63873;234
63931;234
63995;234
64058;234
64118;234
64174;234
64233;234
64290;234
64352;234
64422;234
64481;234
64538;234
64601;234
64657;234
64720;234
64784;234
64841;234
64900;234
64961;234
65028;234
65085;234
65143;234
65208;234
65285;234
65342;234
65400;234
65456;234
65517;234
65580;234
65639;234
65696;234
65754;234
65813;234
65870;234
65926;234
65992;234
66063;234
66149;234
66213;234
66268;234
66324;234
66381;234
66445;234
66505;234
66569;234
66634;234
66690;234
66760;234
66823;234
66879;234
66938;234
66996;234
67064;234
67169;234
67227;234
67283;234
67362;234
67418;234
67475;234
67555;234
67612;234
67669;234
67727;234
67784;234
67855;234
67922;234
68000;234
68057;234
68113;234
68184;234
68241;234
68300;234
68359;234
68424;234
68487;234
68548;234
68610;236
68669;236
68726;236
68785;236
68846;236
68903;236
68960;236
69023;236
69106;236
69180;236
69244;236
69308;236
69371;236
69449;236
69518;236
69579;236
69638;236
69702;236
69762;236
69819;236
69875;236
69936;236
69993;236
70052;236
70123;236
70181;236
70244;236
70324;236
70382;236
70442;236
70511;236
70573;236
70653;236
70722;236
70785;236
70843;236
70901;236
70962;236
71026;236
71086;236
71150;236
71207;236
71263;236
71320;236
71384;236
71460;236
71528;236
71602;236
71661;236
71720;236
71784;236
71848;236
71908;236
71974;236
72030;236
72087;236
72155;236
72212;236
72269;236
72329;236
72387;236
72442;236
72501;236
72557;236
72616;236
72672;236
72743;236
72812;236
72870;236
72931;236
72998;236
73055;236
73116;236
73203;236
73270;236
73336;236
73392;236
73462;236
73519;236
73583;236
73648;236
73711;236
73770;236
73827;236
73883;236
73948;236
74014;236
74071;236
74126;236
74182;235
74241;235
74297;235
74354;235
74411;235
74464;235
74525;235
74582;235
74640;235
74707;235
74770;235
74832;235
74888;235
74948;235
75007;235
75063;235
75137;234
75223;234
75280;234
75339;234
75398;234
75454;234
75518;234
75586;234
75642;234
75709;234
75788;234
75873;234
75957;234
76041;234
76134;234
76219;234
76285;234
76357;234
76414;234
76484;234
76541;234
76611;234
76664;234
76726;234
76787;234
76847;234
76905;234
76972;234
77035;234
77093;234
77157;234
77245;234
77301;234
77358;234
77429;234
77488;234
77552;234
77615;234
77677;234
77732;234
77799;234
77862;234
77919;234
77972;234
78029;234
78088;234
78158;234
78217;234
78285;234
78340;234
78397;234
78456;234
78513;234
78572;234
78631;234
78695;234
78772;234
78831;234
78901;234
78964;234
79023;234
79080;234
79143;234
79230;234
79288;234
79349;234
79413;234
79471;234
79529;234
79596;234
79655;234
79714;234
79774;234
79833;234
79892;234
79960;234
80062;234
80129;234
80222;234
80281;234
80345;234
80410;234
80467;236
80537;236
80596;236
80653;236
80712;236
80771;236
80828;236
80887;236
80946;236
81027;236
81082;236
81144;236
81221;236
81298;236
81369;236
81426;236
81484;236
81542;236
81598;236
81715;236
81777;236
81834;236
81897;236
81957;236
82013;236
82078;236
82135;236
82198;236
82254;236
82316;236
82389;236
82443;236
82505;236
82561;236
82621;236
82677;236
82734;236
82794;236
82853;236
82911;236
82977;236
83035;236
83092;236
83151;236
83234;236
83304;236
83359;236
83415;236
83472;236
83533;236
83590;236
83646;236
83703;236
83766;236
83824;236
83880;236
83938;236
83997;236
84053;236
84115;236
84181;236
84237;236
84292;236
84351;236
84410;236
84478;236
84542;236
84606;236
84665;236
84725;236
84786;236
84845;236
84903;236
84966;236
85029;236
85086;234
85142;234
85233;234
85296;234
85365;234
85424;234
85542;234
85612;234
85701;234
85791;234
85853;234
85920;234
85981;234
86036;234
86100;234
86181;234
86243;234
86302;234
86360;234
86428;234
86492;234
86571;234
86639;234
86693;234
86751;234
86809;234
86872;234
86930;234
86989;234
87052;234
87110;234
87168;234
87236;234
87296;234
87352;234
87409;234
87470;234
87538;234
87594;234
87652;234
87715;234
87791;234
87852;234
87916;234
87973;234
88031;234
88094;234
88158;234
88215;234
88270;234
88334;234
88390;234
88445;234
88509;234
88564;234
88627;234
88683;234
88746;234
88815;234
88871;234
88938;234
89007;234
89071;234
89128;234
89191;234
89250;234
89314;234
89373;234
89436;234
89493;234
89556;234
89612;234
89667;234
89724;234
89792;234
89850;234
89917;234
89980;234
90050;234
90110;234
90180;234
90245;234
90302;234
90359;234
90417;234
90474;234
90532;234
90588;234
90645;234
90712;234
90780;234
90851;234
90907;234
90964;234
91026;234
91083;234
91139;234
91197;234
91257;234
91329;234
91390;234
91444;234
91503;234
91560;234
91619;234
91674;234
91738;234
91795;234
91853;234
91910;234
91968;234
92032;234
92096;234
92154;234
92211;234
92267;234
92323;234
92379;234
92448;234
92506;234
92563;234
92626;234
92694;234
92751;234
92821;234
92880;234
92936;234
92994;234
93051;234
93121;234
93176;235
93232;235
93295;235
93351;235
93406;235
93466;235
93535;235
93593;235
93648;235
93710;235
93780;235
93844;235
93906;235
93977;235
94035;235
94098;235
94155;235
94214;235
94270;235
94338;235
94393;235
94452;235
94506;235
94565;235
94622;235
94680;235
94738;235
94794;235
94850;235
94908;235
94964;235
95032;235
95093;235
95159;235
95222;235
95284;235
95367;235
95428;235
95490;235
95552;235
95610;235
95666;235
95724;235
95788;235
95856;235
95914;235
95984;235
96040;235
96098;235
96157;235
96220;235
96280;235
96333;235
96396;235
96452;235
96514;235
96569;235
96641;235
96706;235
96771;235
96830;235
96885;235
96944;235
97006;235
97062;235
97128;235
97184;235
97239;235
97309;235
97366;235
97421;235
97486;235
97541;235
97609;235
97671;235
97728;235
97790;235
97846;235
97907;235
97974;235
98029;235
98084;235
98142;235
98206;235
98269;235
98337;235
98400;235
98460;235
98529;235
98587;234
98654;234
98718;234
98776;234
98834;234
98892;234
98956;234
99018;234
99077;234
99138;234
99194;234
99250;234
99322;234
99381;234
99439;234
99499;234
99557;234
99612;234
99673;234
99736;234
99805;234
99862;234
99918;234
99975;234
100033;234
100089;234
100159;234
100233;234
100295;234
100357;234
100412;234
100483;234
100539;234
100596;234
100654;234
100710;234
100764;234
100828;234
100881;234
100941;234
100999;234
101054;234
101113;234
101185;234
101242;234
101308;234
101365;234
101424;234
101496;234
101558;234
101620;234
101676;234
101745;234
101801;234
101859;234
101915;234
101985;234
102054;234
102119;234
102172;234
102229;234
102284;234
102347;234
102409;234
102465;234
102521;234
102588;234
102658;234
102758;234
102821;234
102883;234
102962;234
103024;234
103082;234
103152;234
103210;234
103273;234
103341;234
103397;234
103462;234
103527;234
103584;234
103646;234
103701;234
103761;234
103817;234
103873;234
103947;234
104002;234
104072;234
104128;234
104207;234
104284;234
104349;234
