203;3275
316;3199
397;3199
468;3125
540;3125
599;3001
657;3001
700;2916
767;2892
814;2884
858;2803
899;2696
949;2504
999;2418
1054;2354
1091;2333
1129;2272
1166;2157
1207;2067
1242;2067
1293;2040
1353;2005
1391;2005
1442;1973
1481;1973
1522;1973
1564;1973
1607;1936
1646;1936
1685;1884
1730;1884
1778;1827
1830;1827
1873;1654
1909;1654
1947;1563
1992;1563
2029;1563
2065;1563
2101;1563
2137;1505
2172;1505
2208;1431
2243;1431
2279;1431
2317;1431
2352;1337
2392;1324
2430;1324
2466;1324
2510;1324
2554;1310
2590;1310
2628;1310
2667;1278
2716;1195
2766;1192
2810;1193
2845;1023
2879;1023
2915;1023
2950;1024
2987;1024
3026;1024
3062;941
3102;865
3138;865
3183;748
3227;748
3285;748
3354;748
3421;748
3486;748
3532;748
3577;748
3626;748
3671;748
3719;748
3790;748
3822;748
3854;748
3886;748
3917;748
3951;748
3982;748
4013;748
4044;747
4075;751
4109;751
4142;751
4175;751
4208;725
4240;709
4274;709
4306;709
4336;709
4380;708
4425;669
4456;669
4489;669
4522;668
4572;668
4608;668
4666;668
4712;668
4759;668
4820;668
4876;670
4920;670
4972;670
5029;670
5077;670
5128;670
5170;670
5204;670
5235;670
5266;670
5302;670
5333;670
5364;670
5395;670
5427;670
5457;670
5488;670
5518;666
5559;654
5592;654
5629;654
5662;654
5699;654
5736;652
5770;649
5801;649
5843;649
5874;649
5906;649
5944;649
5989;649
6044;649
6091;649
6142;649
6187;649
6229;649
6280;649
6321;638
6358;638
6392;638
6426;638
6460;638
6496;638
6533;638
6565;638
6599;638
6642;638
6685;566
6716;483
6748;483
6786;483
6820;479
6851;422
6884;422
6919;371
6958;371
6989;373
7030;373
7066;290
7104;290
7137;290
7174;290
7219;272
7261;272
7296;272
7331;272
7376;272
7414;272
7448;272
7481;272
7519;272
7560;272
7598;272
7633;272
7678;272
7715;272
7751;272
7786;272
7820;272
7858;272
7894;272
7929;272
7965;272
8034;271
8106;271
8157;271
8206;271
8254;271
8306;271
8357;271
8404;274
8455;274
8503;273
8552;273
8594;273
8627;274
8668;274
8702;274
8743;274
8779;274
8813;274
8851;274
8886;274
8923;271
8959;271
8998;271
9043;260
9083;260
9130;260
9166;260
9202;260
9238;260
9272;260
9307;259
9341;259
9377;259
9413;259
9447;259
9484;259
9519;259
9553;259
9589;259
9623;259
9659;259
9693;259
9730;259
9765;259
9800;259
9835;259
9872;259
9907;259
9954;259
9995;259
10030;259
10091;259
10164;259
10213;259
10273;259
10340;259
10390;259
10437;259
10489;259
10540;259
10594;259
10652;259
10689;259
10722;259
10757;259
10790;262
10825;262
10870;262
10920;262
10955;262
10989;262
11022;262
11052;262
11084;262
11121;262
11154;262
11188;262
11223;262
11265;262
11313;262
11363;262
11404;262
11437;262
11470;262
11503;262
11536;262
11572;262
11605;262
11640;262
11673;262
11715;262
11772;262
11822;262
11866;262
11900;262
11941;262
11983;262
12021;262
12053;259
12088;259
12118;259
12149;259
12179;259
12209;259
12240;259
12270;259
12301;259
12334;259
12365;259
12395;259
12429;259
12462;259
12496;259
12527;259
12562;259
12596;259
12627;259
12659;259
12707;259
12742;259
12778;259
12810;259
12843;259
12872;259
12907;259
12942;259
12975;259
13007;259
13043;259
13074;259
13109;259
13142;259
13175;259
13209;259
13240;259
13274;259
13303;259
13335;259
13379;259
13415;259
13447;259
13477;259
13508;259
13541;259
13571;259
13601;259
13635;259
13662;259
13694;259
13726;259
13758;259
13799;259
13831;259
13863;259
13894;259
13927;259
13959;259
13991;259
14022;259
14058;259
14092;259
14123;259
14156;259
14186;259
14217;259
14251;259
14282;259
14315;259
14348;259
14378;259
14409;259
14444;259
14474;259
14507;259
14538;259
14571;259
14601;259
14632;259
14663;259
14693;259
14737;259
14799;259
14853;260
14907;260
14974;260
15021;260
15069;260
15118;260
15169;260
15211;260
15264;260
15304;260
15348;260
15380;260
15411;260
15444;260
15478;260
15509;260
15539;260
15570;260
15601;260
15635;260
15669;260
15700;260
15740;260
15776;260
15809;260
15839;260
15869;260
15900;260
15930;260
15962;260
15998;260
16030;260
16061;260
16092;260
16125;260
16156;260
16188;260
16221;260
16252;260
16286;260
16321;260
16353;260
16386;260
16417;260
16447;260
16480;260
16511;260
16542;260
16572;260
16602;260
16632;260
16672;260
16705;260
16739;260
16769;260
16813;260
16843;260
16873;260
16903;260
16939;260
16970;260
17001;259
17034;259
17065;259
17096;259
17132;259
17166;259
17199;259
17230;259
17260;259
17289;257
17320;257
17353;257
17388;257
17417;257
17446;257
17480;257
17511;257
17541;257
17574;257
17603;257
17633;257
17667;257
17700;257
17730;257
17760;257
17794;257
17829;257
17867;257
17900;257
17930;257
17961;257
18001;257
18035;257
18067;257
18096;257
18126;257
18157;257
18190;257
18220;257
18250;257
18284;257
18323;257
18358;257
18389;257
18429;257
18462;257
18496;257
18531;257
18574;257
18612;257
18661;257
18714;257
18771;257
18822;257
18872;257
18914;257
18973;257
19020;257
19063;257
19117;257
19169;257
19223;260
19254;260
19289;260
19319;260
19349;260
19382;260
19412;260
19445;260
19480;260
19511;260
19549;260
19580;262
19616;262
19654;262
19691;262
19736;262
19769;262
19812;262
19849;262
19886;262
19915;262
19948;262
19979;262
20014;262
20046;262
20079;262
20109;262
20139;262
20169;262
20200;262
20231;262
20261;262
20294;262
20328;262
20359;262
20389;262
20422;262
20456;262
20493;262
20526;262
20574;262
20642;262
20688;262
20729;262
20779;262
20824;262
20875;262
20918;262
20962;265
21007;265
21055;265
21107;265
21154;265
21185;265
21218;262
21249;262
21282;262
21312;262
21342;262
21372;262
21404;262
21434;262
21473;262
21508;262
21539;262
21569;262
21600;262
21631;262
21666;262
21699;262
21730;262
21765;262
21794;262
21827;262
21864;262
21899;262
21929;262
21962;262
21997;262
22032;262
22062;262
22092;262
22127;262
22163;262
22192;262
22223;262
22254;262
22292;262
22333;262
22376;262
22417;262
22464;262
22514;262
22560;262
22611;262
22651;262
22701;259
22743;258
22773;258
22806;258
22839;258
22874;258
22912;258
22952;258
22983;258
23015;258
23058;258
23106;258
23150;258
23194;258
23233;258
23277;258
23327;258
23363;258
23393;258
23426;258
23458;258
23488;258
23525;258
23558;258
23592;258
23623;258
23656;258
23689;258
23716;258
23746;258
23777;258
23808;258
23838;258
23869;258
23903;258
23933;258
23968;258
23998;258
24032;258
24063;258
24094;258
24123;258
24157;258
24192;258
24226;258
24266;258
24300;258
24332;258
24364;258
24394;258
24425;258
24456;258
24487;258
24517;258
24550;260
24580;260
24613;260
24644;260
24675;261
24705;261
24737;261
24775;261
24811;261
24845;261
24878;261
24909;261
24942;261
24972;261
25010;261
25041;261
25074;261
25107;261
25142;261
25175;261
25207;261
25243;261
25273;261
25306;261
25339;261
25372;261
25403;261
25434;261
25468;261
25498;261
25528;261
25558;261
25588;261
25633;261
25666;261
25698;261
25729;261
25778;261
25814;261
25850;261
25879;261
25914;261
25948;261
25978;261
26014;261
26045;261
26078;261
26113;262
26143;262
26176;262
26209;259
26239;257
26271;257
26308;257
26340;257
26371;257
26401;257
26432;257
26462;257
26492;257
26523;257
26553;257
26582;257
26614;257
26648;257
26679;257
26709;257
26743;257
26777;257
26807;257
26839;257
26870;257
26900;257
26931;257
26961;257
26994;257
27026;257
27057;257
27088;257
27118;257
27149;257
27179;257
27216;257
27249;257
27282;257
27316;257
27347;257
27378;257
27409;257
27440;257
27471;257
27502;257
27532;257
27562;257
27593;257
27626;257
27659;257
27696;257
27725;257
27756;256
27790;256
27823;256
27856;256
27886;256
27922;256
27952;256
27983;256
28014;256
28047;256
28090;256
28133;256
28168;256
28202;256
28247;256
28281;256
28316;256
28347;256
28377;256
28408;256
28441;256
28474;256
28505;256
28542;256
28575;256
28605;256
28638;256
28671;256
28708;256
28737;256
28786;256
28827;256
28870;256
28911;256
28958;256
28997;256
29043;256
29080;256
29122;256
29164;256
29206;256
29246;256
29285;256
29334;256
29376;256
29415;256
29459;256
29498;256
29545;256
29582;256
29615;256
29646;256
29676;256
29707;256
29743;256
29773;256
29809;256
29845;256
29875;256
29906;256
29947;256
29986;256
30030;256
30074;256
30120;256
30162;256
30202;256
30242;256
30276;256
30319;256
30358;256
30390;256
30421;256
30451;256
30487;256
30521;256
30558;256
30589;256
30621;256
30652;256
30682;256
30715;256
30745;256
30783;256
30823;256
30875;256
30926;256
30972;256
31013;256
31055;256
31097;256
31140;256
31189;256
31236;256
31280;256
31326;256
31372;256
31409;256
31445;256
31479;256
31510;256
31542;256
31573;256
31602;256
31632;256
31663;256
31696;256
31727;256
31761;256
31800;256
31834;256
31873;256
31905;256
31936;256
31969;256
32003;256
32037;257
32066;257
32096;257
32139;257
32171;257
32203;257
32234;257
32268;257
32297;257
32328;257
32362;257
32396;257
32427;257
32456;257
32487;257
32521;257
32550;257
32580;257
32612;257
32643;257
32675;257
32708;257
32738;257
32774;257
32807;257
32837;257
32868;257
32906;257
32936;257
32966;257
32999;257
33030;257
33061;257
33092;257
33122;257
33153;257
33184;256
33219;256
33249;256
33280;256
33310;256
33348;256
33380;256
33411;256
33443;256
33474;256
33504;256
33534;256
33564;256
33593;256
33624;256
33656;256
33689;256
33718;256
33751;256
33782;256
33816;256
33861;256
33906;256
33954;256
33996;256
34037;256
34078;256
34124;256
34167;256
34208;256
34260;256
34299;256
34341;256
34383;256
34415;256
34444;256
34480;256
34510;256
34555;256
34590;256
34620;256
34651;256
34682;256
34713;256
34745;256
34775;256
34808;256
34838;256
34869;256
34899;256
34931;256
34966;256
34999;256
35045;256
35089;256
35142;256
35181;256
35222;256
35267;257
35307;257
35344;257
35384;257
35425;257
35465;257
35507;257
35540;257
35575;258
35605;258
35634;258
35664;258
35708;258
35741;258
35771;258
35801;258
35831;258
35861;258
35892;258
35924;258
35955;258
35986;258
36027;258
36056;258
36086;258
36119;258
36150;258
36186;258
36217;258
36247;258
36277;258
36308;258
36338;258
36367;258
36398;258
36431;258
36463;258
36493;258
36525;258
36555;258
36588;258
36618;258
36649;258
36681;258
36712;258
36743;258
36772;258
36805;258
36835;258
36865;258
36895;258
36931;258
36961;258
37000;258
37035;258
37065;258
37098;258
37133;258
37165;258
37200;258
37231;258
37264;258
37295;258
37326;258
37356;258
37387;258
37421;258
37450;258
37483;258
37516;258
37549;258
37585;258
37617;258
37647;258
37680;258
37718;258
37751;258
37781;258
37812;258
37856;258
37889;258
37920;258
37950;258
37982;258
38020;258
38051;258
38082;258
38113;258
38144;258
38174;258
38205;258
38234;258
38264;258
38299;259
38329;259
38361;259
38395;259
38425;259
38457;259
38495;259
38528;259
38559;259
38595;259
38625;259
38655;259
38686;259
38718;259
38751;259
38782;259
38816;259
38846;259
38883;259
38926;259
38963;259
39009;259
39051;259
39095;259
39139;259
39186;259
39233;259
39281;259
39326;259
39359;259
39390;259
39423;259
39459;259
39490;259
39522;259
39554;259
39592;259
39623;259
39653;259
39686;259
39726;259
39760;259
39791;259
39824;259
39854;259
39886;259
39922;259
39952;259
39981;259
40019;259
40062;259
40100;259
40144;259
40185;259
40229;259
40268;259
40316;259
40355;259
40386;259
40419;259
40451;259
40485;259
40515;259
40545;259
40575;259
40606;259
40639;259
40673;259
40704;259
40737;259
40767;259
40797;259
40828;259
40860;259
40891;259
40922;259
40961;259
40994;259
41035;259
41074;259
41105;259
41136;259
41166;259
41196;259
41229;259
41260;259
41291;259
41321;259
41351;259
41382;259
41413;259
41446;259
41485;259
41516;259
41546;259
41582;259
41618;259
41652;259
41686;259
41721;259
41757;259
41790;259
41821;259
41854;259
41883;259
41918;259
41948;259
41978;259
42008;259
42039;259
42072;259
42102;259
42141;259
42177;259
42209;259
42239;259
42269;259
42301;259
42332;259
42367;259
42397;259
42432;259
42462;259
42497;259
42527;259
42560;259
42591;259
42623;259
42654;259
42689;259
42725;259
42758;259
42791;259
42821;259
42851;259
42881;259
42912;259
42944;259
42977;259
43011;259
43050;259
43080;259
43116;259
43151;259
43184;259
43214;259
43251;259
43281;259
43312;259
43342;259
43375;259
43405;258
43435;257
43474;257
43507;257
43537;257
43567;257
43597;257
43627;257
43657;257
43687;257
43722;257
43752;257
43785;257
43818;257
43847;257
43878;257
43909;257
43940;257
43972;257
44005;257
44036;257
44066;257
44106;257
44136;257
44167;257
44204;257
44234;257
44264;257
44297;257
44330;257
44365;257
44399;257
44429;257
44464;257
44494;257
44524;257
44558;257
44594;257
44625;257
44657;257
44693;257
44722;257
44750;257
44781;257
44821;257
44850;257
44885;257
44915;257
44946;257
44979;257
45009;257
45039;257
45072;257
45114;257
45143;257
45174;257
45210;257
45240;257
45272;257
45303;257
45332;257
45363;257
45394;257
45425;257
45455;257
45488;257
45524;257
45554;257
45587;257
45618;257
45652;257
45684;257
45718;257
45747;257
45780;257
45815;257
45845;257
45878;257
45914;257
45947;257
45977;257
46009;257
46039;257
46069;257
46099;257
46133;257
46163;257
46193;257
46223;257
46260;257
46291;257
46322;257
46357;257
46390;257
46420;256
46450;256
46486;256
46518;256
46548;256
46588;256
46621;256
46658;256
46688;256
46718;256
46749;256
46780;256
46812;256
46842;256
46872;256
46905;256
46939;256
46972;256
47006;256
47035;256
47065;256
47108;256
47141;256
47173;256
47207;256
47239;256
47282;256
47316;256
47350;256
47380;256
47412;256
47446;256
47479;256
47513;256
47544;256
47580;256
47610;256
47648;256
47680;256
47710;256
47747;256
47778;256
47808;256
47841;256
