214;3982
361;3915
431;3884
509;3821
582;3778
679;3718
766;3645
857;3496
981;3426
1046;3411
1117;3385
1215;3290
1286;3159
1378;2963
1470;2877
1541;2695
1623;2668
1734;2660
1839;2661
1924;2556
1990;2523
2061;2492
2142;2492
2213;2492
2291;2325
2380;2305
2445;2305
2531;2207
2596;2207
2684;2036
2764;2036
2828;2036
2898;1954
2982;1953
3057;1953
3135;1899
3219;1899
3313;1855
3406;1840
3490;1840
3576;1840
3664;1840
3749;1616
3817;1616
3874;1616
3954;1539
4011;1539
4070;1539
4130;1539
4197;1359
4253;1359
4313;1359
4374;1358
4437;1358
4507;1240
4575;1240
4641;1185
4703;1091
4767;1091
4835;1091
4893;1091
4951;1091
5022;1091
5079;1091
5136;1059
5209;1059
5269;1059
5336;1053
5425;1017
5497;913
5560;912
5631;912
5694;912
5755;899
5816;899
5886;899
5969;899
6059;899
6167;899
6270;852
6330;852
6395;852
6452;771
6516;771
6574;772
6632;772
6704;772
6781;772
6847;772
6906;697
6965;697
7026;689
7093;689
7165;689
7227;689
7285;689
7359;689
7421;689
7479;689
7579;687
7636;687
7695;687
7752;687
7822;618
7887;618
7946;618
8012;561
8070;561
8132;561
8199;561
8257;561
8317;561
8379;561
8440;561
8501;561
8563;561
8622;561
8682;561
8767;561
8832;561
8893;561
8949;561
9009;561
9072;561
9129;561
9190;561
9247;561
9335;554
9400;554
9462;554
9536;554
9602;554
9664;554
9731;554
9789;554
9861;553
9943;553
10001;553
10060;553
10128;553
10193;553
10250;554
10310;554
10370;554
10430;554
10500;554
10571;554
10631;554
10691;554
10751;554
10817;554
10885;554
10947;554
11005;554
11063;554
11125;553
11183;553
11243;553
11301;553
11372;553
11429;553
11486;553
11542;553
11599;553
11656;553
11715;553
11772;553
11844;553
11918;553
11976;553
12043;553
12119;553
12195;553
12253;553
12315;553
12374;553
12447;553
12506;553
12566;553
12628;553
12697;556
12780;556
12836;556
12907;556
12964;556
13036;502
13096;502
13155;502
13214;502
13280;502
13342;502
13401;502
13460;502
13527;502
13593;502
13654;473
13714;473
13772;425
13846;425
13913;425
13973;425
14052;425
14124;425
14182;425
14241;425
14302;425
14359;425
14418;425
14479;425
14537;425
14596;425
14655;424
14717;411
14776;411
14834;411
14917;411
14976;345
15054;344
15111;344
15169;344
15231;344
15288;344
15352;344
15412;344
15482;344
15539;344
15600;344
15659;344
15717;344
15777;344
15848;344
15906;344
15965;344
16023;344
16085;344
16152;344
16213;344
16272;344
16329;344
16389;344
16445;344
16510;344
16569;344
16631;344
16699;344
16769;344
16852;311
16911;311
16978;311
17045;311
17106;284
17178;284
17234;284
17292;284
17352;284
17418;284
17491;284
17548;284
17605;284
17665;284
17740;284
17801;284
17867;284
17926;284
17984;284
18055;284
18114;284
18185;284
18249;284
18321;284
18378;284
18462;284
18527;284
18583;284
18643;284
18709;268
18772;268
18833;268
18897;268
18957;268
19016;268
19078;268
19142;268
19203;268
19262;268
19322;268
19394;268
19451;268
19508;268
19564;268
19622;268
19681;268
19764;268
19840;268
19899;268
19958;268
20020;268
20079;268
20136;268
20195;268
20252;268
20308;268
20365;268
20426;268
20486;268
20552;267
20633;238
20691;238
20752;238
20811;238
20870;238
20933;238
20994;238
21053;238
21111;238
21167;238
21227;238
21283;238
21357;238
21423;238
21489;238
21555;238
21614;238
21677;238
21740;238
21797;238
21856;238
21913;238
21977;238
22034;238
22097;238
22154;238
22212;238
22269;238
22336;238
22395;238
22464;238
22527;238
22591;238
22651;238
22716;238
22776;238
22839;238
22922;238
22980;238
23039;238
23098;238
23160;238
23233;238
23297;238
23367;238
23427;238
23487;238
23544;238
23600;238
23657;238
23722;238
23783;238
23842;238
23900;238
23963;238
24027;238
24092;238
24148;238
24213;238
24270;238
24327;238
24392;238
24475;238
24534;235
24592;235
24660;235
24725;235
24786;235
24851;237
24911;237
24991;236
25047;236
25104;236
25164;236
25230;236
25295;236
25354;236
25416;236
25469;236
25530;236
25590;236
25661;236
25742;236
25802;236
25867;236
25944;236
26023;236
26082;236
26146;236
26202;236
26261;236
26317;236
26373;236
26430;236
26499;236
26555;236
26611;236
26670;236
26729;236
26788;236
26866;236
26926;236
26985;236
27051;236
27105;236
27168;236
27232;236
27310;236
27366;236
27422;236
27480;236
27555;236
27614;236
27674;236
27741;236
27804;236
27863;236
27922;236
28002;236
28061;236
28120;236
28178;236
28234;236
28292;236
28353;236
28411;236
28471;237
28530;237
28594;237
28652;237
28712;237
28791;237
28855;237
28914;237
28971;237
29033;237
29113;237
29170;237
29229;237
29288;237
29352;237
29411;237
29470;237
29526;237
29586;237
29666;237
29731;237
29810;237
29868;237
29924;237
29980;237
30036;237
30096;237
30151;237
30217;237
30279;237
30338;237
30397;237
30453;237
30513;237
30579;237
30645;237
30702;238
30766;238
30832;238
30891;238
30955;238
31011;238
31067;238
31123;238
31182;238
31241;238
31298;238
31360;238
31417;238
31481;237
31540;237
31596;237
31652;237
31708;237
31764;237
31829;237
31885;237
31940;237
31997;237
32067;240
32149;240
32210;240
32289;240
32349;240
32407;240
32463;240
32518;240
32574;240
32630;240
32688;240
32755;240
32808;240
32864;240
32920;240
32983;240
33044;240
33103;240
33159;240
33223;240
33283;237
33358;237
33418;237
33474;237
33537;237
33596;237
33660;237
33727;237
33784;237
33841;237
33904;237
33963;237
34044;237
34099;237
34170;237
34229;237
34284;237
34355;237
34413;237
34471;236
34542;236
34600;236
34656;236
34715;235
34779;235
34837;235
34900;235
34956;235
35013;235
35072;235
35152;235
35230;234
35287;234
35350;234
35406;234
35464;234
35523;234
35579;234
35642;234
35708;234
35775;234
35831;234
35895;234
35950;234
36009;234
36100;234
36156;234
36212;234
36276;234
36341;234
36397;234
36459;234
36540;234
36595;232
36651;233
36709;233
36775;233
36850;233
36912;233
36968;233
37024;233
37085;233
37146;233
37227;232
37287;232
37376;232
37450;232
37522;232
37579;234
37638;234
37694;234
37754;234
37810;234
37866;234
37931;234
37997;234
38058;233
38115;233
38187;233
38251;233
38314;233
38377;233
38441;233
38502;233
38593;233
38679;233
38748;233
38812;233
38867;233
38929;233
38988;233
39049;233
39106;234
39164;234
39231;234
39308;234
39364;234
39434;234
39489;232
39545;232
39614;232
39669;232
39728;232
39784;232
39843;232
39902;232
39967;232
40021;232
40079;232
40147;232
40210;232
40289;232
40380;232
40457;232
40524;232
40580;232
40651;232
40711;232
40772;232
40857;232
40918;232
40989;232
41047;232
41104;232
41177;232
41240;232
41302;232
41387;232
41444;232
41503;232
41578;232
41633;232
41704;232
41760;232
41819;232
41875;232
41934;232
41993;232
42053;232
42113;232
42183;232
42243;232
42325;232
42383;232
42442;232
42514;232
42586;232
42651;232
42720;232
42804;232
42916;232
43000;232
43056;232
43114;232
43170;232
43234;232
43298;232
43356;232
43412;232
43484;232
43556;232
43621;232
43687;232
43771;232
43844;232
43909;232
43970;232
44027;232
44088;232
44146;232
44210;232
44275;232
44333;232
44392;232
44469;232
44542;232
44606;232
44669;232
44729;232
44786;232
44842;232
44899;232
44964;232
45021;232
45079;232
45136;232
45196;232
45258;232
45315;232
45372;232
45430;232
45490;232
45554;232
45618;234
45677;234
45738;234
45794;234
45858;234
45921;234
45996;234
46061;234
46120;234
46177;234
46235;234
46301;234
46359;234
46424;234
46485;234
46545;234
46625;234
46689;234
46749;234
46804;234
46863;234
46927;234
46982;234
47037;234
47100;234
47180;234
47240;234
47312;234
47376;234
47433;234
47491;234
47569;234
47649;234
47706;234
47775;234
47830;234
47901;234
47957;234
48013;234
48077;234
48136;234
48192;234
48248;234
48313;234
48370;234
48431;234
48489;234
48549;234
48609;234
48667;234
48736;234
48822;234
48877;234
48940;234
49013;234
49093;234
49155;234
49214;233
49273;233
49333;233
49421;233
49478;233
49535;233
49593;233
49650;234
49723;234
49786;234
49855;234
49910;234
49979;234
50050;234
50114;234
50176;234
50235;234
50290;234
50369;233
50430;233
50490;233
50550;233
50614;233
50692;233
50760;233
50817;233
50878;233
50948;233
51016;233
51076;232
51138;232
51197;232
51263;232
51318;232
51383;232
51448;232
51530;232
51590;232
51648;232
51704;232
51769;232
51835;232
51892;232
51957;232
52067;232
52210;232
52270;232
52329;232
52393;232
52453;232
52512;232
52578;232
52642;232
52700;232
52782;232
52853;232
52912;232
52970;231
53026;231
53082;231
53141;231
53197;231
53259;231
53325;231
53390;231
53464;231
53526;231
53614;231
53682;231
53758;231
53825;231
53895;231
53976;231
54040;231
54105;231
54169;231
54229;231
54300;231
54365;231
54423;231
54492;231
54564;231
54619;231
54675;231
54736;231
54795;231
54854;231
54910;231
54982;231
55053;231
55121;231
55195;231
55305;231
55361;231
55420;231
55486;231
55549;231
55620;231
55680;231
55736;231
55792;231
55853;231
55918;231
56006;231
56068;231
56124;231
56180;231
56251;231
56322;231
56378;231
56434;231
56520;231
56580;231
56652;231
56717;231
56803;231
56861;231
56920;231
56978;231
57034;231
57089;231
57159;231
57216;231
57284;231
57345;231
57438;231
57501;231
57580;231
57658;231
57732;231
57791;231
57854;231
57909;231
57969;231
58030;231
58096;231
58159;231
58228;231
58284;231
58350;231
58410;231
58468;231
58527;231
58597;231
58655;231
58717;231
58779;231
58842;231
58905;231
58962;231
59022;231
59078;231
59137;231
59194;231
59256;231
59312;231
59368;231
59432;231
59488;231
59544;231
59608;231
59668;231
59726;231
59792;231
59856;231
59918;231
59974;231
60032;231
60088;231
60144;231
60199;231
60268;231
60324;231
60380;231
60450;231
60516;231
60572;231
60635;231
60704;231
60766;231
60825;231
60893;231
60961;231
61017;231
61076;231
61145;231
61216;231
61279;231
61334;231
61394;231
61461;231
61526;231
61583;231
61654;231
61710;231
61769;231
61828;231
61883;231
61940;231
62003;231
62058;231
62117;231
62177;231
62237;231
62294;231
62360;231
62418;231
62484;231
62561;231
62626;231
62690;231
62749;231
62812;231
62872;231
62932;231
63007;231
63064;231
63120;231
63185;231
63242;231
63315;231
63373;231
63433;231
63491;231
63552;231
63626;231
63680;232
63736;232
63795;232
63859;232
63914;232
63978;231
64034;231
64097;231
64158;231
64218;231
64279;231
64341;231
64393;231
64455;231
64515;231
64580;231
64645;231
64712;231
64776;231
64832;231
64891;231
64961;231
65017;231
65073;231
65128;231
65185;231
65241;231
65307;231
65368;231
65429;231
65489;231
65547;231
65620;231
65677;231
65735;231
65821;231
65905;231
66044;231
66108;231
66163;231
66228;231
66285;231
66350;231
66432;231
66496;231
66559;231
66616;231
66686;231
66751;231
66814;231
66876;231
66947;231
67019;231
67084;231
67142;231
67207;231
67267;231
67340;231
67402;231
67459;231
67515;231
67574;231
67631;231
67716;231
67773;231
67831;231
67891;231
67948;231
68007;231
68065;231
68126;231
68191;231
68249;231
68307;231
68380;231
68438;231
68501;231
68579;231
68648;231
68717;231
68786;231
68861;231
68922;231
68986;231
69092;231
69185;231
69251;231
69308;231
69370;231
69431;231
69489;231
69561;231
69640;231
69701;231
69760;231
69820;231
69879;231
69945;231
70072;231
70177;231
70259;231
70347;231
70411;231
70468;231
70528;231
70588;231
70664;231
70734;231
70825;231
70898;231
70963;231
71024;231
71097;231
71154;231
71219;231
71285;231
71350;231
71415;231
71492;231
71548;232
71607;232
71666;232
71725;232
71789;232
71852;232
71917;232
71976;232
72033;232
72105;232
72172;232
72239;232
72297;232
72355;232
72416;232
72480;232
72538;232
72597;232
72666;232
72745;232
72801;232
72860;232
72938;232
72997;232
73061;232
73120;232
73185;232
73244;232
73316;232
73373;232
73439;232
73504;232
73578;232
73643;232
73707;232
73769;232
73838;232
73892;232
73948;232
74007;232
74071;232
74134;232
74193;232
74262;232
74319;232
74380;232
74438;232
74496;232
74561;232
74622;232
74680;232
74755;232
74812;232
74874;232
74939;232
74994;232
75058;232
75128;232
75199;232
75258;232
75321;232
75391;232
75448;232
75519;232
75585;232
75642;232
75707;232
75780;232
75846;232
75903;232
75964;232
76023;232
76083;232
76138;232
76201;232
76265;232
76334;232
76405;232
76472;232
76532;232
76591;232
76652;232
76714;232
76775;232
76834;232
76891;232
76948;232
77017;232
77072;232
77131;232
77194;232
77253;232
77312;232
77368;232
77431;232
77489;232
77554;232
77614;232
77674;232
77736;232
77804;232
77870;232
77927;232
77982;232
78042;232
78097;232
78155;232
78206;232
78261;232
78324;232
78381;232
78445;232
78505;232
78562;232
78629;232
78690;232
78762;232
78821;232
78876;232
78935;232
78986;232
79043;232
79100;232
79170;232
79229;232
79293;232
79353;232
79413;232
79474;232
79532;232
79610;232
79669;232
79729;232
79802;232
79861;232
79930;232
79989;232
80045;232
80108;232
80169;232
80249;232
80310;232
80368;232
80433;232
80490;232
80549;232
80612;232
80682;232
80747;232
80802;232
80858;232
80914;232
80970;232
81036;232
81095;232
81162;232
81259;232
81340;232
81401;232
81467;232
81542;232
81609;232
81682;232
81742;232
81816;232
81873;232
81938;232
81996;232
82059;232
82119;232
82175;232
82238;232
82307;232
82363;232
82432;232
82496;232
82569;232
82634;232
82691;232
82761;232
82818;232
82883;232
82941;231
83010;231
83071;231
83128;231
83198;231
83254;231
83325;231
83382;231
83452;231
83522;231
83578;231
83641;231
83704;231
83768;231
83831;231
83894;231
83954;231
84015;231
84081;231
84135;231
84193;231
84256;231
84315;231
84371;231
84429;231
84489;231
84545;231
84603;231
84662;231
84732;231
84791;231
84849;231
84905;231
84975;231
85031;231
85087;231
85142;231
85204;231
85313;231
85384;231
85440;231
85496;231
85559;231
85615;231
85673;231
85732;231
85804;231
