169;1730
290;1621
376;1494
448;1482
546;1482
648;1389
712;1332
776;1332
845;1331
930;1225
999;1142
1064;1142
1140;1078
1211;1064
1285;1044
1351;1044
1421;1044
1493;998
1555;983
1621;983
1685;899
1748;830
1814;830
1877;830
2102;610
2168;610
2231;610
2301;610
2363;610
2429;610
2513;607
2604;584
2678;522
2790;522
2854;522
2914;522
2984;522
3049;522
3112;522
3169;522
3226;522
3283;522
3338;522
3394;522
3561;429
3777;429
3954;429
4201;429
4374;429
4520;425
4659;425
4812;425
4978;381
5233;381
5348;381
5434;381
5515;381
5594;381
5681;381
5765;381
5848;381
5932;381
6014;381
6097;381
6156;381
6215;381
6295;381
6389;381
6488;381
6573;381
6656;381
6740;381
6825;381
6996;292
7088;292
7163;292
7218;292
7281;292
7336;292
7396;292
7472;292
7557;248
7641;248
7725;215
7806;215
7877;215
7953;215
8031;215
8107;215
8172;215
8229;215
8286;215
8348;215
8428;215
8553;215
8791;215
9074;215
9392;215
9635;215
9697;215
9782;215
9885;215
10007;215
10092;215
10172;215
10250;215
10340;215
10415;215
10489;215
10566;215
10643;215
10724;215
10808;215
10883;215
10961;215
11040;215
11107;215
11163;215
11225;215
11288;215
11347;215
11412;215
11473;215
11534;215
11603;215
11661;215
11723;215
11788;215
11850;215
11911;215
11971;215
12033;215
12090;215
12147;215
12206;215
12263;215
12326;215
12387;215
12448;215
12505;215
12562;215
12627;215
12705;215
12770;215
12872;215
12955;215
13072;215
13176;215
13256;215
13378;215
13479;215
13603;215
13738;215
13876;215
13966;215
14050;215
14149;215
14252;215
14358;215
14471;215
14605;215
14679;215
14768;215
14889;215
15050;215
15135;215
15255;215
15363;215
15426;215
15495;216
15553;216
15609;216
15673;216
15731;216
15829;216
15960;216
16046;216
16161;216
16223;181
16306;181
16414;181
16506;181
16572;181
16626;181
16684;181
16741;181
16796;181
16857;181
16924;180
16989;180
17054;180
17118;180
17197;180
17265;180
17323;180
17381;180
17440;180
17499;180
17565;180
17640;180
17697;180
17753;180
17812;180
17866;180
17924;180
17988;180
18043;180
18097;180
18152;180
18207;180
18265;180
18320;180
18375;180
18431;180
18491;180
18548;180
18605;180
18664;180
18721;180
18777;180
18833;180
18889;180
18947;180
19012;180
19099;180
19157;180
19211;180
19283;180
19371;180
19449;180
19516;180
19571;180
19627;180
19681;180
19743;180
19805;180
19869;180
19925;180
19982;180
20039;180
20096;180
20152;180
20207;180
20267;180
20323;180
20378;180
20435;180
20491;180
20546;180
20605;180
20666;180
20720;180
20776;180
20838;180
20892;180
20946;180
21007;180
21064;180
21119;180
21177;180
21234;180
21290;180
21348;180
21412;180
21467;180
21527;78
21582;78
21641;78
21698;78
21756;78
21813;78
21876;78
21989;78
22047;78
22112;78
22168;78
22227;78
22290;78
22348;78
22404;78
22458;78
22513;78
22570;78
22632;78
22688;78
22746;78
22806;78
22865;78
22921;78
22982;78
23043;78
23100;78
23156;78
23215;78
23271;78
23328;78
23384;78
23443;78
23496;78
23552;78
23608;78
23664;78
23722;78
23775;78
23829;78
23883;78
23939;78
23994;78
24049;78
24107;78
24165;78
24218;78
24273;78
24333;78
24390;78
24447;78
24502;78
24562;78
24622;78
24680;78
24738;78
24792;78
24846;78
24900;78
24953;78
25008;78
25062;78
25117;78
25172;78
25229;78
25288;78
25343;78
25400;78
25455;78
25511;78
25574;78
25633;78
25688;78
25744;78
25814;78
25871;78
25942;78
25996;78
26051;78
26107;78
26163;78
26219;78
26273;78
26328;78
26384;78
26445;78
26503;78
26560;78
26619;78
26675;78
26732;78
26788;78
26845;78
26902;78
26968;78
27025;78
27079;78
27136;78
27192;78
27251;78
27305;78
27360;78
27417;78
27472;78
27527;78
27584;78
27639;78
27695;78
27759;78
27818;78
27876;78
27935;78
27994;78
28057;78
28111;78
28168;78
28226;78
28285;78
28342;78
28407;78
28463;78
28525;78
28580;78
28636;78
28702;78
28767;78
28825;78
28882;78
28939;78
28994;78
29050;78
29117;78
29173;78
29229;78
29283;78
29337;78
29391;78
29444;78
29498;78
29552;78
29605;78
29660;78
29714;78
29769;78
29828;78
29883;78
29937;78
29993;78
30063;78
30128;78
30185;78
30243;78
30296;78
30351;78
30408;78
30463;78
30518;78
30574;78
30631;78
30691;78
30748;78
30804;78
30859;78
30915;78
30976;78
31048;78
31105;78
31171;78
31240;78
31317;78
31392;78
31467;78
31543;78
31617;78
31693;78
31767;78
31840;78
31906;78
31990;78
32076;78
32165;78
32260;78
32341;78
32416;78
32490;78
32552;78
32608;78
32667;78
32722;78
32776;78
32832;78
32891;78
32955;78
33012;78
33072;78
33148;78
33208;78
33265;78
33321;78
33377;78
33433;78
33491;78
33545;78
33620;78
33713;78
33823;78
33941;78
34045;78
34167;78
34292;78
34418;78
34526;78
34653;78
34780;78
34864;78
34953;78
35064;78
35155;78
35249;78
35335;78
35411;78
35498;78
35597;78
35734;78
35848;78
35946;78
36051;78
36143;78
36251;78
36347;78
36438;78
36551;78
36636;78
36709;78
36790;78
36864;78
36972;78
37100;78
37211;78
37303;78
37361;78
37423;78
37480;78
37534;78
37589;78
37641;78
37697;78
37754;78
37811;78
37870;78
37926;78
38024;78
38128;78
38246;78
38342;78
38436;78
38530;78
38612;78
38690;78
38777;78
38843;78
38901;78
38955;78
39010;78
39071;78
39130;80
39189;80
39242;80
39296;80
39352;80
39441;80
39560;80
39640;80
39695;80
39748;80
39812;80
39884;85
39939;85
40010;85
40069;85
40145;85
40205;85
40260;85
40330;83
40391;83
40451;83
40518;83
40582;83
40646;83
40717;83
40777;83
40846;83
40905;83
40964;83
41018;83
41088;83
41146;83
41199;83
41252;83
41310;83
41366;83
41424;83
41486;83
41574;83
41631;83
41689;83
41746;83
41806;83
41865;83
41927;83
41991;83
42047;83
42109;83
42163;83
42217;83
42276;83
42330;83
42391;83
42449;83
42505;83
42559;83
42635;83
42714;83
42798;83
42877;83
42962;83
43042;83
43103;83
43156;83
43216;83
43288;83
43363;83
43420;83
43476;83
43543;83
43597;83
43659;81
43714;81
43778;81
43850;81
43904;81
43957;81
44016;81
44083;81
44138;81
44200;81
44265;78
44319;78
44372;78
44431;78
44484;78
44538;78
44592;78
44645;78
44704;78
44762;78
44817;78
44879;78
44953;78
45033;78
45115;78
45193;78
45264;78
45325;78
45411;78
45485;78
45556;78
45612;78
45686;78
45776;78
45852;78
45928;78
46002;78
46085;78
46159;78
46241;78
46327;78
46408;78
46482;78
46556;78
46614;78
46670;78
46734;78
46796;78
46856;78
46914;78
46977;78
47033;78
47093;78
47150;78
47214;78
47288;78
47344;78
47398;78
47451;78
47507;78
47560;78
47619;78
47680;78
47736;78
47796;78
47852;78
47911;78
47970;78
48025;78
48084;78
48137;78
48192;78
48253;78
48311;78
48366;78
48422;78
48477;78
48530;78
48583;78
48648;78
48704;78
48771;78
48838;78
48888;78
48944;78
48997;78
49050;78
49105;78
49158;78
49212;78
49264;78
49328;78
49383;78
49438;78
49492;78
49553;78
49609;78
49662;78
49716;78
49773;78
49828;78
49889;78
49942;78
49995;78
50052;78
50108;78
50163;78
50223;78
50283;78
50342;78
50397;78
50453;78
50507;78
50560;78
50614;78
50669;78
50724;78
50783;78
50837;78
50899;78
50956;78
51011;78
51066;78
51122;78
51175;78
51229;78
51289;78
51344;78
51399;78
51456;78
51515;78
51570;78
51631;78
51686;78
51739;78
51797;78
51854;78
51913;78
51968;78
52022;78
52077;78
52143;78
52198;78
52252;78
52313;78
52365;78
52421;78
52474;78
52529;78
52584;78
52638;78
52695;78
52749;78
52810;78
52863;78
52919;78
52973;78
53031;78
53089;78
53145;78
53212;78
53306;78
53431;78
53528;78
53612;78
53692;78
53749;78
53838;78
53892;78
53946;78
54002;78
54061;78
54133;78
54187;78
54255;78
54310;78
54366;78
54422;78
54475;78
54530;78
54584;78
54638;78
54692;78
54747;78
54803;78
54861;78
54918;78
54979;78
55034;78
55091;78
55148;78
55201;78
55255;78
55308;78
55361;78
55416;78
55470;78
55524;78
55579;78
55636;78
55699;78
55761;78
55822;78
55881;78
55960;78
56015;78
56069;78
56122;78
56175;78
56231;78
56285;78
56339;78
56392;78
56447;78
56503;78
56559;78
56614;78
56669;78
56725;78
56788;78
56851;78
56909;78
56963;78
57018;78
57071;78
57126;78
57179;78
57232;78
57288;78
57345;78
57412;78
57467;78
57523;78
57578;78
57638;78
57702;78
57756;78
57812;78
57867;78
57919;78
57975;78
58028;78
58085;78
58139;78
58195;78
58250;78
58307;78
58363;78
58419;78
58474;78
58547;78
58603;78
58657;78
58714;78
58769;78
58824;78
58879;78
58938;78
58992;78
59047;78
59102;78
59156;78
59211;78
59265;78
59329;78
59381;78
59436;78
59493;78
59545;78
59601;78
59655;78
59711;78
59765;78
59821;78
59874;78
59930;78
59984;78
60041;78
60097;78
60150;78
60206;78
60263;78
60319;78
60373;78
60426;78
60479;78
60534;78
60589;78
60646;78
60701;78
60765;78
60819;78
60871;78
60924;78
60978;78
61033;78
61085;78
61149;78
61202;78
61255;78
61311;78
61365;78
61422;78
61483;78
61536;78
61596;78
61649;78
61703;78
61763;78
61819;78
61876;78
61933;78
61986;78
62041;78
62100;78
62155;78
62211;78
62264;78
62317;78
62371;78
62427;78
62485;78
62540;78
62601;78
62659;78
62722;78
62775;78
62829;78
62882;78
62935;78
62990;78
63045;78
63102;78
63154;78
63211;79
63264;79
63325;79
63380;79
63437;79
63491;79
63545;79
63598;79
63653;79
63707;79
63760;79
63813;79
63872;79
63925;79
63978;79
64029;79
64082;79
64135;79
64192;79
64247;79
64299;79
64352;79
64417;79
64470;79
64524;79
64578;79
64632;79
64685;79
64738;79
64795;79
64849;79
64902;79
64959;79
65014;79
65071;79
65126;79
65179;79
65232;79
65289;79
65343;79
65397;79
65452;79
65507;79
65560;79
65616;79
65678;79
65735;79
65789;79
65843;79
65899;79
65956;79
66009;79
66062;79
66117;79
66171;79
66227;79
66284;79
66337;79
66391;79
66446;79
66502;79
66555;79
66608;79
66663;79
66716;79
66770;79
66845;79
66898;79
66952;79
67005;79
67058;79
67113;79
67165;79
67219;79
67275;79
67332;79
67390;79
67446;79
67503;79
67558;79
67612;79
67668;78
67721;78
67776;78
67829;78
67887;78
67939;78
67995;78
68048;78
68100;78
68154;78
68208;78
68261;78
68318;78
68378;78
68433;78
68487;78
68544;78
68598;78
68652;78
68706;78
68767;78
68835;78
68893;78
68947;78
69003;78
69059;78
69113;78
69168;78
69223;78
69279;78
69337;78
69392;78
69448;78
69501;78
69554;78
69609;78
69663;78
69717;78
69775;78
69827;78
69882;78
69935;78
69989;78
70044;78
70098;78
70160;78
70214;78
70269;78
70326;78
70380;78
70435;78
70489;78
70541;78
70596;78
70656;78
70708;78
70762;78
70815;78
70868;78
70920;78
70974;78
71027;78
71083;78
71137;78
71192;78
71256;78
71309;78
71365;78
71422;78
71475;78
71528;78
71583;78
71635;78
71688;78
71745;78
71798;78
71855;78
71914;78
71979;78
72032;78
72089;78
72144;78
72199;78
72253;78
72307;78
72359;78
72415;78
72471;78
72524;78
72578;78
72638;78
72692;78
72747;78
72801;78
72855;78
72909;78
72961;78
73016;78
73069;78
73122;78
73175;78
73230;78
73287;78
73341;78
73398;78
73452;78
73506;78
73563;78
73619;78
73687;78
73768;78
73871;78
73927;78
73985;78
74039;78
74095;78
74147;78
74202;78
74256;78
74309;78
74362;78
74420;78
74473;78
74529;78
74586;78
74644;78
74700;78
74753;78
74808;78
74865;78
74921;78
74975;78
75028;78
75085;78
75144;78
75197;78
75252;78
75305;78
75358;78
75414;78
75469;78
75524;78
75579;78
75644;78
75696;78
75754;78
75810;78
75863;78
75916;78
75973;78
76030;78
76084;78
76139;78
76194;78
76249;78
76309;78
76364;78
76423;78
76480;78
76532;78
76587;78
76642;78
76695;78
76750;78
76804;78
76865;78
76919;78
76978;78
77032;78
77086;78
77139;78
77192;78
77247;78
77299;78
77354;78
77411;78
77464;78
77520;78
77586;78
77638;78
77693;78
77745;78
77802;78
77855;78
77907;78
77961;78
78021;78
78075;78
78130;78
78184;78
78247;78
78307;78
78360;78
78414;78
78469;78
78523;78
78577;78
78629;78
78683;78
78739;78
78792;78
78848;78
78906;78
78961;78
79015;78
79067;78
79123;78
79177;78
79235;78
79292;78
79345;78
79399;78
79455;78
79515;78
79569;78
79623;78
79678;78
79736;78
79789;78
79846;78
79902;78
79957;78
80012;78
80076;78
80127;78
80180;78
80234;78
80287;78
80341;78
80395;78
80448;78
80504;78
80559;78
80613;78
80672;78
80725;78
80778;78
80833;78
80885;78
80941;78
80997;78
81055;78
81110;78
81165;78
81219;78
81273;78
81333;78
81387;78
81440;78
81495;78
81547;78
81602;78
81657;78
81710;78
81765;78
81826;78
81883;78
81947;78
82000;78
82053;78
82107;78
82160;78
82215;78
82268;78
82322;78
82377;78
82442;78
82499;78
82554;78
82618;78
82673;78
82728;78
82781;78
82834;78
82895;78
82948;78
83004;78
83057;78
83109;78
83164;78
83223;78
83287;78
83348;78
83404;78
83457;78
83511;78
83566;78
83621;78
83676;78
83736;78
83799;78
83854;78
83911;78
83969;78
84029;78
84086;78
84143;78
84198;78
84251;78
84304;78
84359;78
84413;78
84468;78
84525;78
84578;78
84636;78
84698;78
84754;78
84807;78
84864;78
84917;78
84973;78
85026;78
85081;78
85136;78
