181;3289
283;3180
371;2968
433;2935
508;2935
567;2846
622;2846
717;2794
762;2764
802;2705
846;2697
883;2697
930;2655
967;2639
1024;2495
1058;2416
1095;2416
1133;2416
1170;2334
1213;2306
1250;2306
1285;2306
1351;2195
1413;2179
1457;2010
1498;1952
1537;1950
1575;1922
1612;1922
1649;1913
1688;1913
1731;1844
1783;1796
1819;1796
1858;1796
1901;1766
1959;1632
1999;1572
2035;1572
2073;1572
2110;1572
2145;1530
2183;1529
2235;1524
2277;1463
2312;1369
2348;1369
2387;1369
2435;1302
2475;1302
2516;1302
2551;1302
2591;1152
2631;1152
2668;996
2702;996
2743;979
2777;956
2813;956
2850;892
2886;892
2922;892
2961;892
2996;892
3034;892
3070;892
3110;880
3159;878
3225;816
3273;816
3324;721
3390;703
3438;703
3487;703
3535;703
3583;703
3635;682
3681;682
3744;599
3791;599
3825;599
3857;599
3888;599
3919;599
3951;537
3984;537
4015;537
4046;537
4087;537
4120;537
4154;537
4185;537
4217;537
4248;537
4281;500
4322;500
4354;500
4392;500
4425;500
4456;497
4488;497
4520;497
4562;497
4595;497
4628;497
4662;497
4701;497
4750;467
4782;467
4820;467
4854;467
4890;467
4927;467
4961;374
4993;294
5024;294
5058;295
5091;295
5125;295
5157;295
5187;295
5225;295
5262;295
5302;295
5345;295
5380;295
5412;295
5443;295
5476;295
5507;295
5543;293
5575;293
5609;293
5644;293
5679;267
5710;267
5747;267
5795;267
5840;267
5888;267
5935;267
5981;267
6027;267
6076;267
6126;267
6158;267
6193;267
6228;267
6259;267
6290;267
6325;267
6359;267
6390;267
6424;267
6459;267
6495;267
6526;267
6557;267
6588;267
6620;267
6652;267
6683;267
6715;267
6751;267
6783;267
6817;267
6854;267
6886;267
6918;267
6950;267
6982;267
7014;267
7047;267
7079;267
7111;267
7146;267
7178;267
7223;267
7256;267
7287;267
7324;267
7365;267
7399;267
7433;267
7463;267
7495;267
7529;267
7560;267
7592;267
7624;267
7655;267
7690;267
7721;267
7752;267
7784;267
7815;267
7849;267
7889;267
7924;267
7956;267
7989;267
8026;267
8062;268
8098;268
8130;268
8166;268
8198;268
8231;268
8264;268
8297;268
8326;268
8363;268
8413;268
8451;268
8483;268
8518;268
8553;268
8587;268
8623;268
8654;268
8685;268
8716;268
8748;268
8782;268
8814;268
8846;268
8877;268
8909;268
8943;268
8974;268
9010;268
9040;268
9071;268
9104;268
9138;268
9170;268
9201;268
9236;268
9273;268
9305;268
9339;268
9378;268
9411;268
9442;268
9475;268
9505;268
9538;268
9570;268
9609;268
9641;268
9673;268
9706;268
9739;268
9771;268
9811;268
9846;268
9878;268
9912;268
9945;268
9977;268
10008;268
10039;266
10070;266
10103;266
10140;266
10172;266
10203;266
10235;266
10274;266
10306;266
10338;266
10370;266
10402;266
10434;266
10469;266
10504;266
10541;266
10574;266
10612;266
10644;266
10677;266
10712;266
10751;266
10784;266
10816;266
10854;266
10886;266
10922;266
10953;266
10984;266
11016;266
11048;266
11079;266
11116;266
11152;266
11182;266
11214;266
11246;265
11277;265
11311;265
11348;265
11382;265
11415;265
11451;265
11491;265
11522;265
11555;265
11589;265
11624;265
11659;265
11697;265
11734;265
11769;265
11801;265
11836;265
11868;265
11901;265
11935;265
11971;265
12009;265
12040;265
12075;265
12108;265
12141;265
12173;265
12205;265
12239;265
12269;264
12305;264
12337;264
12370;264
12403;264
12434;264
12469;264
12504;264
12538;264
12570;264
12606;263
12638;263
12670;263
12708;263
12746;263
12778;263
12810;263
12842;263
12875;263
12914;263
12945;268
12980;268
13015;268
13051;268
13086;268
13118;268
13151;268
13182;268
13217;268
13249;268
13280;268
13312;268
13346;268
13378;268
13409;268
13443;268
13474;268
13508;268
13542;268
13573;268
13606;268
13639;268
13674;268
13706;267
13738;267
13773;267
13806;267
13845;267
13876;267
13911;267
13946;267
13982;267
14019;267
14052;267
14085;267
14121;267
14158;267
14192;267
14227;267
14261;267
14292;267
14322;267
14358;267
14389;267
14423;267
14455;267
14486;267
14523;267
14558;267
14594;267
14628;267
14663;267
14695;267
14727;267
14759;262
14794;262
14826;262
14859;262
14893;262
14926;262
14963;262
14994;262
15025;262
15056;262
15088;262
15120;262
15150;267
15182;267
15212;267
15246;267
15277;267
15308;267
15342;267
15377;267
15408;267
15439;267
15469;267
15501;267
15534;267
15568;267
15600;267
15634;267
15665;267
15697;267
15732;267
15766;267
15804;267
15839;267
15872;267
15908;267
15938;267
15968;267
16000;267
16031;267
16063;267
16098;267
16128;267
16161;267
16195;267
16226;267
16256;267
16286;267
16322;267
16354;267
16385;267
16419;267
16450;267
16482;267
16516;267
16548;267
16579;267
16613;267
16647;267
16680;267
16713;267
16747;267
16781;267
16817;267
16847;267
16878;267
16910;267
16941;267
16972;267
17005;267
17039;267
17069;267
17107;267
17142;267
17172;267
17206;267
17237;267
17268;267
17302;267
17336;267
17368;267
17402;267
17436;267
17470;267
17501;267
17532;267
17563;267
17596;267
17629;267
17663;267
17694;267
17725;267
17761;267
17797;267
17827;267
17858;265
17893;265
17926;265
17966;265
17999;265
18036;265
18068;265
18104;265
18135;265
18166;267
18204;267
18234;267
18267;267
18297;267
18336;267
18367;267
18401;267
18434;267
18467;267
18501;267
18532;267
18562;267
18593;267
18624;267
18655;267
18689;267
18722;267
18756;267
18790;267
18829;267
18860;267
18891;267
18926;267
18956;267
18992;267
19023;267
19056;267
19092;267
19126;267
19160;267
19192;267
19222;267
19258;267
19289;267
19325;267
19356;267
19386;267
19420;267
19451;267
19482;267
19515;267
19546;267
19578;267
19612;267
19645;267
19679;267
19710;267
19745;267
19776;267
19807;267
19839;267
19873;267
19907;267
19940;267
19974;267
20007;267
20042;267
20076;267
20107;267
20141;267
20171;267
20207;267
20248;267
20279;267
20310;267
20341;267
20374;267
20404;267
20436;267
20469;267
20503;267
20534;267
20566;267
20596;267
20634;267
20666;267
20706;267
20737;267
20772;267
20806;267
20836;267
20870;267
20907;267
20938;267
20969;267
21001;267
21034;267
21066;267
21101;267
21137;267
21173;267
21209;267
21239;267
21273;267
21304;267
21338;267
21369;267
21401;267
21431;267
21462;267
21499;267
21529;267
21563;267
21596;267
21626;267
21659;267
21693;267
21724;267
21755;267
21785;267
21816;267
21852;267
21885;267
21921;267
21952;267
21986;267
22020;267
22060;267
22095;267
22129;268
22161;268
22199;268
22238;268
22270;268
22301;268
22334;268
22368;268
22399;268
22430;268
22460;268
22491;268
22524;268
22554;268
22588;268
22626;272
22657;267
22692;267
22723;267
22754;267
22784;267
22815;267
22849;267
22880;267
22913;267
22943;267
22974;264
23009;264
23040;264
23076;264
23112;264
23148;264
23179;264
23211;264
23244;264
23275;264
23306;264
23337;264
23368;264
23399;264
23433;264
23467;264
23503;264
23535;264
23566;264
23598;264
23632;264
23662;264
23694;264
23731;264
23764;264
23794;264
23826;264
23860;264
23890;264
23921;264
23954;264
23985;264
24015;264
24048;264
24092;264
24122;264
24155;264
24186;264
24223;264
24253;264
24283;264
24314;264
24348;264
24380;264
24415;264
24445;264
24481;264
24512;264
24552;264
24587;265
24620;265
24654;265
24685;265
24715;265
24746;265
24777;265
24809;265
24840;265
24876;265
24913;265
24943;265
24977;265
25009;265
25042;265
25073;265
25104;265
25138;265
25171;265
25210;265
25244;265
25276;265
25307;265
25337;265
25371;265
25405;265
25441;265
25472;265
25508;265
25539;265
25570;265
25601;265
25632;265
25667;266
25699;266
25729;266
25759;266
25790;266
25823;266
25860;266
25894;266
25924;265
25954;265
25984;265
26018;265
26052;265
26086;265
26119;265
26151;265
26184;265
26215;265
26247;265
26277;265
26309;265
26345;265
26380;265
26410;265
26446;265
26479;265
26512;265
26548;265
26578;265
26609;265
26643;265
26677;265
26708;265
26742;265
26775;265
26808;265
26836;265
26867;265
26904;265
26936;265
26969;265
27000;265
27040;265
27073;265
27111;265
27144;265
27178;265
27215;265
27252;265
27288;265
27322;265
27352;265
27383;265
27434;265
27484;265
27521;265
27552;265
27586;265
27622;265
27656;267
27686;267
27717;267
27751;270
27781;270
27812;270
27842;270
27877;270
27910;270
27945;270
27979;270
28009;270
28039;270
28069;270
28102;270
28137;270
28171;270
28204;270
28259;270
28293;270
28342;270
28373;270
28406;270
28439;270
28469;270
28500;270
28534;270
28564;270
28594;270
28628;270
28658;270
28689;270
28720;270
28751;270
28781;270
28811;270
28843;270
28874;270
28908;266
28939;266
28970;266
29001;266
29039;266
29069;266
29100;266
29134;266
29173;266
29204;266
29234;266
29265;266
29295;266
29330;266
29359;266
29396;266
29427;266
29457;266
29487;266
29518;266
29549;266
29592;266
29635;266
29669;266
29702;266
29733;266
29767;266
29800;266
29831;266
29864;266
29894;266
29928;266
29958;266
29988;266
30019;266
30049;266
30079;265
30113;265
30146;265
30182;265
30212;265
30243;265
30271;265
30308;265
30338;265
30369;265
30400;265
30434;265
30471;265
30503;265
30535;265
30577;265
30610;265
30644;265
30675;265
30707;265
30738;265
30773;265
30806;265
30837;265
30868;265
30898;265
30932;265
30965;265
30995;265
31026;265
31062;265
31092;265
31124;265
31154;265
31184;265
31214;265
31246;265
31277;265
31309;265
31340;265
31376;265
31408;265
31440;265
31477;265
31519;265
31549;265
31582;265
31614;265
31644;265
31681;264
31711;264
31742;264
31773;264
31804;264
31836;264
31869;264
31899;263
31929;263
31960;263
31996;260
32027;260
32060;260
32095;260
32126;260
32156;260
32189;260
32220;260
32254;260
32284;260
32315;260
32346;260
32376;260
32407;260
32443;260
32474;260
32504;260
32534;260
32573;260
32604;260
32637;260
32669;260
32699;260
32730;260
32761;260
32791;260
32824;260
32855;260
32888;261
32925;261
32955;261
32985;261
33021;261
33056;261
33087;261
33119;261
33149;261
33185;261
33216;261
33246;261
33280;261
33313;261
33343;261
33371;261
33402;261
33436;261
33466;261
33500;261
33536;261
33566;261
33597;261
33627;261
33655;261
33687;261
33718;261
33750;261
33780;261
33823;261
33866;261
33900;261
33934;261
33968;261
34008;261
34038;261
34071;261
34106;261
34136;261
34169;261
34199;261
34232;261
34262;261
34294;261
34325;261
34357;261
34390;261
34441;261
34473;261
34503;261
34537;261
34567;261
34602;261
34636;261
34669;261
34704;261
34741;261
34771;261
34805;261
34836;261
34867;261
34901;261
34934;261
34971;261
35001;261
35031;261
35068;261
35099;261
35133;261
35164;261
35196;261
35226;261
35259;261
35290;261
35320;261
35353;261
35389;261
35423;261
35453;261
35484;261
35516;261
35548;261
35582;261
35618;261
35648;261
35685;261
35716;261
35747;261
35777;261
35812;259
35846;259
35877;259
35910;259
35941;259
35972;259
36005;259
36036;259
36069;259
36101;259
36135;259
36169;259
36205;259
36240;259
36272;259
36303;259
36335;259
36368;259
36398;259
36430;259
36463;259
36497;259
36527;259
36559;259
36589;259
36620;259
36651;259
36688;256
36723;256
36753;256
36790;256
36821;256
36854;256
36885;256
36925;256
36955;256
36985;256
37017;256
37047;256
37077;256
37111;256
37143;256
37174;256
37210;256
37243;256
37274;256
37305;256
37342;256
37372;256
37403;256
37436;256
37469;256
37502;256
37540;256
37573;256
37609;256
37639;256
37669;256
37700;256
37730;256
37762;256
37793;256
37830;256
37862;256
37893;256
37924;256
37958;256
37988;256
38020;256
38050;256
38083;256
38115;256
38145;256
38178;256
38212;256
38244;256
38275;256
38305;256
38339;256
38370;256
38401;256
38432;256
38465;256
38497;256
38527;256
38560;256
38594;256
38625;256
38655;256
38687;256
38717;256
38754;256
38785;256
38819;256
38854;256
38885;256
38919;256
38949;256
38984;256
39014;256
39061;256
39096;256
39134;256
39168;256
39199;256
39235;256
39266;256
39302;256
39339;256
39370;256
39402;256
39432;256
39465;256
39496;256
39526;256
39558;256
39589;256
39620;256
39650;256
39683;256
39724;256
39755;256
39787;256
39818;256
39849;256
39880;256
39913;256
39944;256
39974;256
40005;256
40035;256
40066;256
40100;256
40137;256
40170;256
40201;256
40232;256
40268;256
40300;256
40330;256
40361;256
40391;256
40422;256
40453;256
40486;256
40518;256
40552;256
40585;256
40615;256
40646;256
40676;256
40708;256
40741;256
40772;256
40803;256
40837;256
40868;256
40899;256
40936;256
40966;256
41002;256
41032;256
41064;256
41094;256
41125;256
41156;256
41186;256
41220;256
41251;256
41286;256
41317;256
41350;256
41380;256
41410;256
41443;256
41477;256
41508;256
41538;256
41569;256
41611;256
41648;256
41678;256
41713;256
41744;256
41777;256
41809;256
41840;256
41871;256
41902;256
41936;256
41975;256
42008;256
42038;256
42069;256
42106;256
42138;256
42169;256
42203;256
42233;256
42264;256
42297;256
42328;256
42358;256
42389;256
42424;256
42452;256
42483;256
42515;256
42555;256
42586;256
42620;256
42656;256
42690;256
42722;256
42752;256
42783;256
42820;256
42856;256
42899;256
42946;256
42979;256
43010;256
43041;256
43071;256
43106;256
43137;256
43170;256
43201;256
43231;256
43265;256
43302;256
43335;256
43365;256
43409;256
43443;256
43474;256
43504;256
43537;256
43568;256
43603;256
43635;256
43668;256
43698;256
43738;256
43769;256
43804;256
43838;256
43875;256
43906;256
43937;256
43967;256
43998;256
44028;256
44056;256
44087;256
44121;256
44152;256
44180;256
44211;256
44247;256
44279;256
44313;256
44346;256
44378;256
44414;256
44447;256
44478;256
44509;256
44545;256
44578;256
44611;256
44644;256
44674;256
44709;256
44739;256
44770;256
44802;256
44833;256
44879;256
44911;256
44942;256
44973;256
45004;256
45040;256
45077;256
45114;256
45145;256
45178;256
45210;256
