263;4036
383;3916
585;3822
651;3822
718;3570
786;3523
847;3520
907;3510
984;3444
1040;3382
1089;3214
1131;3027
1195;2904
1271;2904
1333;2850
1387;2850
1431;2730
1478;2635
1517;2515
1559;2515
1601;2515
1640;2515
1700;2441
1776;2396
1826;2361
1875;2360
1924;2360
1983;2354
2028;2354
2085;2300
2133;2300
2191;2249
2244;2237
2286;2237
2333;2237
2376;2237
2427;2237
2469;2237
2514;2237
2554;2119
2597;1969
2639;1913
2697;1764
2741;1745
2788;1745
2831;1681
2883;1681
2923;1681
2966;1590
3006;1590
3057;1590
3098;1539
3139;1539
3175;1441
3211;1385
3250;1385
3287;1385
3324;1385
3359;1385
3402;1385
3458;1385
3500;1385
3556;1385
3593;1385
3634;1385
3672;1385
3710;1385
3754;1385
3797;1355
3840;1355
3889;1355
3940;1355
3999;1355
4049;1355
4098;1264
4151;1264
4210;1264
4269;1264
4316;1264
4372;1264
4410;1264
4449;1264
4483;1264
4524;1263
4565;1195
4603;1195
4638;1107
4671;1107
4709;1107
4742;1107
4780;992
4813;992
4851;943
4885;872
4919;872
4952;872
4987;872
5033;872
5069;872
5103;872
5140;872
5175;871
5213;871
5252;871
5289;871
5325;871
5371;871
5406;871
5442;871
5491;871
5532;871
5569;871
5612;871
5676;805
5715;805
5755;805
5793;805
5832;805
5866;805
5900;741
5934;741
5976;741
6014;741
6051;670
6088;670
6123;670
6164;670
6201;670
6242;655
6275;655
6310;655
6344;660
6384;660
6425;536
6474;536
6511;536
6549;536
6583;536
6632;470
6686;470
6735;470
6785;384
6862;384
7003;384
7084;384
7683;384
7724;384
7759;384
7792;384
7827;384
7863;384
7903;384
7936;384
7969;384
8003;384
8038;384
8078;384
8113;384
8146;384
8184;384
8218;358
8258;358
8291;358
8335;358
8383;358
8417;358
8451;358
8485;358
8525;358
8562;353
8605;353
8640;353
8674;353
8712;353
8746;353
8781;353
8817;353
8851;353
8885;353
8941;353
8975;353
9020;303
9065;303
9101;303
9146;302
9184;302
9222;302
9256;302
9289;303
9325;303
9358;303
9393;303
9430;303
9473;303
9511;303
9545;303
9580;303
9615;303
9652;303
9686;303
9721;303
9754;303
9788;303
9825;303
9860;303
9950;303
9986;303
10020;303
10057;303
10104;303
10147;303
10178;303
10214;303
10248;303
10282;303
10325;303
10361;303
10395;303
10437;303
10494;303
10532;303
10565;303
10598;303
10636;303
10669;303
10703;303
10740;303
10777;303
10811;303
10845;303
10879;303
10916;303
10951;303
10984;303
11018;303
11052;303
11089;303
11129;303
11176;303
11216;303
11257;303
11298;303
11343;303
11380;303
11419;303
11454;303
11489;301
11524;301
11559;301
11598;301
11655;299
11713;299
11760;299
11801;299
11835;299
11888;299
11922;299
11970;299
12027;299
12066;299
12100;299
12133;299
12174;299
12216;299
12254;300
12312;300
12346;300
12385;300
12418;300
12451;300
12492;300
12535;300
12575;299
12608;299
12648;299
12703;300
12741;300
12777;300
12812;300
12850;300
12891;300
12925;300
12964;300
12999;300
13034;300
13080;300
13130;299
13180;299
13235;299
13286;299
13323;299
13361;299
13397;299
13434;299
13476;299
13513;299
13575;299
13628;299
13665;299
13699;299
13737;299
13771;299
13805;299
13840;299
13874;299
13907;300
13941;300
13976;300
14015;300
14049;300
14083;300
14116;300
14151;300
14188;300
14232;300
14266;300
14306;263
14342;263
14385;263
14419;263
14463;263
14499;262
14545;262
14580;262
14618;262
14654;262
14690;262
14725;262
14775;262
14813;262
14848;262
14891;262
14927;262
14962;262
14999;262
15033;262
15068;262
15122;262
15178;262
15216;262
15251;262
15286;262
15327;262
15361;262
15416;262
15465;262
15500;262
15533;262
15572;262
15605;262
15639;262
15678;262
15716;262
15750;262
15792;261
15832;261
15870;261
15915;261
15957;261
16020;261
16081;261
16140;261
16202;261
16236;261
16276;261
16311;261
16349;261
16384;261
16437;261
16494;261
16556;261
16621;261
16678;261
16735;261
16796;261
16854;261
16917;261
16972;261
17030;261
17082;261
17146;261
17201;261
17262;261
17322;261
17378;261
17440;261
17498;261
17573;261
17630;261
17689;261
17730;261
17779;261
17815;261
17858;261
17894;261
17929;261
17967;261
18014;261
18047;261
18083;261
18121;261
18157;261
18192;260
18257;260
18325;260
18402;260
18463;260
18525;260
18587;260
18645;260
18720;260
18756;260
18789;260
18823;260
18861;260
18899;260
18940;260
18982;260
19015;260
19047;260
19084;260
19118;260
19153;260
19195;260
19234;260
19271;260
19315;260
19351;260
19389;261
19431;261
19485;261
19540;261
19578;261
19613;261
19650;261
19683;261
19731;261
19791;261
19824;261
19870;261
19932;261
20001;261
20061;261
20120;261
20180;261
20244;261
20303;261
20369;261
20434;261
20482;261
20517;261
20551;261
20584;261
20618;261
20653;261
20687;261
20720;261
20754;261
20807;261
20860;261
20913;261
20971;261
21025;261
21078;261
21131;261
21188;261
21241;261
21287;261
21343;261
21387;268
21426;257
21468;257
21502;257
21537;257
21581;257
21623;257
21657;257
21697;257
21735;257
21769;256
21807;256
21842;256
21880;256
21926;256
21960;256
21995;256
22034;256
22071;256
22109;256
22151;256
22187;256
22227;256
22265;256
22306;256
22376;256
22439;256
22506;256
22589;256
22648;256
22685;256
22722;256
22762;256
22800;256
22849;256
22899;256
22934;256
22974;256
23031;256
23072;256
23110;258
23155;258
23198;258
23256;258
23300;258
23345;258
23394;258
23438;258
23478;258
23518;258
23556;258
23597;258
23634;258
23669;258
23705;258
23739;258
23775;258
23826;258
23864;258
23907;258
23942;258
23981;258
24022;258
24069;258
24108;258
24155;258
24192;259
24237;259
24275;259
24315;259
24357;259
24406;259
24457;259
24527;259
24580;259
24616;259
24653;259
24691;259
24725;259
24770;259
24806;259
24880;259
24943;259
24996;259
25044;259
25114;259
25175;259
25223;259
25281;259
25340;259
25404;259
25459;259
25510;259
25562;259
25611;259
25651;259
25689;259
25727;259
25775;259
25851;259
25909;259
25965;259
26007;259
26042;259
26078;259
26121;259
26156;259
26194;259
26232;259
26276;259
26310;259
26352;261
26387;261
26422;261
26457;261
26495;261
26534;261
26569;262
26605;262
26653;262
26688;262
26723;262
26763;262
26798;262
26835;262
26894;262
26949;262
27025;262
27098;262
27135;262
27171;262
27211;262
27275;262
27342;262
27402;262
27466;262
27524;262
27569;262
27605;262
27641;262
27678;262
27713;258
27778;258
27836;258
27889;258
27948;258
28009;258
28082;258
28120;258
28155;258
28195;258
28260;258
28331;258
28366;258
28407;258
28447;258
28486;258
28520;258
28555;258
28590;257
28623;257
28658;257
28695;257
28733;257
28766;257
28800;257
28833;257
28893;257
28930;257
28976;257
29012;257
29046;257
29080;257
29122;262
29155;262
29189;262
29223;262
29259;262
29292;262
29323;262
29353;262
29387;262
29427;262
29458;262
29495;262
29524;262
29555;262
29586;262
29619;262
29652;262
29681;261
29712;261
29743;261
29773;261
29804;261
29834;261
29864;261
29898;261
29931;261
29961;261
29995;261
30026;261
30062;261
30095;261
30135;261
30165;261
30195;261
30235;261
30269;261
30311;261
30345;261
30376;261
30408;261
30441;261
30472;261
30504;261
30534;261
30569;261
30609;261
30651;261
30685;259
30717;256
30762;256
30823;256
30887;256
30930;256
30982;256
31034;256
31093;256
31150;256
31207;256
31266;256
31324;256
31396;256
31465;256
31552;256
31612;256
31669;256
31725;256
31769;256
31805;256
31836;256
31873;256
31907;256
31938;256
31970;256
32004;256
32039;256
32072;256
32106;256
32136;256
32170;256
32201;256
32236;256
32267;256
32297;256
32328;256
32359;256
32388;256
32420;256
32449;256
32479;256
32509;256
32539;256
32569;256
32599;256
32630;256
32661;256
32702;256
32733;256
32764;256
32799;256
32829;256
32858;256
32888;256
32924;256
32962;256
32993;256
33025;256
33059;256
33096;256
33127;256
33164;256
33194;256
33225;256
33259;256
33290;256
33323;256
33365;256
33396;256
33425;256
33456;256
33484;256
33514;256
33548;256
33584;256
33615;256
33660;256
33692;256
33723;256
33760;256
33791;256
33824;256
33854;256
33885;256
33919;256
33956;256
33996;256
34030;256
34093;256
34144;256
34174;256
34206;256
34241;256
34280;256
34317;256
34349;256
34383;256
34413;256
34443;256
34474;256
34504;256
34553;256
34601;256
34634;256
34669;256
34702;256
34744;256
34776;256
34811;256
34846;256
34883;256
34913;256
34943;256
34974;256
35004;256
35044;256
35076;256
35107;256
35138;256
35167;256
35197;256
35231;256
35265;256
35298;256
35329;256
35360;256
35390;256
35420;256
35451;256
35484;256
35514;256
35548;256
35581;256
35616;256
35646;256
35678;256
35712;257
35742;257
35772;257
35809;257
35843;257
35876;257
35906;257
35937;257
35974;257
36006;257
36036;257
36066;257
36097;257
36136;257
36175;257
36210;257
36244;257
36276;257
36309;257
36342;257
36373;257
36404;257
36438;257
36474;257
36505;257
36536;257
36569;257
36604;257
36633;257
36666;257
36697;257
36727;257
36760;257
36795;257
36829;257
36863;257
36896;257
36926;257
36956;257
36986;257
37017;257
37051;257
37082;257
37112;257
37141;257
37175;257
37211;257
37241;257
37274;257
37307;257
37338;257
37368;257
37398;257
37428;257
37458;257
37488;257
37518;257
37554;257
37587;257
37622;257
37655;257
37684;257
37714;257
37749;257
37785;257
37814;257
37848;257
37880;257
37913;257
37946;257
37977;257
38007;257
38037;257
38072;257
38102;257
38132;257
38169;257
38202;257
38232;257
38261;257
38295;257
38328;257
38365;257
38402;257
38434;257
38474;257
38523;257
38566;257
38624;257
38685;257
38720;257
38750;257
38782;257
38816;257
38846;257
38875;257
38911;257
38940;257
38970;257
39001;257
39030;257
39061;257
39091;257
39121;257
39154;257
39186;257
39220;257
39249;257
39280;257
39312;257
39345;257
39375;257
39409;257
39440;257
39470;257
39500;257
39529;257
39559;256
39590;256
39630;256
39661;256
39690;256
39720;256
39754;257
39783;257
39816;257
39844;257
39875;257
39911;257
39941;257
39980;257
40012;257
40042;257
40076;257
40111;257
40147;257
40177;257
40208;257
40239;257
40274;257
40308;257
40342;257
40373;257
40412;257
40449;257
40481;257
40512;257
40551;257
40584;257
40614;257
40645;257
40677;257
40708;257
40737;257
40775;257
40809;257
40844;257
40877;257
40911;257
40941;257
40979;257
41012;257
41044;257
41075;257
41105;257
41135;257
41164;257
41198;257
41229;257
41262;257
41292;257
41325;257
41363;257
41398;257
41428;257
41462;257
41498;257
41530;257
41562;257
41595;257
41625;257
41665;257
41695;257
41727;257
41763;257
41800;257
41840;257
41898;257
41934;257
41972;257
42006;257
42045;257
42074;257
42119;257
42153;257
42187;257
42223;257
42253;257
42284;257
42318;257
42349;257
42382;257
42412;257
42443;257
42473;257
42503;257
42537;257
42567;257
42603;257
42633;257
42666;257
42700;257
42730;257
42763;257
42799;257
42830;257
42871;257
42924;257
42956;257
42987;257
43023;257
43056;257
43086;257
43116;257
43146;257
43176;257
43207;257
43237;257
43268;257
43298;257
43330;257
43361;257
43391;257
43428;257
43458;257
43493;257
43526;257
43558;257
43593;257
43634;257
43674;257
43721;257
43753;257
43790;257
43821;257
43851;257
43888;257
43918;257
43952;257
43982;257
44019;257
44051;257
44083;257
44124;257
44178;257
44237;257
44271;257
44304;257
44344;257
44374;257
44404;257
44437;257
44467;257
44498;257
44531;257
44568;257
44599;257
44630;257
44661;257
44704;257
44758;257
44802;257
44848;257
44904;257
44955;257
45009;257
45061;257
45109;257
45160;257
45202;257
45239;257
45275;257
45316;257
45367;257
45416;257
45470;257
45527;257
45582;257
45630;257
45678;257
45728;257
45774;257
45813;257
45843;257
45874;257
45904;257
45934;257
45970;257
46008;257
46041;257
46082;257
46132;257
46162;257
46192;257
46223;257
46255;257
46295;257
46325;257
46358;257
46393;257
46431;257
46477;257
46517;257
46564;257
46624;257
46675;257
46719;257
46762;257
46805;257
46848;257
46897;257
46941;257
46995;257
47026;257
47062;257
47104;257
47146;257
47187;257
47233;257
47299;257
47347;257
47396;257
47441;257
47486;257
47522;257
47552;257
47589;257
47619;257
47652;257
47686;257
47716;257
47749;257
47779;257
47822;257
47855;257
47888;257
47922;257
47952;257
47991;257
48022;257
48054;257
48085;257
48121;257
48151;257
48181;257
48235;257
48281;257
48342;257
48391;257
48452;257
48484;257
48519;257
48556;257
48597;257
48643;257
48689;257
48731;257
48766;257
48819;257
48878;257
48928;257
48981;257
49026;257
49081;257
49119;257
49149;257
49186;257
49217;257
49250;257
49291;257
49328;257
49359;257
49390;257
49423;257
49458;257
49489;257
49527;257
49565;257
49620;257
49669;257
49727;257
49791;257
49853;257
49889;257
49935;257
49995;257
50045;257
50084;257
50162;257
50201;257
50245;257
50285;257
50332;257
50379;257
50419;257
50464;257
50507;257
50550;257
50620;257
50676;257
50720;257
50765;257
50813;257
50857;257
50895;257
50930;257
50962;257
51002;257
51043;257
51088;257
51130;257
51175;257
51226;257
51268;257
51316;257
51360;257
51401;257
51447;257
51492;257
51535;257
51578;257
51619;257
51666;257
51715;257
51755;257
51802;257
51852;257
51885;257
51919;257
51950;257
51981;257
52012;257
52045;257
52076;257
52108;257
52151;257
52182;257
52217;257
52253;257
52287;257
52318;257
52356;257
52386;257
52415;257
52445;256
52488;256
52518;256
52549;256
52578;256
52608;256
52638;256
52668;256
52701;256
52733;256
52763;256
52796;256
52827;256
52859;256
52890;256
52930;256
52960;256
52994;256
53028;256
53058;256
53092;256
53124;256
53166;256
53213;256
53256;256
53300;256
53342;256
53373;256
53406;256
53436;256
53474;256
53504;256
53540;256
53570;256
53601;256
53632;256
53676;256
53719;256
53765;256
53808;256
53857;256
53904;256
53946;256
53987;256
54032;256
54074;256
54105;256
54136;256
54174;256
54233;256
54283;256
54331;256
