142;261
296;261
375;261
472;261
563;261
633;261
682;261
724;261
778;261
834;261
872;261
916;261
970;261
1030;261
1089;261
1141;261
1178;261
1225;261
1261;261
1295;261
1339;261
1378;261
1431;261
1500;261
1546;261
1618;261
1662;264
1704;264
1747;264
1787;264
1838;264
1897;264
1948;264
1997;264
2054;264
2104;264
2163;264
2200;264
2236;264
2273;264
2314;264
2357;264
2394;264
2431;264
2474;264
2510;264
2550;264
2588;264
2626;264
2663;264
2699;264
2741;264
2777;264
2815;264
2848;264
2881;264
2923;264
2957;264
2995;264
3032;264
3068;264
3106;264
3139;264
3172;264
3205;264
3239;264
3283;264
3330;264
3377;269
3430;269
3480;269
3532;269
3595;269
3655;269
3699;269
3731;269
3767;269
3801;269
3833;269
3865;269
3899;269
3932;269
3968;269
4002;269
4042;269
4082;269
4121;269
4154;269
4186;269
4222;269
4255;269
4292;269
4324;269
4358;269
4390;269
4425;269
4457;269
4504;269
4536;269
4576;269
4615;266
4651;266
4688;266
4720;266
4752;266
4785;266
4818;261
4853;261
4887;261
4919;262
4955;262
4995;262
5033;262
5066;262
5108;262
5146;262
5179;262
5211;262
5250;262
5286;262
5317;262
5360;262
5413;261
5463;261
5514;261
5562;261
5619;261
5686;261
5734;261
5781;261
5827;261
5874;261
5928;261
5975;261
6031;261
6076;261
6108;261
6141;261
6172;261
6205;261
6243;261
6280;261
6321;261
6355;261
6392;261
6425;261
6469;261
6502;261
6533;261
6566;261
6599;261
6634;261
6671;261
6702;263
6735;263
6768;263
6801;263
6833;263
6865;263
6902;263
6935;263
6974;263
7010;263
7043;263
7076;263
7108;263
7144;263
7181;263
7219;263
7252;263
7284;263
7324;263
7357;263
7388;263
7423;263
7455;263
7488;263
7525;263
7558;263
7591;263
7635;263
7674;263
7708;263
7740;263
7777;263
7809;263
7842;263
7878;263
7911;263
7943;263
7979;263
8019;263
8055;263
8091;263
8122;263
8155;263
8189;263
8221;263
8257;263
8288;263
8320;263
8356;263
8388;263
8420;263
8452;263
8489;262
8521;262
8553;262
8584;262
8623;262
8659;262
8690;262
8725;262
8766;262
8800;262
8837;262
8873;262
8910;262
8942;262
8974;267
9009;267
9044;267
9078;267
9116;267
9148;267
9179;267
9213;267
9245;264
9277;264
9309;264
9345;264
9379;264
9423;264
9456;264
9492;264
9524;264
9557;264
9598;264
9633;264
9673;264
9704;264
9741;264
9774;264
9807;264
9843;265
9876;265
9919;265
9956;265
9992;265
10024;265
10058;265
10093;265
10134;265
10169;265
10207;265
10241;265
10281;265
10313;265
10346;265
10381;260
10420;260
10454;260
10487;260
10528;260
10568;260
10603;260
10637;260
10671;260
10704;260
10743;260
10781;260
10818;260
10853;260
10890;260
10930;260
10973;260
11005;260
11037;260
11074;260
11112;260
11149;260
11188;260
11218;260
11252;260
11284;260
11327;260
11360;260
11394;260
11430;260
11464;260
11500;260
11532;260
11568;260
11601;260
11642;260
11692;260
11724;260
11756;260
11794;260
11827;260
11858;260
11896;260
11928;260
11961;260
11998;260
12029;260
12060;260
12092;260
12127;260
12164;260
12197;260
12229;260
12263;260
12295;260
12328;260
12360;260
12396;260
12434;260
12466;260
12500;260
12536;260
12574;260
12613;260
12647;260
12684;260
12715;260
12752;260
12784;260
12820;260
12855;260
12888;260
12924;260
12955;260
12988;260
13022;260
13055;260
13090;260
13123;260
13154;260
13190;260
13223;260
13256;260
13289;260
13328;260
13359;259
13393;259
13426;259
13461;259
13498;259
13534;260
13570;260
13602;260
13639;260
13677;260
13712;260
13749;260
13781;260
13817;260
13849;260
13887;260
13919;260
13956;260
13992;260
14030;260
14063;260
14099;260
14130;260
14164;260
14200;260
14240;260
14276;260
14308;260
14340;260
14375;260
14407;260
14443;260
14480;259
14513;259
14554;259
14593;260
14625;260
14659;260
14700;260
14736;260
14769;260
14801;260
14835;260
14880;260
14914;260
14947;260
14978;260
15017;260
15049;260
15082;260
15114;260
15149;260
15181;260
15213;260
15250;260
15289;260
15322;260
15358;260
15391;260
15422;260
15452;260
15486;260
15517;260
15549;260
15589;260
15620;260
15657;260
15691;260
15724;260
15757;260
15792;260
15822;260
15859;260
15892;260
15926;260
15962;260
15997;260
16033;260
16071;260
16103;260
16136;260
16170;260
16202;260
16234;260
16266;260
16301;260
16333;260
16364;260
16398;260
16434;261
16475;261
16507;261
16542;261
16573;261
16603;261
16634;261
16670;261
16707;261
16740;261
16774;261
16805;261
16842;261
16879;261
16912;261
16948;261
16981;261
17012;261
17044;261
17081;261
17115;261
17149;261
17181;261
17211;261
17252;261
17285;261
17318;261
17351;261
17387;261
17419;261
17455;261
17490;261
17526;261
17560;261
17600;261
17635;261
17670;261
17709;261
17742;261
17774;261
17807;261
17841;261
17877;261
17912;261
17948;261
17983;261
18015;261
18050;261
18084;261
18122;261
18155;261
18191;261
18223;261
18257;261
18291;261
18332;261
18363;261
18394;261
18437;261
18467;261
18505;261
18539;261
18573;261
18608;261
18646;261
18679;261
18713;262
18747;262
18783;262
18817;262
18855;262
18888;262
18927;262
18958;262
18993;262
19030;261
19064;261
19096;260
19129;260
19160;260
19195;260
19227;260
19261;260
19293;260
19324;260
19364;260
19398;260
19432;260
19468;260
19509;260
19541;260
19573;264
19612;264
19643;264
19677;264
19712;264
19745;264
19781;264
19817;264
19849;264
19881;264
19914;264
19946;264
19985;264
20019;264
20058;264
20089;264
20125;264
20159;264
20191;264
20230;264
20262;264
20300;264
20332;264
20364;264
20400;264
20431;264
20463;264
20495;264
20530;264
20563;264
20594;264
20626;264
20661;264
20696;264
20735;264
20767;264
20799;264
20831;264
20869;264
20901;264
20933;264
20968;264
21019;259
21066;259
21124;259
21166;259
21202;259
21233;259
21265;259
21302;259
21339;259
21375;259
21407;259
21442;259
21474;259
21510;259
21543;259
21575;259
21607;259
21638;259
21674;259
21711;259
21744;259
21777;259
21808;259
21840;259
21872;259
21905;259
21938;259
21973;259
22013;259
22070;259
22130;259
22179;259
22222;259
22258;259
22288;259
22320;259
22351;259
22383;259
22419;259
22455;259
22489;259
22523;259
22563;259
22596;259
22628;259
22660;259
22691;259
22727;259
22758;259
22790;257
22825;257
22863;257
22895;257
22934;257
22964;257
22995;257
23031;257
23066;257
23101;257
23133;257
23169;257
23201;257
23234;257
23265;257
23297;257
23336;257
23367;257
23403;257
23435;257
23478;257
23513;257
23547;257
23578;257
23614;257
23646;257
23679;257
23715;257
23747;257
23779;257
23811;257
23843;257
23879;257
23920;257
23952;257
23983;257
24016;257
24050;257
24082;257
24114;257
24148;257
24179;257
24210;257
24246;257
24278;257
24314;257
24346;257
24378;257
24410;257
24443;257
24473;257
24507;257
24538;257
24573;257
24627;257
24659;257
24692;257
24731;257
24779;261
24815;261
24854;261
24886;261
24921;261
24953;261
24989;261
25020;261
25055;261
25090;261
25129;261
25162;261
25195;261
25227;261
25262;261
25296;261
25334;261
25373;261
25411;261
25442;261
25482;261
25519;261
25551;261
25584;261
25617;261
25649;261
25681;261
25719;261
25752;261
25783;261
25818;261
25849;261
25884;261
25919;261
25951;261
25990;261
26026;261
26061;261
26093;261
26125;261
26161;261
26201;261
26241;261
26273;261
26303;261
26343;261
26382;261
26413;261
26452;261
26488;257
26520;257
26551;259
26584;259
26616;259
26654;259
26690;259
26722;259
26753;259
26790;259
26827;259
26860;259
26893;259
26924;259
26955;259
26987;259
27024;259
27057;259
27090;259
27123;259
27158;259
27191;259
27222;259
27262;259
27294;259
27325;259
27355;259
27387;259
27419;259
27450;257
27486;257
27521;257
27556;257
27592;257
27628;257
27660;257
27697;257
27731;257
27766;257
27797;257
27832;257
27867;257
27902;257
27945;257
27977;257
28009;257
28042;257
28078;257
28112;257
28147;257
28181;257
28211;257
28243;257
28276;257
28308;257
28339;256
28371;256
28402;256
28455;256
28511;256
28542;256
28576;256
28609;256
28642;256
28676;256
28708;256
28765;256
28803;257
28843;257
28876;257
28909;257
28940;257
28978;257
29010;257
29041;257
29077;257
29109;257
29142;257
29178;257
29209;257
29241;257
29271;257
29308;257
29345;257
29377;257
29409;257
29442;257
29472;257
29505;257
29541;257
29579;257
29612;257
29644;257
29681;257
29713;257
29746;256
29778;256
29810;256
29840;256
29877;256
29912;256
29950;256
29985;256
30025;256
30058;256
30096;256
30131;256
30162;256
30196;256
30228;256
30265;256
30297;256
30332;256
30365;256
30396;256
30428;256
30459;258
30491;258
30523;258
30558;258
30598;258
30635;258
30671;258
30701;258
30735;258
30768;258
30800;258
30836;258
30870;258
30904;258
30938;258
30975;258
31006;258
31041;258
31074;258
31106;258
31138;258
31170;258
31206;258
31246;258
31277;258
31307;258
31339;258
31371;258
31404;258
31439;258
31475;258
31514;258
31545;258
31576;258
31613;258
31652;258
31685;258
31729;258
31768;258
31803;258
31834;258
31866;258
31898;258
31939;258
31975;258
32006;258
32038;263
32074;264
32113;264
32144;264
32175;263
32205;263
32236;263
32265;263
32298;263
32329;263
32361;263
32395;263
32430;263
32462;263
32498;263
32532;263
32563;263
32595;263
32627;263
32659;263
32691;263
32724;263
32757;263
32789;263
32825;263
32859;263
32890;263
32924;263
32963;263
32999;263
33035;263
33067;263
33106;263
33138;263
33170;263
33204;263
33254;263
33292;263
33326;263
33357;263
33388;263
33422;263
33453;263
33484;263
33515;263
33548;263
33590;263
33625;263
33657;263
33688;263
33720;263
33771;263
33816;263
33848;263
33884;263
33914;263
33944;263
33975;263
34007;263
34050;263
34082;263
34123;263
34158;263
34192;263
34225;263
34258;263
34292;263
34323;263
34353;263
34385;263
34420;263
34452;263
34482;263
34515;263
34546;263
34578;263
34610;263
34645;263
34680;263
34710;263
34743;263
34780;263
34841;263
34874;263
34907;263
34939;263
34972;263
35007;263
35038;263
35087;263
35118;263
35165;263
35204;263
35239;263
35274;263
35307;263
35339;263
35369;263
35401;263
35434;263
35469;263
35501;263
35535;263
35566;263
35600;263
35632;263
35663;263
35696;263
35729;263
35775;263
35828;263
35860;263
35893;263
35925;263
35958;263
35993;263
36024;263
36056;263
36093;263
36140;263
36177;263
36210;263
36243;263
36278;263
36324;263
36368;263
36402;263
36438;258
36474;258
36520;258
36556;258
36591;258
36624;258
36658;258
36696;258
36729;258
36762;258
36794;258
36827;258
36866;258
36898;258
36930;258
36961;258
36996;258
37027;258
37060;258
37092;258
37130;258
37162;258
37193;258
37232;258
37263;258
37294;258
37325;258
37357;258
37389;258
37427;258
37459;258
37491;258
37521;258
37553;258
37589;258
37622;259
37654;259
37686;259
37719;259
37756;259
37813;259
37856;259
37903;259
37935;259
37973;259
38004;259
38035;259
38066;259
38098;259
38132;259
38170;259
38202;259
38242;259
38280;259
38317;259
38349;259
38384;259
38415;259
38447;259
38479;259
38511;259
38542;259
38581;259
38610;259
38655;259
38687;259
38719;259
38758;259
38790;259
38829;259
38861;259
38897;259
38929;259
38966;259
39002;259
39041;259
39076;259
39107;259
39140;259
39172;259
39206;259
39240;259
39272;259
39307;259
39345;259
39381;259
39430;259
39465;259
39498;259
39544;259
39576;259
39612;259
39645;259
39676;259
39708;259
39744;259
39780;259
39814;259
39858;259
39891;259
39926;259
39956;259
39987;259
40023;259
40060;259
40097;259
40131;259
40161;259
40192;259
40228;259
40265;259
40298;259
40330;259
40361;259
40393;259
40428;259
40460;259
40491;259
40522;259
40553;259
40584;259
40617;259
40651;260
40683;260
40715;260
40750;260
40781;260
40818;260
40848;260
40881;260
40913;260
40946;260
40981;260
41013;260
41046;260
41078;260
41110;260
41145;260
41176;260
41215;260
41247;260
41282;260
41314;260
41347;260
41377;260
41410;260
41446;260
41481;260
41515;260
41553;260
41585;260
41616;260
41656;260
41689;260
41725;260
41757;260
41789;260
41822;260
41859;260
41890;260
41927;260
41967;260
41999;260
42033;260
42064;260
42097;260
42130;260
42166;260
42197;260
42228;260
42260;260
42295;262
42329;262
42360;262
42395;262
42426;262
42459;262
42493;262
42525;262
42559;262
42596;262
42628;262
42664;262
42696;262
42732;262
42773;262
42804;262
42835;262
42872;262
42905;262
42945;262
42983;262
43019;262
43050;262
43084;262
43115;262
43155;262
43193;262
43226;262
43261;262
43293;262
43328;262
43369;262
43401;262
43437;262
43480;262
43513;262
43546;262
43586;262
43616;262
43654;262
43690;262
43729;262
43765;262
43801;262
43836;261
43874;261
43917;261
43949;261
43988;261
44027;261
44058;261
44090;261
44124;261
44157;261
44193;261
44225;261
44257;261
44295;261
44328;261
44369;261
44410;261
44444;261
44480;261
44516;261
44546;261
44585;261
44617;261
44651;261
44685;261
44722;261
44753;261
44789;261
44827;261
44861;261
44901;261
44933;261
44970;261
45007;261
45039;261
45078;261
45113;261
45149;261
45188;261
45220;261
45251;261
45283;261
45314;261
45346;262
45378;262
45414;262
45446;262
45480;262
45512;262
45545;262
45578;262
45610;262
45646;262
45678;262
45711;262
45750;262
45798;262
45832;262
45868;262
45900;262
45934;262
45970;262
46003;262
46040;262
46074;262
46110;262
46146;262
46179;262
46210;262
46243;262
46277;262
46313;262
46347;261
46383;261
46414;261
46451;261
46483;261
46525;261
46556;261
46588;261
46620;261
46651;261
46688;261
46725;261
46763;261
46797;261
46830;261
46863;261
46895;261
46932;261
46965;261
46999;261
47032;261
47072;261
47110;261
47142;261
47175;261
47210;261
47240;261
47273;261
47304;261
47341;261
47377;261
47423;261
47457;261
47490;261
47529;261
47561;261
47592;261
47626;261
47660;261
47694;261
47728;261
47767;261
47797;261
47840;261
47873;261
47906;261
47946;261
47983;261
48025;261
48059;261
48090;261
48121;261
48153;261
48192;261
48229;261
48264;261
48303;261
48333;261
48366;261
48397;261
48429;261
48468;261
48501;261
48536;261
48572;261
48610;261
48647;261
48686;261
48722;261
48753;261
48785;261
48827;261
48858;261
48889;261
48924;261
48960;261
48990;261
49026;261
49057;261
49088;261
49130;261
49161;261
49194;261
49229;261
49261;261
49296;261
49330;261
49365;261
49399;261
49430;261
49466;261
49497;261
49534;261
49566;261
49598;261
49633;261
49668;261
49721;261
49752;261
49783;261
49816;261
49865;261
49913;261
49945;261
49984;261
50023;261
50058;261
50091;261
50124;261
50174;261
50208;261
50240;261
50276;261
50308;261
50340;261
50379;261
50412;261
50443;261
50477;261
50508;261
50540;261
50573;261
50605;261
50639;261
50675;261
50706;261
50744;261
50777;261
50808;261
50843;261
50880;262
50913;262
50946;262
50978;262
51011;262
51042;262
51079;262
51112;262
51144;262
51175;262
51207;262
51243;262
51276;262
51307;262
51338;262
51371;262
51402;262
51433;262
51471;262
51507;262
51538;262
51573;262
51605;262
51642;262
51693;262
51731;262
51768;262
51821;262
51864;262
51912;262
51944;262
51978;262
52014;262
52057;262
52092;261
52129;261
52164;261
52195;261
52227;261
52259;261
52291;261
52324;261
52361;261
52394;261
52425;261
52460;261
52493;261
52529;261
52560;261
52595;261
52627;261
52659;261
52692;261
52728;261
52766;261
52801;261
52831;261
52863;261
52900;261
52935;261
52971;261
53003;261
53037;261
53070;261
53106;261
53139;261
53172;261
53205;261
53254;261
53286;261
53317;261
53353;261
53384;261
53421;261
53456;261
53491;261
53524;261
53563;261
53600;261
53653;261
53685;261
53731;261
53767;261
53800;261
53838;261
53893;261
53940;261
53976;261
54014;261
54046;261
54078;261
54113;261
54145;261
54177;261
54209;261
54242;261
54272;261
54303;261
54334;261
54370;261
54402;261
54435;261
54469;261
54501;261
54540;261
54576;261
54610;261
54643;261
54691;261
54750;261
54818;261
54865;261
54915;261
54971;261
55038;261
55104;261
55187;261
55257;261
55292;261
55326;261
55365;261
55395;261
55435;261
55480;261
55511;261
55548;261
55585;261
55619;261
55652;261
55687;261
55733;261
55764;261
55799;261
55832;261
55869;261
55915;261
55948;261
55984;261
56023;261
56055;261
56089;261
56122;261
56156;261
56188;261
56221;261
56255;261
56288;261
56341;261
56380;261
56411;261
56446;261
56480;261
56512;261
56551;261
56582;261
56612;261
56644;261
56676;261
56714;261
56749;261
56786;261
56816;261
56850;261
56883;261
56916;261
56952;261
56982;261
57018;261
57054;261
57089;261
57129;261
57162;261
57194;261
57230;261
57269;261
57305;261
57342;261
57374;261
57406;261
57448;261
57480;261
57511;261
57547;261
57584;261
57622;261
57654;261
57690;261
57730;261
57766;261
57798;261
57833;261
57873;261
57926;261
57969;261
58001;261
58033;261
58069;261
58102;261
58138;261
58174;261
58205;261
58240;261
58277;261
58315;261
58346;261
58377;261
58408;261
58440;261
58473;261
58507;261
58538;261
58572;261
58620;261
58650;261
58683;261
58714;261
58750;261
58784;261
58815;261
58845;261
58880;261
58913;261
58951;261
58986;261
59025;261
59060;261
59091;261
59127;261
59160;261
59193;261
59228;261
59265;261
59298;261
59329;261
59361;261
