1441;70
1826;70
2214;70
2589;70
2957;70
3340;70
3690;70
4039;70
4487;70
4930;70
5288;70
5630;70
5977;70
6338;70
6680;70
7017;70
7356;70
7727;70
8159;70
8508;70
8878;70
9298;70
9658;70
10009;70
10361;70
10703;70
11065;70
11404;70
11752;70
12092;70
12428;70
12764;70
13103;70
13432;70
13752;70
14091;70
14422;70
14764;70
15127;70
15458;70
15769;70
16079;70
16383;70
16683;70
17065;70
17427;70
17708;70
17987;70
18263;70
18535;70
18808;70
19066;70
19320;70
19573;70
19823;70
20065;70
20302;70
20533;70
20828;70
21220;70
21623;70
21927;70
22270;70
22505;70
22923;65
23157;65
23573;64
23904;64
24225;64
24601;64
24949;64
25436;62
25717;62
26017;62
26236;62
26441;62
26652;62
26881;62
27078;62
27308;62
27496;62
27677;62
27848;62
28082;62
28253;62
28420;62
28583;62
28756;62
28921;62
29086;62
29255;62
29425;62
29607;62
29784;62
29964;62
30151;62
30337;62
30527;62
30725;62
30917;62
31112;62
31280;62
31445;62
31620;62
31790;62
31960;62
32137;62
32310;62
32477;62
32650;62
32822;62
32992;62
33185;62
33352;62
33515;62
33680;62
33854;62
34023;62
34227;62
34471;62
34698;62
34958;62
35202;62
35390;62
35580;62
35749;62
35922;62
36098;62
36274;62
36444;62
36617;62
36785;62
36954;62
37124;62
37325;62
37501;62
37668;62
37837;62
38010;62
38175;62
38341;62
38513;62
38684;62
38857;62
39027;62
39198;62
39365;62
39531;62
39696;62
39859;62
40023;62
40193;62
40355;62
40517;62
40677;62
40837;62
41001;62
41168;62
41332;62
41506;62
41672;62
41838;62
42009;62
42183;62
42348;62
42512;62
42692;62
42859;62
43025;62
43194;62
43363;62
43530;62
43697;62
43862;62
44029;62
44192;62
44359;62
44520;62
44681;62
44844;62
45008;62
45178;62
45337;62
45500;62
45668;62
45836;62
46012;62
46190;62
46366;62
46550;62
46731;62
46909;62
47077;62
47246;62
47423;62
47596;62
47771;62
47938;62
48123;62
48297;62
48468;62
48643;62
48823;62
48992;62
49167;62
49334;62
49507;62
49685;62
49858;62
50031;62
50204;62
50368;62
50535;62
50705;62
50874;62
51050;62
51246;62
51428;62
51608;62
51798;62
51984;62
52158;62
52329;62
52505;62
52674;62
52867;62
53036;62
53205;62
53371;62
53543;62
53780;62
53981;62
54187;62
54359;62
54521;62
54688;62
54850;62
55022;62
55200;62
55371;62
55538;62
55711;62
55894;62
56071;62
56240;62
56409;62
56570;62
56735;62
56904;62
57067;62
57236;62
57405;62
57567;62
57738;62
57914;62
58086;62
58255;62
58429;62
58600;62
58767;62
58941;62
59117;62
59288;62
59474;62
59654;62
59844;62
60037;62
60240;62
60414;62
60584;62
60755;62
60928;62
61111;62
61282;62
61453;62
61630;62
61804;62
62000;62
62195;62
62373;62
62549;62
62715;62
62924;62
63141;62
63382;62
63641;62
63885;62
64068;62
64222;62
64435;62
64601;62
64750;62
64895;62
65036;62
65208;62
65385;62
65587;62
65740;62
65888;62
66078;62
66252;62
66395;62
66538;62
66713;62
66853;62
66999;62
67150;62
67292;62
67440;62
67580;62
67732;62
67875;62
68020;62
68178;62
68329;62
68475;62
68619;62
68766;62
68909;62
69058;62
69263;62
69451;62
69597;62
69766;62
69911;62
70054;62
70207;62
70351;62
70497;62
70638;62
70783;62
70938;62
71078;62
71229;62
71391;62
71530;62
71680;62
71821;62
71966;62
72113;62
72260;62
72405;62
72544;62
72694;62
72836;62
72978;62
73131;62
73292;62
73444;62
73596;62
73762;62
73908;62
74052;62
74205;62
74348;62
74493;62
74637;62
74785;62
74930;62
75078;62
75240;62
75391;62
75534;62
75687;62
75835;62
75984;62
76133;62
76282;62
76423;62
76563;62
76712;62
76855;62
76994;62
77141;62
77287;62
77434;62
77578;62
77730;62
77876;62
78020;62
78179;62
78324;62
78474;62
78613;62
78768;62
78916;62
79065;62
79211;62
79353;62
79498;62
79640;62
79789;62
79935;62
80076;62
80232;62
80378;62
80523;62
80667;62
80813;62
80961;62
81127;62
81273;62
81419;62
81565;62
81715;62
81855;62
82002;62
82158;62
82304;62
82450;62
82590;62
82739;62
82885;62
83026;62
83195;62
83348;62
83491;62
83640;62
83787;62
83930;62
84078;62
84237;62
84380;62
84521;62
84663;62
84807;62
84951;62
85109;62
85271;62
85431;62
85584;62
85735;62
85881;62
86026;62
86171;62
86321;62
86464;62
86604;62
86758;62
86899;62
87043;62
87201;62
87343;62
87491;62
87637;62
87782;62
87927;62
88073;62
88242;62
88386;62
88528;62
88671;62
88815;62
88961;62
89115;62
89279;62
89431;62
89572;62
89730;62
89876;62
90021;62
90172;62
90321;62
90467;62
90608;62
90759;62
90905;62
91052;62
91203;62
91350;62
91496;62
91641;62
91793;62
91941;62
92086;62
92240;62
92387;62
92528;62
92672;62
92832;62
92976;62
93142;62
93288;62
93431;62
93572;62
93719;62
93861;62
94007;62
94162;62
94308;62
94456;62
94598;62
94754;62
94900;62
95048;62
95202;62
95346;62
95492;62
95634;62
95782;62
95932;62
96081;62
96234;62
96379;62
96520;62
96671;62
96818;62
96963;62
97107;62
97259;62
97404;62
97550;62
97694;62
97844;62
97988;62
98134;62
98285;62
98427;62
98574;62
98724;62
98866;62
99016;62
99180;62
99327;62
99472;62
99614;62
99766;62
99911;62
100060;62
100213;62
100356;62
100516;62
100663;62
100810;62
100965;62
101115;62
101271;62
101416;62
101555;62
101709;62
101853;62
101998;62
102163;62
102307;62
102451;62
102592;62
102742;62
102884;62
103026;62
103179;62
103323;62
103475;62
103620;62
103770;62
103915;62
104057;62
104209;62
104351;62
104493;62
104638;62
104782;62
104928;62
105070;62
105223;62
105367;62
105512;62
105657;62
105800;62
105947;62
106088;62
106241;62
106380;62
106526;62
106676;62
106823;62
106970;62
107112;62
107264;62
107408;62
107548;62
107695;62
107840;62
107984;62
108132;62
108288;62
108434;62
108576;62
108731;62
108872;62
109020;62
109167;62
109319;62
109466;62
109606;62
109761;62
109908;62
110051;62
110197;62
110348;62
110494;62
110639;62
110802;62
110952;62
111100;62
111255;62
111405;62
111549;62
111693;62
111843;62
111990;62
112146;62
112293;62
112451;62
112589;62
112736;62
112882;62
113024;62
113171;62
113327;62
113472;62
113628;62
113838;62
114030;62
114184;62
114333;62
114483;62
114625;62
114778;62
114925;62
115070;62
115218;62
115368;62
115510;62
115653;62
115799;62
115954;62
116095;62
116246;62
116389;62
116532;62
116677;62
116825;62
116969;62
117120;62
117273;62
117430;62
117570;62
117714;62
117861;62
118006;62
118152;62
118299;62
118445;62
118586;62
118738;62
118879;62
119026;62
119181;62
119325;62
119470;62
119607;62
119754;62
119900;62
120040;62
120186;62
120328;62
120476;62
120621;62
120775;62
120928;62
121079;62
121230;62
121375;62
121522;62
121674;62
121821;62
121965;62
122113;62
122271;62
122503;62
122646;62
122833;62
123049;62
123257;62
123404;62
123547;62
123696;62
123845;62
123991;62
124155;62
124303;62
124449;62
124589;62
124733;62
124880;62
125026;62
125178;62
125328;62
125474;62
125615;62
125768;62
125912;62
126055;62
126203;62
126354;62
126504;62
126655;62
126803;62
126946;62
127089;62
127234;62
127382;62
127528;62
127670;62
127818;62
127962;62
128107;62
128267;62
128415;62
128559;62
128707;62
128853;62
129001;62
129163;62
129384;62
129527;62
129677;62
129838;62
129985;62
130129;62
130286;62
130433;62
130574;62
130723;62
130876;62
131033;62
131190;62
131343;62
131488;62
131632;62
131788;62
131933;62
132085;62
132230;62
132376;62
132519;62
132662;62
132812;62
132956;62
133100;62
133245;62
133389;62
133533;62
133678;62
133827;62
133969;62
134112;62
134267;62
134417;62
134562;62
134710;62
134861;62
135006;62
135155;62
135304;62
135455;62
135597;62
135750;62
135915;62
136063;62
136208;62
136357;62
136502;62
136643;62
136796;62
136943;62
137091;62
137237;62
137388;62
137545;62
137690;62
137838;62
137985;62
138129;62
138282;62
138429;62
138570;62
138715;62
138860;62
139005;62
139147;62
139296;62
139442;62
139580;62
139725;62
139873;62
140017;62
140158;62
140306;62
140450;62
140594;62
140742;62
140890;62
141039;62
141192;62
141353;62
141496;62
141635;62
141791;62
141949;62
142112;62
142260;62
142408;62
142547;62
142696;62
142846;62
142991;62
143136;62
143286;62
143430;62
143585;62
143732;62
143880;62
144033;62
144181;62
144328;62
144474;62
144618;62
144769;62
144910;62
145055;62
145200;62
145348;62
145495;62
145636;62
145788;62
145933;62
146076;62
146223;62
146371;62
146515;62
146677;62
146822;62
146965;62
147116;62
147267;62
147418;62
147563;62
147710;62
147857;62
148004;62
148158;62
148311;62
148466;62
148606;62
148755;62
148903;62
149048;62
149195;62
149347;62
149492;62
149634;62
149792;62
149935;62
150082;62
150228;62
150375;62
150519;62
150661;62
150808;62
150954;62
151101;62
151252;62
151402;62
151547;62
151691;62
151835;62
151983;62
152125;62
152276;62
152419;62
152561;62
152702;62
152850;62
152993;62
153138;62
153289;62
153432;62
153570;62
153712;62
153860;62
154004;62
154159;62
154307;62
154455;62
154598;62
154742;62
154889;62
155032;62
155176;62
155323;62
155472;62
155614;62
155759;62
155918;62
156063;62
156208;62
156356;62
156503;62
156646;62
156798;62
156947;62
157089;62
157234;62
157381;62
157529;62
157670;62
157817;62
157966;62
158108;62
158253;62
158400;62
158548;62
158694;62
158841;62
158993;62
159148;62
159298;62
159445;62
159585;62
159731;62
159874;62
160019;62
160165;62
160312;62
160460;62
160613;62
160757;62
160902;62
161049;62
161197;62
161340;62
161485;62
161629;62
161779;62
161923;62
162069;62
162218;62
162368;62
162511;62
162659;62
162808;62
162953;62
163099;62
163240;62
163389;62
163531;62
163691;62
163839;62
163984;62
164127;62
164277;62
164427;62
164570;62
164715;62
164861;62
165005;62
165172;62
165320;62
165467;62
165609;62
165753;62
165903;62
166051;62
166197;62
166342;62
166493;62
166645;62
166805;62
166950;62
167098;62
167246;62
167395;62
167542;62
167688;62
167836;62
167983;62
168128;62
168282;62
168435;62
168573;62
168718;62
168864;62
169010;62
169156;62
169304;62
169451;62
169591;62
169736;62
169885;62
170027;62
170169;62
170314;62
170463;62
170605;62
170758;62
170910;62
171065;62
171217;62
171373;62
171517;62
171655;62
171807;62
171953;62
172104;62
172249;62
172398;62
172542;62
172685;62
172832;62
172979;62
173125;62
173269;62
173418;62
173561;62
173767;62
173953;62
174136;62
174278;62
174432;62
174575;62
174721;62
174872;62
175019;62
175165;62
175320;62
175463;62
175605;62
175752;62
175916;62
176063;62
176209;62
176356;62
176508;62
176653;62
176809;62
176956;62
177116;62
177261;62
177411;62
177557;62
177697;62
177843;62
177987;62
178128;62
178272;62
178422;62
178563;62
178711;62
178861;62
179014;62
179164;62
179315;62
179464;62
179605;62
179753;62
179898;62
180046;62
180199;62
180345;62
180495;62
180637;62
180786;62
180940;62
181088;62
181234;62
181381;62
181528;62
181672;62
181820;62
181962;62
182109;62
182252;62
182403;62
182547;62
182691;62
182837;62
182980;62
183130;62
183276;62
183428;62
183581;62
183731;62
183880;62
184028;62
184181;62
184329;62
184478;62
184621;62
184764;62
184911;62
185059;62
185208;62
185353;62
185501;62
185645;62
185790;62
185941;62
186092;62
186235;62
186385;62
186527;62
186671;62
186820;62
186965;62
187111;62
187257;62
187405;62
187554;62
187700;62
187848;62
187995;62
188152;62
188299;62
188456;62
188596;62
188743;62
188893;62
189042;62
189240;62
189428;62
189585;62
189745;62
189892;62
190040;62
190191;62
190339;62
190488;62
190629;62
190777;62
190928;62
191076;62
191222;62
191403;62
191616;62
191850;62
192082;62
192337;62
192505;62
192738;62
192974;62
193187;62
193399;62
193643;62
193873;62
194051;62
194265;62
194482;62
194651;62
194849;62
195128;62
195341;62
195537;62
195751;62
195936;62
196107;62
196279;62
196446;62
196616;62
196789;62
196964;62
197139;62
197318;62
197490;62
197657;62
197834;62
198003;62
198179;62
198355;62
198523;62
198684;62
198856;62
199037;62
199200;62
199403;62
199604;62
199788;62
199949;62
200111;62
200294;62
200517;62
200752;62
200932;62
201121;62
201303;62
201475;62
201654;62
201886;62
202143;62
202348;62
