176;3858
272;3787
348;3672
403;3541
469;3535
517;3442
560;3290
627;3197
666;3151
710;3080
750;2988
794;2912
846;2774
890;2682
943;2682
978;2550
1015;2524
1050;2524
1086;2524
1127;2425
1162;2423
1226;2292
1274;2197
1336;2197
1403;2108
1476;2108
1528;2012
1602;1976
1644;1924
1688;1924
1726;1924
1770;1853
1817;1853
1860;1853
1903;1853
1939;1853
1992;1828
2028;1764
2064;1727
2103;1674
2138;1674
2181;1653
2216;1653
2258;1545
2296;1545
2337;1545
2375;1545
2412;1480
2447;1480
2484;1480
2530;1458
2565;1458
2604;1454
2645;1454
2695;1454
2737;1454
2778;1454
2814;1455
2862;1424
2900;1424
2946;1281
2989;1281
3036;1281
3075;1281
3136;1281
3174;1280
3209;1280
3255;1280
3299;1280
3367;1280
3436;1280
3501;1175
3570;1175
3621;1175
3666;1175
3723;1055
3774;977
3834;954
3880;922
3912;922
3945;922
3983;895
4021;824
4064;824
4100;824
4136;824
4174;824
4205;824
4242;823
4273;823
4304;823
4338;823
4370;823
4402;823
4434;823
4472;823
4507;823
4538;823
4570;825
4605;741
4646;741
4689;741
4727;741
4765;734
4807;734
4843;734
4882;734
4922;734
4953;734
4985;734
5018;734
5050;734
5082;734
5117;734
5151;734
5183;734
5214;734
5256;734
5290;556
5325;556
5358;556
5394;556
5430;556
5462;556
5494;556
5526;556
5562;556
5594;556
5626;556
5659;555
5694;535
5727;535
5764;442
5797;420
5835;420
5871;420
5910;420
5949;420
5997;420
6043;420
6087;420
6130;420
6179;420
6248;420
6279;420
6313;420
6351;420
6384;420
6421;420
6459;420
6489;420
6522;420
6553;420
6584;420
6618;420
6652;420
6684;420
6718;420
6748;420
6779;420
6811;420
6842;420
6873;420
6905;420
6939;420
6987;420
7039;420
7083;420
7131;420
7180;420
7227;420
7275;420
7325;420
7372;420
7417;420
7469;420
7508;420
7544;420
7577;421
7617;421
7654;421
7690;421
7735;421
7789;421
7827;421
7864;421
7899;421
7934;421
7971;421
8004;421
8040;421
8092;421
8140;424
8190;424
8242;424
8283;424
8323;425
8370;425
8420;425
8464;425
8510;425
8555;425
8608;425
8661;425
8716;356
8769;356
8814;356
8859;356
8905;356
8950;356
8994;356
9040;356
9086;354
9132;354
9182;354
9216;354
9254;354
9327;354
9369;299
9410;299
9441;299
9474;299
9512;277
9543;277
9580;277
9616;277
9653;277
9690;277
9727;277
9759;277
9791;277
9828;277
9860;277
9893;277
9927;277
9959;277
9993;276
10040;269
10089;269
10131;269
10177;269
10225;269
10286;269
10323;269
10356;269
10398;269
10431;269
10462;269
10495;269
10532;269
10565;269
10598;269
10632;269
10667;269
10698;269
10731;269
10774;269
10805;269
10879;269
10924;269
10970;269
11013;269
11056;269
11097;269
11142;269
11190;269
11239;269
11273;269
11303;269
11341;269
11372;269
11403;269
11434;269
11468;269
11500;269
11532;269
11565;269
11599;269
11630;269
11662;269
11695;269
11727;269
11764;269
11799;269
11832;269
11864;269
11904;269
11938;269
11975;269
12016;269
12062;269
12109;269
12156;269
12205;269
12250;269
12296;269
12337;264
12368;264
12412;264
12451;264
12483;264
12513;264
12550;264
12585;264
12622;264
12653;264
12685;264
12715;264
12752;264
12790;264
12822;264
12853;264
12886;264
12917;264
12953;264
12986;264
13019;264
13057;264
13090;264
13121;264
13153;264
13189;264
13224;264
13261;264
13295;264
13327;264
13358;264
13390;264
13425;266
13456;266
13487;266
13518;266
13550;266
13584;266
13615;264
13646;264
13678;264
13708;264
13740;264
13772;264
13805;265
13839;265
13874;265
13906;265
13956;265
13994;265
14026;265
14058;265
14090;265
14122;265
14161;264
14195;264
14231;264
14290;264
14340;264
14383;264
14438;264
14480;264
14524;264
14572;264
14607;264
14637;264
14671;264
14703;264
14734;264
14768;264
14802;264
14834;264
14867;264
14908;264
14959;264
15003;264
15048;264
15098;264
15148;264
15197;264
15247;264
15298;264
15348;264
15401;264
15448;264
15499;264
15553;264
15630;264
15678;264
15720;264
15769;264
15811;264
15862;264
15906;264
15944;264
15981;264
16013;263
16047;263
16081;263
16114;263
16148;263
16180;263
16212;263
16243;263
16274;263
16307;263
16338;263
16370;263
16405;263
16438;263
16470;263
16506;263
16539;263
16573;263
16615;263
16653;263
16692;266
16722;266
16759;266
16803;266
16836;266
16868;266
16899;266
16931;266
16962;266
16996;266
17040;266
17080;266
17112;266
17146;266
17178;266
17208;266
17237;266
17272;266
17303;266
17334;266
17365;266
17399;265
17432;265
17466;265
17499;265
17535;266
17565;266
17597;266
17630;266
17664;266
17695;266
17728;266
17763;266
17799;266
17832;266
17864;266
17899;266
17930;266
17971;266
18001;266
18031;266
18062;266
18092;266
18122;266
18153;266
18186;266
18217;266
18250;266
18281;266
18312;266
18342;266
18377;266
18411;266
18444;266
18479;266
18511;266
18545;266
18590;266
18628;266
18660;266
18694;266
18727;266
18761;266
18792;266
18822;266
18853;266
18884;266
18914;266
18944;266
18975;266
19006;266
19037;266
19070;266
19100;266
19132;266
19166;266
19197;266
19228;266
19259;266
19296;266
19330;266
19360;266
19389;266
19425;266
19460;266
19493;266
19524;266
19554;266
19587;266
19618;266
19648;266
19678;266
19709;266
19739;266
19774;266
19804;266
19834;266
19865;266
19896;266
19927;266
19961;266
19993;266
20024;266
20059;266
20089;266
20122;266
20157;266
20191;266
20222;266
20251;267
20284;267
20314;267
20348;267
20379;267
20413;267
20447;267
20479;267
20511;267
20542;267
20577;267
20607;267
20638;267
20667;267
20698;267
20731;267
20764;267
20798;267
20831;267
20864;267
20901;267
20931;267
20964;267
21007;267
21037;267
21070;267
21101;267
21131;266
21164;266
21197;266
21231;266
21261;266
21291;266
21326;266
21356;266
21390;266
21421;266
21453;266
21489;266
21525;266
21558;266
21589;266
21620;266
21655;266
21686;266
21719;266
21754;266
21792;266
21824;266
21854;266
21888;266
21917;266
21951;266
21991;266
22024;266
22057;266
22088;266
22118;266
22150;266
22185;266
22222;266
22251;266
22285;266
22318;266
22351;266
22381;266
22415;266
22445;266
22482;266
22516;266
22547;266
22577;266
22611;266
22650;266
22705;266
22760;267
22794;267
22829;267
22859;267
22897;267
22931;267
22962;267
22992;267
23023;267
23059;267
23089;267
23120;267
23155;268
23186;268
23218;268
23253;268
23287;268
23322;268
23352;268
23387;268
23421;268
23451;265
23482;264
23518;264
23553;264
23582;264
23617;264
23648;264
23681;264
23712;264
23748;264
23780;264
23810;264
23841;264
23872;264
23904;264
23935;264
23969;264
23999;264
24033;264
24063;264
24098;264
24130;264
24161;264
24193;264
24224;264
24254;264
24286;264
24316;264
24347;264
24380;264
24410;264
24440;264
24471;264
24505;264
24535;262
24565;262
24602;262
24632;262
24666;262
24698;262
24732;262
24765;262
24797;262
24829;262
24862;262
24896;262
24926;261
24961;261
24992;261
25023;261
25056;261
25087;261
25118;261
25148;261
25192;261
25222;261
25253;261
25286;261
25323;261
25354;261
25384;261
25418;261
25448;262
25479;262
25516;262
25548;262
25579;262
25612;262
25643;262
25677;262
25711;262
25743;262
25776;262
25808;262
25842;262
25873;262
25904;262
25934;262
25967;262
25998;262
26028;262
26061;262
26090;262
26123;262
26154;262
26188;262
26220;262
26252;262
26290;262
26324;262
26356;262
26392;262
26422;262
26452;262
26482;262
26514;262
26544;262
26573;262
26604;262
26637;262
26670;262
26699;262
26734;262
26766;262
26802;262
26835;262
26866;262
26902;262
26935;262
26968;262
27001;262
27033;262
27064;262
27093;262
27128;262
27160;262
27193;262
27234;262
27274;262
27315;262
27348;262
27384;262
27421;262
27454;262
27486;262
27521;262
27554;262
27596;262
27638;263
27671;263
27712;263
27746;262
27802;262
27844;262
27878;262
27916;262
27953;262
27989;262
28026;262
28068;262
28105;262
28139;262
28176;262
28210;262
28243;262
28278;262
28310;262
28350;262
28387;262
28427;262
28461;262
28499;262
28533;262
28569;262
28605;262
28639;262
28674;262
28707;262
28741;261
28775;261
28806;261
28845;261
28879;261
28914;261
28951;261
28988;261
29020;261
29053;261
29111;261
29178;261
29224;261
29262;261
29300;261
29350;261
29393;261
29434;261
29468;261
29506;261
29542;261
29575;261
29609;261
29648;261
29682;261
29716;261
29750;261
29784;261
29817;261
29850;261
29888;261
29924;261
29983;261
30021;261
30054;261
30091;259
30125;259
30158;259
30192;259
30228;259
30258;259
30292;259
30329;256
30372;256
30406;256
30440;256
30475;256
30510;256
30540;256
30573;256
30604;256
30640;256
30670;256
30699;256
30729;256
30765;256
30795;256
30822;256
30866;256
30907;256
30940;256
30971;256
31002;256
31032;256
31065;256
31096;256
31130;256
31160;256
31190;256
31218;256
31253;256
31283;256
31314;256
31346;256
31388;256
31421;256
31453;256
31487;256
31522;256
31556;256
31588;256
31619;256
31653;256
31687;256
31718;256
31751;256
31786;256
31816;256
31849;256
31883;256
31913;256
31944;256
31978;256
32016;256
32047;256
32077;256
32111;256
32141;256
32171;256
32204;256
32239;256
32269;256
32299;256
32333;256
32367;256
32401;256
32433;256
32466;256
32499;256
32534;256
32575;256
32613;256
32647;256
32685;256
32720;256
32755;256
32798;256
32832;256
32867;256
32913;256
32961;256
32999;256
33036;256
33072;256
33107;256
33145;256
33177;256
33208;256
33241;256
33277;256
33317;256
33358;256
33398;256
33433;256
33471;256
33526;256
33588;256
33629;256
33676;256
33719;256
33769;256
33807;256
33840;256
33870;256
33901;256
33937;256
33969;256
34000;256
34032;256
34065;256
34097;256
34127;256
34158;256
34192;256
34222;256
34252;256
34285;256
34316;257
34348;257
34386;257
34417;257
34447;257
34478;257
34510;257
34540;257
34571;256
34601;256
34632;256
34668;256
34699;256
34734;256
34767;256
34801;258
34836;258
34869;258
34899;258
34930;258
34961;258
34995;258
35028;258
35064;258
35096;258
35130;258
35164;258
35197;258
35228;258
35261;258
35295;258
35329;258
35361;258
35393;258
35426;258
35458;258
35493;258
35527;258
35563;258
35600;258
35630;258
35664;258
35698;258
35732;258
35764;258
35795;258
35829;258
35863;258
35894;258
35925;258
35958;258
35989;258
36023;258
36055;258
36085;258
36119;258
36153;258
36183;258
36217;258
36252;258
36286;258
36316;258
36353;258
36383;258
36415;258
36450;258
36483;258
36517;258
36547;258
36582;258
36617;258
36649;258
36679;258
36710;258
36744;258
36775;258
36805;258
36838;258
36869;258
36900;258
36934;258
36964;258
37001;258
37034;258
37069;258
37102;258
37133;258
37165;258
37196;258
37226;258
37260;258
37291;258
37322;258
37356;258
37389;258
37420;258
37450;258
37482;258
37516;258
37547;258
37578;258
37613;258
37644;258
37678;258
37711;258
37743;258
37774;258
37811;258
37844;258
37883;258
37916;258
37946;258
37976;258
38010;258
38040;258
38071;258
38109;258
38142;258
38174;258
38205;258
38236;258
38269;258
38304;258
38334;258
38369;258
38405;258
38435;258
38465;258
38496;258
38526;258
38562;258
38597;258
38628;258
38658;258
38691;258
38722;258
38757;258
38788;258
38818;258
38849;258
38882;258
38913;258
38943;258
38976;258
39007;258
39040;258
39073;258
39108;258
39138;258
39174;258
39207;258
39241;258
39272;258
39307;258
39340;258
39374;258
39409;258
39443;258
39481;258
39515;258
39546;258
39583;258
39618;258
39655;258
39689;258
39723;258
39755;258
39789;258
39822;258
39853;258
39885;258
39916;258
39945;258
39976;258
40006;258
40037;258
40068;258
40103;258
40134;258
40174;258
40211;258
40247;258
40284;258
40317;258
40353;258
40386;258
40418;258
40452;258
40482;258
40512;258
40545;258
40576;258
40609;258
40643;258
40673;258
40703;258
40733;258
40767;258
40799;258
40832;258
40865;258
40896;258
40924;258
40953;258
40993;258
41023;258
41054;258
41087;258
41122;258
41153;258
41184;258
41215;258
41245;258
41275;258
41306;258
41342;258
41372;258
41402;258
41435;258
41466;258
41496;258
41529;258
41559;258
41588;258
41624;258
41656;258
41689;258
41721;258
41756;258
41791;258
41821;258
41850;258
41880;258
41913;258
41946;258
41978;258
42012;258
42047;258
42081;258
42111;258
42141;258
42171;258
42201;258
42232;258
42262;258
42294;258
42334;258
42366;258
42398;258
42434;258
42468;258
42501;258
42536;258
42569;258
42598;258
42631;258
42664;258
42694;258
42724;258
42754;258
42785;258
42817;258
42847;258
42880;258
42916;258
42948;258
42981;258
43016;258
43045;258
43075;258
43108;258
43143;258
43178;258
43223;258
43256;258
43290;258
43320;258
43350;258
43383;258
43413;258
43446;258
43477;258
43510;258
43541;258
43573;258
43605;258
43642;258
43672;258
43713;258
43746;258
43782;258
43813;258
43846;258
43877;258
43904;258
43938;258
43975;258
44026;258
44070;258
44107;258
44161;258
44190;258
44220;258
44252;258
44286;258
44320;258
44353;258
44385;258
44420;258
44453;258
44483;258
44514;258
44550;258
44582;258
44616;258
44645;258
44677;258
44709;258
44744;258
44778;258
44811;258
44841;258
44871;258
44902;258
44937;258
44967;258
44998;258
45031;258
45064;258
45095;258
45131;258
45162;258
45191;258
45222;258
45253;258
45283;258
45314;258
45344;258
45377;258
45408;258
45439;258
45469;258
45503;258
45533;258
45562;258
45593;258
45625;258
45658;258
45694;258
45727;258
45762;258
45802;258
45832;258
45866;258
45899;258
45932;258
45962;258
45993;258
46023;258
46052;258
46085;258
46121;258
46153;258
46184;258
46218;258
46250;258
46280;258
46307;258
46340;258
46371;258
46405;258
46434;258
46464;258
46497;258
46544;258
46575;258
46605;258
46638;258
46671;258
46704;258
46748;258
46782;258
46813;258
46846;258
46878;258
46915;258
46947;258
46977;258
47015;258
47052;258
47083;258
47112;258
47142;258
47173;258
47204;258
47236;258
47266;258
47300;258
47334;258
