165;2175
281;2074
384;2008
456;1815
570;1739
640;1691
705;1670
779;1606
850;1432
938;1308
1021;1105
1091;1105
1169;1105
1242;1105
1319;1018
1399;932
1486;932
1566;932
1632;932
1702;878
1782;878
1849;835
1916;835
1983;835
2058;754
2122;754
2185;705
2247;705
2314;705
2389;710
2455;693
2530;623
2596;532
2685;532
2747;532
2813;532
2874;532
2939;532
3000;532
3065;490
3128;447
3182;447
3237;447
3292;447
3355;447
3419;379
3489;301
3673;301
3782;301
3882;301
3969;301
4050;222
4130;222
4206;222
4261;222
4318;222
4372;222
4427;222
4481;222
4539;222
4593;222
4654;222
4711;222
4765;222
4822;222
4882;222
4940;222
4997;222
5053;222
5111;222
5171;222
5228;222
5284;222
5349;222
5408;222
5462;222
5516;222
5571;222
5635;222
5690;222
5745;222
5800;222
5859;222
5916;222
5970;222
6027;222
6089;222
6144;222
6199;222
6256;222
6314;150
6371;150
6426;150
6489;150
6555;150
6631;150
6707;150
6782;150
6859;150
6917;150
6979;150
7035;150
7094;150
7147;150
7201;150
7255;150
7310;150
7372;150
7431;150
7493;85
7549;85
7605;85
7665;85
7721;85
7777;85
7833;85
7896;85
7954;85
8012;85
8069;85
8132;85
8189;85
8244;85
8303;85
8358;85
8413;85
8468;85
8522;85
8580;83
8633;83
8687;83
8740;83
8794;83
8853;83
8914;83
8968;83
9024;83
9080;83
9134;83
9189;83
9245;83
9300;83
9355;83
9410;83
9470;83
9524;83
9579;83
9636;83
9700;83
9759;83
9813;80
9872;80
9927;80
9980;80
10033;80
10090;80
10150;80
10205;80
10263;80
10317;80
10377;80
10435;80
10491;80
10545;80
10600;80
10655;80
10710;80
10765;80
10820;80
10875;80
10931;80
10986;80
11048;80
11116;80
11172;80
11226;80
11281;80
11338;80
11392;80
11445;80
11499;80
11558;80
11611;80
11667;80
11722;80
11777;78
11834;78
11894;78
11952;78
12009;78
12067;78
12122;78
12178;78
12233;78
12289;78
12344;78
12401;78
12458;78
12512;78
12578;78
12634;78
12693;78
12751;78
12808;78
12861;78
12924;78
12979;78
13032;78
13090;78
13148;78
13205;78
13262;78
13318;78
13373;78
13427;78
13484;78
13541;78
13597;78
13657;78
13713;78
13768;78
13825;78
13899;78
13953;78
14014;78
14077;78
14134;78
14188;78
14243;78
14298;78
14351;78
14406;78
14459;78
14514;78
14568;78
14623;78
14679;78
14733;78
14789;78
14846;78
14901;78
14959;78
15020;78
15076;78
15132;78
15197;78
15255;78
15309;78
15366;78
15420;78
15475;78
15535;78
15589;78
15645;78
15706;78
15764;78
15819;78
15879;78
15939;78
15997;78
16052;78
16107;78
16165;78
16221;78
16276;78
16357;78
16426;78
16528;78
16627;78
16682;78
16739;78
16793;78
16847;78
16901;78
16956;78
17009;78
17063;78
17119;78
17174;78
17231;78
17287;78
17343;78
17400;78
17455;78
17511;78
17566;78
17621;78
17677;78
17736;78
17790;78
17845;78
17899;78
17955;78
18012;78
18066;78
18123;78
18178;78
18233;78
18290;78
18350;78
18414;78
18470;78
18525;78
18580;78
18635;78
18693;78
18749;78
18811;78
18867;78
18925;78
18980;78
19035;78
19090;78
19151;83
19205;83
19266;83
19321;83
19375;83
19434;83
19493;83
19548;83
19604;83
19667;83
19724;83
19781;83
19840;83
19904;83
19958;83
20016;83
20072;83
20132;83
20188;83
20243;83
20301;83
20357;83
20412;83
20467;83
20523;83
20580;83
20635;83
20694;83
20749;83
20804;83
20860;83
20924;83
20978;83
21037;83
21092;83
21147;83
21203;83
21258;83
21312;83
21371;83
21425;83
21479;83
21533;83
21589;83
21646;83
21702;83
21758;83
21814;83
21881;83
21936;83
21993;83
22046;83
22101;83
22158;83
22217;83
22282;83
22349;83
22409;83
22472;83
22535;83
22610;83
22670;83
22731;83
22786;83
22849;83
22908;83
22963;83
23019;83
23077;83
23142;83
23205;83
23265;83
23321;83
23375;83
23434;83
23495;83
23560;83
23622;83
23699;83
23778;83
23858;83
23916;83
23972;83
24030;83
24085;83
24140;83
24202;83
24259;83
24315;83
24374;83
24429;83
24483;83
24546;83
24604;83
24661;83
24730;83
24783;83
24840;83
24896;83
24951;83
25007;83
25062;83
25120;83
25173;83
25231;83
25289;83
25343;83
25399;83
25454;83
25519;83
25573;83
25639;83
25707;83
25762;83
25820;83
25876;83
25936;83
25996;83
26053;83
26109;83
26164;83
26220;83
26277;83
26340;83
26394;83
26449;83
26503;83
26557;83
26615;83
26668;83
26726;83
26780;83
26839;83
26895;83
26951;83
27007;83
27065;83
27127;83
27191;83
27286;83
27380;83
27466;83
27558;83
27654;83
27757;83
27860;83
27933;83
27999;83
28069;83
28132;83
28192;83
28245;83
28304;83
28368;83
28438;83
28498;83
28551;83
28605;83
28659;83
28713;83
28773;83
28834;83
28916;83
29006;83
29091;83
29152;83
29221;83
29283;83
29347;83
29422;83
29504;83
29569;83
29628;83
29681;83
29735;83
29788;83
29843;83
29897;83
29950;83
30003;83
30058;83
30113;83
30172;83
30227;83
30280;83
30333;83
30387;83
30443;83
30503;83
30556;83
30613;83
30671;83
30732;83
30791;83
30845;83
30900;83
30957;83
31013;83
31067;83
31125;83
31179;83
31234;83
31294;83
31349;83
31403;83
31456;83
31509;83
31563;83
31617;83
31671;83
31727;83
31780;83
31840;83
31898;83
31954;83
32008;83
32061;83
32117;83
32169;83
32223;83
32280;78
32342;78
32397;78
32452;78
32509;78
32563;78
32617;78
32670;78
32727;78
32788;78
32840;78
32894;78
32948;78
33005;78
33058;78
33112;78
33167;78
33222;78
33278;78
33332;78
33389;78
33445;78
33500;78
33564;78
33617;78
33671;78
33730;78
33787;78
33840;78
33893;78
33946;78
34002;78
34057;78
34121;78
34178;78
34235;78
34287;78
34340;78
34394;78
34447;78
34507;78
34565;78
34621;78
34677;78
34731;78
34792;78
34845;78
34898;78
34951;78
35020;78
35073;78
35135;78
35190;78
35249;78
35305;78
35361;78
35416;78
35474;78
35528;78
35585;78
35650;78
35713;79
35794;79
35868;79
35926;79
35979;79
36043;79
36097;79
36150;79
36207;79
36275;79
36345;79
36407;79
36470;79
36563;79
36622;79
36675;79
36729;79
36782;79
36836;79
36890;79
36946;79
37002;79
37060;79
37118;79
37175;79
37234;79
37290;79
37345;79
37401;79
37463;79
37521;79
37576;79
37630;79
37687;79
37741;79
37796;79
37850;79
37904;79
37959;79
38013;79
38086;79
38144;79
38201;79
38257;79
38320;79
38377;79
38430;79
38483;79
38538;79
38593;79
38647;79
38701;79
38756;79
38809;79
38865;79
38919;79
38973;79
39028;79
39083;79
39143;79
39196;79
39249;79
39304;79
39357;79
39412;79
39465;79
39519;79
39572;79
39645;79
39699;79
39754;78
39808;78
39863;78
39923;78
39977;78
40031;78
40088;78
40143;78
40196;78
40251;78
40306;78
40360;78
40417;78
40473;78
40526;78
40582;78
40648;78
40714;78
40768;78
40824;79
40879;79
40933;79
40987;79
41042;79
41100;79
41172;79
41227;79
41283;79
41341;79
41408;79
41460;79
41513;79
41566;79
41620;79
41673;78
41726;78
41782;79
41835;79
41889;79
41945;79
42000;79
42054;79
42111;79
42167;79
42224;79
42283;79
42336;79
42390;79
42444;79
42498;79
42551;79
42604;79
42657;79
42729;79
42784;79
42839;79
42896;79
42951;79
43008;79
43062;79
43127;79
43182;79
43234;79
43288;79
43344;79
43397;79
43458;79
43515;79
43570;79
43625;79
43680;78
43734;78
43788;78
43842;78
43901;78
43954;78
44007;78
44066;78
44119;78
44177;78
44244;78
44305;78
44358;78
44415;78
44468;78
44529;78
44591;78
44658;78
44709;78
44763;78
44817;78
44871;78
44927;78
44988;78
45043;78
45099;78
45152;78
45208;78
45262;78
45319;78
45388;78
45442;78
45495;78
45548;78
45602;78
45660;78
45715;78
45778;78
45842;78
45895;78
45949;78
46004;78
46066;78
46120;78
46175;78
46228;78
46289;78
46342;78
46396;78
46450;78
46504;78
46560;78
46614;78
46666;78
46721;78
46774;78
46828;78
46882;78
46943;78
47000;78
47053;78
47111;78
47168;78
47223;78
47277;78
47349;78
47403;78
47458;78
47514;78
47568;78
47625;78
47681;78
47734;78
47791;78
47847;78
47907;78
47960;78
48014;78
48068;78
48122;78
48176;78
48229;78
48286;78
48340;78
48396;78
48451;78
48507;78
48562;78
48652;78
48711;78
48765;78
48820;78
48895;78
48950;78
49008;78
49070;78
49126;78
49180;78
49236;78
49295;78
49349;78
49409;78
49468;78
49521;78
49577;78
49630;78
49686;78
49743;78
49798;78
49854;78
49908;78
49977;78
50035;78
50092;78
50156;78
50209;78
50264;78
50340;78
50410;78
50477;78
50532;78
50585;78
50640;78
50693;78
50747;78
50801;78
50863;78
50918;78
50972;78
51026;78
51079;78
51133;78
51187;78
51241;78
51295;78
51350;78
51406;78
51468;78
51522;78
51576;78
51633;78
51686;78
51740;78
51801;78
51854;78
51907;78
51981;78
52036;78
52104;78
52157;78
52214;78
52268;78
52322;78
52375;78
52432;78
52485;78
52540;78
52593;78
52648;78
52707;78
52764;78
52817;78
52871;78
52926;78
52979;78
53033;78
53089;78
53143;78
53209;79
53261;79
53315;79
53368;79
53421;79
53475;79
53531;79
53586;78
53641;78
53695;78
53750;78
53805;78
53878;78
53931;78
53985;78
54039;78
54097;78
54151;78
54204;78
54258;78
54311;78
54365;78
54420;78
54477;78
54532;78
54588;78
54644;78
54706;78
54759;78
54815;78
54869;78
54925;78
54978;78
55036;78
55096;78
55151;78
55204;78
55259;78
55317;78
55380;78
55436;78
55502;78
55556;78
55611;78
55668;78
55722;78
55777;78
55831;78
55884;78
55938;78
55993;78
56049;78
56106;78
56165;78
56220;78
56276;78
56338;78
56417;78
56494;78
56554;78
56609;78
56665;78
56718;78
56772;78
56829;78
56883;78
56937;78
56992;78
57046;78
57105;78
57161;78
57217;78
57271;78
57333;78
57389;78
57453;78
57509;78
57563;78
57620;78
57674;78
57727;78
57785;78
57838;78
57891;78
57949;78
58005;78
58060;78
58120;78
58178;78
58233;78
58289;78
58344;78
58407;78
58478;78
58554;78
58631;78
58699;78
58754;78
58809;78
58862;78
58915;78
58968;78
59025;78
59077;78
59138;78
59193;78
59248;78
59306;78
59361;78
59420;78
59472;78
59529;78
59585;78
59657;78
59717;78
59785;78
59839;78
59894;78
59947;78
60000;78
60053;78
60107;78
60160;78
60213;78
60268;78
60321;78
60378;78
60434;78
60489;78
60543;78
60596;78
60652;78
60708;78
60762;78
60816;78
60870;78
60935;78
60988;78
61042;78
61098;78
61153;78
61209;78
61264;78
61317;78
61370;78
61423;78
61478;78
61533;78
61588;78
61644;78
61700;78
61755;78
61812;78
61867;78
61923;78
61982;78
62036;78
62092;78
62147;78
62201;78
62257;78
62314;78
62370;78
62424;78
62478;78
62533;78
62587;78
62646;78
62705;78
62761;78
62817;78
62872;78
62928;78
62987;78
63046;78
63102;78
63156;78
63210;78
63264;78
63322;78
63376;78
63432;78
63485;78
63540;78
63599;78
63654;78
63709;78
63765;78
63819;78
63879;78
63935;78
63996;78
64049;78
64105;78
64159;78
64217;78
64284;78
64339;78
64393;78
64447;78
64503;78
64565;78
64621;78
64677;78
64733;78
64791;78
64848;78
64903;78
64961;78
65015;78
65070;78
65125;78
65180;78
65235;78
65289;78
65342;78
65395;78
65448;78
65505;78
65559;78
65614;78
65669;78
65723;78
65798;78
65858;78
65912;78
65966;78
66019;78
66073;78
66134;78
66188;78
66241;78
66296;78
66352;78
66407;78
66462;78
66521;78
66576;78
66631;78
66693;78
66748;78
66802;78
66858;78
66911;78
66969;78
67025;78
67080;78
67134;78
67193;78
67253;78
67319;78
67381;78
67437;78
67490;78
67550;78
67604;78
67658;78
67723;78
67780;78
67835;78
67892;78
67949;78
68005;78
68061;78
68118;78
68172;78
68230;78
68302;78
68353;78
68406;78
68459;78
68520;78
68572;78
68643;78
68702;78
68765;78
68821;78
68879;78
68943;78
69006;78
69067;78
69124;78
69177;78
69233;78
69286;78
69338;78
69391;78
69447;78
69511;78
69569;78
69627;78
69688;78
69747;78
69825;78
69881;78
69936;78
69998;78
70053;78
70115;78
70169;78
70246;78
70306;78
70364;78
70429;78
70484;78
70548;78
70602;78
70655;78
70708;78
70764;78
70816;78
70870;78
70925;78
70981;78
71041;78
71096;78
71150;78
71212;78
71266;78
71319;78
71372;78
71428;78
71481;78
71538;78
71591;78
71644;78
71697;78
71751;78
71814;78
71886;78
71973;78
72031;78
72088;78
72143;78
72197;78
72252;78
72305;78
72371;78
72471;78
72524;78
72579;78
72632;78
72688;78
72741;78
72800;78
72855;78
72908;78
72962;78
73026;78
73093;78
73177;78
73250;78
73311;78
73373;78
73444;78
73520;78
73578;78
73635;78
73689;78
73743;78
73797;78
73865;78
73922;78
73982;78
74045;78
74111;78
74199;78
74311;78
74389;78
74455;78
74510;78
74568;78
74636;78
74713;78
74767;78
74826;78
74880;78
74935;78
74991;78
75064;78
75119;78
75172;78
75229;78
75283;78
75337;78
75393;78
75452;78
75512;78
75569;78
75631;78
75685;78
75746;78
75800;78
75855;78
75911;78
75965;78
76019;78
76076;78
76132;78
76188;78
76249;78
76311;78
76409;78
76485;78
76540;78
76613;78
76668;78
76721;78
76777;78
76832;78
76886;78
76943;78
76998;78
77053;78
77109;78
77172;78
77227;78
77282;78
77336;78
77392;78
77447;78
77502;78
77556;78
77611;78
77665;78
77721;78
77775;78
77837;78
77891;78
