183;3482
329;3327
422;3327
468;3234
524;3234
574;3130
620;2950
697;2885
742;2792
781;2751
818;2751
865;2636
906;2636
955;2510
1028;2510
1081;2510
1124;2510
1163;2452
1205;2415
1244;2415
1282;2415
1331;2346
1372;2284
1410;2237
1453;2227
1491;2227
1527;2081
1573;2075
1615;2020
1654;1949
1694;1883
1738;1868
1783;1810
1818;1721
1855;1721
1907;1638
1948;1598
1985;1598
2021;1598
2061;1512
2099;1484
2134;1484
2169;1484
2207;1425
2241;1350
2278;1350
2315;1328
2349;1327
2383;1279
2423;1242
2463;1242
2498;1242
2532;1242
2570;1242
2604;1242
2639;1242
2674;1237
2708;1237
2751;1226
2802;1195
2840;1107
2875;1107
2911;1029
2953;933
2991;933
3039;926
3076;926
3112;926
3155;926
3230;926
3316;894
3380;892
3443;892
3488;892
3533;830
3578;830
3623;773
3669;773
3717;773
3753;773
3785;701
3815;701
3845;701
3880;701
3917;701
3958;701
3988;701
4021;701
4052;700
4082;700
4112;700
4147;700
4177;700
4207;700
4238;700
4270;700
4301;700
4335;700
4365;700
4396;700
4427;700
4459;700
4490;700
4523;700
4557;700
4588;700
4622;700
4661;700
4696;700
4730;700
4766;700
4796;701
4831;701
4865;701
4898;701
4948;701
4982;701
5019;701
5050;701
5083;644
5118;644
5151;644
5188;644
5222;644
5255;644
5295;644
5327;644
5358;644
5389;644
5420;644
5453;644
5485;644
5520;644
5551;534
5589;534
5624;534
5662;534
5708;534
5754;534
5798;484
5843;394
5892;394
5937;394
5981;394
6022;394
6056;394
6088;394
6119;394
6150;394
6180;394
6211;394
6245;391
6280;387
6312;387
6343;387
6374;387
6405;387
6439;387
6482;387
6515;387
6549;387
6579;387
6609;387
6640;387
6678;387
6710;387
6741;354
6775;354
6806;354
6840;354
6870;354
6901;354
6936;354
6967;330
6999;330
7032;330
7064;330
7097;329
7132;329
7162;329
7194;329
7228;329
7264;329
7298;329
7328;329
7365;329
7405;329
7434;329
7469;326
7500;326
7532;326
7563;326
7593;326
7623;326
7654;326
7688;326
7718;326
7751;326
7781;326
7812;326
7842;326
7872;326
7906;326
7936;326
7969;326
8006;326
8042;326
8078;326
8110;326
8141;326
8172;326
8205;326
8237;326
8268;326
8298;326
8329;326
8360;326
8391;326
8430;326
8460;326
8491;326
8526;326
8557;326
8587;326
8617;326
8647;326
8680;326
8713;325
8744;325
8774;325
8808;325
8839;325
8870;325
8903;325
8939;325
8974;325
9005;325
9042;325
9078;325
9109;325
9140;325
9178;325
9209;325
9240;325
9274;325
9309;325
9349;325
9380;325
9410;325
9443;325
9475;325
9512;325
9548;325
9584;325
9617;325
9650;325
9688;324
9720;324
9750;323
9783;323
9813;323
9843;323
9873;323
9910;323
9941;323
9974;323
10009;323
10043;323
10073;323
10117;323
10147;323
10178;323
10213;323
10249;323
10279;323
10313;323
10344;323
10376;323
10407;323
10440;323
10472;323
10503;323
10534;323
10565;323
10596;323
10629;323
10662;323
10693;323
10724;323
10758;325
10791;325
10821;325
10854;325
10887;325
10917;325
10948;325
10981;327
11014;327
11045;327
11076;327
11108;327
11139;327
11172;327
11210;262
11245;262
11276;262
11307;262
11339;262
11372;262
11404;262
11441;262
11474;260
11507;260
11542;260
11575;260
11609;260
11640;260
11672;260
11708;260
11740;260
11773;260
11805;260
11839;260
11873;260
11913;260
11950;260
11983;260
12016;260
12050;260
12083;260
12122;260
12160;260
12198;260
12235;260
12269;260
12309;260
12346;260
12382;260
12415;260
12449;260
12482;260
12514;260
12550;260
12602;260
12640;260
12684;260
12719;260
12755;260
12786;260
12826;260
12858;260
12889;260
12924;260
12955;260
12986;260
13020;260
13059;260
13090;260
13121;260
13153;260
13184;260
13213;260
13247;260
13280;260
13313;260
13344;260
13380;260
13409;260
13440;260
13473;261
13503;261
13534;261
13567;261
13600;261
13630;261
13667;261
13697;261
13733;261
13770;261
13810;261
13844;261
13879;261
13911;261
13953;261
13987;261
14018;261
14057;261
14088;261
14124;261
14157;261
14191;261
14238;261
14268;261
14299;261
14332;261
14365;261
14399;261
14430;261
14460;261
14490;261
14520;261
14553;261
14584;261
14614;261
14643;261
14673;261
14708;261
14753;261
14784;261
14816;261
14848;261
14880;261
14914;261
14944;261
14984;261
15021;261
15052;261
15086;261
15118;261
15148;261
15181;261
15211;261
15241;261
15271;261
15301;261
15336;261
15365;261
15403;261
15436;261
15468;259
15498;259
15530;259
15563;259
15593;259
15629;256
15660;256
15692;256
15727;256
15757;256
15790;256
15823;257
15854;257
15887;257
15921;257
15954;257
15986;257
16023;257
16055;257
16084;257
16117;257
16150;257
16184;257
16214;257
16244;257
16274;257
16305;257
16334;257
16373;257
16404;257
16433;257
16463;257
16497;257
16527;257
16558;257
16592;257
16623;257
16657;257
16693;257
16723;257
16759;257
16789;257
16818;257
16847;257
16880;257
16916;257
16946;257
16982;257
17016;257
17049;257
17080;257
17109;257
17145;257
17174;257
17207;257
17235;257
17264;257
17296;257
17329;257
17359;257
17399;257
17430;257
17460;257
17491;257
17524;257
17557;257
17596;257
17629;257
17662;257
17691;257
17720;257
17750;257
17782;257
17815;257
17848;260
17883;260
17917;260
17954;260
17983;260
18018;257
18049;257
18084;257
18114;257
18143;257
18173;257
18208;257
18240;257
18270;257
18300;257
18330;257
18368;257
18398;257
18428;257
18457;257
18486;257
18516;257
18549;257
18582;257
18616;257
18646;257
18677;257
18707;257
18746;257
18782;257
18811;257
18841;257
18877;257
18906;257
18936;257
18970;257
19003;257
19033;257
19063;257
19097;257
19128;257
19157;257
19186;257
19216;257
19245;257
19276;257
19306;257
19340;257
19370;257
19399;257
19429;257
19464;257
19494;257
19526;257
19557;257
19590;257
19621;257
19651;257
19682;257
19713;257
19744;257
19779;257
19808;257
19837;262
19871;262
19906;262
19936;262
19967;262
20004;262
20033;262
20066;262
20097;262
20126;262
20156;262
20189;262
20220;262
20250;262
20291;262
20321;262
20356;262
20387;262
20420;262
20459;262
20495;262
20525;262
20555;262
20584;262
20615;262
20652;262
20682;262
20709;262
20754;262
20807;262
20870;262
20925;262
20962;262
20992;262
21022;262
21052;262
21087;262
21116;262
21147;262
21182;262
21212;262
21245;262
21275;262
21306;262
21339;262
21369;262
21399;262
21431;265
21460;265
21490;265
21526;265
21555;265
21586;265
21620;265
21649;265
21679;265
21711;265
21741;265
21777;265
21812;265
21842;265
21874;265
21904;265
21942;265
21973;265
22003;265
22036;265
22067;265
22099;265
22129;265
22162;265
22192;265
22226;265
22257;265
22287;265
22317;265
22352;265
22382;265
22413;265
22446;265
22475;265
22507;265
22540;265
22580;265
22609;265
22641;265
22672;265
22701;265
22731;265
22762;265
22792;265
22821;265
22857;265
22890;265
22922;265
22953;265
22983;265
23012;265
23043;265
23072;265
23121;265
23157;265
23188;265
23220;265
23256;265
23285;265
23319;265
23351;265
23386;265
23415;265
23448;265
23482;265
23513;265
23546;265
23575;265
23608;265
23639;265
23669;265
23698;265
23728;265
23768;265
23800;265
23833;269
23871;265
23901;260
23934;260
23968;260
23998;260
24027;260
24063;260
24093;257
24126;257
24155;257
24186;257
24218;257
24248;257
24281;257
24311;257
24350;257
24380;257
24412;257
24454;257
24485;257
24518;257
24549;257
24584;257
24619;257
24649;257
24679;257
24710;257
24741;257
24772;257
24803;257
24833;257
24868;257
24909;257
24938;257
24969;257
24999;257
25030;257
25063;257
25093;257
25122;257
25152;257
25184;257
25214;257
25246;257
25279;257
25312;257
25349;257
25382;257
25412;257
25442;257
25477;257
25507;257
25538;257
25578;257
25610;257
25640;257
25669;257
25699;257
25728;257
25758;257
25792;257
25821;257
25851;257
25887;257
25917;257
25947;257
25977;257
26007;257
26036;257
26065;257
26094;257
26124;257
26157;257
26190;257
26223;257
26262;257
26291;257
26327;257
26359;257
26392;257
26422;257
26453;257
26486;257
26518;257
26547;257
26579;257
26609;257
26644;257
26682;257
26715;256
26747;256
26780;256
26810;256
26840;256
26876;256
26912;256
26949;256
26983;256
27012;256
27047;256
27076;256
27110;256
27141;256
27171;256
27201;256
27231;256
27263;256
27292;256
27326;256
27355;256
27384;256
27417;256
27446;256
27479;256
27512;259
27542;259
27574;259
27606;259
27642;259
27676;259
27708;259
27739;259
27775;259
27805;259
27834;259
27864;259
27893;259
27925;259
27959;259
27990;259
28019;259
28062;259
28094;260
28124;260
28156;260
28192;260
28221;260
28251;260
28285;260
28314;260
28343;260
28378;260
28410;260
28439;260
28472;260
28501;260
28534;260
28571;260
28605;260
28635;260
28667;260
28700;260
28729;260
28761;260
28792;260
28822;260
28854;260
28883;260
28914;260
28943;260
28974;260
29003;260
29047;260
29089;260
29119;260
29149;260
29179;260
29214;260
29244;260
29274;260
29304;260
29333;260
29366;260
29400;260
29434;260
29469;260
29499;260
29529;260
29568;260
29603;260
29636;260
29672;260
29706;260
29738;260
29768;260
29803;260
29837;260
29868;260
29902;260
29939;260
29976;260
30006;260
30034;260
30063;260
30095;260
30125;260
30155;260
30187;260
30224;260
30256;260
30286;260
30317;260
30348;260
30387;260
30416;260
30452;260
30481;260
30510;260
30540;260
30570;260
30599;260
30630;260
30662;260
30691;260
30725;260
30756;260
30791;260
30821;260
30855;260
30884;260
30919;260
30952;260
30984;260
31015;260
31046;260
31076;260
31108;260
31144;260
31174;260
31204;260
31239;260
31268;260
31300;260
31330;260
31365;260
31398;260
31428;260
31461;260
31490;260
31521;260
31553;260
31582;260
31615;260
31645;260
31678;260
31708;260
31743;260
31772;260
31801;260
31834;260
31865;260
31899;260
31942;260
31972;260
32002;260
32032;260
32062;260
32092;260
32122;260
32151;260
32183;260
32217;260
32257;260
32289;260
32318;260
32350;260
32379;260
32415;260
32444;260
32476;260
32507;260
32538;260
32571;260
32601;260
32628;260
32663;260
32697;260
32727;260
32761;260
32796;260
32825;260
32859;260
32894;260
32924;260
32958;260
32988;260
33019;260
33051;260
33081;260
33112;260
33141;260
33172;260
33201;260
33234;260
33266;260
33299;260
33330;260
33365;260
33395;260
33424;260
33455;260
33485;260
33514;260
33543;260
33578;257
33612;257
33645;257
33675;257
33711;257
33742;257
33777;257
33806;257
33838;257
33867;257
33905;257
33935;257
33966;257
33996;257
34025;256
34058;256
34091;256
34123;256
34153;256
34184;256
34213;256
34243;256
34272;256
34301;256
34332;256
34362;256
34392;256
34422;256
34455;256
34487;256
34520;256
34553;256
34583;256
34625;256
34655;256
34685;256
34716;256
34746;256
34776;256
34808;256
34841;256
34871;256
34900;256
34931;256
34964;256
34997;256
35026;256
35065;256
35096;256
35126;256
35169;256
35201;256
35231;256
35261;256
35291;256
35325;256
35351;256
35383;256
35418;256
35447;256
35480;256
35516;256
35551;256
35599;256
35629;256
35658;256
35693;256
35723;256
35753;256
35785;256
35814;256
35849;256
35880;256
35913;256
35943;256
35976;256
36008;256
36041;256
36067;256
36096;256
36126;256
36158;256
36196;256
36258;256
36323;256
36368;256
36428;256
36459;256
36489;256
36519;256
36554;256
36587;256
36621;256
36657;256
36686;256
36717;256
36748;256
36777;256
36811;256
36849;256
36886;256
36921;256
36954;256
36984;256
37016;256
37047;256
37077;256
37111;256
37143;256
37177;256
37208;256
37239;256
37269;256
37299;256
37330;256
37364;256
37393;256
37424;256
37455;256
37488;256
37518;256
37549;256
37583;256
37616;256
37647;256
37689;256
37722;256
37751;256
37781;256
37816;256
37849;256
37878;256
37908;256
37941;256
37976;256
38008;256
38040;256
38077;256
38112;256
38143;256
38175;256
38204;256
38235;256
38270;256
38302;256
38332;256
38363;256
38397;256
38427;256
38456;256
38491;256
38534;256
38563;256
38593;256
38628;256
38665;256
38699;256
38732;256
38762;256
38794;256
38824;256
38853;256
38888;256
38918;256
38948;256
38980;256
39009;256
39044;256
39077;256
39109;256
39142;256
39175;256
39207;256
39238;256
39268;256
39301;256
39333;256
39364;256
39396;256
39427;256
39457;256
39487;256
39516;256
39560;256
39590;256
39621;256
39652;256
39681;256
39722;256
39751;256
39781;256
39810;256
39839;256
39875;256
39907;256
39937;256
39967;256
40013;256
40059;256
40091;256
40120;256
40151;256
40182;256
40219;256
40252;256
40282;256
40315;256
40348;256
40379;256
40411;256
40444;256
40474;256
40507;256
40538;256
40571;256
40603;256
40636;256
40666;256
40698;256
40727;256
40757;256
40787;256
40816;256
40845;256
40875;256
40908;256
40940;256
40977;256
41007;256
41038;256
41065;256
41094;256
41124;256
41154;256
41185;256
41215;256
41244;256
41276;256
41308;256
41338;256
41367;256
41397;256
41426;256
41457;256
41486;256
41521;256
41551;256
41580;256
41613;256
41646;256
41681;256
41713;256
41749;256
41781;256
41811;256
41840;256
41870;256
41902;256
41932;256
41963;256
41993;256
42026;256
42062;256
42095;256
42127;256
42158;256
42188;256
42220;256
42251;256
42281;256
42311;256
42340;256
42371;256
42405;256
42438;256
42468;256
42497;256
42531;256
42569;256
42601;256
42631;256
42660;256
42691;256
42721;256
42751;256
42783;256
42814;256
42844;256
42874;256
42903;256
42933;256
42967;256
42997;256
43028;256
43066;256
43098;256
43128;256
43160;256
43192;256
43222;256
43255;256
43290;256
43325;256
43356;256
43389;256
43419;256
43449;256
43479;256
43509;256
43542;256
43572;256
43603;256
43632;256
43663;256
43692;256
43726;256
43756;256
43786;256
43815;256
43844;256
43874;256
43907;256
43936;256
43971;256
44010;256
44039;256
44071;256
44100;256
44129;256
44162;256
44195;256
44225;256
44254;256
44285;256
44317;256
44347;256
44379;256
44414;256
