147;85
274;85
363;85
501;85
580;85
665;85
750;85
843;85
932;85
1000;85
1077;85
1151;80
1219;78
1305;78
1388;78
1470;78
1545;78
1614;78
1690;78
1781;78
1875;78
1967;78
2055;78
2168;78
2239;78
2306;78
2371;78
2438;78
2505;78
2577;78
2645;78
2718;78
2822;78
2885;78
2957;78
3021;78
3091;78
3148;78
3210;80
3269;80
3331;80
3391;80
3454;80
3542;80
3622;80
3702;80
3805;80
3892;80
3972;80
4053;80
4135;80
4214;80
4303;80
4361;80
4417;80
4480;80
4542;80
4599;80
4657;80
4715;80
4775;80
4832;80
4896;80
4959;80
5017;80
5076;80
5134;80
5192;80
5249;80
5325;80
5385;80
5442;80
5542;80
5600;80
5660;80
5716;80
5776;80
5834;80
5893;80
5953;80
6013;80
6071;80
6130;80
6189;80
6247;80
6306;80
6369;80
6427;80
6491;80
6547;80
6607;80
6664;80
6730;80
6808;80
6900;80
6980;80
7058;80
7139;80
7197;80
7256;80
7316;80
7376;80
7435;80
7493;80
7553;80
7614;78
7670;78
7727;78
7785;78
7844;78
7901;78
7958;78
8016;78
8076;78
8137;78
8196;78
8257;78
8319;78
8379;78
8440;78
8499;78
8558;78
8629;78
8685;78
8744;78
8801;78
8858;78
8917;78
8974;78
9031;78
9091;78
9149;78
9207;78
9263;78
9322;78
9378;78
9436;78
9498;78
9560;78
9620;78
9685;78
9751;78
9813;78
9874;80
9937;80
9994;80
10051;80
10113;80
10173;80
10229;80
10286;80
10344;80
10401;80
10466;80
10523;78
10581;78
10638;78
10699;78
10759;78
10815;78
10873;78
10931;78
10991;78
11049;78
11110;78
11169;78
11227;78
11306;78
11366;78
11425;78
11481;78
11544;78
11601;78
11663;78
11718;78
11775;78
11831;78
11889;78
11947;78
12013;78
12071;78
12131;78
12190;78
12250;78
12307;78
12368;78
12427;78
12486;78
12543;78
12603;78
12661;78
12718;78
12780;78
12840;78
12897;78
12956;78
13014;78
13071;78
13137;78
13193;78
13250;78
13311;78
13368;78
13425;78
13484;78
13551;78
13611;78
13671;78
13729;78
13786;78
13845;78
13902;78
13960;78
14016;78
14074;78
14134;78
14194;78
14252;78
14313;78
14371;78
14432;78
14494;78
14562;78
14620;78
14677;78
14733;78
14790;78
14847;78
14903;78
14964;78
15022;78
15081;78
15140;78
15197;78
15257;78
15314;78
15374;78
15432;78
15491;78
15554;78
15612;78
15679;78
15738;78
15795;78
15855;78
15919;78
15976;78
16038;78
16101;78
16158;78
16215;78
16273;78
16339;78
16397;78
16457;78
16519;78
16579;78
16636;78
16696;78
16756;78
16814;78
16870;78
16927;78
16984;78
17042;78
17102;78
17160;78
17220;78
17277;78
17336;78
17392;78
17452;78
17511;78
17572;78
17631;78
17689;78
17748;78
17805;78
17862;78
17920;78
17980;78
18037;78
18100;78
18158;78
18218;78
18278;78
18336;78
18393;78
18454;78
18511;78
18569;78
18629;78
18690;78
18747;78
18804;78
18860;78
18917;78
18976;78
19036;78
19098;78
19157;78
19215;78
19275;78
19332;78
19388;78
19446;78
19504;78
19564;78
19628;78
19684;78
19743;78
19803;78
19863;78
19923;78
19981;78
20037;78
20099;78
20156;78
20214;78
20271;78
20328;78
20387;78
20448;78
20505;78
20563;78
20621;78
20680;78
20739;78
20795;78
20851;78
20911;78
20969;78
21025;78
21085;78
21143;78
21199;78
21259;78
21324;78
21383;78
21440;78
21498;78
21558;78
21620;78
21681;78
21741;78
21801;78
21855;78
21915;78
21973;78
22030;78
22090;78
22152;78
22212;78
22273;78
22330;78
22388;78
22444;78
22502;78
22559;78
22616;78
22673;78
22732;78
22795;78
22855;78
22911;78
22968;78
23025;78
23086;78
23143;78
23201;78
23257;78
23316;78
23374;78
23434;78
23491;78
23549;78
23612;78
23673;78
23740;78
23796;79
23856;79
23915;79
23975;79
24039;79
24097;79
24158;79
24216;79
24275;79
24335;79
24391;79
24450;79
24513;79
24571;79
24629;79
24694;79
24750;79
24806;79
24867;79
24922;79
24981;79
25037;79
25095;79
25153;79
25215;79
25274;79
25332;79
25391;79
25448;79
25506;79
25571;79
25629;79
25687;79
25743;79
25801;79
25860;79
25917;79
25976;79
26034;78
26093;78
26150;78
26209;78
26266;78
26326;78
26392;78
26451;78
26509;78
26566;78
26625;78
26684;78
26743;78
26802;78
26860;78
26916;78
26976;78
27035;78
27094;78
27153;78
27216;78
27274;78
27330;78
27387;78
27443;78
27502;78
27558;78
27619;78
27676;78
27740;78
27798;78
27854;78
27918;78
27981;78
28036;78
28096;78
28152;78
28209;78
28269;78
28328;78
28388;78
28446;78
28504;78
28566;78
28622;78
28689;78
28742;78
28797;78
28853;78
28910;78
28966;78
29023;78
29085;78
29144;78
29203;78
29264;78
29324;78
29390;78
29444;78
29500;78
29556;78
29616;78
29672;78
29728;78
29786;78
29865;78
29924;78
29980;78
30039;78
30101;78
30157;78
30215;78
30275;78
30331;78
30387;78
30447;78
30505;78
30564;78
30620;78
30676;78
30738;78
30793;78
30853;78
30913;78
30971;78
31034;78
31101;78
31216;78
31307;78
31369;78
31434;78
31489;78
31547;78
31607;78
31668;78
31728;78
31787;78
31846;78
31902;78
31961;78
32020;78
32077;78
32135;78
32190;78
32250;78
32311;78
32367;78
32426;78
32485;78
32553;78
32607;78
32665;78
32723;78
32778;78
32834;78
32907;78
32964;78
33028;78
33089;78
33145;78
33206;78
33268;78
33326;78
33381;78
33438;78
33499;78
33554;78
33615;78
33677;78
33734;78
33793;78
33902;78
33982;78
34054;78
34116;78
34200;78
34259;78
34317;78
34374;78
34441;78
34497;78
34552;78
34607;78
34663;78
34724;78
34780;78
34836;78
34897;78
34951;78
35009;78
35117;78
35200;78
35257;78
35313;78
35369;78
35426;78
35481;78
35537;78
35593;78
35657;78
35725;78
35777;78
35833;78
35896;78
35954;78
36014;78
36070;78
36130;78
36193;78
36252;78
36314;78
36374;78
36435;78
36500;78
36558;78
36615;78
36674;78
36731;78
36792;78
36858;78
36925;78
36986;78
37047;78
37110;78
37169;78
37227;78
37285;78
37341;78
37399;78
37459;78
37519;78
37582;78
37642;78
37701;78
37759;78
37815;78
37874;78
37943;78
37997;78
38052;78
38112;78
38169;78
38227;78
38284;78
38342;78
38399;78
38455;78
38510;78
38570;78
38632;78
38688;78
38744;78
38803;78
38859;78
38919;78
38978;78
39041;78
39104;78
39161;78
39218;78
39283;78
39345;78
39401;78
39456;78
39512;78
39569;78
39634;78
39711;78
39766;78
39823;78
39883;78
39939;78
39995;78
40051;78
40109;78
40165;78
40222;78
40280;78
40340;78
40402;78
40462;78
40521;78
40582;78
40639;78
40694;78
40754;78
40812;78
40880;78
40938;78
41003;78
41059;78
41119;78
41174;78
41234;78
41290;78
41351;78
41407;78
41465;78
41528;78
41582;78
41640;78
41699;78
41755;78
41811;78
41871;78
41928;78
41988;78
42049;78
42111;78
42169;78
42226;78
42282;78
42340;78
42398;78
42460;80
42523;80
42581;80
42638;80
42709;80
42768;80
42824;80
42883;80
42944;80
43009;80
43067;80
43125;80
43181;80
43238;80
43295;80
43355;80
43413;80
43476;80
43532;80
43600;80
43675;80
43736;80
43791;80
43853;80
43915;80
43971;80
44031;80
44096;80
44153;80
44213;80
44269;80
44331;80
44385;80
44442;80
44498;80
44554;80
44612;80
44681;80
44737;80
44792;80
44851;80
44906;80
44966;80
45023;80
45085;80
45169;80
45226;80
45280;80
45339;80
45395;80
45450;80
45514;80
45577;80
45634;80
45721;80
45784;80
45838;80
45894;80
45949;80
46008;80
46065;80
46125;80
46190;80
46246;80
46303;80
46362;80
46418;80
46484;80
46543;80
46598;80
46654;80
46728;80
46787;80
46843;80
46916;80
46979;80
47039;80
47100;80
47160;80
47216;80
47275;80
47336;80
47394;80
47452;80
47510;80
47569;80
47625;80
47692;80
47767;78
47824;78
47882;78
47938;78
47995;78
48053;78
48112;78
48168;78
48242;78
48308;78
48362;78
48418;78
48477;78
48535;78
48595;78
48651;78
48710;78
48766;78
48822;78
48881;78
48940;78
48997;78
49057;78
49120;78
49178;78
49237;78
49295;78
49355;78
49413;78
49469;78
49526;78
49584;78
49641;78
49709;78
49785;78
49849;78
49908;78
49965;78
50021;78
50080;78
50141;78
50201;78
50265;78
50323;78
50381;78
50439;78
50495;78
50554;78
50614;78
50679;78
50741;78
50798;78
50861;78
50919;78
50982;78
51038;78
51101;78
51157;78
51216;78
51272;78
51331;78
51392;78
51448;78
51505;78
51560;78
51617;78
51673;78
51768;78
51820;78
51875;78
51930;78
51985;78
52060;78
52124;78
52186;78
52246;78
52306;78
52367;78
52423;78
52479;78
52548;78
52601;78
52657;78
52713;78
52769;78
52825;78
52886;78
52943;78
53004;78
53063;78
53119;78
53176;78
53240;78
53297;78
53355;78
53413;78
53478;78
53535;78
53594;78
53652;78
53712;78
53793;78
53851;78
53908;78
53967;78
54024;78
54081;78
54141;78
54197;78
54253;78
54309;78
54368;78
54437;78
54496;78
54551;78
54609;78
54667;78
54723;78
54779;78
54836;78
54892;78
54948;78
55006;78
55066;78
55126;78
55187;78
55246;78
55302;78
55377;78
55456;78
55534;78
55589;78
55646;78
55705;78
55797;78
55853;78
55914;78
55975;78
56035;78
56095;78
56153;78
56210;78
56269;78
56327;78
56383;78
56442;78
56502;78
56559;78
56623;78
56679;78
56736;78
56791;78
56849;78
56907;78
56965;78
57022;78
57085;78
57155;78
57211;78
57271;78
57330;78
57387;78
57446;78
57504;78
57564;78
57624;78
57681;78
57740;78
57823;78
57880;78
57935;78
57990;78
58047;78
58105;78
58163;78
58219;78
58284;78
58340;78
58399;78
58458;78
58517;78
58577;78
58634;78
58696;78
58754;78
58815;78
58875;78
58950;78
59014;78
59073;78
59131;78
59190;78
59248;78
59304;78
59364;78
59422;78
59485;78
59543;78
59600;78
59656;78
59717;78
59787;78
59859;78
59917;78
59974;78
60035;78
60097;78
60157;78
60217;78
60273;78
60331;78
60393;78
60451;78
60514;78
60570;78
60627;78
60685;78
60742;78
60798;78
60854;78
60913;78
60972;78
61030;78
61089;78
61145;78
61204;78
61260;78
61319;78
61381;78
61441;78
61502;78
61563;78
61623;78
61685;78
61744;78
61804;78
61861;78
61917;78
61981;78
62038;78
62095;78
62150;78
62212;78
62273;78
62329;78
62385;78
62447;78
62506;78
62562;78
62618;78
62678;78
62741;78
62797;78
62853;78
62912;78
62970;78
63027;78
63089;78
63149;78
63208;78
63268;78
63326;78
63382;78
63444;78
63500;78
63561;78
63618;78
63673;78
63731;78
63789;78
63853;78
63909;78
63969;78
64027;78
64087;78
64147;78
64201;78
64259;78
64319;78
64378;78
64434;78
64493;78
64549;78
64608;78
64668;78
64724;78
64783;78
64842;78
64898;78
64954;78
65014;78
65080;78
65139;78
65195;78
65258;78
65315;78
65378;78
65435;78
65490;78
65549;78
65606;78
65662;78
65715;78
65772;78
65832;78
65893;78
65976;78
66030;78
66088;78
66144;78
66200;78
66259;78
66323;78
66380;78
66439;78
66494;78
66550;78
66608;78
66667;78
66727;78
66782;78
66838;78
66894;78
66953;78
67011;78
67069;78
67126;78
67185;78
67244;78
67301;78
67359;78
67423;78
67482;78
67546;78
67600;78
67657;78
67715;78
67774;78
67837;78
67896;78
67952;78
68011;78
68074;78
68134;78
68193;78
68250;78
68307;78
68365;78
68423;78
68489;78
68545;78
68606;78
68669;78
68725;78
68781;78
68838;78
68892;78
68952;78
69009;78
69065;78
69123;78
69182;78
69239;78
69299;78
69358;78
69416;78
69479;78
69535;78
69594;78
69650;78
69708;78
69769;78
69838;78
69910;78
69966;78
70024;78
70082;78
70147;78
70203;78
70264;78
70321;78
70378;78
70435;78
70506;78
70583;78
70661;78
70716;78
70772;78
70828;78
70885;78
70949;78
71004;78
71064;78
71124;78
71184;78
71244;78
71301;78
71357;78
71424;78
71484;78
71541;78
71597;78
71653;78
71724;78
71777;78
71840;78
71917;78
71974;78
72030;78
72086;78
72144;78
72203;78
72259;78
72318;78
72375;78
72434;78
72492;78
72548;78
72605;78
72669;78
72726;78
72785;78
72842;78
72908;78
72964;78
73020;78
73076;78
73135;78
73192;78
73252;78
73315;78
73373;78
73431;78
73488;78
73544;78
73603;78
73662;78
73721;78
73779;78
73835;78
73897;78
73959;78
74016;78
74074;78
74133;78
74194;78
74254;78
74314;78
74371;78
74430;78
74491;78
74548;78
74604;78
74660;78
74718;78
74778;78
74835;78
74892;78
74953;78
75010;78
75067;78
75127;78
75187;78
75248;78
75310;78
75371;78
75430;78
75491;78
75551;78
75610;78
75670;78
75728;78
75792;78
75853;78
75924;78
75980;78
76037;78
76099;78
76164;78
76244;78
76302;78
76359;78
76417;78
76473;78
76529;78
76588;78
76645;78
76702;78
76761;78
76817;78
76879;78
76934;78
76994;78
77055;78
77117;78
77173;78
77232;78
77291;78
77353;78
77409;78
77468;78
77525;78
77585;78
77642;78
77699;78
77765;78
77823;78
77882;78
77943;78
77999;78
78056;78
78114;78
78171;78
78228;78
78289;78
78348;78
78406;78
78466;78
78522;78
78581;78
78640;78
78698;78
78755;78
78813;78
78871;78
78929;78
78989;78
79048;78
79105;78
79162;78
79219;78
79275;78
79332;78
79394;78
79451;78
79510;78
79565;78
79623;78
79679;78
79736;78
79792;78
79848;78
79909;78
79967;78
80025;78
80086;78
80149;78
80203;78
80259;78
80318;78
80374;78
80435;78
80492;78
80551;78
80608;78
80664;78
80724;78
80779;78
80835;78
80893;78
80948;78
81006;78
81069;78
81125;78
81186;78
81242;78
81302;78
81358;78
81414;78
81472;78
81530;78
81592;78
81647;78
81706;78
81762;78
81817;78
81881;78
81948;78
82004;78
82063;78
82120;78
82177;78
82238;78
82292;78
82348;78
82406;78
82462;78
82520;78
82578;78
82634;78
82691;78
82749;78
82807;78
82871;78
82925;78
82980;78
83037;78
83094;78
83154;78
83214;78
83270;78
83326;78
83387;78
83445;78
83516;78
83571;78
83628;78
83684;78
83740;78
83799;78
83856;78
83936;78
84004;78
84062;78
84118;78
84176;78
84238;78
84293;78
84350;78
84410;78
84468;78
84523;78
84582;78
84640;78
84697;78
84755;78
84814;78
84872;78
84936;78
84996;78
85053;78
85111;78
85167;78
85224;78
85281;78
85337;78
85394;78
85452;78
85510;78
85575;78
85629;78
85684;78
85739;78
85795;78
85851;78
85914;78
85997;78
86053;78
86112;78
86169;78
86247;78
86302;78
86360;78
86419;78
86479;78
86538;78
86596;78
86653;78
86713;78
86770;78
86826;78
86885;78
86942;78
87010;78
87066;78
87121;78
87180;78
87234;78
87290;78
87348;78
87405;78
87463;78
87519;78
87582;78
87639;78
87695;78
87751;78
87808;78
87865;78
87929;78
87989;78
88049;78
88111;78
88167;78
88224;78
88281;78
88340;78
88397;78
88455;78
88511;78
88570;78
88629;78
88685;78
88746;78
88805;78
88865;78
88921;78
88976;78
89033;78
89092;78
89148;78
89205;78
89261;78
89316;78
89374;78
89431;78
89491;78
89547;78
89609;78
89665;78
89724;78
89790;78
89848;78
89908;78
89967;78
90024;78
90084;78
90143;78
90200;78
90258;78
90319;78
90377;78
90433;78
90487;78
90547;78
90603;78
90660;78
90722;78
90805;78
90884;78
90950;78
91008;78
91069;78
91164;78
91244;78
91320;78
91385;78
91443;78
91500;78
91559;78
91614;78
91679;78
91736;78
91792;78
91850;78
91906;78
91981;78
92048;78
92122;78
92175;78
92236;78
92293;78
92352;78
92413;78
92472;78
92531;78
92593;78
92649;78
92708;78
92766;78
92824;78
92883;78
92944;78
93010;78
93073;78
93129;78
93194;78
93252;78
93326;78
93404;78
93483;78
93562;78
93617;78
93672;78
93727;78
93796;78
93904;78
94011;78
94105;78
94173;78
94253;78
94312;78
94368;78
94427;78
94483;78
94539;78
94596;78
94652;78
94710;78
94765;78
94823;78
94879;78
94935;78
94996;78
95055;78
95114;78
95171;78
95227;78
95286;78
95342;78
95403;78
95462;78
95521;78
95581;78
95640;78
95696;78
95769;78
95827;78
95885;78
95941;78
96000;78
96058;78
96117;78
96183;78
96238;78
96294;78
96353;78
96411;78
96469;78
96526;78
96583;78
96643;78
96700;78
96758;78
96814;78
96871;78
96930;78
96987;78
97046;78
97106;78
97164;78
97222;78
97288;78
97360;78
97417;78
97475;78
97531;78
97590;78
97648;78
97706;78
97765;78
97822;78
97881;78
97938;78
98015;78
98087;78
98143;78
98200;78
98259;78
98320;78
98378;78
98437;78
98498;78
98553;78
98612;78
98667;78
98724;78
98781;78
98840;78
98900;78
98958;78
99014;78
99072;78
99129;78
99189;78
99250;78
99310;78
99366;78
99426;78
99483;78
99546;78
99601;78
99663;78
99720;78
99777;78
99842;78
99904;78
99961;78
100041;78
100103;78
100161;78
100217;78
100273;78
100334;78
