297;63
464;63
626;63
770;63
888;63
1034;63
1151;63
1319;63
1436;63
1778;63
2510;63
2720;63
2825;63
2925;63
3034;63
3144;63
3366;63
3496;63
3600;63
3704;63
3823;63
3995;63
4520;63
5071;63
5669;63
6228;63
6668;63
6794;63
6899;63
7023;63
7136;63
7245;63
7359;63
7477;63
7583;63
7692;63
7804;63
7968;63
8067;63
8171;63
8289;66
8413;65
8516;65
8621;65
8735;63
8838;63
8946;63
9140;63
9498;63
9630;63
9755;63
9861;63
9966;63
10071;63
10177;63
10290;63
10399;63
10532;63
10639;63
10751;63
10861;63
10984;66
11094;66
11216;67
11328;67
11431;67
11530;67
11634;67
11741;67
11844;67
11956;67
12064;67
12170;67
12279;67
12389;67
12497;67
12613;66
12735;65
12846;65
12950;65
13050;65
13153;65
13264;65
13372;65
13477;65
13585;65
13705;65
13814;65
13938;65
14050;65
14161;65
14277;65
14387;65
14487;65
14607;65
14719;65
14827;65
14936;65
15045;65
15152;65
15264;65
15373;65
15489;65
15626;65
15735;65
15837;65
15938;65
16038;65
16143;65
16254;65
16362;65
16465;65
16573;65
16676;65
16789;65
16899;65
17005;65
17111;65
17225;65
17332;65
17435;65
17539;65
17647;65
17759;65
17897;65
18007;65
18131;63
18237;63
18353;63
18461;63
18576;63
18679;63
18800;64
18926;66
19029;66
19138;66
19248;66
19363;66
19493;65
19613;65
19719;65
19828;65
19934;65
20055;65
20156;65
20261;65
20362;65
20467;65
20573;65
20680;65
20787;65
20894;65
21002;65
21106;65
21215;65
21328;65
21454;65
21574;65
21689;65
21797;65
21902;65
22005;65
22112;65
22218;65
22342;65
22451;65
22558;65
22665;65
22788;65
22894;65
23010;65
23112;65
23217;65
23321;65
23430;65
23535;65
23643;65
23748;65
23869;65
23975;65
24098;65
24208;65
24337;65
24448;65
24550;65
24650;65
24753;65
24861;65
24965;65
25069;65
25176;65
25280;65
25393;65
25505;65
25616;65
25728;65
25850;65
25958;65
26074;65
26175;65
26289;65
26405;65
26509;65
26628;66
26762;66
26876;66
27004;66
27111;66
27217;66
27328;66
27466;66
27573;66
27681;66
27790;66
27916;66
28029;66
28136;66
28265;66
28366;66
28470;66
28576;66
28682;66
28800;66
28913;66
29032;66
29140;66
29246;66
29349;66
29491;66
29601;66
29786;66
29893;66
29993;66
30097;66
30198;66
30303;66
30425;66
30550;66
30656;66
30778;66
30888;66
31006;65
31117;65
31281;65
31386;65
31493;65
31597;65
31706;65
31817;65
31928;65
32035;65
32144;65
32253;65
32381;65
32489;65
32593;65
32726;65
32834;65
32938;65
33043;65
33148;65
33254;65
33360;65
33488;65
33602;65
33710;65
33828;65
33933;65
34058;65
34199;65
34297;65
34400;65
34508;66
34618;66
34739;66
34841;66
34954;66
35061;66
35168;66
35272;66
35376;66
35487;66
35646;66
35749;66
35851;66
35960;66
36060;66
36163;66
36270;66
36374;66
36483;66
36594;66
36699;66
36805;66
36914;66
37020;66
37132;66
37230;66
37333;66
37438;66
37562;66
37670;66
37782;66
37893;66
37998;66
38107;66
38211;66
38319;66
38428;66
38538;66
38643;66
38763;66
38864;66
38997;66
39112;66
39215;66
39323;66
39434;66
39542;66
39651;66
39768;66
39884;66
40024;66
40129;66
40233;66
40338;66
40441;66
40550;66
40658;66
40767;66
40882;66
40997;66
41104;66
41213;66
41320;66
41451;66
41568;66
41688;66
41801;66
41936;66
42048;66
42171;66
42281;66
42391;66
42496;66
42604;66
42708;66
42813;66
42919;66
43032;66
43134;66
43251;66
43360;66
43473;66
43603;66
43712;66
43888;66
44035;66
44151;66
44257;66
44363;66
44470;66
44600;66
44700;66
44819;66
44937;66
45052;66
45168;63
45293;63
45405;63
45567;64
45672;64
45780;64
45885;64
45991;64
46096;64
46202;64
46338;64
46440;64
46544;64
46649;64
46758;64
46867;64
46974;64
47083;64
47221;64
47327;64
47432;64
47565;64
47716;64
47824;64
47947;64
48049;62
48158;62
48267;62
48371;62
48476;62
48589;62
48727;62
48834;62
48946;62
49052;62
49181;62
49285;62
49396;62
49501;62
49604;62
49736;62
49861;63
49984;63
50092;63
50199;63
50317;63
50425;63
50534;63
50644;63
50755;63
50862;63
50971;63
51069;63
51173;63
51279;63
51383;63
51493;63
51606;63
51711;63
51820;63
51929;63
52039;63
52150;63
52258;63
52359;63
52469;63
52572;63
52680;63
52793;63
52901;63
53022;63
53126;63
53240;62
53353;62
53465;62
53578;62
53684;62
53794;62
53899;62
54021;62
54135;62
54240;62
54345;62
54457;62
54566;62
54681;62
54795;62
54932;62
55041;62
55142;62
55245;62
55355;62
55521;62
55706;62
55925;62
56053;62
56172;62
56282;62
56385;62
56487;62
56610;62
56715;62
56815;62
56922;62
57032;62
57153;62
57259;62
57362;62
57468;62
57578;62
57696;62
57819;62
57920;62
58031;62
58139;62
58245;62
58352;62
58463;62
58569;62
58697;62
58813;62
58917;62
59006;62
59105;62
59213;62
59318;62
59425;62
59543;62
59655;62
59769;62
59898;62
59999;63
60124;63
60232;63
60346;63
60452;63
60579;63
60684;63
60792;63
60898;63
61009;63
61107;63
61210;63
61309;63
61438;63
61572;63
61747;63
61890;63
62019;63
62163;63
62289;63
62421;63
62557;63
62677;63
62795;63
62909;63
63023;63
63132;63
63269;63
63395;63
63501;63
63603;63
63742;63
63848;63
63953;63
64058;63
64172;63
64273;63
64377;63
64481;63
64641;63
64783;63
64889;63
64998;63
65126;63
65225;63
65350;63
65461;63
65566;63
65717;63
65848;63
65966;63
66082;63
66184;63
66312;62
66434;62
66556;62
66658;62
66774;62
66876;62
66980;62
67081;62
67187;62
67297;62
67405;62
67550;62
67655;62
67786;62
67897;62
68002;62
68134;62
68246;62
68349;62
68460;62
68563;62
68665;62
68777;62
68881;62
68994;62
69109;62
69218;62
69331;62
69465;62
69577;62
69687;62
69811;62
69923;62
70038;62
70143;62
70247;62
70350;62
70457;62
70567;62
70708;62
70823;62
70938;62
71037;62
71146;62
71265;62
71384;62
71511;62
71630;62
71761;62
71870;62
71982;62
72093;62
72256;62
72386;62
72497;62
72597;62
72699;62
72807;62
72920;62
73021;62
73132;62
73241;62
73351;62
73531;62
73962;62
74207;62
74314;62
74437;62
74559;62
74690;62
74798;62
74909;62
75026;62
75133;62
75245;62
75353;62
75470;62
75583;62
75749;62
75855;62
75964;62
76063;62
76189;62
76302;62
76405;62
76512;62
76618;62
76738;62
76844;62
76963;62
77069;62
77209;62
77335;62
77460;62
77563;62
77665;62
77784;62
77897;62
78008;62
78145;62
78264;62
78376;62
78489;62
78605;62
78726;62
78840;62
78945;62
79046;62
79177;62
79281;62
79389;62
79541;62
79652;62
79783;62
79913;62
80033;62
80148;62
80266;62
80374;62
80498;62
80616;62
80739;62
80844;62
80953;62
81061;62
81193;62
81322;63
81439;63
81547;63
81679;63
81799;63
81923;63
82035;63
82133;63
82280;63
82382;63
82501;63
82619;64
82746;64
82853;64
82978;64
83085;64
83198;64
83313;64
83427;64
83532;64
83638;64
83769;64
83874;64
83981;64
84082;64
84217;64
84344;64
84455;64
84559;64
84663;64
84784;64
84890;64
85000;64
85107;64
85209;64
85315;64
85434;64
85543;64
85650;64
85774;64
85881;64
85989;64
86097;62
86207;62
86329;62
86442;62
86542;62
86643;62
86752;62
86860;62
87016;62
87119;62
87230;62
87354;62
87467;62
87571;62
87675;62
87797;62
87905;62
88013;62
88118;62
88223;62
88340;62
88445;62
88555;62
88673;62
88810;62
88928;62
89052;62
89158;62
89259;62
89364;62
89468;62
89577;62
89679;62
89794;62
89906;62
90036;62
90137;62
90251;62
90361;62
90468;62
90571;62
90672;62
90780;62
90886;62
91014;62
91119;62
91243;62
91348;62
91450;62
91552;62
91652;62
91768;62
91902;62
92024;62
92145;62
92261;62
92385;62
92503;62
92618;62
92752;62
92865;62
92984;62
93087;62
93202;62
93316;62
93426;62
93604;62
93712;62
93824;62
93946;62
94052;62
94173;62
94278;62
94389;62
94515;62
94617;62
94738;62
94839;62
94949;62
95060;62
95174;62
95275;62
95380;62
95491;62
95604;62
95731;62
95830;62
95965;62
96067;62
96195;62
96303;62
96414;62
96524;62
96630;62
96735;62
96854;62
96968;62
97082;62
97180;62
97280;62
97383;62
97484;62
97597;62
97704;62
97825;62
97965;62
98092;62
98197;62
98305;62
98463;62
98569;62
98671;62
98791;62
98898;62
99022;62
99125;62
99243;62
99351;62
99476;62
99596;62
99706;62
99819;62
99940;62
100088;62
100210;62
100313;62
100417;62
100530;62
100634;62
100743;62
100869;62
100974;62
101113;62
101216;62
101319;62
101426;62
101559;65
101663;65
101769;65
101873;65
102003;65
102105;65
102224;65
102328;65
102436;65
102538;65
102643;65
102763;65
102885;65
102988;65
103100;65
103209;65
103311;65
103419;65
103548;65
103665;65
103796;65
103985;65
104136;65
104242;65
104349;65
104449;65
104552;65
104667;65
104782;65
104884;65
105000;65
105114;65
105233;65
105336;65
105451;65
105558;65
105661;65
105779;65
105884;65
105999;65
106113;64
106225;64
106335;64
106438;64
106558;64
106665;64
106790;64
106896;64
107012;64
107119;64
107234;64
107337;64
107444;64
107552;64
107661;64
107798;64
107900;64
108045;64
108142;64
108254;64
108363;64
108471;64
108588;64
108692;64
108796;64
108908;64
109020;65
109126;65
109237;65
109343;65
109445;65
109574;65
109674;65
109780;65
109898;65
110033;65
110149;65
110265;65
110384;65
110491;65
110602;65
110722;65
110823;65
110932;65
111036;65
111143;65
111303;65
111406;65
111511;65
111618;65
111734;65
111840;65
111947;65
112084;65
112185;65
112289;65
112394;65
112498;65
112603;65
112717;65
112821;65
112929;65
113040;65
113148;65
113263;65
113379;65
113483;65
113603;65
113723;65
113829;65
113949;65
114095;65
114211;65
114316;65
114436;65
114540;65
114661;65
114770;65
114874;65
114981;65
115118;65
115227;64
115331;64
115441;64
115551;64
115662;64
115774;64
115881;64
116094;64
116262;64
116393;64
116496;64
116598;64
116704;64
116809;64
116929;64
117040;64
117207;64
117311;64
117428;64
117526;64
117629;64
117733;64
117845;64
117960;64
118067;64
118170;64
118271;64
118371;64
118483;64
118586;64
118688;64
118827;64
118936;64
119034;64
119141;64
119241;64
119360;64
119462;64
119561;64
119665;64
119919;64
120061;64
120181;64
120293;64
120392;64
120501;64
120609;64
120712;64
120822;64
120937;64
121056;64
121168;64
121275;64
121408;64
121539;64
121657;64
121777;64
121890;64
122013;64
122123;64
122228;64
122333;64
122440;64
122542;64
122641;64
122750;64
122853;64
122961;64
123064;64
123169;64
123280;64
123384;64
123492;64
123612;64
124043;64
124145;64
124246;64
124349;64
124458;64
124568;64
124683;64
124803;64
124927;64
125030;64
125136;64
125247;64
125352;64
125500;64
125608;64
125709;64
125837;64
125962;64
126120;64
126295;64
126422;64
126525;64
126628;64
126742;64
126864;64
126990;64
127300;64
127399;64
127499;64
127607;64
127730;64
127836;64
127937;64
128042;64
128197;64
128297;64
128403;64
128514;64
128620;64
128743;64
128847;64
128946;64
129045;64
129149;64
129291;64
129397;64
129500;64
129602;64
129714;64
129836;64
129951;64
130051;64
130184;64
130297;64
130407;64
130513;64
130613;64
130733;64
130846;64
130964;64
131074;65
131177;65
131287;65
131407;65
131511;65
131621;65
131778;65
131878;65
131994;65
132102;65
132213;65
132320;65
132434;65
132540;65
132643;65
132755;65
132869;65
132976;65
133082;65
133189;65
133307;65
133408;65
133509;65
133608;65
133719;65
133842;65
133965;65
134075;65
134183;65
134289;65
134450;65
134599;65
134720;65
134831;65
134931;65
135032;65
135134;65
135262;65
135398;65
135521;65
135629;65
135752;65
135862;65
135974;65
136080;65
136194;65
136308;65
136418;65
136532;65
136677;65
136784;65
136918;65
137026;65
137139;65
137244;65
137357;64
137468;64
137587;64
137708;64
137813;64
137931;64
138032;64
138140;64
138248;64
138355;64
138472;64
138580;64
138697;64
138802;64
138910;64
139012;64
139116;64
139233;64
139356;64
139469;64
139578;64
139685;64
139792;64
139901;64
140014;64
140127;64
140249;64
140353;64
140463;64
140563;64
140656;64
140765;64
140871;64
140989;64
141091;64
141211;64
141315;64
141426;64
141546;63
141658;63
141774;63
141903;63
142022;63
142142;63
142251;63
142379;63
142483;63
142587;62
142694;62
142800;62
142910;62
143022;62
143152;62
143260;62
143366;62
143478;62
143583;62
143695;62
143820;62
143923;62
144027;62
144134;62
144242;62
144353;62
144460;62
144573;62
144684;62
144815;62
144924;62
145024;62
145153;62
145253;62
145368;62
145472;62
145577;62
145699;62
145834;62
145953;62
146101;62
146205;62
146321;62
146426;62
146531;62
146707;62
146809;62
146914;62
147017;62
147120;62
147226;62
147339;62
147446;62
147552;62
147663;62
147772;62
147877;62
147986;62
148096;62
148205;62
148324;62
148424;62
148536;62
148646;62
148806;62
148927;62
149032;62
149141;62
149278;62
149383;62
149489;62
149613;62
149735;62
149845;62
149954;62
150063;62
150166;62
150276;62
150389;62
150516;62
150629;62
150735;62
150841;62
150949;62
151055;62
151160;62
151266;62
151374;62
151480;62
151590;62
151700;62
151819;62
151932;62
152051;62
152163;62
152267;62
152373;62
152475;62
152596;62
152728;62
152847;62
152951;62
153063;62
153164;62
153278;62
153388;62
153498;62
153624;62
153733;62
153853;62
153963;62
154070;62
154172;62
154279;62
154402;62
154504;62
154603;62
154716;62
154819;63
154925;63
155029;63
155181;63
155304;63
155411;63
155523;63
155629;62
155759;62
155862;62
155967;62
156067;62
156168;61
156276;61
156392;61
156506;61
156611;61
156715;61
156826;61
156941;61
157054;61
157168;61
157298;61
157414;61
157529;61
157632;61
157742;61
157854;61
157981;61
158088;61
158199;61
158307;61
158415;61
158532;61
158637;61
158743;61
158841;61
158944;61
159050;61
159154;61
159265;61
159373;61
159497;61
159602;61
159708;61
159837;61
159974;61
160096;61
160197;61
160320;61
160456;61
160561;61
160665;61
160772;61
160892;61
161006;61
161115;61
161235;61
161358;61
161460;61
161559;61
161660;61
161769;61
161885;61
161993;61
162098;61
162205;61
162312;61
162422;61
162529;61
162642;61
162771;61
162899;61
163023;61
163130;61
163233;61
163336;61
163463;61
163566;61
163670;61
163781;61
163983;61
164087;61
164194;61
164304;61
164427;61
164546;61
164647;61
164754;61
164860;61
164984;61
165086;61
165210;61
165324;61
165472;61
165577;61
165718;61
165837;61
165965;61
166066;61
166165;61
166268;61
166390;61
166514;61
166622;61
166732;61
166836;61
166963;61
167071;61
167195;61
167293;61
167392;61
167532;61
167636;61
167746;61
167851;61
167955;61
168075;61
168190;61
168310;61
168428;61
168530;61
168661;61
168765;61
168875;61
169004;61
169144;61
169250;61
169385;61
169495;61
169620;61
169728;61
169853;61
169982;61
170091;61
170201;61
170320;61
170472;61
170579;61
170687;61
170817;61
170927;61
171037;61
171163;61
171324;61
171428;61
171528;61
171640;61
171749;61
171869;61
171977;61
172086;61
172190;61
172292;61
172432;61
172543;61
172644;61
172751;61
172861;61
172979;61
173083;61
173201;61
173307;61
173416;61
173521;61
173648;61
173764;61
173884;61
174003;61
174106;61
174236;61
174338;61
174450;61
174607;61
174766;61
174871;61
174974;61
175084;61
175191;61
175322;61
175450;61
175556;61
175671;61
175774;61
175954;61
176122;61
176290;61
176392;61
176524;61
176652;61
176770;61
176877;61
176991;61
177100;61
177207;61
177309;61
177434;61
177541;61
177653;61
177812;61
177920;61
178025;61
178144;61
178252;61
178363;61
178493;61
178610;61
178721;61
178824;61
178931;61
179052;61
179177;61
179286;61
179389;61
179517;61
179622;61
179730;61
179839;61
179963;61
180077;61
180199;61
180323;61
180425;61
180540;61
180665;61
180770;61
180891;61
180996;61
181101;61
181218;61
181323;61
181441;61
181542;61
181649;61
181757;61
181914;61
182017;61
182121;61
182222;61
182352;61
182452;61
182574;61
182697;61
182807;61
182913;61
183022;61
183124;61
183237;61
183363;61
183474;61
183584;61
183710;61
183839;61
183962;61
184066;61
184177;61
184285;61
184406;61
184522;61
184627;61
184740;61
184858;61
184973;61
185084;61
185190;61
185294;61
185405;61
185513;61
185635;61
185783;61
185881;61
186001;61
186106;61
186261;61
186370;61
186496;61
186626;61
186738;61
186865;61
186969;61
187072;61
187181;61
187285;61
187395;61
187534;61
187636;61
187763;61
187870;61
187983;61
188108;61
188239;61
188351;61
188456;61
188561;61
188662;61
188769;61
188886;61
189017;61
189136;61
189263;61
189400;61
189508;61
189617;61
189730;61
189837;61
189947;61
190054;61
190165;61
190289;61
190392;61
190508;61
190614;61
190747;61
190852;61
190959;61
191083;61
191188;61
191293;61
191395;61
191498;61
191605;61
191726;61
191828;61
191929;61
192034;61
192141;61
192254;61
192363;61
192473;61
192583;61
192696;61
192837;61
192962;61
193058;61
193181;61
193284;61
193383;61
193506;61
193640;61
193761;61
193865;61
193994;61
