1153;277
1394;277
1646;277
1859;277
2062;277
2323;277
2572;277
2764;277
3022;277
3311;277
3510;277
3710;277
3963;277
4256;277
4668;277
4865;277
5075;277
5268;277
5460;277
5655;277
5851;277
6041;277
6233;277
6427;277
6651;277
6879;277
7214;277
7487;277
7720;277
7977;277
8174;277
8366;277
8564;277
8763;277
8964;277
9166;277
9366;277
9569;277
9777;277
9972;277
10155;277
10338;277
10520;277
10739;277
10956;277
11143;277
11334;277
11526;277
11760;277
11976;277
12148;277
12356;277
12541;277
12733;277
12949;277
13125;277
13295;277
13463;277
13622;277
13795;277
14008;277
14179;277
14350;277
14528;277
14682;277
14904;277
15078;277
15229;277
15415;277
15597;277
15744;277
15893;277
16100;277
16257;277
16402;277
16570;273
16700;273
16861;267
16983;267
17102;267
17220;267
17363;266
17508;264
17657;262
17800;261
17940;260
18075;259
18184;259
18317;257
18430;257
18535;257
18644;257
18817;256
18957;256
19069;256
19179;256
19287;256
19391;256
19515;256
19649;256
19772;256
19887;256
20034;256
20173;256
20314;256
20415;256
20545;256
20647;256
20755;256
20875;256
21017;256
21130;256
21236;256
21338;256
21443;256
21542;256
21647;256
21748;256
21855;256
21956;256
22065;256
22185;256
22285;256
22389;256
22522;256
22652;256
22755;256
22862;256
22986;256
23127;256
23243;256
23400;256
23565;256
23706;256
23848;256
23999;256
24120;256
24254;256
24407;256
24527;256
24646;256
24809;256
24940;256
25044;256
25184;256
25337;256
25451;256
25558;256
25666;256
25769;256
25883;256
25991;256
26094;256
26202;256
26311;256
26421;256
26534;256
26651;256
26765;256
26868;256
26979;256
27125;256
27269;256
27381;256
27491;256
27593;256
27701;256
27805;256
27946;256
28051;256
28158;256
28279;256
28389;256
28494;256
28603;256
28714;256
28818;256
28928;256
29038;256
29141;256
29250;256
29360;256
29463;256
29573;256
29684;256
29790;256
29929;256
30043;256
30146;256
30255;256
30360;256
30474;256
30582;256
30685;256
30794;256
30904;256
31007;256
31116;256
31227;256
31333;256
31442;256
31551;256
31653;256
31761;256
31872;256
31980;256
32090;256
32199;256
32304;256
32411;256
32520;256
32623;256
32732;256
32843;256
32948;256
33056;256
33157;256
33269;256
33377;256
33482;256
33590;256
33699;256
33800;256
33913;256
34025;256
34129;256
34237;256
34346;256
34454;256
34565;256
34674;256
34777;256
34885;256
34994;256
35104;256
35212;256
35321;256
35425;256
35535;256
35644;256
35747;256
35854;256
35986;256
36089;256
36195;256
36297;256
36401;256
36510;256
36611;256
36718;256
36819;256
36924;256
37027;256
37134;256
37241;256
37343;256
37453;256
37564;256
37671;256
37780;256
37891;256
38005;256
38109;256
38216;256
38318;256
38427;256
38539;256
38645;256
38753;256
38864;256
38971;256
39081;256
39190;256
39294;256
39401;256
39511;256
39616;256
39722;256
39823;256
39934;256
40056;256
40163;256
40264;256
40370;256
40473;256
40583;256
40690;256
40793;256
40903;256
41012;256
41115;256
41224;256
41326;256
41435;256
41547;256
41651;256
41759;256
41867;256
41974;256
42089;256
42196;256
42302;256
42403;256
42513;256
42614;256
42720;256
42824;256
42931;256
43047;256
43159;256
43280;256
43383;256
43495;256
43622;256
43735;256
43839;256
43947;256
44068;256
44175;256
44277;256
44385;256
44495;256
44604;256
44711;256
44818;256
44927;256
45035;256
45160;256
45266;256
45371;256
45482;256
45591;256
45694;256
45811;256
45913;256
46026;256
46129;256
46240;256
46347;256
46450;256
46598;256
46759;256
46860;256
46968;256
47073;256
47177;256
47289;256
47391;256
47498;256
47603;256
47709;256
47815;256
47917;256
48025;256
48130;256
48243;256
48352;256
48458;256
48560;256
48666;256
48768;256
48873;256
48977;256
49081;256
49189;256
49290;256
49397;256
49499;256
49605;256
49706;256
49829;256
49937;256
50050;256
50165;256
50270;256
50386;256
50498;256
50612;256
50717;256
50822;256
50924;256
51031;256
51133;256
51238;256
51347;256
51450;256
51557;256
51664;256
51767;256
51875;256
51990;256
52098;256
52204;256
52313;256
52418;256
52527;256
52632;256
52738;256
52844;256
52953;256
53061;256
53167;256
53269;256
53377;256
53485;256
53590;256
53700;256
53802;256
53909;256
54015;256
54127;256
54234;256
54337;256
54448;256
54557;256
54658;256
54765;256
54867;256
54970;256
55079;256
55182;256
55294;256
55405;256
55511;256
55622;256
55742;256
55859;256
55974;256
56095;256
56215;256
56325;256
56438;256
56556;256
56676;256
56787;256
56889;256
57003;256
57114;256
57220;256
57328;256
57437;256
57547;256
57656;256
57772;256
57887;256
57996;256
58110;256
58220;256
58340;256
58451;256
58557;256
58665;256
58776;256
58876;256
58982;256
59093;256
59202;256
59312;256
59414;256
59521;256
59626;256
59730;256
59839;256
59941;256
60051;256
60187;256
60294;256
60402;256
60508;256
60619;256
60723;256
60826;256
60934;256
61041;256
61145;256
61252;256
61357;256
61465;256
61575;256
61690;256
61795;256
61904;256
62008;256
62119;256
62231;256
62333;256
62447;256
62553;256
62656;256
62764;256
62891;256
63053;256
63212;256
63358;256
63461;256
63569;256
63742;256
63906;256
64047;256
64157;256
64269;256
64382;256
64497;256
64607;256
64717;256
64818;256
64927;256
65029;256
65136;256
65247;256
65356;256
65482;256
65595;256
65711;256
65839;256
65978;256
66125;256
66270;256
66391;256
66496;256
66618;256
66723;256
66835;256
66940;256
67047;256
67153;256
67263;256
67370;256
67483;256
67647;256
67755;256
67874;256
67984;256
68085;256
68192;256
68306;256
68408;256
68519;256
68628;256
68730;256
68846;256
68966;256
69104;256
69227;256
69375;256
69521;256
69632;256
69747;256
69872;256
70003;256
70160;256
70307;256
70460;256
70623;256
70773;256
70939;256
71112;256
71280;256
71456;256
71621;256
71787;256
71954;256
72118;256
72279;256
72398;256
72519;256
72691;256
72805;256
72947;256
73110;256
73261;256
73379;256
73552;256
73662;256
73760;256
73853;256
73950;256
74043;256
74177;256
74288;256
74398;256
74558;256
74716;256
74843;256
74992;256
75146;256
75302;256
75478;256
75649;256
75828;256
75976;256
76103;256
76222;256
76377;256
76499;256
76659;256
76836;256
77007;256
77158;256
77341;256
77486;256
77654;256
77797;256
77921;256
78016;256
78107;256
78202;256
78307;256
78414;256
78564;256
78736;256
78886;256
79054;256
79277;256
79502;256
79743;256
79982;256
80228;256
80442;256
80674;256
80852;256
81060;256
81284;256
81465;256
81645;256
81786;256
81883;256
81981;256
82107;256
82282;256
82478;256
82733;256
83070;256
83325;256
83568;256
83802;256
84033;256
84247;256
84385;256
84596;256
84807;256
84999;256
85108;256
85205;256
85303;256
85399;256
85504;256
85606;256
85713;256
85819;256
85932;256
86038;256
86155;256
86257;256
86452;256
86629;256
86752;256
86883;256
87045;256
87230;256
87476;256
87737;256
87963;256
88210;256
88450;256
88651;256
88824;256
89024;256
89252;256
89461;256
89653;256
89795;256
89999;256
90219;256
90450;256
90676;256
90853;256
91009;256
91206;256
91409;256
91637;256
91857;256
92065;256
92345;256
92497;256
92667;256
92861;256
93077;256
93323;256
93539;256
93749;256
93971;256
94193;256
94392;256
94577;256
94797;256
94973;256
95104;256
95234;256
95338;256
95472;256
95577;256
95682;256
95791;256
95896;256
96007;256
96117;256
96221;256
96329;256
96443;256
96580;256
96717;256
96855;256
96966;256
97071;256
97214;256
97335;256
97532;256
97748;256
98199;256
98416;256
98608;256
98792;256
99000;256
99210;256
99413;256
99669;256
99885;256
100087;256
100288;256
100620;256
100968;256
101152;256
101351;256
101566;256
101793;256
102013;256
102212;256
102461;256
102718;256
102964;256
103159;256
103402;256
103727;256
104005;256
104221;256
104366;256
104480;256
104591;256
104694;256
104815;256
105003;256
105167;256
105271;256
105378;256
105482;256
105582;256
105684;256
105787;256
105887;256
105991;256
106115;256
106220;256
106384;256
106535;256
106829;256
107109;256
107413;256
107709;256
108012;256
108307;256
108673;256
108851;256
108966;256
109074;256
109285;256
109564;256
109977;256
110391;256
110720;256
110907;256
111050;256
111157;256
111281;256
111387;256
111505;256
111697;256
111902;256
112097;256
112219;256
112402;256
112785;256
113203;256
113448;256
113631;256
113836;256
114175;256
114645;256
114961;256
115181;256
115365;256
115562;256
115728;256
115917;256
116107;256
116262;256
116448;256
116725;256
117072;256
117316;256
117565;256
117797;256
118017;256
118256;256
118526;256
118756;256
118972;256
119182;256
119390;256
119519;256
119629;256
119738;256
119842;256
119950;256
120058;256
120225;256
120424;256
120765;256
121084;256
121300;256
121532;256
121727;256
121992;256
122220;256
122365;256
122476;256
122584;256
122699;256
122808;256
122965;256
123109;256
123234;256
123463;256
123892;256
124104;256
124307;256
124552;256
124845;256
125133;256
125351;256
125567;256
125795;256
126119;256
126395;256
126600;256
126835;256
127073;256
127368;256
127612;256
127816;256
128020;256
128187;256
128319;256
128420;256
128576;256
128796;256
129091;256
129458;256
129751;256
130049;256
130249;256
130440;256
130616;256
130805;256
131007;256
131218;256
131434;256
131686;256
131932;256
132113;256
132259;256
132457;256
132669;256
132856;256
133120;256
133289;256
133435;256
133559;256
133674;256
133786;256
133887;256
133994;256
134098;256
134204;256
134313;256
134437;256
134543;256
134651;256
134772;256
134886;256
135063;256
135221;256
135390;256
135619;256
135792;256
135971;256
136197;256
136435;256
136583;256
136703;256
136813;256
136917;256
137023;256
137124;256
137228;256
137333;256
137434;256
137539;256
137655;256
137832;256
138017;256
138187;256
138335;256
138455;256
138565;256
138666;256
138776;256
138897;256
139019;256
139174;256
139333;256
139555;256
139774;256
140017;256
140300;256
140575;256
140960;256
141151;256
141417;256
141624;256
141856;256
142057;256
142202;256
142312;256
142426;256
142532;256
142692;256
142800;256
142906;256
143008;256
143193;256
143359;256
143661;256
143877;256
144149;256
144403;256
144622;256
144861;256
145107;256
145364;256
145613;256
145814;256
146029;256
146178;256
146372;256
146567;256
146780;256
147032;256
147311;256
147495;256
147738;256
147910;256
148146;256
148373;256
148600;256
148863;256
149033;256
149148;256
149275;256
149510;256
149841;256
150073;256
150236;256
150411;256
150612;256
150807;256
150933;256
151053;256
151174;256
151302;256
151526;256
151826;256
152057;256
152236;256
152430;256
152579;256
152792;256
152934;256
153054;256
153176;256
153279;256
153456;256
153696;256
153942;256
154175;256
154340;256
154540;256
154733;256
154928;256
155165;256
155420;256
155689;256
155961;256
156226;256
156505;256
156774;256
157020;256
157272;256
157464;256
157584;256
157695;256
157800;256
157903;256
158011;256
158116;256
158232;256
158341;256
158445;256
158563;256
158747;256
158870;256
158987;256
159088;256
159214;256
159387;256
159650;256
159898;256
160118;256
160265;256
160408;256
160610;256
160779;256
160911;256
161143;256
161412;256
161635;256
161779;256
161948;256
162157;256
162401;256
162664;256
162814;256
162939;256
163087;256
163301;256
163567;256
163748;256
163875;256
164050;256
164287;256
164551;256
164804;256
165043;256
165275;256
165522;256
165763;256
166030;256
166268;256
166433;256
166607;256
166767;256
166971;256
167226;256
167379;256
167531;256
167735;256
167925;256
168056;256
168171;256
168300;256
168409;256
168515;256
168619;256
168737;256
168867;256
169011;256
169248;256
169469;256
169631;256
169859;256
170111;256
170380;256
170650;256
170905;256
171143;256
171414;256
171686;256
171928;256
172118;256
172319;256
172526;256
172708;256
172836;256
172952;256
173060;256
173173;256
173343;256
173527;256
173827;256
174057;256
174195;256
174404;256
174606;256
174841;256
175074;256
175201;256
175309;256
175415;256
175525;256
175634;256
175736;256
175845;256
175984;256
176173;256
176391;256
176701;256
176954;256
177155;256
177346;256
177563;256
177804;256
178058;256
178279;256
178433;256
178566;256
178718;256
178905;256
179110;256
179283;256
179398;256
179506;256
179618;256
179723;256
179829;256
179931;256
180035;256
180144;256
180247;256
180353;256
180457;256
180566;256
180675;256
180778;256
180886;256
180990;256
181095;256
181201;256
181304;256
181414;256
181523;256
181627;256
181737;256
181847;256
181954;256
182064;256
182173;256
182281;256
182398;256
182519;256
182635;256
182744;256
182875;256
183005;256
183137;256
183290;256
183463;256
183629;256
183784;256
183972;256
184080;256
184224;256
184334;256
184434;256
184546;256
184676;256
184788;256
184952;256
185131;256
185359;256
185582;256
185708;256
185827;256
185952;256
186118;256
186224;256
186333;256
186456;256
186578;256
186687;256
186791;256
