224;62
356;62
504;62
689;62
846;62
993;62
1111;62
1278;62
1472;62
1775;62
2189;62
2314;62
2452;62
2560;62
2693;62
2826;62
2981;62
3089;62
3237;62
3344;62
3453;62
3616;62
3759;62
3910;62
4062;62
4212;62
4380;62
4484;62
4596;62
4705;62
4835;62
4952;62
5057;62
5180;62
5288;62
5400;62
5511;62
5635;62
5753;62
5863;62
5979;62
6088;62
6227;62
6334;62
6442;62
6573;62
6678;62
6811;62
6965;62
7107;62
7255;62
7379;62
7488;62
7587;62
7706;62
7810;62
7918;62
8031;62
8135;62
8252;62
8362;62
8467;62
8578;62
8702;62
8803;62
8910;62
9011;62
9112;62
9215;62
9327;62
9504;62
9610;62
9717;63
9835;63
9948;63
10085;63
10211;63
10320;63
10424;63
10560;63
10660;63
10768;63
10881;63
10983;63
11087;63
11207;63
11329;63
11439;63
11548;63
11672;63
11773;63
11875;63
11979;62
12079;62
12186;62
12289;62
12396;62
12504;62
12607;62
12712;62
12822;62
12935;62
13047;62
13179;62
13337;62
13449;62
13575;62
13679;62
13786;62
13900;62
14005;62
14126;62
14235;62
14345;62
14469;62
14592;62
14701;62
14801;62
14906;62
15021;62
15131;62
15239;62
15350;62
15514;62
15657;62
15767;62
15876;62
16000;62
16104;62
16217;62
16319;62
16425;62
16532;62
16637;62
16738;62
16843;62
16969;62
17072;62
17177;62
17288;62
17407;62
17511;62
17634;62
17737;62
17836;62
17953;62
18074;62
18179;62
18286;62
18452;62
18565;62
18673;62
18778;62
18883;62
18998;62
19104;62
19211;62
19312;62
19447;62
19582;62
19709;62
19817;62
19950;62
20074;62
20181;62
20363;62
20466;62
20571;62
20671;62
20790;62
20903;62
21017;62
21124;62
21232;62
21346;62
21459;62
21575;62
21676;62
21794;62
21895;62
22003;62
22118;62
22223;62
22337;62
22507;62
22636;62
22759;62
22878;62
23012;62
23146;62
23302;62
23415;62
23524;62
23636;62
23759;62
23880;62
24008;62
24191;62
24382;62
24518;62
24632;61
24740;61
24878;61
25006;61
25116;61
25263;61
25367;61
25473;61
25601;61
25704;61
25811;61
25917;61
26025;61
26134;61
26261;61
26362;61
26492;61
26654;61
26779;61
26888;61
26996;61
27101;61
27210;61
27334;61
27442;61
27547;61
27651;61
27756;61
27860;61
27961;61
28066;61
28187;61
28295;61
28406;61
28514;61
28625;61
28764;61
28871;61
28980;61
29095;61
29215;61
29336;61
29443;61
29579;61
29689;61
29810;61
29942;61
30041;61
30175;61
30274;61
30441;61
30613;61
30718;61
30841;61
30952;61
31063;61
31166;61
31286;61
31391;61
31494;61
31610;61
31739;61
31900;61
32009;61
32122;61
32234;61
32354;61
32454;61
32558;61
32658;61
32772;61
32877;61
33013;61
33118;61
33239;61
33355;61
33460;61
33590;61
33693;61
33851;61
33981;61
34091;61
34200;61
34337;61
34438;61
34542;61
34642;61
34744;61
34849;61
34954;61
35066;61
35183;61
35306;61
35449;61
35617;61
35720;61
35852;61
35993;61
36123;61
36228;61
36339;61
36443;61
36547;61
36658;61
36776;61
36887;61
36994;61
37131;61
37255;61
37387;61
37504;61
37621;61
37730;61
37837;61
37948;61
38060;61
38174;61
38297;61
38436;61
38569;61
38676;61
38780;61
38894;61
39008;61
39131;61
39246;61
39367;61
39470;61
39583;61
39693;61
39810;61
39914;61
40025;61
40141;61
40256;61
40383;61
40510;61
40637;61
40746;61
40845;61
40978;61
41152;61
41281;61
41396;61
41501;61
41638;61
41778;61
41884;61
41987;61
42092;61
42203;61
42311;61
42450;61
42557;61
42662;61
42764;61
42884;61
43014;61
43121;61
43230;61
43362;61
43477;61
43608;61
43732;61
43854;61
43961;61
44067;61
44181;61
44324;61
44496;61
44596;61
44704;61
44820;61
44928;61
45036;61
45162;61
45268;61
45391;61
45497;61
45598;61
45711;61
45825;61
45957;61
46068;61
46170;61
46275;61
46377;61
46487;61
46618;61
46726;61
46864;61
46978;61
47103;61
47233;61
47341;61
47453;61
47586;61
47689;61
47804;61
47920;61
48026;61
48138;61
48268;61
48376;61
48484;61
48600;61
48711;61
48818;61
48929;61
49046;61
49158;61
49257;61
49357;61
49462;61
49597;61
49724;61
49831;61
49953;61
50056;61
50165;61
50275;61
50405;61
50567;61
50668;61
50793;61
50893;61
50997;61
51113;61
51231;61
51371;61
51478;61
51591;61
51731;61
51859;63
51969;63
52069;63
52170;63
52274;63
52382;63
52488;63
52597;63
52718;63
52820;63
52922;63
53034;63
53166;63
53286;63
53391;63
53496;63
53600;63
53711;63
53814;63
53927;63
54034;63
54163;63
54272;63
54386;63
54495;63
54631;63
54734;63
54834;63
54945;63
55046;63
55169;63
55276;63
55383;63
55496;63
55619;63
55725;63
55826;63
55929;63
56030;63
56135;63
56239;63
56345;63
56467;63
56575;63
56693;63
56793;63
56893;63
56993;63
57095;63
57212;63
57318;63
57426;63
57540;63
57646;63
57759;63
57858;63
57959;63
58084;63
58183;63
58295;63
58399;63
58505;63
58609;63
58728;63
58856;63
58966;63
59069;63
59174;63
59287;63
59410;63
59518;63
59620;63
59731;63
59837;63
59944;63
60045;63
60149;63
60261;63
60401;63
60513;63
60650;64
60750;63
60852;63
60954;63
61087;64
61204;63
61313;63
61420;63
61531;63
61647;63
61760;63
61871;63
61977;63
62088;63
62182;63
62288;63
62392;63
62494;63
62597;63
62706;63
62826;63
62940;63
63049;63
63163;63
63266;63
63370;63
63472;63
63606;63
63714;63
63819;63
63956;63
64058;63
64160;63
64258;63
64361;63
64465;63
64590;63
64689;63
64788;63
64888;63
64995;63
65097;63
65215;63
65322;63
65456;63
65565;63
65665;63
65767;63
65866;63
65972;63
66078;63
66185;63
66288;63
66398;63
66526;63
66632;63
66732;63
66832;63
66931;63
67040;63
67148;63
67303;63
67410;63
67524;63
67638;63
67759;63
67866;63
67977;63
68079;63
68184;63
68287;63
68394;63
68498;63
68601;63
68707;63
68813;63
68928;63
69035;63
69138;63
69250;63
69358;63
69499;63
69644;63
69787;63
69939;63
70052;63
70163;63
70266;63
70401;63
70503;63
70620;63
70722;63
70827;63
70938;63
71044;63
71169;63
71276;63
71395;63
71499;63
71602;63
71743;63
71890;63
71992;63
72091;63
72195;63
72299;63
72410;63
72519;63
72628;63
72736;63
72842;63
72995;63
73098;63
73204;63
73309;63
73416;63
73515;63
73624;63
73722;63
73825;63
73935;63
74041;63
74152;63
74262;63
74370;63
74478;63
74584;63
74692;63
74805;63
74903;63
75010;63
75117;63
75226;63
75342;63
75508;63
75655;63
75801;63
75907;63
76015;63
76128;63
76239;63
76365;63
76482;63
76588;63
76704;63
76805;63
76912;63
77012;63
77157;63
77270;63
77425;63
77532;63
77646;63
77764;63
77867;63
77967;64
78069;64
78169;64
78272;63
78383;63
78496;63
78603;63
78727;63
78829;63
78937;63
79051;63
79153;63
79258;63
79375;63
79480;63
79593;63
79698;63
79799;63
79901;63
80007;63
80119;63
80228;63
80348;63
80457;63
80558;63
80662;63
80765;63
80866;63
80974;63
81077;63
81213;61
81339;61
81441;61
81567;61
81670;61
81796;61
81925;61
82037;61
82141;61
82251;61
82355;61
82483;61
82598;61
82716;61
82833;61
82933;61
83062;61
83170;61
83314;61
83440;61
83544;61
83750;61
83856;61
83958;61
84098;61
84275;61
84429;61
84540;61
84670;61
84798;61
84908;61
85018;61
85132;61
85230;61
85371;61
85479;61
85590;61
85695;61
85805;61
85936;61
86059;61
86173;61
86287;61
86402;61
86510;61
86666;61
86769;61
86878;61
86983;61
87089;61
87211;61
87340;61
87452;61
87563;61
87695;61
87802;61
87926;61
88036;61
88184;61
88303;61
88402;61
88502;61
88612;61
88715;61
88822;61
88925;61
89045;61
89152;61
89258;61
89405;61
89528;61
89658;61
89753;61
89852;61
89954;61
90054;61
90155;61
90262;61
90364;61
90486;61
90599;61
90706;61
90809;61
90915;61
91022;61
91133;61
91242;61
91355;61
91476;61
91585;61
91692;61
91801;61
91911;61
92016;61
92136;61
92242;61
92349;61
92453;61
92573;61
92672;61
92775;61
92881;61
92989;61
93102;61
93213;61
93338;61
93443;61
93546;61
93714;61
93842;61
93972;61
94079;61
94185;61
94292;61
94397;61
94496;61
94611;61
94724;61
94829;61
94941;61
95048;61
95149;61
95259;61
95376;61
95509;61
95642;62
95767;62
95869;62
95970;62
96079;62
96187;62
96293;62
96399;62
96506;62
96607;62
96719;62
96832;62
96935;62
97049;62
97174;62
97277;62
97403;62
97543;63
97668;63
97774;63
97887;63
97995;63
98106;63
98229;63
98338;63
98452;63
98551;63
98673;63
98788;63
98942;63
99059;63
99183;63
99296;63
99428;63
99545;63
99658;63
99761;63
99889;63
100002;63
100152;63
100269;63
100381;63
100498;63
100612;63
100717;63
100820;63
100926;63
101028;63
101143;63
101245;63
101392;63
101554;63
101659;63
101781;63
101887;63
102002;62
102109;62
102244;62
102378;62
102489;62
102594;62
102751;62
102854;62
102972;62
103100;62
103204;62
103310;62
103421;62
103537;62
103666;62
103769;62
103867;62
103967;62
104085;62
104206;62
104311;62
104433;62
104540;62
104644;62
104749;62
104851;62
104969;62
105074;62
105174;62
105294;62
105425;62
105553;62
105656;62
105783;62
105901;62
105999;62
106099;62
106215;62
106327;62
106431;62
106536;62
106637;62
106755;62
106855;62
106971;62
107071;62
107171;62
107281;62
107396;62
107533;62
107637;62
107742;62
107870;62
107979;62
108088;62
108196;62
108299;62
108408;62
108514;62
108624;62
108725;63
108851;63
108952;63
109056;63
109162;63
109274;62
109383;62
109532;62
109637;62
109740;62
109842;62
109946;62
110049;61
110169;61
110303;61
110409;61
110509;61
110635;61
110751;61
110853;61
110971;61
111092;61
111194;61
111296;61
111397;61
111548;61
111656;61
111783;61
111899;61
112016;61
112115;61
112232;61
112338;61
112444;61
112584;61
112685;61
112788;61
112886;61
113023;61
113126;61
113227;61
113338;61
113450;61
113597;61
113705;61
113808;61
113942;61
114048;61
114170;61
114285;61
114387;61
114490;61
114593;61
114710;61
114817;61
114927;61
115034;61
115156;61
115267;61
115376;61
115555;61
115671;61
115771;61
115878;61
115983;61
116102;61
116212;61
116310;61
116412;61
116537;63
116662;63
116791;63
116925;63
117030;63
117195;63
117295;63
117394;63
117504;63
117612;63
117736;63
117845;63
117961;63
118068;63
118170;63
118272;63
118374;63
118506;63
118621;63
118724;63
118835;63
118955;63
119053;63
119156;63
119304;63
119411;63
119516;63
119649;63
119780;63
119903;63
120014;63
120122;63
120226;63
120326;63
120435;63
120570;63
120676;63
120780;63
120892;63
121008;63
121114;63
121215;63
121324;63
121430;63
121545;63
121651;63
121765;63
121871;63
122002;63
122114;63
122217;63
122320;63
122444;63
122548;63
122651;63
122762;63
122868;63
122979;63
123090;63
123244;63
123363;63
123471;63
123575;63
123687;63
123789;63
123893;63
124004;63
124108;63
124220;63
124329;63
124449;63
124566;63
124669;63
124775;63
124878;63
124981;63
125084;63
125188;63
125300;63
125426;63
125544;63
125656;63
125779;63
125916;63
126058;63
126161;63
126280;63
126387;63
126497;63
126602;63
126715;63
126819;63
126923;63
127026;63
127129;63
127231;63
127362;62
127484;62
127589;62
127701;62
127824;62
127928;62
128035;62
128140;62
128255;62
128358;62
128469;62
128572;62
128676;62
128779;62
128884;62
129007;62
129137;62
129242;62
129363;62
129483;62
129597;62
129708;62
129818;62
129926;62
130032;62
130137;62
130256;62
130387;62
130509;62
130624;62
130726;62
130831;62
130950;62
131058;62
131168;62
131282;62
131390;62
131496;62
131598;62
131707;62
131810;62
131921;62
132032;62
132132;62
132236;62
132338;62
132463;62
132570;62
132684;62
132791;62
132903;62
133011;62
133114;62
133215;62
133321;62
133429;62
133546;62
133659;62
133760;62
133865;62
133991;62
134099;62
134237;62
134344;62
134452;62
134556;62
134665;62
134787;62
134888;62
134989;62
135114;62
135230;62
135380;62
135573;62
135691;62
135799;62
135934;62
136040;62
136162;62
136257;62
136360;62
136488;62
136588;62
136707;62
136811;62
136914;62
137056;62
137169;62
137274;62
137382;62
137495;62
137599;62
137736;62
137838;62
137945;62
138050;62
138164;62
138284;62
138390;62
138492;62
138611;62
138709;62
138812;62
138935;62
139034;62
139146;62
139265;62
139373;62
139494;62
139615;62
139786;62
139892;62
139994;62
140110;62
140213;62
140318;62
140432;62
140557;62
140687;62
140794;62
140914;62
141020;62
141137;62
141252;62
141371;62
141474;62
141574;62
141708;62
141834;62
141942;62
142053;62
142158;62
142268;62
142376;62
142528;62
142630;62
142730;62
142834;62
142939;62
143050;62
143153;62
143259;62
143362;62
143479;62
143598;62
143698;62
143837;62
143944;62
144058;62
144221;62
144357;62
144495;62
144598;62
144706;62
144836;62
144945;62
145044;62
145145;62
145244;62
145347;62
145452;62
145563;62
145668;62
145806;62
145911;62
146025;62
146125;62
146224;62
146341;62
146453;62
146560;62
146671;62
146773;62
146892;62
147011;62
147114;62
147215;62
147325;62
147427;62
147539;62
147642;62
147754;62
147893;62
148012;62
148109;62
148210;62
148311;62
148415;62
148522;62
148634;62
148764;62
148867;62
148973;62
149074;62
149205;62
149343;62
149449;62
149554;62
149664;62
149782;62
149916;62
150017;62
150117;62
150217;62
150321;62
150435;62
150566;62
150688;62
150792;62
150904;62
151004;62
151110;62
151217;62
151321;62
151432;62
151549;62
151648;62
151749;62
151880;62
151989;62
152126;65
152229;65
152343;65
152443;65
152545;65
152648;65
152765;65
152885;65
153007;65
153113;65
153223;65
153425;65
153534;65
153637;65
153739;65
153877;65
153986;65
154091;65
154194;65
154298;65
154402;65
154518;65
154621;65
154725;65
154827;65
154928;65
155038;65
155146;65
155260;65
155374;65
155486;65
155612;65
155712;65
155820;65
155950;65
156058;65
156171;65
156276;65
156385;65
156491;65
156597;65
156708;64
156823;64
156958;64
157064;64
157178;64
157280;64
157388;64
157498;64
157620;64
157723;64
157864;64
157986;64
158088;64
158206;64
158345;64
158448;64
158551;64
158667;64
158777;64
158897;63
159002;63
159112;63
159224;63
159336;63
159446;63
159558;63
159687;63
159833;63
159979;63
160081;63
160182;63
160295;63
160404;63
160523;63
160625;64
160729;64
160839;64
160943;63
161050;63
161155;63
161261;63
161380;63
161484;63
161610;63
161712;63
161823;63
161953;63
162059;63
162165;63
162319;63
162432;62
162551;62
162655;61
162758;61
162890;61
163000;61
163129;61
163231;61
163366;61
163475;61
163579;61
163716;61
163820;61
163929;61
164050;61
164162;61
164268;61
164395;61
164500;61
164630;61
164750;61
164852;61
164958;61
165074;61
165199;61
165311;61
165432;61
165556;61
165665;61
165802;61
165924;61
166030;61
166138;61
166243;61
166349;61
166464;61
166572;61
166679;61
166782;61
166892;61
167024;61
167160;61
167264;61
167373;61
167482;61
167584;61
167701;61
167814;61
167927;61
168039;61
168168;61
168304;61
168446;61
168603;61
168708;61
168835;61
168934;61
169038;61
169147;61
169275;61
169391;61
169504;61
169625;61
169738;61
169841;61
169945;61
170060;61
170168;61
170281;61
170392;61
170498;61
170620;61
170724;61
170841;61
170943;61
171045;61
171147;61
171251;61
171386;61
171497;61
171602;61
171710;61
171813;61
171919;61
172032;61
172139;61
172262;61
172386;61
172493;61
172606;61
172736;61
172865;61
172977;61
173083;61
173186;61
173285;61
173386;61
173494;61
173596;61
173703;61
173825;61
173952;61
174065;61
174169;61
174274;61
174379;61
174490;61
174609;61
174716;61
174848;61
174950;61
175052;61
175161;61
175264;61
175381;61
175487;61
175590;61
175734;61
175830;61
175959;61
176065;61
176168;61
176293;61
176410;61
176533;61
176639;61
176771;61
176907;61
177007;61
177116;61
177225;61
177333;61
177455;61
177582;61
177694;61
177796;61
177905;61
178046;61
178181;61
178289;61
178428;61
178537;61
178640;61
178750;61
178852;61
178971;61
179100;61
179203;61
179334;61
179446;61
179546;61
179647;61
179747;61
179851;61
179977;61
180088;61
180207;61
180309;61
180417;61
180530;61
180639;61
180743;61
180843;61
180976;61
181084;61
181189;61
181295;61
181409;61
181515;61
181652;61
181757;61
181859;61
181963;61
182073;61
182181;61
182288;61
182398;61
182505;61
182618;61
182750;61
182857;61
182959;61
183080;61
183242;61
183374;61
183488;61
183591;61
183706;61
183833;61
183938;61
184044;61
184148;61
184279;61
184393;61
184522;61
184633;61
184752;61
184868;61
184972;61
185080;61
185186;61
185287;61
185396;61
185508;61
185616;61
185724;61
185823;61
185923;61
186037;61
186150;61
186262;61
186373;61
186481;61
186585;61
186687;61
186787;61
186889;61
186993;61
187121;61
187234;61
187361;61
187472;61
187574;61
187677;61
187783;61
187891;61
188020;61
188126;61
188252;61
188357;61
188461;61
188573;61
188681;61
188795;61
188897;61
189006;61
189108;61
189220;61
189327;61
189557;61
189656;61
189760;61
189867;61
189968;61
190139;61
190242;61
190350;61
190478;61
190583;61
