1767;66
2159;66
2541;66
2956;66
3321;66
3679;66
4049;66
4481;66
5892;66
7763;66
8121;66
8520;66
8951;66
9357;66
9751;66
10115;66
10475;66
11071;66
12136;66
12539;66
13065;66
13573;66
14066;66
14495;66
14827;66
15181;66
15557;66
15997;66
16364;66
16722;66
17070;66
17397;66
17765;66
18165;66
18508;66
18944;66
19372;66
19802;66
20218;66
20627;66
20959;66
21262;66
21599;66
21940;66
22249;66
22559;66
22862;66
23157;66
23453;66
23740;66
24025;66
24309;66
24598;66
24860;66
25113;66
25364;66
25606;66
25851;66
26088;66
26338;66
26562;66
26791;66
27013;66
27229;66
27461;66
27687;66
27997;64
28237;64
28466;64
28666;64
28869;64
29063;64
29363;62
29555;62
29734;62
29919;62
30110;62
30286;62
30456;62
30629;62
30809;62
32325;62
32507;62
32685;62
32849;62
33008;62
33166;62
33325;62
33561;62
33713;62
33870;62
34029;62
34184;62
34338;62
34494;62
34646;62
34869;62
35107;62
35271;62
35429;62
35701;62
35864;62
36018;62
36177;62
36345;62
36528;62
36716;62
36889;62
37086;62
37260;62
37497;62
37890;62
38171;62
38655;62
39455;62
40411;62
40955;62
41134;62
41331;62
41621;62
52809;62
58464;62
70488;62
80064;62
88184;62
97663;62
115375;62
123643;62
131928;62
141133;62
149381;62
170627;62
183421;62
193071;62
205121;62
208853;62
209099;62
209354;62
209597;62
209820;62
210009;62
210216;62
210430;62
210670;62
210895;62
211107;62
211290;62
211451;62
211622;62
211793;62
212003;62
212193;62
212368;62
212543;62
212733;62
212928;62
213081;62
213250;62
213403;62
213549;62
213693;62
213842;62
213988;62
214128;62
214272;62
214462;62
214600;62
214737;62
214885;62
215028;62
215168;62
215305;62
215444;62
215583;62
215718;62
215863;62
216000;62
216138;62
216273;62
216417;62
216570;62
216721;62
216886;62
217039;62
217189;62
217339;62
217490;62
217651;62
217805;62
217956;62
218109;62
218261;62
218415;62
218600;62
218799;62
218979;62
219149;62
219290;62
219433;62
219620;62
219813;62
219969;62
220119;62
220254;62
220398;62
220534;62
220673;62
220815;62
220956;62
221115;62
221272;62
221416;62
221553;62
221692;62
221834;62
221987;62
222171;62
222311;62
222451;62
222591;62
222742;62
222878;62
223016;62
223153;62
223290;62
223434;62
223572;62
223707;62
223842;62
223980;62
224126;62
224266;62
224405;62
224539;62
224684;62
224820;62
224961;62
225099;62
225237;62
225373;62
225511;62
225647;62
225788;62
225930;62
226071;62
226206;62
226344;62
226480;62
226618;62
226758;62
226896;62
227035;62
227169;62
227312;62
227450;62
227587;62
227728;62
227864;62
228001;62
228140;62
228277;62
228414;62
228550;62
228685;62
228830;62
228966;62
229105;62
229242;62
229380;62
229517;62
229657;62
229794;62
229929;62
230066;62
230202;62
230341;62
230489;62
230627;62
230762;62
230898;62
231032;62
231171;62
231306;62
231441;62
231581;62
231719;62
231884;62
232022;62
232163;62
232301;62
232437;62
232574;62
232712;62
232854;62
232996;62
233131;62
233268;62
233424;62
233561;62
233697;62
233836;62
233972;62
234108;62
234244;62
234381;62
234518;62
234658;62
234806;62
234955;62
235091;62
235228;62
235366;62
235501;62
235636;62
235774;62
235916;62
236055;62
236191;62
236330;62
236471;62
236611;62
236745;62
236889;62
237029;62
237165;62
237303;62
237443;62
237577;62
237713;62
237849;62
237992;62
238132;62
238269;62
238409;62
238546;62
238684;62
238828;62
238968;62
239106;62
239245;62
239382;62
239522;62
239663;62
239800;62
239943;62
240083;62
240223;62
240360;62
240496;62
240635;62
240773;62
240912;62
241050;62
241192;62
241330;62
241467;62
241604;62
241741;62
241879;62
242018;62
242162;62
242303;62
242442;62
242592;62
242730;62
242872;62
243008;62
243141;62
243277;62
243414;62
243560;62
243696;62
243833;62
243975;62
244114;62
244251;62
244390;62
244528;62
244665;62
244805;62
244945;62
245078;62
245215;62
245349;62
245482;62
245624;62
245765;62
245911;62
246047;62
246187;62
246327;62
246464;62
246601;62
246740;62
246879;62
247015;62
247150;62
247291;62
247428;62
247566;62
247702;62
247840;62
247979;62
248115;62
248248;62
248387;62
248520;62
248670;62
248810;62
248948;62
249084;62
249219;62
249355;62
249491;62
249628;62
249767;62
249912;62
250061;62
250199;62
250342;62
250479;62
250620;62
250759;62
250902;62
251042;62
251184;62
251323;62
251461;62
251599;62
251735;62
251878;62
252014;62
252155;62
252290;62
252428;62
252564;62
252701;62
252839;62
252974;62
253112;62
253250;62
253391;62
253527;62
253681;62
253821;62
253958;62
254155;62
254329;62
254466;62
254603;62
254739;62
254881;62
255025;62
255164;62
255303;62
255438;62
255578;62
255715;62
255859;62
255994;62
256131;62
256268;62
256418;62
256554;62
256690;62
256830;62
256968;62
257103;62
257241;62
257376;62
257512;62
257650;62
257785;62
257928;62
258067;62
258206;62
258344;62
258479;62
258619;62
258763;62
258906;62
259045;62
259188;62
259328;62
259467;62
259611;62
259750;62
259889;62
260030;62
260166;62
260303;62
260445;62
260577;62
260714;62
260854;62
260991;62
261130;62
261265;62
261403;62
261545;62
261682;62
261822;62
261960;62
262093;62
262237;62
262371;62
262510;62
262650;62
262793;62
262931;62
263067;62
263204;62
263344;62
263479;62
263637;62
263797;62
263939;62
264085;62
264226;62
264362;62
264503;62
264640;62
264777;62
264916;62
265055;62
265192;62
265330;62
265465;62
265600;62
265737;62
265879;62
266016;62
266154;62
266289;62
266425;62
266564;62
266701;62
266839;62
266977;62
267110;62
267252;62
267390;62
267530;62
267665;62
267803;62
267943;62
268081;62
268216;62
268357;62
268496;62
268635;62
268783;62
268931;62
269066;62
269214;62
269364;62
269511;62
269658;62
269819;62
269965;62
270123;62
270290;62
270433;62
270584;62
270733;62
270883;62
271028;62
271180;62
271335;62
271483;62
271635;62
271789;62
271942;62
272094;62
272245;62
272396;62
272547;62
272700;62
272857;62
273006;62
273163;62
273320;62
273473;62
273623;62
273769;62
273920;62
274073;62
274225;62
274431;62
274642;62
274854;62
275024;62
275192;62
275380;62
275567;62
275740;62
275945;62
276107;62
276311;62
276498;62
276691;62
276844;62
276995;62
277150;62
277308;62
277464;62
277619;62
277769;62
277923;62
278080;62
278241;62
278406;62
278561;62
278719;62
278877;62
279038;62
279198;62
279367;62
279512;62
279657;62
279809;62
279949;62
280094;62
280230;62
280369;62
280502;62
280640;62
280781;62
280919;62
281060;62
281195;62
281333;62
281470;62
281606;62
281741;62
281880;62
282016;62
282156;62
282292;62
282432;62
282568;62
282707;62
282843;62
282981;62
283118;62
283258;62
283395;62
283530;62
283669;62
283824;62
283961;62
284097;62
284238;62
284372;62
284519;62
284677;62
284831;62
284984;62
285200;62
285353;62
285492;62
285630;62
285769;62
285920;62
286070;62
286222;62
286377;62
286574;62
286712;62
286850;62
286986;62
287127;62
287325;62
287516;62
287719;62
287927;62
288073;62
288216;62
288352;62
288488;62
288624;62
288769;62
288912;62
289050;62
289185;62
289321;62
289457;62
289600;62
289737;62
289872;62
290008;62
290145;62
290286;62
290436;62
290572;62
290710;62
290850;62
290991;62
291126;62
291260;62
291397;62
291531;62
291667;62
291809;62
291943;62
292078;62
292218;62
292355;62
292492;62
292628;62
292769;62
292912;62
293047;62
293185;62
293340;62
293477;62
293613;62
293748;62
293890;62
294034;62
294171;62
294308;62
294446;62
294580;62
294714;62
294856;62
294994;62
295130;62
295266;62
295405;62
295541;62
295677;62
295827;62
295963;62
296100;62
296240;62
296376;62
296517;62
296654;62
296787;62
296931;62
297067;62
297208;62
297345;62
297479;62
297615;62
297752;62
297891;62
298033;62
298168;62
298305;62
298442;62
298579;62
298714;62
298857;62
299123;62
299262;62
299403;62
299550;62
299696;62
299834;62
299971;62
300110;62
300248;62
300385;62
300529;62
300661;62
300798;62
300934;62
301075;62
301213;62
301354;62
301490;62
301626;62
301765;62
301903;62
302039;62
302177;62
302314;62
302449;62
302591;62
302726;62
302864;62
303001;62
303139;62
303277;62
303412;62
303549;62
303684;62
303821;62
303968;62
304121;62
304262;62
304405;62
304540;62
304678;62
304817;62
304952;62
305091;62
305225;62
305362;62
305501;62
305640;62
305782;62
305926;62
306066;62
306203;62
306340;62
306480;62
306618;62
306759;62
306901;62
307036;62
307176;62
307315;62
307452;62
307588;62
307725;62
307867;62
308004;62
308147;62
308284;62
308425;62
308559;62
308702;62
308837;62
308972;62
309110;62
309246;62
309381;62
309521;62
309656;62
309792;62
309931;62
310064;62
310202;62
310343;62
310481;62
310618;62
310754;62
310898;62
311033;62
311170;62
311307;62
311447;62
311587;62
311723;62
311873;62
312009;62
312150;62
312287;62
312423;62
312559;62
312695;62
312836;62
312973;62
313112;62
313249;62
313396;62
313532;62
313667;62
313804;62
313943;62
314140;62
314318;62
314458;62
314595;62
314731;62
314873;62
315008;62
315145;62
315283;62
315422;62
315559;62
315700;62
315842;62
315981;62
316116;62
316253;62
316393;62
316532;62
316671;62
316811;62
316945;62
317083;62
317222;62
317359;62
317498;62
317640;62
317778;62
317921;62
318060;62
318203;62
318338;62
318475;62
318617;62
318754;62
318895;62
319031;62
319170;62
319310;62
319448;62
319586;62
319731;62
319868;62
320009;62
320145;62
320287;62
320423;62
320561;62
320694;62
320833;62
320984;62
321116;62
321259;62
321396;62
321529;62
321670;62
321805;62
321942;62
322077;62
322210;62
322352;62
322493;62
322635;62
322770;62
322912;62
323049;62
323186;62
323322;62
323458;62
323596;62
323736;62
323874;62
324011;62
324155;62
324296;62
324435;62
324572;62
324718;62
324853;62
324994;62
325129;62
325274;62
325410;62
325546;62
325686;62
325824;62
325961;62
326094;62
326227;62
326367;62
326501;62
326635;62
326772;62
326909;62
327047;62
327188;62
327321;62
327461;62
327595;62
327731;62
327869;62
328006;62
328143;62
328282;62
328419;62
328560;62
328700;62
328850;62
328986;62
329124;62
329263;62
329402;62
329541;62
329680;62
329832;62
329967;62
330107;62
330247;62
330386;62
330526;62
330665;62
330802;62
330944;62
331084;62
331224;62
331362;62
331502;62
331639;62
331782;62
331925;62
332062;62
332201;62
332340;62
332477;62
332620;62
332754;62
332899;62
333039;62
333176;62
333319;62
333454;62
333593;62
333727;62
333868;62
334013;62
334152;62
334293;62
334430;62
334569;62
334701;62
334868;62
335003;62
335145;62
335284;62
335424;62
335564;62
335705;62
335846;62
335988;62
336127;62
336267;62
336407;62
336548;62
336689;62
336826;62
336963;62
337098;62
337233;62
337375;62
337510;62
337650;62
337786;62
337925;62
338061;62
338197;62
338334;62
338477;62
338611;62
338750;62
338885;62
339024;62
339158;62
339301;62
339443;62
339585;62
339721;62
339861;62
339996;62
340132;62
340268;62
340412;62
340548;62
340685;62
340833;62
340972;62
341109;62
341244;62
341382;62
341518;62
341652;62
341788;62
341926;62
342069;62
342205;62
342339;62
342482;62
342621;62
342757;62
342895;62
343037;62
343174;62
343312;62
343447;62
343584;62
343724;62
343860;62
343999;62
344138;62
344276;62
344413;62
344549;62
344688;62
344824;62
344964;62
345101;62
345241;62
345377;62
345516;62
345655;62
345792;62
345934;62
346072;62
346206;62
346343;62
346479;62
346617;62
346753;62
346891;62
347026;62
347168;62
347304;62
347438;62
347578;62
347713;62
347852;62
347987;62
348121;62
348259;62
348395;62
348530;62
348670;62
348809;62
348945;62
349085;62
349218;62
349359;62
349495;62
349632;62
349770;62
349922;62
350058;62
350215;62
350357;62
350493;62
350633;62
350771;62
350911;62
351050;62
351187;62
351324;62
351465;62
351598;62
351740;62
351879;62
352015;62
352157;62
352293;62
352430;62
352568;62
352703;62
352847;62
352981;62
353116;62
353272;62
353411;62
353548;62
353682;62
353822;62
353957;62
354093;62
354229;62
354366;62
354503;62
354643;62
354783;62
354925;62
355062;62
355198;62
355335;62
355470;62
355612;62
355745;62
355886;62
356026;62
356161;62
356317;62
356462;62
356599;62
356739;62
356881;62
357017;62
357159;62
357295;62
357431;62
357568;62
357706;62
357850;62
357989;62
358127;62
358264;62
358402;62
358541;62
358676;62
358819;62
358955;62
359094;62
359229;62
359367;62
359515;62
359651;62
359789;62
359926;62
360064;62
360201;62
360341;62
360481;62
360619;62
360756;62
