213;63
361;63
524;63
661;63
779;63
970;63
1107;63
1273;63
1412;63
1564;63
1815;63
1971;63
2115;63
2262;63
2395;63
2511;63
2646;63
2788;63
2932;63
3075;63
3184;63
3298;63
3553;63
4208;63
4712;63
5205;63
5680;63
5792;63
5896;63
6024;63
6128;63
6237;63
6344;63
6453;63
6562;63
6668;63
6776;63
6936;63
7063;63
7175;63
7281;63
7390;63
7502;63
7612;63
7719;63
7824;63
7927;63
8039;63
8427;63
8967;63
9325;63
9442;63
9577;63
9683;63
9787;63
9895;63
10020;63
10126;63
10232;63
10370;64
10481;64
10589;64
10724;64
10848;64
10954;64
11068;64
11169;64
11275;64
11388;63
11497;63
11602;63
11710;63
11823;63
11928;63
12033;63
12155;63
12309;63
12413;63
12517;63
12621;63
12730;63
12837;63
12942;63
13056;63
13191;63
13298;63
13412;63
13519;63
13631;63
13750;63
13857;63
13962;63
14070;63
14177;63
14289;63
14395;63
14535;63
14650;63
14772;63
14875;63
15017;63
15139;63
15273;63
15394;63
15528;63
15630;63
15732;63
15846;63
15959;63
16078;63
16182;63
16308;63
16417;63
16522;63
16635;63
16756;63
16906;63
17052;63
17153;63
17258;63
17365;63
17473;63
17589;63
17705;63
17812;63
17950;63
18070;63
18184;63
18307;63
18442;63
18542;63
18651;63
18756;63
18878;63
18997;63
19139;63
19254;63
19363;63
19468;63
19572;63
19679;63
19813;63
19926;63
20038;63
20143;63
20247;63
20357;63
20463;63
20579;63
20687;63
20797;63
20908;63
21034;63
21170;63
21280;63
21403;63
21518;63
21617;63
21725;63
21828;63
21977;63
22093;63
22205;63
22310;63
22423;63
22536;63
22649;63
22755;63
22861;63
22987;63
23123;63
23240;66
23342;66
23447;66
23560;66
23672;66
23782;66
23890;66
24004;66
24118;66
24231;66
24340;66
24460;66
24562;66
24703;66
24811;66
24924;66
25043;66
25158;66
25268;66
25373;66
25484;66
25596;66
25695;66
25799;66
25908;66
26032;66
26147;66
26254;66
26398;66
26509;66
26614;65
26740;65
26895;65
27000;65
27115;65
27217;65
27318;65
27426;65
27550;65
27659;65
27771;65
27877;65
27983;65
28097;65
28221;65
28322;65
28428;65
28531;65
28634;65
28738;65
28840;65
28944;65
29072;65
29192;65
29297;65
29397;65
29505;65
29613;65
29724;65
29839;65
29946;65
30052;65
30173;65
30272;65
30375;65
30490;65
30618;65
30731;65
30859;65
30969;65
31084;65
31218;65
31321;65
31426;65
31529;65
31634;65
31790;65
31914;65
32047;65
32174;65
32308;65
32429;65
32537;65
32653;65
32768;65
32869;65
32977;65
33086;65
33201;65
33302;65
33422;65
33534;65
33656;66
33765;66
33872;66
33986;66
34089;66
34198;65
34303;65
34412;65
34515;65
34620;65
34732;66
34837;66
34941;66
35054;66
35178;66
35285;66
35431;66
35539;66
35646;66
35762;66
35885;66
35990;66
36103;66
36210;66
36320;66
36433;66
36534;66
36653;66
36776;66
36886;66
36991;66
37113;66
37233;66
37341;66
37452;66
37562;66
37663;66
37762;66
37872;66
37974;66
38124;66
38234;66
38344;66
38465;66
38587;66
38693;66
38812;66
38918;66
39019;66
39129;66
39241;65
39347;65
39450;65
39554;65
39668;65
39774;65
39890;65
39995;65
40102;65
40208;65
40330;65
40455;66
40577;66
40693;66
40796;66
40903;66
41013;66
41121;66
41300;66
41455;66
41567;66
41691;66
41794;66
41903;66
42005;66
42108;66
42220;66
42326;66
42434;66
42537;66
42648;66
42750;66
42890;66
42996;66
43121;66
43264;66
43378;66
43497;66
43600;66
43709;66
43813;66
43918;66
44029;66
44147;66
44261;66
44382;66
44505;66
44608;66
44708;66
44813;66
44927;66
45036;66
45147;66
45283;66
45393;66
45495;66
45615;66
45723;66
45852;66
45971;66
46087;66
46189;66
46294;66
46406;66
46517;66
46623;66
46727;66
46839;66
46939;66
47049;66
47156;66
47303;66
47419;66
47530;66
47637;66
47745;66
47860;66
47963;66
48071;66
48205;66
48306;66
48411;66
48521;66
48629;66
48731;66
48846;65
48954;65
49061;65
49231;65
49369;65
49523;65
49630;65
49750;65
49853;65
49958;65
50069;65
50186;65
50328;65
50426;65
50532;65
50638;65
50786;65
50896;65
51001;65
51111;65
51233;65
51354;65
51474;65
51596;65
51694;65
51794;65
51898;65
51998;65
52110;65
52238;63
52345;63
52461;63
52564;63
52685;66
52795;66
52898;66
53052;66
53159;66
53266;66
53389;66
53495;66
53602;66
53727;66
53839;66
53947;66
54051;66
54157;66
54264;66
54365;66
54478;67
54599;67
54701;67
54852;66
54985;66
55097;66
55219;66
55323;66
55444;65
55574;65
55680;65
55782;65
55885;65
56015;65
56115;65
56241;65
56350;65
56452;65
56585;65
56713;65
56828;65
56959;65
57084;65
57187;65
57294;65
57395;65
57500;65
57608;65
57745;65
57852;65
57974;65
58081;65
58182;65
58291;65
58398;65
58502;65
58608;65
58711;65
58814;65
58925;65
59038;65
59144;65
59245;65
59353;65
59472;65
59589;65
59700;65
59842;65
59948;65
60056;65
60202;65
60321;61
60449;61
60568;61
60672;61
60779;61
60885;61
60998;61
61105;61
61222;61
61335;61
61440;61
61543;61
61690;61
61839;61
61991;61
62096;61
62211;61
62327;61
62438;61
62550;61
62658;61
62777;61
62891;61
63033;61
63155;61
63286;61
63399;61
63503;61
63607;61
63709;61
63821;61
63935;61
64069;61
64192;61
64299;61
64432;61
64537;61
64641;61
64750;61
64881;61
65027;61
65135;61
65241;61
65350;61
65459;61
65574;61
65687;61
65834;61
65942;61
66050;61
66155;61
66259;61
66368;61
66481;61
66598;61
66715;61
66844;61
66950;61
67058;61
67180;61
67319;61
67433;61
67542;61
67646;61
67750;61
67858;61
67972;61
68097;61
68224;61
68328;61
68433;61
68536;61
68646;61
68793;61
68903;61
69026;61
69127;61
69236;61
69347;61
69481;63
69594;63
69694;63
69801;63
69901;63
70003;63
70126;63
70236;63
70355;63
70513;63
70644;63
70749;63
70858;63
70966;63
71084;63
71198;63
71330;63
71442;63
71609;63
71728;63
71830;63
71931;63
72045;63
72153;63
72262;63
72366;63
72468;63
72630;63
72734;63
72839;63
72941;63
73068;63
73197;63
73362;63
73476;63
73596;63
73780;63
74462;63
74567;63
74687;63
74789;63
74907;63
75029;63
75176;63
75283;63
75398;63
75551;63
75674;63
75782;63
75888;63
76017;63
76145;63
76258;63
76363;63
76480;63
76582;63
76692;63
76802;63
76933;63
77057;63
77197;63
77317;63
77456;63
77563;63
77668;63
77777;63
77884;63
78007;63
78113;63
78234;63
78345;63
78465;63
78576;63
78691;63
78796;63
78906;63
79008;63
79119;63
79227;63
79332;63
79442;63
79558;63
79686;62
79801;62
79910;62
80019;62
80202;62
80340;62
80440;62
80545;62
80662;62
80798;63
80931;63
81035;63
81150;62
81259;62
81365;62
81477;62
81599;62
81709;62
81821;62
81928;62
82043;62
82153;62
82273;62
82377;62
82482;62
82592;62
82698;62
82807;62
82911;62
83023;62
83130;62
83267;62
83372;62
83489;62
83592;62
83702;62
83812;62
83953;62
84060;62
84167;62
84271;62
84408;62
84517;62
84627;62
84736;62
84873;62
84997;62
85116;62
85234;62
85343;62
85461;62
85566;62
85673;62
85793;62
85904;62
86013;62
86121;62
86226;62
86347;62
86455;62
86575;62
86687;62
86793;62
86918;62
87027;62
87135;62
87241;62
87354;62
87496;62
87621;62
87731;62
87839;62
87956;62
88086;62
88190;62
88303;62
88436;63
88540;63
88643;63
88753;63
88861;63
88970;63
89082;63
89187;63
89320;63
89456;63
89563;63
89668;63
89791;63
89896;63
90002;63
90109;63
90215;63
90320;63
90425;63
90545;63
90646;63
90804;63
90919;63
91037;63
91143;63
91258;63
91364;63
91474;63
91604;63
91708;63
91814;63
91918;63
92036;63
92141;63
92247;63
92354;63
92462;63
92583;63
92684;63
92794;63
92901;63
93003;63
93113;63
93220;63
93325;63
93430;63
93544;63
93650;63
93765;63
93869;63
93971;63
94086;63
94191;63
94321;63
94429;63
94534;63
94640;63
94760;63
94879;63
94986;63
95108;63
95213;63
95317;63
95420;63
95527;63
95696;63
95803;63
95908;63
96009;63
96124;63
96247;63
96358;63
96458;63
96585;63
96688;63
96791;63
96894;63
97002;63
97112;63
97218;63
97324;63
97428;63
97538;63
97644;63
97743;63
97843;63
97952;63
98065;63
98187;63
98292;63
98403;63
98508;63
98625;63
98737;63
98844;63
98962;63
99069;63
99171;63
99278;63
99384;63
99493;63
99605;63
99714;63
99860;63
100002;63
100137;63
100249;63
100362;63
100496;63
100605;63
100711;63
100827;63
100933;63
101046;63
101160;63
101264;63
101396;63
101503;63
101612;63
101717;63
101825;63
101973;63
102082;63
102195;63
102301;63
102413;63
102514;63
102619;63
102739;63
102842;63
102945;63
103049;63
103175;64
103285;64
103410;64
103512;64
103658;64
103789;68
103898;66
103999;66
104116;66
104226;66
104353;64
104454;64
104569;64
104674;64
104785;64
104890;64
105013;64
105123;64
105234;64
105355;64
105457;64
105555;64
105659;64
105764;64
105871;64
105976;64
106101;64
106207;64
106319;64
106428;64
106531;64
106635;64
106736;64
106843;64
106953;64
107071;64
107179;64
107287;64
107392;64
107505;64
107628;64
107734;64
107834;64
107939;64
108046;65
108156;65
108264;65
108367;65
108473;65
108591;65
108689;65
108790;65
108898;65
109011;65
109146;65
109334;65
109452;65
109557;65
109683;65
109786;65
109907;65
110021;65
110142;65
110271;65
110412;65
110544;65
110662;65
110957;65
111088;66
111203;66
111315;66
111415;66
111519;66
111625;66
111731;66
111838;66
111946;66
112053;66
112156;66
112274;66
112392;66
112492;66
112600;66
112701;66
112805;66
112917;66
113025;66
113135;66
113242;66
113362;66
113483;66
113585;66
113693;66
113805;65
113912;65
114019;65
114124;65
114246;65
114347;65
114448;65
114586;65
114710;65
114824;65
114969;65
115076;65
115175;65
115290;65
115403;65
115507;65
115611;65
115735;65
115836;65
115941;65
116079;65
116188;65
116337;65
116439;65
116550;65
116659;65
116764;65
116868;65
116983;65
117099;65
117214;65
117317;65
117419;65
117531;65
117649;65
117788;65
117887;65
117997;63
118104;63
118238;62
118362;62
118472;62
118583;61
118702;61
118829;61
118946;61
119054;61
119190;61
119309;61
119436;61
119548;61
119661;61
119808;61
119914;61
120016;61
120125;61
120241;61
120344;61
120445;61
120563;61
120672;61
120780;61
120893;61
121002;61
121130;61
121238;61
121359;61
121471;61
121576;61
121730;61
122001;61
122141;61
122247;61
122358;61
122465;61
122570;61
122703;61
122805;61
122923;61
123032;61
123153;61
123285;61
123396;61
123507;61
123610;61
123731;61
123862;61
123999;61
124099;61
124204;61
124315;61
124428;61
124530;61
124640;61
124771;61
124895;61
124998;61
125117;61
125216;61
125320;61
125443;61
125553;61
125683;61
125804;61
125914;61
126019;61
126130;61
126243;61
126346;61
126453;61
126570;61
126672;61
126785;61
126897;61
127005;61
127111;61
127236;61
127345;61
127458;61
127566;61
127674;61
127800;61
127919;61
128045;61
128163;61
128289;61
128398;61
128503;61
128614;61
128726;61
128833;61
128964;61
129101;61
129207;61
129329;61
129431;61
129530;61
129646;61
129755;61
129883;61
130006;62
130114;62
130220;62
130329;62
130447;62
130568;62
130666;62
130782;62
130886;62
131009;62
131135;62
131247;62
131359;62
131462;62
131571;62
131685;62
131796;62
131918;62
132035;62
132150;62
132258;62
132379;62
132485;62
132595;62
132717;62
132824;62
132925;62
133032;62
133135;62
133249;62
133354;62
133460;62
133579;62
133681;62
133852;62
133972;62
134093;62
134201;62
134328;62
134433;62
134541;62
134655;62
134773;62
134878;62
134987;62
135116;62
135220;62
135328;62
135430;61
135529;61
135648;61
135757;61
135878;61
136053;61
136191;61
136299;61
136400;61
136501;61
136624;61
136724;61
136825;61
136945;61
137071;61
137176;61
137288;61
137389;61
137510;61
137615;61
137728;61
137838;61
137943;61
138060;61
138168;61
138276;61
138400;61
138497;61
138597;61
138704;61
138814;61
138952;61
139091;61
139239;61
139338;61
139442;61
139545;61
139655;61
139760;61
139871;61
139973;61
140108;61
140213;61
140313;61
140415;61
140525;61
140630;61
140746;61
140852;61
140963;61
141072;61
141175;61
141280;61
141399;61
141520;61
141621;61
141788;61
141900;61
142000;61
142110;61
142225;61
142343;61
142472;61
142584;61
142684;61
142794;61
142899;61
143009;61
143123;61
143236;61
143341;61
143461;61
143568;61
143678;61
143783;61
143951;61
144060;61
144174;61
144305;61
144412;61
144571;61
144688;61
144821;61
144945;61
145049;61
145152;61
145322;61
145426;61
145538;61
145653;61
145770;61
145910;61
146022;61
146128;61
146258;61
146365;61
146480;61
146589;61
146693;61
146801;61
146908;61
147012;61
147172;61
147274;61
147376;61
147505;61
147624;61
147744;61
147853;61
147996;61
148139;61
148258;61
148366;61
148474;61
148578;61
148680;61
148793;61
148901;61
149014;61
149124;61
149244;61
149349;61
149467;61
149570;61
149672;61
149777;61
149879;61
150030;61
150173;61
150285;61
150393;61
150513;61
150650;61
150774;61
150914;61
151309;61
151576;61
151701;61
151819;61
151938;61
152071;61
152210;61
152314;61
152416;61
152522;61
152626;61
152735;61
152849;61
152954;61
153075;61
153175;61
153281;61
153384;61
153483;61
153611;61
153727;61
153837;61
154008;61
154113;61
154230;61
154368;61
154488;61
154590;61
154721;61
154826;61
154933;61
155044;61
155158;61
155273;61
155375;61
155479;61
155589;61
155727;61
155841;61
155947;61
156055;61
156195;61
156295;61
156399;61
156499;61
156599;61
156719;61
156830;61
156935;61
157043;61
157150;61
157268;61
157378;61
157484;61
157588;61
157700;61
157826;61
157941;61
158072;61
158201;61
158311;61
158415;61
158529;61
158644;61
158753;61
158858;61
158964;61
159079;61
159186;61
159290;61
159387;61
159509;61
159614;61
159774;61
159914;61
160056;61
160158;61
160290;61
160400;61
160501;61
160616;61
160732;61
160858;61
160972;61
161083;61
161188;61
161321;61
161426;61
161537;61
161651;61
161761;61
161868;61
162015;61
162160;61
162263;61
162362;61
162466;61
162574;61
162703;61
162826;61
162933;61
163042;61
163154;61
163272;61
163378;61
163483;61
163585;61
163706;61
163817;61
163959;61
164124;61
164255;61
164378;61
164512;61
164618;61
164717;61
164825;61
164935;61
165052;61
165161;61
165267;61
165374;61
165480;61
165601;61
165743;61
165847;61
165956;61
166118;61
166222;61
166352;61
166471;61
166592;61
166713;62
166823;62
166938;62
167048;62
167167;62
167270;62
167375;62
167481;62
167600;62
167706;62
167828;62
167926;62
168066;63
168189;63
168292;63
168398;63
168537;63
168638;63
168766;63
168872;63
168979;63
169246;63
169408;63
169509;63
169615;63
169732;63
169860;63
169966;63
170084;63
170236;63
170344;63
170450;63
170553;63
170660;63
170769;63
170868;63
170970;63
171075;63
171180;63
171289;63
171394;63
171496;63
171600;63
171706;63
171824;63
171935;63
172075;63
172183;63
172284;63
172385;63
172485;63
172590;63
172697;63
172799;63
172900;63
173007;63
173113;63
173221;63
173374;63
173501;63
173600;63
173701;63
173803;63
173904;63
174025;63
174133;63
174237;63
174347;63
174451;63
174580;63
174690;63
174792;63
174906;63
175013;63
175159;63
175258;63
175364;63
175467;63
175586;63
175691;63
175802;63
175906;63
176044;63
176182;63
176298;63
176433;63
176540;63
176644;63
176765;63
176869;63
177050;63
177172;63
177273;63
177381;63
177482;63
177592;62
177698;62
177809;62
177917;62
178021;62
178123;62
178229;62
178335;62
178442;62
178553;62
178658;62
178760;62
178866;62
178970;62
179086;62
179197;62
179299;62
179417;62
179531;62
179643;62
179757;62
179880;62
179994;62
180109;62
180223;62
180334;62
180431;62
180555;62
180663;62
180763;62
180867;62
180990;62
181099;62
181205;62
181316;62
181437;62
181541;62
181670;62
181836;62
181986;62
182094;62
182208;62
182318;62
182451;62
182577;62
182690;62
182831;62
182951;62
183078;62
183221;62
183350;62
183455;62
183567;62
183673;62
183802;62
183908;62
184036;62
184155;62
184261;62
184377;62
184481;62
184612;62
184738;62
184843;62
184963;62
185069;62
185177;62
185288;62
185394;62
185499;62
185635;62
185735;62
185833;62
185944;62
186045;62
186146;62
186252;62
186360;62
186466;62
186571;62
186686;62
186794;62
186899;62
187005;62
187133;62
187239;62
187342;62
187446;62
187549;61
187659;61
187791;61
187896;61
187994;61
188096;61
188235;61
188367;61
188474;61
188582;61
188691;61
188812;61
188909;61
189009;61
189120;61
189239;61
189343;61
189472;61
189573;61
189676;61
189780;61
189892;61
190019;61
190145;61
190255;61
190359;61
190463;61
190574;61
190702;61
190805;61
190907;61
191015;61
191128;61
191261;61
191362;61
191478;61
191594;61
191697;61
191805;61
191913;61
192043;61
192154;61
192262;61
192374;61
192490;61
192607;61
192706;61
192828;61
192937;61
193071;61
193176;61
193300;61
193408;61
193531;61
193639;61
193749;61
193880;61
193988;61
194127;61
194243;61
194349;61
194455;61
194575;61
194686;61
194791;61
