1336;257
1712;257
2073;257
2423;257
2770;257
3170;257
3558;257
4172;257
5169;257
5546;257
5879;257
6257;257
6597;257
7030;257
7364;257
7699;257
8237;257
8665;257
8996;257
9343;257
9671;257
10017;257
10343;257
10669;257
11013;257
11344;257
11674;257
11995;257
12332;257
12663;257
12996;257
13323;257
13644;257
13972;257
14304;257
14630;257
14960;257
15293;257
15622;257
15939;257
16254;257
16575;257
16897;257
17215;257
17536;257
17844;257
18206;257
18522;257
18834;257
19137;257
19432;257
19728;257
20027;257
20319;257
20608;257
20888;257
21172;257
21451;257
21744;257
22058;257
22335;257
22610;257
22883;257
23150;257
23437;257
23703;257
23969;257
24236;257
24491;257
24799;256
25058;256
25295;256
25543;256
25780;256
26066;248
26406;243
26699;242
26924;242
27158;242
27430;240
27705;238
27931;238
28156;238
28417;237
28634;237
28846;237
29102;234
29308;234
29535;234
29745;234
30044;233
30247;233
30452;233
30642;233
30834;233
31033;233
31238;233
31479;232
31720;231
31959;230
32195;230
32451;230
32678;230
32882;230
33092;230
33297;230
33509;230
33720;230
33938;230
34204;230
34412;230
34616;230
34829;230
35055;230
35299;230
35556;230
35796;230
36044;230
36291;230
36495;230
36791;230
37128;230
37432;230
37706;230
37965;230
38190;230
38398;230
38642;230
38917;230
39199;230
39499;230
39830;230
40174;230
40400;230
40603;230
40816;230
41094;230
41339;230
41647;229
41850;229
42167;229
42393;229
42693;229
43043;229
43413;229
43695;229
43916;229
44132;229
44322;229
44554;229
44807;229
45044;229
45346;229
45677;229
45917;229
46189;229
46433;229
46665;229
46869;229
47074;229
47277;229
47470;229
47661;229
47853;229
48067;229
48268;229
48461;229
48649;229
48844;229
49039;229
49236;229
49431;229
49626;229
49815;229
50009;229
50202;229
50393;229
50585;229
50778;229
50972;229
51184;229
51378;229
51569;229
51769;229
51960;229
52154;229
52348;229
52541;229
52745;229
52946;229
53149;229
53349;229
53544;229
53736;229
53927;229
54140;229
54334;229
54521;229
54711;229
54912;229
55111;229
55304;229
55497;229
55688;229
55882;229
56074;229
56276;229
56478;229
56675;229
56866;229
57078;229
57270;229
57465;229
57652;229
57848;229
58050;229
58238;229
58427;229
58616;229
58810;229
59006;229
59204;229
59394;229
59583;229
59780;229
59974;229
60167;229
60355;229
60567;229
60756;229
60964;229
61162;229
61365;229
61571;229
61768;229
61976;229
62178;229
62383;229
62581;229
62785;229
62997;229
63251;229
63471;229
63675;229
63872;229
64067;229
64263;229
64452;229
64646;229
64844;229
65047;229
65242;229
65440;229
65641;229
65838;229
66041;229
66239;229
66442;229
66645;229
66849;229
67060;229
67251;229
67449;229
67652;229
67850;229
68048;229
68247;229
68439;229
68629;229
68817;229
69011;229
69209;229
69401;229
69587;229
69781;229
69977;229
70172;229
70365;229
70559;229
70751;229
70942;229
71134;229
71330;229
71517;229
71709;229
71901;229
72094;229
72284;229
72476;229
72667;229
72862;229
73056;229
73248;229
73439;229
73630;229
73815;229
74009;229
74199;229
74390;229
74584;229
74778;229
74987;229
75204;229
75397;229
75588;229
75784;229
75989;229
76180;229
76380;229
76577;229
76771;229
76966;229
77172;229
77380;229
77585;229
77797;229
78004;229
78211;229
78416;229
78617;229
78819;229
79021;229
79220;229
79418;229
79611;229
79808;229
80007;229
80201;229
80390;229
80584;229
80777;229
80969;229
81168;229
81357;229
81548;229
81748;229
81940;229
82139;229
82332;229
82519;229
82711;229
82904;229
83101;229
83292;229
83482;229
83686;229
83879;229
84081;229
84273;229
84476;229
84670;229
84866;229
85057;229
85252;229
85446;229
85640;229
85830;229
86018;229
86207;229
86394;229
86581;229
86779;229
86979;229
87182;229
87379;229
87578;229
87775;229
87974;229
88169;229
88374;229
88566;229
88755;229
88949;229
89145;229
89341;229
89540;229
89739;229
89938;229
90141;229
90337;229
90526;229
90715;229
90914;229
91115;229
91323;229
91513;229
91703;229
91894;229
92088;229
92283;229
92479;229
92675;229
92872;229
93067;229
93262;229
93452;229
93654;229
93864;229
94068;229
94259;229
94458;229
94648;229
94838;229
95031;229
95220;229
95414;229
95608;229
95809;229
96012;229
96252;229
96470;229
96686;229
96892;229
97124;229
97317;229
97509;229
97709;229
97909;229
98109;229
98304;229
98497;229
98687;229
98879;229
99084;229
99277;229
99472;229
99673;229
99876;229
100070;229
100266;229
100463;229
100659;229
100845;229
101037;229
101231;229
101425;229
101617;229
101804;229
101997;229
102191;229
102382;229
102572;229
102765;229
102957;229
103147;229
103338;229
103564;229
103764;229
103959;229
104150;229
104350;229
104537;229
104730;229
104925;229
105186;229
105427;229
105660;229
105853;229
106054;229
106243;229
106432;229
106631;229
106844;229
107041;229
107234;229
107436;229
107631;229
107822;229
108022;229
108225;229
108429;229
108623;229
108819;229
109017;229
109219;229
109418;229
109612;229
109810;229
110005;229
110197;229
110387;229
110581;229
110835;229
111081;229
111302;229
111522;229
111740;229
111991;229
112234;229
112455;229
112732;229
112936;229
113145;229
113341;229
113611;229
114005;229
114248;229
114440;229
114635;229
114831;229
115036;229
115239;229
115431;229
115622;229
115825;229
116024;229
116230;229
116426;229
116616;229
116807;229
117012;229
117205;229
117401;229
117590;229
117789;229
117979;229
118172;229
118369;229
118561;229
118758;229
118952;229
119144;229
119342;229
119535;229
119728;229
119924;229
120121;229
120315;229
120505;229
120713;229
120915;229
121121;229
121332;229
121535;229
121734;229
121931;229
122130;229
122354;229
122557;229
122753;229
122945;229
123199;229
123490;229
123691;229
123906;229
124120;229
124319;229
124521;229
124717;229
124918;229
125137;229
125336;229
125540;229
125730;229
125923;229
126123;229
126316;229
126512;229
126708;229
126899;229
127114;229
127316;229
127520;229
127719;229
127919;229
128117;229
128316;229
128525;229
128722;229
128922;229
129121;229
129325;229
129531;229
129727;229
129926;229
130139;229
130337;229
130531;229
130730;229
130925;229
131125;229
131323;229
131528;229
131737;229
131930;229
132124;229
132324;229
132525;229
132722;229
132916;229
133113;229
133313;229
133508;229
133697;229
133893;229
134083;229
134286;229
134474;229
134673;229
134873;229
135063;229
135256;229
135449;229
135641;229
135844;229
136059;229
136280;229
136471;229
136661;229
136864;229
137059;229
137262;229
137459;229
137659;229
137911;229
138110;229
138310;229
138509;229
138700;229
138898;229
139096;229
139304;229
139512;229
139702;229
139898;229
140095;229
140293;229
140484;229
140675;229
140876;229
141080;229
141279;229
141476;229
141672;229
141876;229
142072;229
142273;229
142466;229
142655;229
142855;229
143051;229
143244;229
143442;229
143632;229
143831;229
144034;229
144250;229
144442;229
144638;229
144835;229
145032;229
145229;229
145423;229
145624;229
145819;229
146016;229
146214;229
146415;229
146616;229
146814;229
147045;229
147246;229
147443;229
147644;229
147848;229
148050;229
148246;229
148437;229
148647;229
148843;229
149032;229
149221;229
149414;229
149605;229
149798;229
149991;229
150196;229
150407;229
150600;229
150810;229
151015;229
151207;229
151399;229
151597;229
151801;229
151998;229
152231;229
152485;229
152722;229
152955;229
153282;229
153543;229
153805;229
154098;229
154386;229
154685;229
155067;229
155424;229
155616;229
155825;229
156000;229
156162;229
156328;229
156489;229
156650;229
156809;229
156973;229
157137;229
157300;229
157464;229
157628;229
157789;229
157955;229
158118;229
158277;229
158441;229
158601;229
158765;229
158925;229
159094;229
159254;229
159423;229
159583;229
159745;229
159902;229
160068;229
160233;229
160392;229
160550;229
160710;229
160869;229
161036;229
161194;229
161355;229
161513;229
161675;229
161836;229
162011;229
162180;229
162339;229
162513;229
162671;229
162830;229
162994;229
163152;229
163310;229
163468;229
163627;229
163789;229
163950;229
164114;229
164272;229
164434;229
164595;229
164754;229
164918;229
165088;229
165249;229
165411;229
165591;229
165847;229
166035;229
166193;229
166357;229
166516;229
166681;229
166841;229
167003;229
167169;229
167325;229
167486;229
167644;229
167801;229
167961;229
168145;229
168307;229
168467;229
168642;229
168805;229
168966;229
169137;229
169297;229
169455;229
169615;229
169778;229
169937;229
170098;229
170275;229
170436;229
170597;229
170756;229
170914;229
171099;229
171257;229
171417;229
171574;229
171736;229
171898;229
172071;229
172230;229
172393;229
172552;229
172711;229
172868;229
173030;229
173191;229
173367;229
173526;229
173685;229
173845;229
174014;229
174184;229
174348;229
174511;229
174672;229
174836;229
175005;229
175163;229
175322;229
175481;229
175639;229
175801;229
175961;229
176121;229
176283;229
176448;229
176609;229
176768;229
176929;229
177094;229
177254;229
177413;229
177571;229
177731;229
177909;229
178077;229
178237;229
178398;229
178559;229
178718;229
178881;229
179042;229
179205;229
179370;229
179531;229
179692;229
179852;229
180018;229
180177;229
180334;229
180494;229
180652;229
180814;229
180981;229
181141;229
181300;229
181458;229
181618;229
181777;229
181938;229
182101;229
182260;229
182425;229
182597;229
182757;229
182919;229
183141;229
183306;229
183494;229
183655;229
183814;229
183979;229
184143;229
184305;229
184469;229
184630;229
184791;229
184959;229
185128;229
185288;229
185447;229
185628;229
185788;229
185956;229
186143;229
186304;229
186464;229
186623;229
186781;229
186941;229
187129;229
187289;229
187450;229
187608;229
187773;229
187932;229
188094;229
188256;229
188415;229
188631;229
188921;229
189166;229
189324;229
189484;229
189643;229
189804;229
189965;229
190137;229
190314;229
190473;229
190634;229
190795;229
190953;229
191117;229
191278;229
191436;229
191599;229
191776;229
191941;229
192107;229
192271;229
192430;229
192588;229
192747;229
192907;229
193071;229
193232;229
193395;229
193555;229
193715;229
193892;229
194181;229
194512;229
194824;229
195103;229
195416;229
195715;229
195980;229
196299;229
196557;229
196785;229
197006;229
197220;229
197416;229
197617;229
197857;229
198099;229
198315;229
198516;229
198724;229
198915;229
199132;229
199394;229
199609;229
199834;229
200031;229
200248;229
200448;229
200647;229
200845;229
201073;229
201277;229
201472;229
201663;229
201868;229
202076;229
202279;229
202473;229
202674;229
202884;229
203111;229
203313;229
203509;229
203711;229
203907;229
204117;229
204349;229
204605;229
204853;229
205132;229
205404;229
205659;229
205897;229
206109;229
206311;229
206524;229
206732;229
206937;229
207138;229
207369;229
207598;229
207812;229
208010;229
208222;229
208408;229
208595;229
208792;229
208997;229
209181;229
209376;229
209577;229
209790;229
210010;229
210214;229
210426;229
210608;229
210802;229
211044;229
211296;229
211533;229
211773;229
212019;229
212260;229
212496;229
212744;229
212985;229
213235;229
213466;229
213708;229
213946;229
214201;229
214413;229
214628;229
214857;229
215110;229
215314;229
215538;229
215773;229
216010;229
216230;229
216451;229
216665;229
216879;229
217116;229
217340;229
217564;229
217797;229
218027;229
218288;229
218527;229
218769;229
218997;229
219210;229
219425;229
219636;229
219862;229
220079;229
220291;229
220501;229
220722;229
220943;229
221149;229
221373;229
221581;229
221811;229
222026;229
222234;229
222446;229
222656;229
222882;229
223106;229
223315;229
223544;229
223761;229
223999;229
224234;229
224475;229
224703;229
224933;229
225175;229
225386;229
225609;229
225899;229
226230;229
226464;229
226687;229
226919;229
227141;229
227365;229
227599;229
227821;229
228040;229
228262;229
228479;229
228698;229
228929;229
229186;229
229419;229
229649;229
229886;229
230104;229
230320;229
230537;229
230773;229
230986;229
231210;229
231421;229
231639;229
231857;229
232083;229
232321;229
232536;229
232773;229
233005;229
233251;229
233484;229
233712;229
233925;229
234165;229
234395;229
234615;229
234845;229
235162;229
235379;229
235601;229
235822;229
236037;229
236261;229
236477;229
236701;229
236938;229
237179;229
237404;229
237628;229
237850;229
238133;229
238398;229
238630;229
238853;229
239079;229
239296;229
239521;229
239748;229
239985;229
240219;229
240447;229
240671;229
240888;229
241113;229
241336;229
241578;229
241800;229
242034;229
242278;229
242504;229
242728;229
242944;229
243288;229
243629;229
243854;229
244081;229
244307;229
244534;229
244753;229
245024;229
245290;229
245520;229
245736;229
245952;229
246184;229
246415;229
246633;229
246859;229
247086;229
247301;229
247515;229
247735;229
247964;229
248182;229
248400;229
248637;229
248871;229
249115;229
249366;229
249601;229
249827;229
250069;229
250300;229
250529;229
250753;229
250981;229
251201;229
251423;229
251656;229
251884;229
252131;229
252369;229
252599;229
252825;229
253054;229
253302;229
253518;229
253745;229
253997;229
254231;229
254471;229
254705;229
255022;229
255266;229
255501;229
