133;3964
271;3811
354;3774
423;3559
486;3478
552;3415
597;3400
651;3316
691;3064
737;3064
773;2970
819;2912
871;2823
924;2778
991;2706
1032;2706
1072;2659
1115;2486
1154;2395
1192;2276
1233;2276
1300;2173
1338;2008
1377;1990
1421;1874
1477;1875
1515;1842
1550;1842
1587;1842
1626;1785
1666;1785
1721;1785
1767;1785
1810;1742
1846;1742
1885;1692
1932;1692
1969;1666
2007;1577
2049;1577
2098;1502
2133;1502
2170;1502
2222;1339
2259;1339
2299;1339
2336;1339
2377;1286
2412;1286
2447;1286
2487;1286
2528;1286
2562;1286
2600;1250
2637;1228
2671;1228
2707;1228
2749;1228
2790;1228
2826;1228
2870;1044
2912;1044
2948;1040
2994;1040
3031;1041
3074;951
3114;951
3151;951
3193;951
3240;951
3292;951
3342;951
3389;889
3444;889
3493;889
3540;889
3582;889
3627;889
3670;889
3709;889
3743;889
3777;889
3810;889
3847;889
3885;889
3925;889
3957;888
3995;888
4032;888
4070;880
4102;880
4131;880
4161;880
4192;880
4224;880
4261;878
4291;878
4328;878
4362;878
4395;878
4429;878
4462;878
4496;878
4531;878
4563;878
4594;878
4625;878
4667;878
4700;878
4734;878
4766;878
4799;878
4832;878
4869;877
4900;877
4934;876
4964;876
4995;876
5032;876
5066;876
5099;876
5129;876
5168;791
5206;791
5237;791
5271;791
5304;791
5341;791
5373;791
5406;791
5437;791
5473;791
5505;791
5536;704
5574;643
5609;570
5642;570
5681;570
5728;570
5776;570
5825;570
5871;570
5918;567
5967;567
6012;567
6046;567
6077;567
6109;567
6148;567
6182;567
6217;567
6250;567
6283;567
6317;567
6352;567
6383;567
6417;567
6447;567
6487;567
6517;567
6554;567
6591;567
6621;567
6652;567
6685;567
6718;567
6752;567
6785;567
6820;567
6859;474
6893;474
6922;474
6953;474
6984;421
7018;421
7052;421
7090;421
7129;421
7162;421
7193;421
7227;422
7264;422
7297;422
7333;422
7366;422
7404;422
7436;422
7467;422
7498;422
7528;422
7562;422
7600;422
7631;422
7662;422
7696;422
7729;422
7760;422
7790;422
7823;422
7859;422
7890;422
7921;422
7955;422
7997;422
8038;422
8074;422
8108;422
8139;422
8175;422
8209;422
8240;422
8273;422
8305;422
8342;422
8375;422
8408;422
8449;422
8487;422
8520;422
8553;422
8587;422
8618;422
8651;422
8684;422
8724;389
8761;389
8794;388
8825;388
8861;374
8895;374
8925;374
8956;374
8988;372
9018;372
9049;372
9088;372
9119;310
9151;310
9187;310
9218;310
9252;307
9290;307
9324;307
9355;307
9388;307
9423;307
9457;307
9489;307
9520;307
9554;307
9586;307
9622;307
9653;307
9685;307
9723;307
9757;307
9791;307
9823;307
9856;307
9886;307
9925;307
9963;307
9993;307
10036;307
10068;307
10098;307
10133;307
10166;307
10210;267
10243;267
10273;267
10307;267
10340;267
10374;267
10408;267
10441;267
10472;267
10512;267
10546;267
10579;267
10611;267
10656;267
10696;267
10730;267
10765;267
10815;267
10859;267
10906;267
10953;267
10991;267
11022;267
11053;267
11084;267
11132;267
11178;267
11220;267
11270;267
11319;267
11366;267
11407;267
11453;267
11505;267
11551;267
11593;266
11638;266
11683;266
11735;266
11785;266
11833;266
11880;266
11925;266
11975;266
12019;266
12060;266
12091;266
12125;266
12160;266
12194;266
12228;266
12259;266
12290;265
12328;265
12362;265
12404;265
12438;265
12479;266
12528;266
12584;266
12648;266
12737;265
12827;265
12893;265
12969;265
13020;265
13090;265
13154;265
13213;265
13276;265
13382;265
13477;265
13555;265
13605;265
13656;265
13723;265
13798;265
13873;265
13943;265
13997;265
14064;265
14139;265
14229;265
14301;265
14382;265
14462;265
14560;265
14629;265
14679;265
14719;265
14774;265
14851;265
14923;265
14994;265
15050;265
15110;265
15184;265
15257;265
15308;265
15356;265
15422;265
15465;265
15521;265
15577;265
15634;265
15692;265
15771;265
15812;265
15843;265
15883;265
15927;262
15968;262
16007;262
16047;262
16082;262
16118;262
16152;262
16185;262
16218;262
16251;262
16298;262
16356;262
16403;262
16462;262
16514;262
16575;262
16637;262
16686;262
16721;262
16765;262
16820;262
16883;262
16952;262
17000;262
17056;262
17109;262
17155;262
17201;262
17247;262
17289;262
17323;262
17356;262
17400;262
17441;262
17486;262
17530;262
17577;262
17613;262
17646;262
17680;262
17724;262
17768;262
17818;262
17866;262
17920;262
17971;262
18031;262
18084;262
18125;262
18170;262
18201;262
18238;262
18269;262
18302;258
18332;258
18366;258
18399;258
18434;258
18466;258
18499;258
18530;257
18569;257
18606;257
18642;257
18678;257
18709;257
18742;257
18775;257
18807;257
18835;257
18865;257
18904;257
18937;257
18968;257
19003;257
19034;257
19064;257
19096;257
19128;257
19161;257
19191;257
19221;257
19251;257
19281;257
19315;257
19348;257
19381;257
19412;257
19445;257
19480;257
19517;257
19547;257
19581;257
19614;257
19644;257
19676;257
19706;257
19736;257
19767;257
19797;257
19829;257
19862;257
19896;257
19928;257
19970;257
20000;257
20030;257
20060;257
20099;257
20130;257
20163;257
20198;257
20234;257
20269;257
20303;257
20338;257
20375;257
20412;258
20446;258
20486;258
20519;258
20549;258
20580;258
20610;258
20642;258
20673;258
20702;258
20735;258
20765;258
20795;258
20828;258
20860;258
20892;258
20925;261
20959;261
20990;261
21021;261
21056;261
21087;258
21119;258
21149;258
21183;258
21212;258
21242;258
21279;258
21318;258
21348;258
21385;258
21419;258
21450;258
21483;258
21520;258
21550;258
21583;258
21615;258
21661;258
21701;258
21751;258
21799;258
21837;258
21881;258
21927;258
21968;258
22017;258
22065;258
22106;258
22136;259
22169;259
22201;259
22234;259
22270;259
22300;259
22331;259
22362;259
22396;259
22427;259
22459;259
22488;259
22521;259
22553;259
22586;259
22625;259
22655;259
22691;259
22723;259
22756;259
22786;259
22818;259
22848;259
22879;259
22913;259
22947;259
22979;259
23011;259
23041;259
23073;259
23117;259
23148;259
23183;259
23213;259
23242;259
23274;259
23308;259
23343;259
23379;259
23410;259
23439;259
23473;259
23504;259
23534;259
23566;259
23596;259
23627;259
23657;259
23689;259
23719;259
23753;259
23787;259
23821;259
23856;259
23885;259
23917;259
23951;259
23983;259
24022;259
24053;259
24086;259
24118;259
24151;259
24184;259
24213;259
24243;259
24276;259
24308;259
24337;259
24368;259
24398;259
24429;259
24462;259
24492;259
24521;259
24554;259
24584;259
24617;259
24650;259
24682;259
24721;259
24753;259
24785;259
24818;259
24849;259
24882;259
24912;259
24948;259
24978;259
25009;259
25041;259
25074;259
25105;259
25138;259
25170;259
25199;259
25235;259
25264;259
25296;259
25326;259
25358;259
25390;259
25420;258
25457;258
25490;258
25519;258
25549;258
25581;258
25614;258
25643;258
25673;258
25702;258
25731;258
25764;258
25796;258
25826;258
25857;258
25889;258
25919;258
25946;258
25976;258
26005;258
26038;258
26070;258
26102;258
26131;258
26161;258
26194;258
26229;258
26259;258
26294;258
26329;258
26365;258
26398;258
26442;258
26473;258
26507;258
26558;258
26614;258
26672;258
26754;258
26830;258
26894;258
26955;258
27031;258
27083;258
27136;258
27167;258
27197;258
27238;258
27271;258
27301;258
27334;258
27368;258
27402;258
27431;258
27463;258
27499;258
27548;258
27610;261
27665;261
27707;261
27745;261
27785;261
27843;261
27942;261
28006;261
28067;261
28140;261
28206;261
28285;258
28357;258
28426;258
28485;258
28542;258
28622;258
28689;263
28737;263
28800;263
28856;263
28923;258
28977;258
29031;258
29081;258
29130;258
29181;258
29221;258
29270;258
29328;258
29399;258
29487;258
29553;258
29595;258
29639;258
29687;258
29727;258
29801;258
29861;258
29919;258
29979;258
30030;258
30074;258
30124;258
30183;258
30228;258
30284;258
30344;258
30391;258
30461;258
30522;258
30568;258
30616;258
30662;258
30719;258
30774;258
30819;258
30871;258
30953;258
31002;258
31042;258
31084;258
31132;258
31171;258
31218;258
31262;258
31307;258
31353;258
31400;258
31444;258
31487;258
31533;258
31578;258
31621;258
31669;258
31713;258
31762;258
31820;258
31863;258
31907;258
31955;258
31989;258
32022;258
32056;258
32088;258
32123;258
32162;258
32192;258
32221;258
32257;258
32289;258
32325;258
32354;258
32383;258
32414;258
32445;258
32478;258
32510;258
32543;258
32572;258
32604;258
32635;258
32669;258
32698;258
32731;258
32762;258
32797;258
32827;258
32860;258
32892;258
32919;258
32952;258
32983;258
33015;258
33054;258
33085;258
33120;258
33151;258
33181;258
33210;258
33245;258
33276;258
33309;258
33341;258
33371;258
33400;258
33430;258
33469;258
33498;258
33528;258
33560;258
33592;258
33629;258
33663;257
33695;257
33725;257
33763;257
33792;257
33824;257
33880;257
33912;257
33945;257
33974;257
34006;257
34036;257
34070;257
34110;257
34140;257
34179;257
34224;257
34257;257
34288;257
34319;257
34348;257
34378;257
34410;257
34440;257
34479;257
34512;257
34543;257
34569;257
34601;257
34633;257
34666;257
34698;257
34730;257
34760;257
34793;257
34823;257
34855;257
34889;257
34921;257
34954;257
34987;257
35019;257
35050;257
35080;257
35113;257
35142;257
35174;257
35207;257
35239;257
35269;257
35299;257
35331;257
35364;257
35395;257
35427;257
35458;257
35490;257
35522;257
35554;257
35587;257
35621;257
35654;257
35684;257
35717;257
35747;257
35785;257
35814;257
35846;257
35876;257
35908;257
35940;257
35972;257
36002;257
36032;257
36062;257
36094;257
36124;257
36156;257
36188;257
36223;257
36259;257
36292;257
36321;257
36350;257
36383;257
36419;257
36450;257
36489;257
36524;257
36557;257
36596;257
36629;257
36660;257
36692;257
36724;257
36754;257
36787;257
36820;259
36849;259
36882;259
36918;259
36948;259
36978;259
37010;259
37043;259
37076;259
37112;259
37145;259
37180;259
37213;259
37243;259
37275;259
37307;259
37345;259
37380;259
37406;259
37438;259
37469;259
37501;259
37532;259
37561;259
37590;259
37626;259
37656;259
37685;259
37715;259
37748;259
37787;259
37819;259
37851;259
37885;259
37917;259
37948;259
37980;259
38012;259
38045;259
38078;259
38113;259
38145;259
38174;258
38211;258
38241;258
38272;258
38302;258
38335;258
38364;258
38405;258
38450;258
38492;258
38534;258
38579;258
38619;258
38655;258
38700;258
38754;258
38795;258
38839;258
38883;258
38919;258
38958;258
38993;258
39023;258
39053;258
39092;258
39126;258
39159;258
39194;258
39224;258
39258;258
39292;258
39322;258
39352;258
39385;258
39415;258
39448;258
39481;258
39522;258
39552;258
39585;258
39618;258
39651;258
39682;258
39715;258
39749;258
39779;258
39810;258
39846;258
39891;258
39925;258
39956;258
39990;258
40029;258
40064;258
40098;261
40129;261
40162;261
40200;261
40249;261
40282;261
40315;261
40350;261
40383;261
40417;259
40448;259
40479;259
40509;259
40545;259
40577;259
40614;259
40647;259
40677;259
40706;259
40736;259
40768;259
40801;259
40834;259
40866;259
40897;259
40929;259
40960;259
40990;259
41023;259
41053;259
41089;259
41133;259
41175;259
41216;259
41257;259
41299;259
41339;259
41386;259
41424;259
41469;259
41505;259
41548;259
41581;259
41617;259
41650;259
41682;259
41713;259
41746;259
41793;259
41825;259
41855;259
41884;259
41916;259
41957;259
42005;259
42047;259
42089;259
42134;259
42183;259
42225;259
42271;259
42320;259
42353;259
42386;259
42426;259
42460;259
42493;259
42525;259
42562;259
42598;259
42630;259
42660;259
42697;259
42729;259
42761;259
42791;259
42824;259
42860;259
42893;259
42928;259
42960;259
42992;259
43025;259
43054;259
43087;259
43120;259
43150;259
43184;259
43214;259
43244;259
43276;259
43314;259
43356;259
43386;259
43416;259
43446;259
43490;259
43522;259
43552;259
43585;259
43616;259
43648;259
43680;259
43710;259
43740;259
43770;259
43802;259
43831;259
43860;259
43893;259
43928;259
43977;259
44009;259
44044;259
44075;259
44113;259
44145;259
44176;259
44216;259
44248;259
44277;259
44309;259
44340;259
44370;259
44399;259
44428;259
44462;259
44491;259
44524;259
44555;259
44587;259
44623;259
44653;259
44683;259
44712;259
44744;259
44774;259
44820;259
44856;259
44899;259
44929;259
44960;259
44990;259
45019;259
45051;259
45084;259
45116;259
45152;259
45185;259
45214;259
45247;259
45275;259
45307;259
45337;259
45366;259
45396;259
45429;259
45459;259
45489;259
45522;259
45560;259
45589;259
45622;259
45661;259
45690;259
45720;259
45752;259
45788;259
45818;259
45848;259
45878;259
45910;259
45940;259
45969;259
45999;259
46032;259
46062;259
46092;259
46125;259
46158;259
46194;259
46227;259
46258;259
46292;259
46325;259
46358;259
46396;259
46447;259
46480;259
46509;259
46541;259
46576;259
46609;259
46638;259
46667;259
46697;259
46724;259
46756;259
46788;259
46818;259
46849;259
46878;259
46908;259
46941;259
46973;259
47009;259
47041;259
47071;259
47101;259
47131;259
47160;259
47194;259
47223;259
47255;259
47288;259
47319;259
47352;259
47381;259
47422;259
47458;259
47491;259
47521;259
47553;259
47585;259
47617;259
47647;259
47679;259
47711;259
47741;259
47770;259
47800;259
47831;259
47863;259
47894;259
47934;259
47982;259
48016;259
48048;259
48084;259
48114;259
48150;259
48180;259
48210;259
48243;259
48273;259
48304;259
48334;259
48363;259
48395;259
48431;259
48461;259
48493;259
48525;259
48561;259
48591;259
48620;259
48669;259
48699;259
48731;259
48763;259
48794;259
48824;259
48853;259
48885;259
48915;259
48947;259
48980;259
49016;259
49053;259
49086;259
49116;259
49149;259
49178;259
49208;259
49237;259
49274;259
49303;259
49331;259
49363;259
49400;259
49432;259
49462;259
49520;259
49553;259
49585;259
49614;259
49647;259
49678;259
49715;259
49746;259
49779;259
49810;259
49840;259
49869;259
49899;259
49930;259
49962;259
49991;259
50021;259
50053;259
50085;259
50117;259
