175;1710
296;1710
389;1509
472;1475
587;1430
656;1279
738;1145
801;1128
868;1128
956;1111
1018;1111
1081;1111
1147;1039
1209;1039
1286;1035
1353;966
1422;966
1491;923
1559;817
1624;787
1694;787
1756;787
1827;740
1915;740
1999;740
2063;740
2144;709
2207;709
2271;680
2334;680
2399;680
2461;680
2524;661
2584;661
2659;661
2721;661
2781;661
2841;661
2902;661
2968;661
3034;614
3095;614
3153;614
3214;516
3283;516
3368;516
3449;516
3537;443
3618;443
3700;443
3779;443
3869;403
3947;403
4028;403
4085;403
4140;403
4194;403
4248;403
4308;403
4364;403
4417;403
4482;403
4537;403
4597;403
4651;403
4709;323
4775;323
4834;323
4890;323
4947;323
5001;267
5057;267
5119;265
5179;265
5237;265
5292;265
5346;265
5403;266
5459;240
5513;240
5566;240
5637;209
5692;209
5745;209
5800;209
5857;209
5913;209
5970;209
6027;209
6085;209
6142;209
6199;209
6253;209
6322;209
6399;209
6478;209
6553;209
6628;209
6697;209
6750;209
6805;209
6864;208
6918;208
6970;208
7023;208
7079;172
7131;172
7184;172
7237;172
7290;172
7345;172
7400;172
7456;172
7510;172
7565;172
7621;172
7677;172
7734;172
7788;172
7843;172
7900;172
7958;172
8016;172
8077;172
8132;172
8186;172
8246;172
8299;172
8355;172
8409;172
8461;172
8516;172
8568;172
8621;172
8675;172
8729;172
8784;172
8838;172
8897;172
8953;172
9007;172
9064;172
9119;172
9175;172
9231;172
9286;172
9341;172
9396;172
9461;172
9515;172
9571;172
9630;172
9684;172
9739;172
9794;172
9851;172
9911;172
9965;172
10022;172
10076;172
10130;172
10186;172
10245;172
10300;172
10357;172
10415;172
10470;172
10525;172
10587;79
10641;79
10695;79
10753;79
10808;79
10874;79
10930;79
10983;79
11036;79
11088;79
11140;79
11195;79
11248;79
11301;79
11354;79
11408;79
11463;79
11517;79
11572;79
11628;79
11683;79
11739;79
11795;79
11851;79
11907;79
11963;79
12016;79
12071;79
12127;79
12182;79
12237;79
12295;79
12349;79
12403;79
12458;79
12512;79
12566;79
12625;79
12680;79
12732;79
12785;79
12840;79
12897;79
12954;79
13011;79
13067;79
13122;79
13176;79
13231;79
13288;79
13342;79
13397;79
13452;79
13507;79
13565;79
13621;79
13673;79
13728;79
13780;79
13834;79
13892;79
13946;79
14002;79
14055;79
14110;79
14163;79
14219;79
14275;79
14330;79
14386;79
14443;79
14501;79
14555;79
14614;79
14671;79
14725;79
14780;79
14836;79
14892;79
14945;79
14998;79
15052;79
15104;79
15157;79
15212;79
15271;79
15325;79
15385;79
15440;79
15496;79
15552;79
15608;79
15666;79
15723;79
15779;79
15834;79
15888;79
15944;79
16004;79
16068;79
16121;79
16176;79
16231;79
16286;79
16339;79
16393;78
16449;78
16504;78
16558;78
16612;78
16669;78
16723;78
16782;78
16844;78
16901;78
16956;78
17013;78
17069;78
17125;78
17180;78
17238;78
17291;78
17344;78
17396;78
17450;78
17502;78
17558;78
17611;78
17663;78
17716;78
17772;78
17825;78
17884;78
17939;78
17996;78
18053;78
18108;78
18162;78
18218;78
18272;78
18331;78
18383;78
18436;78
18489;78
18545;78
18601;78
18655;78
18708;78
18760;78
18814;78
18867;78
18923;78
18978;78
19033;78
19093;78
19149;78
19205;78
19260;78
19315;78
19375;78
19430;78
19483;78
19537;78
19590;78
19645;78
19699;78
19752;78
19805;78
19861;78
19917;78
19978;78
20034;78
20092;78
20147;78
20201;78
20258;78
20312;78
20373;78
20427;78
20481;78
20549;78
20607;78
20660;78
20715;78
20768;78
20820;78
20874;78
20928;78
20984;78
21040;78
21094;78
21148;78
21203;78
21257;78
21318;78
21370;78
21423;78
21478;78
21533;78
21586;78
21643;78
21696;78
21748;78
21801;78
21854;78
21910;78
21966;78
22021;78
22076;78
22150;78
22209;78
22267;78
22321;78
22378;78
22437;78
22497;78
22554;78
22608;78
22664;78
22716;78
22769;78
22823;78
22880;78
22941;78
23000;78
23056;78
23118;78
23172;78
23226;78
23279;78
23331;78
23384;78
23440;78
23495;78
23549;78
23604;78
23661;78
23732;78
23787;78
23842;78
23898;78
23960;78
24013;78
24065;78
24119;78
24171;78
24225;78
24277;78
24330;78
24385;78
24438;78
24491;78
24545;78
24599;78
24653;78
24707;78
24763;78
24816;78
24872;78
24925;78
24978;78
25031;78
25083;78
25135;78
25189;78
25259;78
25312;78
25364;78
25422;78
25482;78
25533;78
25586;78
25639;78
25691;78
25746;78
25800;78
25852;78
25905;78
25958;78
26014;78
26070;78
26125;78
26185;78
26237;78
26289;78
26345;78
26401;78
26453;78
26505;78
26560;78
26612;78
26666;78
26718;78
26790;78
26845;78
26904;78
26956;78
27009;78
27068;78
27128;78
27180;78
27236;78
27289;78
27341;78
27393;78
27446;78
27509;78
27560;78
27613;78
27667;78
27723;78
27775;78
27828;78
27881;78
27933;78
27986;78
28038;78
28091;78
28148;78
28202;78
28258;78
28332;78
28389;78
28443;78
28495;78
28548;78
28601;78
28654;78
28707;78
28762;78
28814;78
28867;78
28924;78
28977;78
29030;78
29082;78
29134;78
29186;78
29239;78
29295;78
29349;78
29403;78
29456;78
29509;78
29562;78
29614;78
29668;78
29724;78
29779;78
29840;78
29909;78
29965;78
30018;78
30072;78
30126;78
30179;78
30232;78
30284;78
30347;78
30400;78
30452;78
30504;78
30556;78
30615;78
30668;78
30723;78
30774;78
30835;78
30886;78
30938;78
30991;78
31044;78
31098;78
31152;78
31208;78
31261;78
31314;78
31370;78
31427;78
31484;78
31536;78
31589;78
31644;78
31699;78
31755;78
31808;78
31860;78
31915;78
31970;78
32026;78
32087;78
32139;78
32196;78
32249;78
32303;78
32356;78
32408;78
32462;78
32517;78
32578;78
32646;78
32705;78
32765;78
32819;78
32872;78
32927;78
32981;78
33037;78
33094;78
33147;78
33207;78
33263;78
33315;78
33369;78
33422;78
33476;78
33529;78
33581;78
33637;78
33696;78
33751;78
33804;78
33857;78
33912;78
33967;78
34020;78
34077;78
34136;78
34212;78
34276;78
34328;78
34382;78
34436;78
34493;78
34545;78
34601;78
34653;78
34709;78
34761;78
34823;78
34876;78
34930;78
34982;78
35035;78
35087;78
35139;78
35193;78
35247;78
35299;78
35355;78
35411;78
35468;78
35524;78
35585;78
35638;78
35692;78
35744;78
35797;78
35849;78
35902;78
35955;78
36018;78
36071;78
36123;78
36175;78
36229;78
36282;78
36338;78
36395;78
36461;78
36513;78
36565;78
36617;78
36670;78
36726;78
36779;78
36833;78
36886;78
36940;78
36994;78
37048;78
37104;78
37160;78
37216;78
37273;78
37328;78
37383;78
37437;78
37495;78
37552;78
37609;78
37663;78
37716;78
37768;78
37819;78
37872;78
37925;78
37980;78
38036;78
38088;78
38144;78
38199;78
38254;78
38311;78
38369;78
38427;78
38492;79
38546;79
38602;79
38654;79
38711;79
38763;79
38816;79
38868;79
38921;79
38974;79
39026;78
39090;78
39147;78
39205;78
39259;78
39313;78
39367;78
39424;78
39476;78
39530;78
39583;78
39639;78
39692;78
39746;78
39800;78
39851;78
39904;78
39957;78
40011;78
40065;78
40121;78
40176;78
40232;78
40290;78
40345;78
40399;78
40454;78
40506;78
40560;78
40619;78
40678;78
40731;78
40785;78
40837;78
40893;78
40949;78
41005;78
41059;78
41121;78
41173;78
41229;78
41283;78
41339;78
41391;78
41446;78
41502;78
41554;78
41608;78
41664;78
41716;78
41770;78
41824;78
41880;78
41937;78
41991;78
42043;78
42099;78
42155;78
42215;78
42266;78
42318;78
42371;78
42425;78
42479;78
42532;78
42588;78
42643;78
42700;78
42755;78
42808;78
42864;78
42919;78
42971;78
43023;78
43075;78
43135;78
43187;78
43241;78
43295;78
43349;78
43409;78
43460;78
43513;78
43568;78
43627;78
43685;78
43737;78
43791;78
43843;78
43896;78
43950;78
44007;78
44061;78
44143;78
44230;78
44319;78
44374;78
44428;78
44480;78
44540;78
44594;78
44646;78
44700;78
44752;78
44807;78
44867;78
44921;78
44973;78
45026;78
45079;78
45132;78
45188;78
45243;78
45295;78
45355;83
45407;83
45459;83
45521;83
45574;83
45631;83
45685;83
45737;83
45789;83
45842;83
45894;83
45947;83
46005;83
46058;83
46113;83
46166;83
46219;83
46277;83
46329;83
46384;83
46435;83
46488;83
46541;83
46593;83
46650;83
46724;83
46780;83
46837;83
46891;83
46944;83
46998;83
47050;83
47102;83
47154;83
47208;83
47265;83
47318;83
47370;83
47425;83
47487;83
47542;83
47594;83
47658;83
47711;83
47763;83
47822;83
47874;83
47930;83
47983;83
48036;83
48090;83
48143;83
48195;83
48271;83
48334;83
48387;83
48439;83
48492;83
48544;83
48598;83
48658;83
48712;83
48764;83
48822;83
48874;83
48932;83
48985;83
49037;83
49089;83
49142;83
49194;83
49254;83
49306;83
49358;83
49410;83
49463;83
49516;83
49570;83
49623;83
49676;83
49729;83
49796;83
49857;83
49914;83
49967;83
50020;83
50072;83
50129;83
50183;83
50236;83
50291;83
50344;83
50399;83
50453;83
50506;83
50558;83
50612;83
50665;83
50723;83
50777;83
50831;83
50888;83
50940;83
50993;83
51047;83
51103;83
51160;83
51216;83
51270;83
51325;83
51382;83
51435;83
51489;83
51542;83
51595;83
51648;83
51707;83
51759;83
51820;83
51870;83
51925;83
51979;83
52032;83
52085;83
52138;83
52190;83
52242;83
52296;83
52350;83
52408;83
52461;83
52513;83
52568;83
52625;83
52683;83
52736;83
52791;83
52845;83
52906;83
52958;83
53011;83
53072;83
53125;83
53178;83
53232;83
53286;83
53338;83
53393;83
53447;83
53501;83
53556;83
53609;83
53665;83
53720;83
53776;83
53831;83
53888;83
53942;83
53996;83
54050;83
54102;83
54155;83
54207;83
54261;83
54313;83
54366;83
54422;83
54478;83
54531;83
54587;83
54645;83
54697;83
54749;83
54803;83
54855;83
54908;83
54960;83
55014;83
55067;83
55119;83
55173;83
55227;83
55283;83
55348;83
55399;83
55452;83
55511;83
55563;83
55615;83
55668;83
55721;83
55774;83
55826;83
55878;83
55934;83
55991;83
56059;83
56115;78
56168;78
56222;78
56275;78
56329;78
56381;78
56439;78
56495;78
56551;78
56605;78
56661;78
56718;78
56803;78
56880;78
56952;78
57043;78
57125;78
57211;78
57294;78
57355;78
57438;78
57527;78
57611;78
57692;78
57766;78
57821;78
57881;78
57936;78
57990;78
58046;78
58101;78
58154;78
58209;78
58265;78
58321;78
58377;78
58436;78
58498;78
58559;78
58612;78
58672;78
58724;78
58776;78
58828;78
58881;78
58939;78
58994;78
59049;78
59108;78
59163;78
59215;78
59270;78
59326;78
59384;78
59444;78
59499;78
59555;78
59607;78
59661;78
59714;78
59769;78
59821;78
59874;78
59927;78
59983;78
60049;78
60103;78
60156;78
60210;78
60266;78
60318;78
60370;78
60422;78
60476;78
60530;78
60585;78
60640;78
60700;78
60755;78
60809;78
60863;78
60919;78
60975;78
61029;78
61082;78
61135;78
61187;78
61241;78
61295;78
61351;78
61405;78
61457;78
61511;78
61568;78
61623;78
61678;78
61732;78
61784;78
61836;78
61902;78
61955;78
62010;78
62063;78
62120;78
62174;78
62227;78
62281;78
62334;78
62386;78
62441;78
62502;78
62556;78
62622;78
62694;78
62765;78
62836;78
62908;78
62976;78
63047;78
63117;78
63188;78
63260;78
63334;78
63393;78
63450;78
63504;78
63557;78
63612;78
63665;78
63726;78
63780;78
63834;78
63887;78
63941;78
64004;78
64055;78
64108;78
64162;78
64214;78
64268;78
64324;78
64376;78
64431;78
64483;78
64536;78
64591;78
64645;78
64710;78
64765;78
64818;78
64871;78
64925;78
64978;78
65031;78
65083;78
65139;78
65193;78
65245;78
65302;79
65355;79
65418;79
65472;79
65524;79
65577;79
65629;79
65681;79
65734;79
65787;79
65842;79
65915;79
65988;78
66061;78
66133;78
66207;78
66312;78
66430;78
66508;78
66572;78
66645;78
66720;78
66787;78
66840;78
66895;78
66948;78
67002;78
67056;78
67113;78
67168;78
67223;78
67279;78
67335;78
67397;78
67451;78
67504;78
67563;78
67616;78
67685;78
67759;78
67838;78
67912;78
67985;78
68065;78
68139;78
68221;78
68280;78
68337;78
68394;78
68471;78
68579;78
68694;78
68765;78
68838;78
68910;78
68986;78
69060;78
69135;78
69192;78
69247;78
69300;78
69354;78
69430;78
69506;78
69583;78
69665;78
69743;78
69819;78
69874;78
69946;78
70003;78
70058;78
70119;78
70178;78
70250;78
70322;78
70395;78
70464;78
70518;78
70577;78
70630;78
70695;78
70757;78
70814;78
70869;78
70926;78
70980;78
71059;78
71148;78
71240;78
71321;78
71410;78
71463;78
71516;78
71570;78
71626;78
71679;78
71733;78
71784;78
71839;78
71891;78
71943;78
71996;78
72050;78
72106;78
72162;78
72216;78
72269;78
72327;78
72381;78
72437;78
72493;78
72547;78
72617;78
72670;78
72723;78
72775;78
72833;78
72888;78
72941;78
72994;78
73049;78
73103;78
73155;78
73209;78
73262;78
73316;78
73372;78
73429;78
73485;78
73541;78
73595;78
73653;78
73715;78
73772;78
73828;78
73891;78
73974;78
74066;78
74218;78
74268;78
74320;78
74378;78
74431;78
74483;78
74536;78
74588;78
74640;78
74694;78
74750;78
74819;78
74898;78
74987;78
75071;78
75171;78
75262;78
75345;78
75413;78
75468;78
75524;78
75583;78
75641;78
75701;78
75774;78
75866;78
75954;78
76042;78
76126;78
76202;78
76255;78
76310;78
76365;78
76420;78
76477;78
76529;78
76583;78
76639;78
76694;78
