162;83
269;81
348;81
433;81
499;81
566;81
651;81
742;81
849;81
918;81
1002;81
1083;81
1153;81
1239;81
1303;81
1373;81
1461;81
1542;81
1624;81
1713;81
1800;81
1886;81
1975;81
2063;81
2125;81
2189;81
2255;81
2326;81
2393;81
2461;81
2534;81
2603;81
2698;81
2764;78
2830;78
2895;78
2954;78
3012;78
3070;78
3127;78
3189;78
3247;78
3305;78
3368;78
3449;78
3527;78
3608;78
3687;78
3769;78
3847;78
3926;78
4006;78
4096;78
4152;78
4208;78
4264;78
4321;78
4381;78
4439;78
4497;78
4553;78
4612;78
4673;78
4739;78
4798;78
4860;78
4923;78
4980;78
5040;78
5096;78
5152;78
5210;78
5279;78
5336;78
5393;78
5455;78
5515;78
5574;78
5630;78
5687;78
5745;78
5802;78
5858;78
5915;78
5977;78
6036;78
6095;78
6152;78
6212;78
6268;78
6327;78
6384;78
6450;78
6524;78
6606;78
6691;78
6776;78
6856;78
6911;78
6966;78
7019;78
7076;78
7135;78
7191;78
7250;78
7309;78
7365;78
7428;78
7489;78
7548;78
7607;78
7667;78
7725;78
7783;78
7840;78
7897;78
7954;78
8012;78
8068;78
8128;78
8187;78
8243;78
8313;78
8369;78
8424;78
8482;78
8539;78
8600;78
8658;78
8719;78
8779;78
8836;78
8891;78
8948;78
9006;78
9063;78
9121;78
9177;78
9241;78
9300;78
9359;78
9416;78
9475;78
9531;78
9589;78
9646;78
9703;78
9760;78
9822;78
9877;78
9935;78
10000;78
10057;78
10116;78
10172;78
10230;78
10285;78
10340;78
10397;78
10455;78
10515;78
10570;78
10627;78
10686;78
10746;78
10824;78
10883;78
10943;78
11000;78
11055;78
11118;78
11175;78
11234;78
11293;78
11347;78
11412;78
11470;78
11530;78
11586;78
11645;78
11702;78
11758;78
11814;78
11870;78
11926;78
11982;78
12041;78
12097;78
12154;78
12211;78
12269;78
12334;78
12401;78
12460;78
12515;78
12571;78
12627;78
12682;78
12745;78
12800;78
12856;78
12912;78
12970;78
13028;78
13085;78
13151;78
13215;78
13273;78
13330;78
13387;78
13450;78
13515;78
13576;78
13632;78
13696;78
13754;78
13814;78
13880;78
13949;78
14007;78
14066;78
14122;78
14179;78
14239;78
14299;78
14357;78
14418;78
14474;78
14538;78
14596;78
14652;78
14708;78
14775;78
14844;78
14900;78
14956;78
15017;78
15077;80
15137;80
15194;80
15251;80
15307;80
15365;80
15432;80
15494;80
15553;80
15613;80
15678;80
15733;80
15790;80
15852;85
15909;85
15966;85
16026;85
16081;85
16139;85
16198;85
16255;85
16312;85
16369;85
16430;85
16488;85
16547;85
16605;85
16666;85
16725;85
16792;85
16851;85
16912;85
16973;85
17034;85
17091;85
17146;85
17205;85
17263;85
17319;85
17379;85
17438;85
17498;85
17554;85
17611;85
17668;85
17728;85
17783;85
17840;85
17896;85
17952;85
18012;85
18072;85
18132;85
18188;85
18244;85
18302;85
18363;85
18418;85
18475;85
18535;85
18593;85
18651;85
18707;85
18762;85
18824;83
18878;83
18941;83
18999;83
19058;83
19114;83
19173;83
19232;83
19294;80
19352;80
19413;80
19480;80
19535;80
19594;80
19657;80
19717;80
19774;80
19840;80
19897;80
19951;80
20011;80
20069;80
20124;80
20180;80
20239;80
20298;80
20355;80
20416;80
20477;80
20538;80
20597;80
20661;80
20715;80
20771;80
20829;80
20888;80
20948;80
21004;80
21060;80
21115;80
21173;80
21231;80
21291;80
21349;80
21410;80
21471;80
21529;80
21589;78
21646;78
21701;78
21762;78
21818;78
21878;78
21938;78
21995;78
22054;78
22115;78
22171;78
22228;78
22286;78
22346;78
22406;78
22465;78
22524;78
22581;78
22638;78
22697;78
22757;78
22827;78
22885;78
22944;78
23001;78
23063;78
23123;78
23185;78
23243;78
23302;78
23361;78
23423;78
23481;78
23540;78
23597;78
23656;78
23711;78
23767;78
23830;78
23892;78
23949;78
24005;78
24070;78
24131;78
24193;78
24250;78
24305;78
24362;78
24417;78
24479;78
24535;78
24592;78
24652;78
24707;78
24778;78
24837;78
24892;78
24950;78
25008;78
25069;78
25127;78
25183;78
25240;78
25295;78
25351;78
25409;78
25468;78
25526;78
25582;78
25642;78
25705;78
25762;78
25818;78
25874;78
25930;78
25985;78
26042;78
26099;78
26157;78
26212;78
26271;78
26327;78
26391;78
26450;78
26511;78
26573;78
26628;78
26686;78
26745;78
26803;78
26866;78
26922;78
26980;78
27037;78
27094;78
27150;78
27209;78
27268;78
27324;78
27391;78
27445;78
27502;78
27560;78
27618;78
27682;78
27739;78
27801;78
27858;78
27914;78
27971;78
28028;78
28086;78
28141;78
28201;78
28254;78
28311;78
28366;78
28422;78
28479;78
28533;78
28588;78
28647;78
28703;78
28761;78
28820;78
28877;78
28938;78
28993;78
29051;78
29108;78
29164;78
29229;78
29288;78
29345;78
29400;78
29457;78
29516;78
29572;78
29636;78
29690;78
29746;78
29804;78
29859;78
29916;78
29974;78
30029;78
30085;78
30147;78
30206;78
30263;78
30325;78
30382;78
30439;78
30495;78
30553;78
30612;78
30672;78
30730;78
30787;78
30845;78
30905;78
30969;78
31024;78
31078;78
31136;78
31192;78
31250;78
31312;78
31367;78
31425;78
31480;78
31538;78
31598;78
31652;78
31706;78
31764;78
31824;78
31882;78
31940;78
31998;78
32056;78
32112;78
32177;78
32229;78
32285;78
32340;78
32396;78
32455;78
32513;78
32569;78
32626;78
32681;78
32746;78
32800;78
32858;78
32912;78
32972;78
33028;78
33086;78
33141;78
33199;78
33256;78
33314;78
33375;78
33432;78
33492;78
33550;78
33607;78
33666;78
33720;78
33782;78
33849;78
33905;78
33960;78
34024;78
34080;78
34139;78
34195;78
34250;78
34323;78
34392;78
34460;78
34516;78
34575;78
34635;78
34691;78
34750;78
34807;78
34866;78
34927;78
34989;78
35043;78
35102;78
35159;78
35215;78
35274;78
35333;78
35394;78
35452;78
35509;78
35566;78
35622;78
35681;78
35738;78
35796;78
35849;78
35913;78
35980;78
36044;78
36102;78
36159;78
36214;78
36269;78
36325;78
36382;78
36448;78
36525;78
36586;78
36651;78
36709;78
36766;78
36822;78
36906;78
36970;79
37027;79
37081;79
37136;79
37192;79
37249;79
37309;79
37363;79
37422;79
37479;78
37541;78
37601;78
37660;78
37719;78
37775;78
37834;78
37891;78
37950;78
38008;78
38064;78
38120;78
38175;78
38229;78
38288;78
38342;78
38403;78
38459;78
38520;78
38576;78
38639;78
38696;78
38754;78
38807;78
38863;78
38921;78
38976;78
39030;78
39088;78
39142;78
39196;78
39260;78
39317;78
39374;78
39429;78
39489;78
39545;78
39601;78
39658;78
39713;78
39768;78
39834;78
39888;78
39944;78
40000;78
40058;78
40116;78
40174;78
40230;78
40288;78
40352;78
40418;78
40473;78
40527;78
40583;78
40644;78
40704;78
40761;78
40819;78
40877;78
40936;78
41001;78
41054;78
41113;78
41171;79
41228;79
41284;79
41351;79
41412;79
41483;79
41551;79
41613;79
41675;79
41742;79
41801;78
41859;78
41916;78
41970;78
42034;78
42088;78
42141;78
42196;78
42253;78
42312;78
42375;78
42432;78
42498;78
42552;78
42616;78
42671;78
42727;78
42782;78
42839;78
42898;78
42955;78
43012;78
43080;78
43135;78
43190;78
43248;78
43307;78
43366;78
43428;78
43484;78
43546;78
43603;78
43660;78
43716;78
43772;78
43836;78
43892;78
43951;78
44010;78
44069;78
44129;78
44189;78
44247;78
44306;78
44364;78
44419;78
44481;78
44541;78
44601;78
44666;78
44730;78
44784;78
44841;78
44901;78
44962;78
45019;78
45075;78
45132;78
45187;78
45247;78
45311;78
45368;78
45427;78
45485;78
45540;78
45600;78
45656;78
45716;78
45773;78
45831;78
45895;78
45951;78
46008;78
46065;78
46123;78
46180;78
46237;78
46294;78
46352;78
46408;78
46466;78
46521;78
46581;78
46641;78
46703;78
46759;78
46815;78
46872;78
46932;78
46991;78
47047;78
47104;78
47158;78
47217;79
47272;79
47328;79
47384;79
47443;79
47501;79
47557;79
47624;79
47680;79
47737;79
47793;79
47848;79
47903;79
47963;79
48019;79
48073;79
48130;79
48185;79
48243;79
48302;79
48357;79
48414;79
48475;79
48532;79
48587;79
48642;79
48699;79
48757;79
48816;79
48874;79
48932;79
48991;79
49048;79
49107;79
49165;79
49222;79
49282;79
49341;79
49394;79
49450;79
49508;79
49572;79
49632;79
49691;79
49748;79
49804;79
49865;79
49944;79
50004;79
50063;79
50118;79
50180;79
50235;79
50289;79
50345;78
50403;78
50462;78
50518;78
50576;78
50640;78
50702;78
50771;78
50828;78
50884;78
50947;78
51021;78
51078;78
51132;78
51194;78
51250;78
51307;78
51365;78
51422;78
51488;78
51585;78
51678;78
51733;78
51792;78
51847;78
51901;78
51958;78
52013;78
52072;78
52129;78
52183;78
52241;78
52296;78
52354;78
52418;78
52483;78
52538;78
52594;78
52650;78
52708;78
52764;78
52819;78
52875;78
52935;78
53021;78
53076;78
53133;78
53192;78
53246;78
53301;78
53359;78
53423;78
53478;78
53537;78
53596;78
53654;78
53712;80
53770;80
53830;80
53885;80
53940;80
53994;80
54052;80
54107;80
54196;80
54290;80
54353;80
54414;80
54528;80
54583;80
54639;80
54694;80
54749;80
54805;80
54860;78
54918;78
54986;78
55057;78
55126;78
55179;78
55235;78
55296;78
55354;78
55410;78
55468;78
55522;78
55579;78
55635;78
55700;78
55755;78
55810;78
55864;78
55918;78
55974;78
56031;78
56088;78
56143;78
56210;78
56264;78
56320;78
56375;78
56434;78
56490;78
56547;78
56600;78
56658;78
56716;78
56772;78
56831;78
56891;78
56944;78
57034;78
57094;78
57148;78
57206;78
57260;78
57314;78
57370;78
57426;78
57483;78
57539;78
57596;78
57658;78
57711;78
57765;78
57826;83
57888;83
57950;83
58006;83
58064;83
58118;83
58172;83
58240;83
58297;83
58355;83
58414;83
58471;83
58528;83
58592;83
58648;83
58703;83
58761;83
58816;83
58871;83
58926;83
58989;83
59069;83
59129;83
59184;83
59239;83
59294;83
59350;83
59406;83
59469;83
59524;83
59583;83
59638;83
59696;83
59758;83
59816;83
59873;83
59929;83
59984;83
60040;83
60098;83
60153;83
60209;83
60265;83
60322;83
60381;83
60440;83
60495;83
60552;83
60609;83
60668;83
60724;83
60788;83
60845;83
60901;83
60960;83
61037;83
61096;78
61150;78
61205;78
61265;78
61323;78
61383;78
61450;78
61507;78
61564;78
61622;78
61680;78
61736;78
61796;78
61850;78
61905;78
61961;78
62018;78
62075;78
62134;78
62193;78
62251;78
62310;78
62365;78
62422;78
62480;78
62542;78
62607;78
62663;78
62721;78
62780;78
62838;78
62895;78
62955;78
63014;78
63072;78
63127;78
63184;78
63240;78
63297;78
63362;78
63418;78
63475;78
63532;78
63588;78
63648;78
63705;78
63762;78
63818;78
63873;78
63929;78
63984;78
64042;78
64099;78
64161;78
64219;78
64276;78
64333;78
64390;78
64447;78
64507;78
64564;78
64619;78
64674;78
64731;78
64790;78
64848;78
64912;78
64967;78
65021;78
65081;78
65137;78
65193;78
65252;78
65308;78
65364;78
65421;78
65478;78
65537;78
65592;78
65657;78
65710;78
65772;78
65831;78
65890;78
65945;78
66004;78
66062;78
66117;78
66172;78
66226;78
66284;78
66345;78
66398;78
66455;78
66518;78
66578;78
66636;78
66693;78
66749;78
66805;78
66860;78
66914;78
66978;78
67032;78
67088;78
67151;78
67214;83
67270;83
67327;83
67382;83
67439;83
67496;83
67556;83
67619;83
67674;83
67730;83
67788;83
67844;83
67901;83
67959;83
68014;83
68071;83
68126;83
68182;83
68241;83
68294;83
68349;83
68412;83
68471;83
68527;83
68584;83
68641;83
68698;83
68756;83
68821;83
68875;83
68930;83
68989;83
69046;83
69106;83
69161;83
69219;83
69276;83
69332;83
69389;83
69448;83
69508;83
69561;83
69619;83
69674;83
69732;83
69788;83
69847;83
69902;83
69956;83
70010;83
70065;83
70127;83
70181;83
70235;83
70293;83
70350;83
70408;83
70467;83
70524;83
70579;83
70637;83
70692;83
70756;83
70817;83
70875;83
70942;83
70998;83
71055;83
71115;83
71170;83
71225;83
71280;83
71338;83
71398;83
71454;83
71510;83
71571;83
71628;83
71686;83
71747;83
71806;83
71862;83
71921;83
71982;83
72037;83
72095;83
72157;83
72214;83
72271;83
72326;83
72383;83
72443;83
72507;83
72562;83
72619;83
72678;83
72735;83
72793;83
72850;83
72907;83
72963;83
73029;78
73082;78
73139;78
73198;78
73254;78
73312;78
73367;78
73427;78
73487;78
73553;78
73606;78
73661;78
73716;78
73773;78
73829;78
73885;78
73942;78
73999;78
74057;78
74115;78
74179;78
74230;78
74288;78
74348;78
74408;78
74468;78
74527;78
74584;78
74639;78
74700;78
74756;78
74831;78
74888;78
74942;78
74997;78
75057;78
75144;78
75205;78
75262;78
75318;78
75374;78
75439;78
75496;78
75557;78
75631;78
75687;78
75741;78
75797;78
75851;78
75908;78
75964;78
76021;78
76078;78
76135;78
76192;78
76251;78
76326;78
76378;78
76437;78
76500;78
76559;78
76615;78
76671;78
76732;78
76787;78
76844;78
76899;78
76957;78
77013;78
77074;78
77173;78
77253;78
77317;78
77373;78
77435;78
77492;78
77551;78
77611;78
77666;78
77721;78
77778;78
77834;78
77892;78
77947;78
78002;78
78060;78
78117;78
78183;78
78239;78
78304;78
78361;78
78421;78
78477;78
78534;78
78591;78
78646;78
78703;78
78761;78
78817;78
78872;78
78934;78
78990;78
79052;78
79129;78
79211;78
79285;78
79338;78
79394;78
79451;78
79508;78
79565;78
79623;78
79680;78
79734;78
79792;78
79851;78
79916;78
79972;78
80029;78
80086;78
80143;78
80203;78
80258;78
80326;78
80379;78
80434;78
80489;78
80548;78
80607;78
80664;78
80722;78
80779;78
80835;78
80891;78
80946;78
81001;78
81060;78
81124;78
81202;78
81259;78
81319;78
81379;78
81451;78
81528;78
81608;78
81684;78
81737;78
81794;78
81850;78
81906;78
81964;78
82023;78
82082;78
82139;78
82193;78
82251;78
82310;78
82365;78
82421;78
82483;78
82541;78
82597;78
82653;78
82709;78
82770;78
82827;78
82888;78
82956;78
83012;78
83067;78
83125;78
83186;78
83242;78
83298;78
83353;78
83409;78
83470;78
83526;78
83592;78
83649;78
83706;78
83762;78
83820;78
83875;78
83931;78
83987;78
84042;78
84097;78
84158;78
84214;78
84276;78
84334;78
84399;78
84455;78
84515;78
84571;78
84625;78
84681;78
84736;78
84793;78
84850;78
84907;78
84964;78
85020;78
85079;78
85134;78
85195;78
85250;78
85311;78
85365;78
85420;78
85475;78
85530;78
85585;78
85644;78
85701;78
85756;78
85811;78
85868;78
85926;78
85981;78
86036;78
86099;78
86155;78
86212;78
86271;78
86347;78
86401;78
86456;78
86514;78
86573;78
86628;78
86686;78
86741;78
86797;78
86856;78
86912;78
86968;78
87027;78
87084;78
87139;78
87198;78
87253;78
87309;78
87363;78
87420;78
87482;78
87537;78
87592;78
87665;78
87719;78
87773;78
87828;78
87886;78
87941;78
87998;78
88055;78
88112;78
88169;78
88228;78
88291;78
88350;78
88411;78
88469;78
88528;78
88584;78
88643;78
88698;78
88755;78
88811;78
88867;78
88932;78
89006;78
89061;78
89118;78
89191;78
89259;78
89318;78
89374;78
89440;78
89497;78
89553;78
89609;78
89665;78
89723;78
89778;78
89831;78
89886;78
89943;78
89999;78
90053;78
90119;78
90174;78
90232;78
90287;78
90344;78
90403;78
90460;78
90522;78
90578;78
90633;78
90689;78
90745;78
90802;78
90857;78
90913;78
90977;78
91034;78
91089;78
91145;78
91225;78
91297;78
91351;78
91415;78
91474;78
91535;78
91595;78
91653;78
91714;78
91769;78
91823;78
91877;78
91933;78
91988;78
92045;78
92100;78
92158;78
92214;78
92271;78
92326;78
92390;78
92446;78
92501;78
92558;78
92616;78
92673;78
92732;78
92787;78
92844;78
92901;78
92956;78
93014;78
93070;78
93128;78
93183;78
93244;78
93301;78
93358;78
93425;78
93481;78
93537;78
93593;78
93651;78
93708;78
93770;78
93825;78
93880;78
93936;78
93991;78
94047;78
94104;78
94160;78
94217;78
94274;78
94332;78
94402;78
94456;78
94511;78
94567;78
94623;78
94679;78
94735;78
94791;78
94849;78
94903;78
94964;78
95019;78
95075;78
95135;78
95191;78
95250;78
95320;78
95373;78
95427;78
95487;78
95543;78
95601;78
95657;78
95715;78
95771;78
95826;78
95882;78
95938;78
96001;78
96059;78
96117;78
96172;78
96234;78
96289;78
96344;78
96398;78
96459;78
96514;78
96571;78
96627;78
96686;78
96745;78
96801;78
96856;78
96915;78
96972;78
97028;78
97090;78
97143;78
97199;78
97258;78
97313;78
97369;78
97429;78
97485;78
97542;78
97596;78
97650;78
97709;78
97767;78
97823;78
97883;78
97940;78
97995;78
98050;78
98106;78
98165;78
98223;78
98276;78
