177;63
350;63
491;63
634;63
795;63
966;63
1117;63
1260;67
1392;67
1579;67
1786;67
1904;67
2043;67
2161;67
2287;67
2414;67
2584;67
2728;66
2851;66
2963;66
3080;66
3193;66
3331;66
3488;66
3656;66
3802;66
3975;66
4079;66
4193;66
4298;66
4414;66
4527;66
4639;66
4760;66
4867;66
4977;66
5114;66
5225;66
5339;66
5452;66
5572;66
5693;66
5803;66
5914;66
6026;66
6137;66
6252;66
6371;66
6499;66
6638;66
6757;66
6871;66
6978;66
7094;66
7210;66
7332;66
7447;66
7565;66
7684;66
7799;66
7910;66
8019;66
8129;66
8252;66
8370;66
8479;66
8595;63
8707;63
8838;63
8954;63
9063;63
9173;63
9304;63
9440;63
9552;63
9665;63
9782;63
9889;63
10003;63
10111;63
10218;63
10327;63
10437;63
10546;63
10656;63
10782;63
10890;63
11015;63
11140;63
11261;63
11367;63
11472;63
11593;63
11707;63
11824;63
11946;63
12054;63
12161;63
12276;63
12384;63
12518;63
12625;63
12747;63
12849;63
12960;63
13074;63
13186;63
13294;63
13404;63
13521;63
13634;63
13746;63
13862;63
13970;63
14081;63
14194;63
14299;63
14430;62
14536;62
14647;62
14777;62
14881;62
14992;62
15102;62
15216;62
15322;62
15449;62
15576;62
15681;62
15800;62
15904;62
16013;62
16125;62
16251;62
16363;62
16501;62
16613;62
16726;62
16840;62
16967;62
17073;62
17187;62
17314;62
17440;62
17554;62
17684;62
17792;62
17903;62
18027;62
18151;62
18266;62
18385;62
18523;62
18631;62
18745;62
18860;62
18978;62
19088;62
19211;62
19321;62
19435;62
19554;62
19659;62
19775;62
19891;62
20007;62
20134;62
20244;62
20373;62
20485;62
20613;62
20723;62
20832;62
20939;62
21045;62
21160;62
21271;62
21382;62
21490;62
21601;62
21744;62
21867;62
21980;62
22093;62
22204;62
22311;62
22424;62
22531;62
22647;62
22756;62
22887;62
23017;62
23144;64
23265;64
23372;63
23483;63
23595;63
23725;63
23852;63
23959;63
24071;63
24179;63
24286;63
24404;63
24536;63
24651;64
24759;63
24883;63
24999;63
25107;63
25229;67
25338;67
25482;67
25590;65
25719;62
25845;62
25967;62
26077;62
26206;62
26324;62
26434;62
26593;62
26707;62
26819;62
26942;62
27045;62
27175;62
27280;62
27390;62
27515;62
27623;62
27753;62
27915;62
28018;62
28137;62
28280;62
28397;62
28516;62
28622;62
28761;62
28869;62
28983;62
29090;62
29209;62
29314;62
29429;62
29546;62
29653;62
29776;62
29887;62
29993;62
30109;62
30244;62
30351;62
30468;62
30578;62
30687;62
30793;62
30910;62
31019;62
31143;62
31249;62
31361;62
31483;62
31616;62
31731;62
31864;62
31976;62
32092;62
32210;62
32314;62
32430;62
32537;62
32668;62
32793;62
32903;62
33010;62
33126;62
33234;62
33350;62
33511;62
33635;62
33796;62
33931;62
34043;62
34156;62
34266;62
34379;62
34491;62
34598;62
34710;62
34825;62
34950;62
35062;62
35174;62
35280;62
35394;62
35506;62
35611;62
35726;62
35852;62
35967;62
36107;62
36213;62
36343;62
36490;62
36603;62
36714;62
36819;62
36931;62
37069;67
37192;67
37306;67
37426;67
37535;67
37650;67
37777;67
37902;67
38037;67
38143;67
38248;67
38361;67
38471;65
38582;65
38705;65
38811;65
38922;65
39041;65
39164;65
39279;64
39391;64
39505;64
39622;64
39726;64
39860;64
39964;64
40088;64
40215;64
40320;64
40432;64
40550;64
40663;64
40786;64
40909;64
41042;64
41171;64
41281;64
41405;64
41515;64
41638;64
41785;64
41900;64
42031;64
42148;64
42261;64
42378;64
42550;64
42706;64
42815;64
42926;64
43036;64
43146;64
43257;64
43370;64
43495;64
43637;64
43760;64
43869;64
43977;64
44103;64
44202;64
44305;64
44413;64
44523;64
44635;64
44766;64
44873;64
44984;64
45106;64
45232;64
45343;64
45484;64
45610;64
45720;64
45846;63
45961;63
46078;62
46195;62
46306;62
46444;62
46552;62
46682;62
46803;62
46927;62
47074;62
47181;62
47289;62
47422;62
47544;62
47658;62
47762;62
47878;62
47984;62
48097;62
48209;62
48338;62
48469;62
48573;62
48688;62
48810;62
48920;62
49028;62
49134;62
49256;62
49368;62
49473;62
49584;62
49696;62
49831;62
49964;62
50071;62
50179;62
50294;62
50411;62
50516;62
50631;62
50826;62
50988;62
51098;62
51206;62
51330;62
51472;62
51594;62
51695;62
51806;62
51930;62
52041;62
52145;62
52259;62
52374;62
52487;62
52594;62
52705;62
52835;64
52943;64
53061;64
53172;64
53278;64
53389;64
53512;64
53632;64
53734;64
53842;64
53956;64
54064;64
54170;64
54295;64
54414;64
54524;64
54631;64
54737;64
54845;64
54952;64
55059;64
55182;64
55294;64
55396;64
55519;64
55650;64
55773;64
55887;64
55997;64
56114;64
56228;64
56333;64
56443;64
56555;64
56665;64
56771;64
56901;64
57014;64
57119;64
57240;64
57350;64
57476;64
57598;67
57708;67
57811;67
57945;67
58057;67
58169;64
58281;64
58406;64
58526;64
58632;64
58784;64
58895;64
59009;64
59122;64
59228;64
59332;64
59439;63
59580;64
59729;64
59844;64
59960;64
60094;64
60210;64
60323;64
60465;64
60569;63
60679;63
60807;63
60926;63
61043;63
61177;63
61283;63
61393;63
61509;63
61618;63
61729;63
61846;63
61956;63
62063;63
62170;63
62276;63
62394;63
62546;63
62656;63
62761;63
62863;63
62973;63
63083;63
63190;63
63313;63
63425;63
63543;63
63654;63
63757;63
63863;63
63974;63
64080;63
64187;63
64317;63
64423;63
64529;63
64639;63
64755;63
64869;63
64977;63
65106;63
65216;63
65322;63
65435;63
65541;63
65651;63
65765;63
65894;62
66008;62
66110;62
66212;62
66315;62
66449;62
66566;62
66682;62
66791;62
66914;62
67030;62
67140;62
67261;62
67376;62
67486;62
67595;62
67714;62
67833;62
67967;62
68077;62
68204;62
68312;62
68421;62
68542;62
68653;62
68790;62
68895;62
69007;62
69120;62
69242;62
69353;62
69464;62
69576;62
69715;62
69825;62
69935;62
70049;62
70157;62
70283;62
70454;62
70587;62
70702;62
70833;62
70934;62
71052;62
71160;62
71302;62
71415;62
71522;62
71644;62
71754;62
71874;62
72004;62
72109;62
72216;62
72323;62
72431;62
72550;62
72664;62
72801;62
72927;62
73067;62
73200;62
73306;62
73414;62
73518;62
73628;62
73736;62
73858;62
73975;62
74089;62
74196;62
74327;62
74460;62
74567;62
74679;62
74807;62
74916;62
75022;62
75136;62
75255;62
75371;62
75482;62
75597;62
75711;62
75869;62
76016;62
76120;62
76233;62
76344;62
76450;62
76564;62
76686;62
76808;62
76915;62
77044;62
77167;62
77274;62
77408;62
77539;62
77663;62
77770;62
77895;62
78009;62
78123;62
78236;62
78358;62
78479;62
78601;62
78710;62
78820;62
78944;62
79048;62
79166;62
79269;62
79371;62
79485;62
79596;62
79707;62
79828;62
79936;62
80062;62
80169;62
80291;62
80437;62
80548;62
80713;62
80816;62
80926;62
81031;62
81151;62
81262;62
81362;62
81474;62
81592;62
81718;62
81835;62
81950;62
82072;62
82183;62
82304;62
82415;62
82524;62
82644;62
82773;62
82883;62
82992;62
83107;62
83238;62
83346;62
83462;62
83574;62
83684;62
83810;62
83913;62
84021;62
84124;62
84232;62
84342;62
84457;62
84562;62
84666;62
84770;62
84891;63
85001;63
85111;63
85225;63
85357;63
85472;63
85578;63
85692;63
85821;63
85943;63
86069;63
86176;63
86287;63
86413;63
86522;63
86631;63
86744;63
86869;63
86978;63
87091;63
87208;63
87330;63
87445;63
87582;63
87692;63
87806;63
87929;63
88041;63
88159;63
88275;63
88391;63
88501;63
88613;62
88724;62
88841;62
88950;62
89060;62
89175;62
89282;62
89396;62
89541;62
89638;62
89749;62
89867;62
89984;62
90102;62
90219;62
90342;62
90468;62
90584;62
90695;62
90824;62
91027;62
91133;62
91241;62
91358;62
91492;62
91603;62
91711;62
91818;63
91927;63
92042;63
92164;63
92272;62
92376;62
92498;62
92607;62
92724;62
92831;62
92943;62
93050;62
93157;62
93289;62
93395;62
93557;62
93666;62
93770;62
93876;62
93988;62
94113;62
94223;62
94364;62
94474;62
94579;62
94703;62
94811;62
94916;62
95020;62
95133;62
95242;62
95418;62
95529;62
95639;62
95752;62
95874;62
95982;62
96096;62
96207;62
96313;62
96421;62
96528;62
96634;62
96742;62
96862;62
96974;62
97078;62
97187;62
97299;62
97413;62
97546;61
97673;61
97778;61
97938;61
98067;61
98198;61
98305;61
98423;61
98556;61
98672;61
98778;61
98889;61
99055;61
99190;61
99291;61
99402;61
99528;61
99665;61
99777;61
99888;61
100001;61
100114;61
100261;61
100368;61
100496;61
100604;61
100721;61
100857;61
100963;61
101070;61
101176;61
101284;61
101409;61
101520;61
101629;61
101744;61
101850;61
101962;61
102065;61
102198;61
102316;61
102450;61
102625;61
102730;61
102841;61
102949;61
103057;61
103185;63
103297;63
103403;63
103536;63
103641;63
103749;63
103865;63
103967;63
104069;63
104177;63
104295;63
104417;63
104524;63
104633;63
104737;63
104857;63
104964;63
105091;63
105205;63
105308;63
105415;63
105524;63
105637;63
105744;63
105849;63
105987;63
106110;63
106274;63
106406;63
106527;63
106647;63
106760;63
106871;63
106981;63
107096;63
107200;63
107317;63
107428;63
107550;63
107673;63
107786;63
107897;63
108009;63
108139;63
108250;63
108364;63
108477;63
108593;63
108698;63
108807;63
108919;63
109025;63
109135;63
109246;63
109350;63
109482;63
109593;63
109721;63
109826;63
109941;63
110074;63
110183;63
110317;63
110418;63
110528;63
110680;63
110889;63
111050;63
111159;63
111290;63
111413;63
111533;63
111651;63
111757;63
111869;63
111984;63
112091;63
112207;63
112316;63
112432;63
112538;63
112658;63
112804;63
112915;63
113025;63
113146;63
113278;63
113384;63
113494;63
113597;63
113707;63
113820;63
113928;63
114040;63
114145;63
114278;63
114389;63
114511;63
114615;63
114721;63
114845;63
114959;63
115079;63
115200;63
115318;63
115426;63
115532;63
115645;63
115768;63
115880;63
116004;63
116137;63
116255;63
116360;63
116463;63
116574;63
116689;63
116794;63
116922;63
117022;63
117133;63
117259;61
117386;61
117500;61
117623;61
117732;61
117869;61
117985;61
118085;61
118192;61
118297;61
118421;61
118553;61
118659;61
118767;61
118892;61
119021;61
119150;61
119252;61
119359;61
119484;61
119592;61
119700;61
119813;61
119921;61
120029;61
120136;61
120263;61
120370;61
120501;61
120606;61
120720;61
120844;61
120981;61
121116;61
121228;61
121342;61
121449;61
121560;61
121664;61
121822;61
121934;61
122045;61
122159;61
122283;61
122409;61
122517;61
122623;61
122733;61
122864;61
122973;61
123096;61
123204;61
123314;61
123586;61
123686;61
123803;61
123938;61
124045;61
124161;61
124275;61
124388;61
124496;61
124612;61
124748;61
124857;61
124969;61
125091;61
125204;61
125312;61
125425;61
125547;61
125685;61
125807;61
125914;61
126035;61
126157;61
126281;61
126448;61
126559;61
126674;61
126796;61
126925;61
127029;61
127133;61
127239;61
127364;61
127502;61
127610;61
127712;61
127822;61
127935;61
128063;61
128175;61
128316;61
128426;61
128548;61
128658;61
128762;61
128909;61
129015;61
129119;61
129226;61
129356;61
129481;61
129595;61
129710;61
129824;61
129931;61
130044;61
130158;61
130272;61
130420;61
130540;61
130655;61
130757;61
130869;61
130989;61
131122;61
131234;61
131344;61
131454;61
131559;61
131668;61
131790;61
131903;61
132015;61
132118;61
132245;61
132351;61
132459;61
132571;61
132679;61
132785;61
132894;61
133031;61
133146;61
133285;61
133455;61
133574;61
133674;61
133779;61
133889;61
134012;61
134123;61
134233;61
134357;61
134482;61
134591;61
134700;61
134803;61
134917;61
135026;61
135163;65
135273;65
135385;65
135495;65
135609;65
135719;65
135841;65
135964;65
136092;65
136197;65
136305;65
136413;65
136537;65
136641;65
136749;65
136855;65
136977;65
137092;65
137197;65
137321;65
137436;65
137550;65
137659;65
137773;65
137883;65
137992;65
138094;65
138200;65
138317;65
138438;65
138562;65
138672;65
138779;65
138903;65
139016;65
139140;65
139262;65
139380;65
139491;65
139617;65
139723;65
139836;65
139941;65
140063;65
140177;65
140286;65
140408;65
140529;65
140632;65
140738;65
140843;65
140951;65
141059;65
141179;65
141296;65
141416;65
141529;65
141672;65
141801;65
141946;65
142088;65
142202;65
142328;65
142442;65
142550;65
142657;65
142766;65
142872;65
142999;65
143108;65
143219;65
143323;65
143457;65
143571;65
143676;65
143791;65
143901;65
144022;65
144150;65
144260;65
144366;65
144497;65
144609;65
144741;65
144849;65
144976;65
145085;65
145193;65
145337;65
145436;65
145554;65
145664;65
145775;65
145889;65
145997;65
146102;65
146210;65
146315;65
146450;65
146583;65
146707;65
146821;65
146939;65
147043;65
147149;65
147256;65
147368;65
147490;65
147608;65
147714;65
147836;65
147944;65
148071;65
148217;65
148350;66
148459;66
148568;66
148682;66
148793;66
148905;66
149019;66
149126;66
149230;66
149336;66
149458;66
149589;66
149724;66
149826;66
149926;66
150030;66
150143;65
150252;65
150372;65
150482;65
150605;65
150710;65
150831;65
150938;65
151052;65
151196;65
151299;65
151415;65
151527;65
151649;65
151765;65
151873;65
151979;65
152105;65
152214;65
152323;65
152447;65
152558;65
152665;65
152777;65
152878;65
153028;65
153135;65
153243;65
153352;65
153462;65
153608;65
153731;65
153837;65
153945;65
154052;65
154179;65
154286;65
154412;65
154518;65
154625;65
154731;65
154836;65
154946;65
155055;65
155164;65
155269;65
155395;65
155504;65
155639;65
155743;65
155852;65
155960;65
156077;65
156190;65
156295;65
156409;65
156516;65
156624;65
156731;65
156837;65
156947;65
157090;65
157203;65
157317;65
157422;65
157548;65
157655;65
157778;65
157898;65
158006;65
158111;65
158217;65
158326;65
158445;65
158555;65
158663;65
158794;65
158903;65
159012;65
159117;65
159228;65
159334;65
159450;65
159566;65
159675;65
159784;65
159892;65
159996;65
160133;65
160238;65
160344;65
160457;65
160570;65
160679;65
160785;65
160894;65
161003;65
161110;65
161227;65
161349;65
161461;65
161582;65
161698;65
161804;65
161909;65
162032;65
162142;65
162256;65
162363;65
162532;65
162730;65
162848;66
162957;66
163081;66
163188;66
163298;66
163412;66
163525;65
163634;65
163748;65
163855;65
163969;65
164078;65
164188;65
164302;66
164413;66
164532;66
164650;66
164754;66
164872;65
164984;65
165089;65
165206;65
165316;65
165427;65
165533;65
165655;65
165762;65
165870;65
165991;65
166092;65
166201;65
166306;65
166415;65
166545;65
166659;65
166781;65
166906;65
167015;65
167130;65
167239;65
167368;65
167472;65
167580;65
167686;65
167795;65
167908;65
168032;65
168137;65
168242;65
168348;65
168455;65
168568;65
168673;65
168774;65
168877;65
168985;65
169111;66
169219;66
169325;66
169439;66
169567;66
169687;66
169840;66
169944;66
170050;66
170156;66
170269;66
170380;66
170496;66
170601;66
170825;66
171027;66
171162;64
171278;64
171399;64
171518;64
171629;64
171750;64
171873;64
171979;64
172084;64
172198;62
172306;62
172418;62
172529;62
172650;62
172771;62
172885;62
173001;62
173110;62
173225;62
173347;62
173461;62
173566;62
173672;62
173782;62
173888;62
174008;62
174122;62
174241;62
174355;62
174468;62
174580;62
174686;62
174805;62
174913;62
175058;62
175168;62
175277;62
175390;62
175500;62
175612;62
175758;62
175866;62
175996;62
176149;62
176254;62
176378;62
176493;62
176601;62
176729;62
176841;62
176952;62
177063;62
177172;62
177287;62
177392;62
177515;62
177628;62
177735;62
177840;62
177944;62
178053;62
178168;62
178278;62
178383;62
178498;62
178615;62
178722;62
178855;62
178974;62
179085;62
179189;62
179298;62
179407;62
179529;62
179641;62
179760;62
179880;62
179989;62
180101;62
180223;62
180335;62
180447;62
180561;62
180665;62
180779;62
180887;62
180992;62
181102;62
181212;62
181320;62
181431;62
181543;62
181670;62
181781;62
181892;62
181999;62
182108;62
182226;62
182341;62
182454;62
182558;62
182666;62
182771;62
182877;62
183005;62
183138;63
183269;63
183378;63
183497;63
183606;63
183716;63
183859;63
183966;63
184085;63
184194;63
184306;63
184433;63
184556;63
184670;63
184792;63
184899;63
185003;63
185106;63
185213;63
185318;63
185429;63
185536;63
185644;63
185749;63
185852;63
185959;63
186078;63
186199;63
186303;63
186428;63
186548;63
186677;63
186795;63
186902;63
187011;63
187116;63
187238;63
187342;63
187450;63
187592;63
187727;63
187841;63
187950;63
188078;62
188194;62
188303;62
188412;62
188526;62
188662;62
188781;62
188903;62
189036;62
189175;62
189276;62
189379;62
189501;62
189631;62
189740;62
189870;62
190008;62
190118;62
190239;62
190350;62
190460;62
190588;62
190733;62
190835;62
190946;62
191051;62
191157;62
191266;62
191372;62
191481;62
191591;62
191752;62
191860;62
191972;62
192086;62
192197;62
192308;62
192438;62
192541;62
192678;62
192788;62
192916;62
193036;62
193146;62
193268;62
193393;62
193503;62
193627;62
193732;62
193851;62
193959;62
194067;62
194175;62
