279;3996
583;3811
745;3573
824;3524
900;3436
971;3436
1038;3436
1112;3436
1191;3252
1300;3084
1365;3054
1473;2961
1553;2706
1632;2706
1701;2658
1763;2658
1830;2638
1918;2638
1998;2638
2083;2558
2147;2498
2226;2468
2303;2405
2373;2405
2437;2326
2513;2255
2628;2255
2691;2233
2761;2215
2825;2210
2888;2210
2949;2195
3011;2195
3075;2195
3160;2104
3230;2063
3311;1903
3393;1889
3482;1889
3566;1855
3679;1788
3771;1788
3872;1788
3927;1788
3985;1788
4046;1788
4103;1788
4170;1779
4226;1685
4287;1685
4342;1685
4421;1608
4480;1608
4537;1608
4597;1608
4658;1608
4719;1608
4789;1567
4874;1488
4929;1488
4986;1488
5042;1454
5099;1454
5155;1453
5226;1284
5283;1284
5354;1261
5414;1261
5471;1261
5531;1261
5601;1261
5658;1261
5716;1261
5773;1159
5834;1159
5912;1159
6016;1159
6097;1159
6200;1159
6288;1159
6346;1159
6410;1159
6467;1159
6531;1159
6588;1159
6646;1159
6704;1159
6784;1159
6840;1159
6905;1159
6970;1159
7038;1140
7121;1140
7186;985
7252;985
7329;985
7397;985
7456;985
7519;985
7583;888
7655;888
7711;888
7765;888
7820;888
7891;888
7945;888
8016;836
8072;836
8131;836
8191;836
8292;827
8350;827
8408;827
8472;810
8529;810
8598;690
8659;690
8716;690
8781;690
8836;690
8911;690
8968;690
9023;690
9080;690
9135;690
9191;690
9247;690
9305;690
9372;689
9432;689
9489;689
9554;689
9620;604
9679;604
9748;604
9807;604
9864;604
9922;604
9979;604
10048;604
10111;604
10202;525
10260;525
10314;525
10371;525
10428;525
10485;525
10543;525
10603;525
10660;525
10725;525
10782;525
10839;437
10903;437
10959;437
11028;437
11086;437
11142;437
11222;437
11281;437
11359;437
11417;437
11472;437
11526;437
11595;437
11673;437
11731;437
11786;437
11845;437
11924;365
12004;365
12063;365
12119;365
12178;365
12236;353
12293;353
12349;353
12459;351
12515;351
12574;351
12633;351
12691;351
12747;351
12804;351
12859;351
12916;351
12971;351
13033;349
13089;349
13153;346
13236;346
13296;346
13352;346
13412;346
13467;344
13527;344
13585;344
13657;344
13720;344
13775;344
13838;344
13893;344
13956;344
14044;263
14102;263
14161;263
14216;263
14272;263
14328;263
14385;263
14442;263
14507;263
14572;261
14642;261
14702;261
14778;261
14869;261
14924;261
14992;261
15047;261
15115;261
15177;261
15235;261
15291;261
15347;261
15402;261
15474;261
15533;261
15600;261
15660;261
15720;261
15778;261
15855;261
15979;261
16055;261
16111;261
16190;261
16247;261
16320;261
16384;261
16440;261
16495;261
16553;261
16608;261
16663;261
16718;261
16778;261
16836;261
16894;261
16956;261
17035;259
17093;259
17151;259
17213;259
17280;259
17350;259
17406;259
17461;259
17516;259
17571;259
17627;259
17682;259
17745;258
17800;258
17873;258
17947;258
18005;258
18061;258
18121;258
18186;258
18244;258
18309;258
18378;258
18437;258
18492;258
18547;258
18606;258
18661;258
18717;258
18795;258
18849;258
18935;258
18994;258
19052;258
19116;258
19174;258
19231;258
19296;258
19353;258
19429;258
19488;258
19546;258
19604;258
19667;258
19729;258
19784;258
19841;258
19899;258
19954;258
20010;258
20074;258
20131;258
20190;258
20269;258
20326;258
20383;258
20446;258
20514;258
20569;258
20625;258
20682;258
20745;258
20800;258
20855;258
20912;258
20986;258
21053;258
21110;258
21170;258
21228;258
21293;258
21349;258
21412;258
21467;258
21525;258
21590;258
21648;258
21711;258
21781;258
21836;258
21891;258
21954;258
22011;258
22070;258
22130;257
22186;257
22251;257
22309;257
22366;257
22422;257
22481;257
22553;257
22618;257
22682;257
22753;257
22836;260
22906;260
22976;260
23055;260
23127;260
23197;260
23250;260
23307;260
23362;260
23417;260
23472;260
23535;260
23594;260
23650;260
23713;260
23778;260
23837;260
23896;260
23953;260
24015;260
24073;258
24129;258
24196;258
24251;258
24306;258
24361;258
24419;258
24489;258
24552;258
24614;258
24671;258
24728;258
24801;258
24863;255
24918;255
24981;255
25040;255
25128;255
25192;255
25255;255
25319;255
25377;255
25434;255
25490;255
25558;255
25616;255
25674;255
25732;255
25795;255
25849;255
25906;255
25962;255
26019;255
26074;255
26133;255
26205;255
26268;255
26333;255
26389;255
26445;255
26500;255
26569;255
26632;255
26685;255
26741;255
26800;255
26857;255
26931;255
26993;255
27047;255
27111;255
27173;257
27228;257
27282;257
27336;257
27390;257
27448;257
27510;257
27565;257
27635;257
27692;257
27746;257
27800;257
27858;257
27916;257
27973;257
28028;257
28099;237
28161;237
28214;237
28270;237
28329;237
28383;237
28452;237
28506;237
28561;237
28625;237
28689;237
28746;237
28800;237
28868;237
28922;237
28979;237
29033;236
29087;236
29149;236
29203;236
29262;236
29328;236
29385;236
29439;236
29493;236
29549;236
29621;236
29678;236
29741;236
29794;236
29850;236
29912;236
29968;236
30021;236
30076;236
30131;236
30191;236
30249;236
30306;236
30375;236
30429;236
30484;236
30553;236
30609;236
30664;236
30722;236
30784;236
30838;236
30892;236
30959;236
31014;236
31068;236
31122;236
31196;236
31253;236
31309;236
31363;236
31418;236
31474;236
31531;236
31600;236
31656;236
31713;236
31780;234
31836;234
31893;234
31955;234
32024;234
32079;234
32135;234
32192;234
32262;234
32323;234
32377;234
32432;234
32487;234
32559;234
32617;234
32671;234
32728;234
32782;234
32843;234
32900;234
32969;234
33031;234
33091;234
33149;234
33207;234
33273;234
33328;234
33384;234
33438;234
33501;234
33567;234
33632;234
33703;234
33758;234
33819;235
33873;235
33928;235
33990;235
34046;235
34116;235
34181;235
34249;235
34305;235
34370;235
34423;235
34480;235
34550;235
34613;235
34676;235
34732;235
34797;235
34851;235
34906;235
34967;235
35023;235
35080;234
35136;234
35186;234
35241;234
35295;234
35349;234
35405;234
35465;234
35519;234
35582;234
35659;234
35714;234
35768;234
35822;234
35877;234
35938;234
35993;234
36052;234
36108;234
36163;234
36253;234
36332;234
36390;234
36451;234
36504;234
36560;234
36632;234
36686;234
36748;234
36810;234
36871;234
36932;234
36986;234
37042;234
37098;234
37152;234
37209;234
37265;234
37327;234
37384;234
37445;234
37501;234
37563;234
37622;234
37686;234
37757;234
37816;234
37874;234
37929;234
37983;234
38037;234
38099;234
38154;234
38208;234
38269;234
38325;234
38394;234
38448;234
38503;234
38573;234
38629;234
38683;234
38745;234
38800;234
38873;234
38935;235
38997;235
39050;235
39106;235
39168;235
39222;235
39276;235
39333;235
39393;235
39453;235
39507;235
39575;235
39642;235
39698;235
39753;235
39809;235
39863;235
39925;235
39987;235
40044;235
40106;235
40162;235
40216;235
40270;235
40340;235
40397;235
40450;235
40522;235
40575;235
40631;235
40685;235
40754;235
40811;235
40864;235
40929;235
40984;235
41047;237
41111;237
41174;237
41229;237
41286;237
41348;237
41403;237
41470;237
41527;237
41584;237
41645;237
41707;237
41771;237
41834;237
41900;237
41969;237
42023;237
42078;237
42140;237
42194;237
42272;237
42338;237
42394;237
42451;237
42508;237
42566;237
42653;237
42710;237
42775;237
42839;237
42894;237
42956;237
43012;237
43068;237
43122;237
43177;237
43241;237
43299;237
43354;237
43417;237
43512;237
43597;237
43653;237
43709;237
43764;237
43833;237
43887;237
43953;237
44017;237
44080;237
44137;237
44206;237
44263;237
44318;237
44376;237
44458;237
44515;237
44570;237
44626;237
44682;237
44748;237
44803;237
44856;237
44913;237
44976;237
45033;237
45090;237
45149;237
45213;237
45269;237
45341;237
45418;237
45500;237
45573;237
45629;237
45685;237
45741;237
45797;237
45859;237
45913;237
45967;237
46021;237
46075;237
46146;237
46204;237
46260;237
46331;237
46387;237
46450;237
46508;237
46587;237
46641;237
46703;237
46759;237
46816;237
46869;237
46925;237
46993;237
47050;237
47132;237
47190;237
47248;237
47311;237
47374;237
47430;237
47493;237
47549;237
47606;237
47672;237
47755;237
47840;237
48233;237
48289;237
48352;237
48429;237
48483;237
48539;237
48600;237
48657;237
48711;237
48776;237
48834;237
48891;237
48949;237
49012;237
49076;237
49139;237
49203;237
49260;237
49324;237
49387;237
49468;236
49523;236
49590;236
49647;236
49700;236
49762;236
49824;236
49877;236
49943;236
49998;236
50056;236
50120;236
50178;236
50257;235
50312;235
50370;235
50427;235
50484;235
50541;235
50597;235
50668;235
50730;235
50784;235
50838;235
50894;235
50951;235
51007;235
51076;235
51132;235
51188;235
51246;235
51317;235
51373;235
51440;235
51498;235
51553;235
51618;235
51680;235
51749;235
51808;235
51863;235
51919;235
51993;235
52049;235
52103;235
52160;235
52216;235
52274;235
52328;235
52397;235
52451;235
52514;235
52582;235
52654;235
52709;235
52767;235
52835;235
52898;235
52956;235
53016;235
53071;235
53128;235
53201;235
53256;235
53310;235
53371;235
53449;235
53503;235
53564;235
53630;235
53686;235
53742;235
53805;235
53860;235
53924;235
53979;235
54036;235
54094;235
54151;235
54207;235
54262;235
54325;235
54383;235
54456;235
54512;235
54566;235
54625;235
54686;235
54751;235
54805;235
54862;235
54918;235
54973;235
55030;235
55086;235
55143;235
55201;235
55260;235
55318;235
55376;235
55432;235
55487;235
55543;235
55600;235
55659;235
55717;235
55779;235
55833;235
55887;235
55941;235
55995;235
56061;235
56118;235
56173;235
56228;235
56288;234
56343;234
56406;234
56478;234
56540;234
56611;234
56667;234
56722;234
56786;234
56848;234
56903;234
56959;234
57013;234
57067;234
57122;234
57178;234
57232;234
57286;234
57340;234
57396;234
57451;234
57509;234
57567;234
57623;234
57686;234
57754;234
57837;234
57892;234
57950;234
58007;234
58071;234
58127;234
58183;234
58239;234
58293;234
58348;234
58401;234
58463;234
58520;234
58588;234
58645;234
58708;234
58764;234
58835;234
58899;234
58955;234
59020;234
59084;234
59139;234
59194;234
59289;234
59369;234
59424;234
59477;234
59531;234
59595;234
59656;234
59718;234
59774;234
59829;234
59879;234
59942;234
60000;234
60057;234
60113;234
60176;234
60235;234
60291;234
60347;234
60402;235
60479;235
60540;235
60596;235
60650;235
60706;235
60775;235
60845;235
60904;235
60958;235
61019;235
61075;235
61130;235
61199;235
61257;235
61309;235
61366;235
61437;235
61496;235
61551;235
61611;234
61668;234
61758;234
61816;234
61870;234
61926;234
61980;234
62043;234
62120;234
62189;234
62256;234
62312;234
62367;234
62434;234
62489;234
62545;234
62610;234
62668;234
62725;234
62777;234
62834;234
62892;234
62970;234
63025;234
63086;234
63142;234
63197;234
63247;234
63305;234
63361;234
63417;234
63473;234
63536;234
63593;234
63648;234
63703;234
63759;234
63815;234
63870;234
63936;234
63995;234
64051;234
64130;234
64191;234
64245;234
64300;234
64354;234
64408;234
64464;234
64531;234
64601;234
64655;234
64712;234
64770;234
64825;234
64880;234
64939;234
64994;234
65052;234
65110;234
65165;234
65221;234
65277;234
65340;234
65407;234
65477;234
65532;234
65599;234
65677;234
65733;234
65790;234
65844;234
65901;234
65963;235
66031;235
66095;235
66158;235
66221;235
66289;235
66346;235
66418;235
66489;235
66545;235
66614;235
66669;235
66723;235
66785;235
66841;235
66895;235
66949;235
67024;235
67080;235
67137;235
67192;235
67255;235
67311;235
67367;235
67422;235
67478;235
67535;235
67592;236
67656;236
67733;236
67790;236
67846;236
67902;236
67958;236
68015;236
68069;236
68125;236
68179;236
68247;236
68303;235
68361;235
68423;235
68481;235
68538;235
68600;235
68656;235
68724;235
68792;235
68847;235
68901;235
68955;235
69009;235
69070;235
69124;235
69186;235
69242;235
69310;235
69365;235
69421;235
69484;235
69542;235
69600;235
69654;235
69712;235
69774;235
69835;235
69896;235
69966;235
70022;235
70081;235
70152;235
70208;235
70262;235
70317;235
70384;235
70442;235
70497;235
70569;235
70627;235
70683;235
70739;235
70798;235
70855;235
70917;235
70971;235
71025;235
71081;235
71137;235
71199;235
71253;235
71309;235
71372;235
71436;235
71500;235
71563;235
71623;235
71682;235
71736;235
71792;235
71846;235
71902;235
71957;235
72010;235
72077;235
72131;235
72189;235
72247;235
72306;235
72362;235
72417;235
72475;235
72543;235
72599;235
72680;235
72736;235
72792;235
72854;235
72908;235
72969;235
73023;235
73078;235
73144;235
73203;235
73259;235
73314;235
73373;235
73430;235
73484;235
73534;235
73593;235
73647;235
73701;235
73771;235
73824;235
73880;235
73947;235
74011;235
74067;235
74138;235
74193;235
74260;235
74315;235
74381;235
74448;235
74505;235
74562;235
74626;235
74700;235
74764;235
74821;235
74876;235
74941;235
75003;235
75073;235
75139;235
75201;235
75255;235
75311;235
75366;235
75420;235
75476;235
75531;235
75587;235
75648;235
75717;235
75779;235
75846;235
75954;235
76040;235
76096;235
76153;235
76210;235
76266;235
76325;235
76390;235
76458;235
76512;235
76575;235
76644;235
76700;235
76755;235
76817;235
76871;235
76926;235
76981;235
77039;235
77099;235
77161;235
77215;235
77277;235
77331;235
77385;235
77442;235
77503;235
77557;235
77613;235
77671;235
77740;235
77809;235
77863;235
77917;235
77973;235
78026;235
78096;235
78157;235
78212;235
78267;235
78327;235
78388;235
78445;235
78501;235
78557;235
78622;235
78678;235
78731;235
78786;235
78844;235
78920;235
78974;235
79027;235
79081;235
79135;235
79189;235
79252;235
79309;235
79380;235
79439;235
79509;235
79563;235
79619;235
79676;235
79732;235
79788;235
79844;235
79905;235
79963;235
80031;235
80092;235
80155;235
80211;235
80265;235
80322;235
80384;235
80438;235
80491;235
80545;235
80624;235
80696;235
80760;235
80825;235
80889;235
80942;235
81003;235
81057;235
81111;235
81165;235
81219;235
81275;235
81332;235
81389;235
81445;235
81502;235
81559;235
81621;235
81675;235
81729;235
81786;235
81835;235
81902;235
81964;235
82033;235
82087;235
