225;62
387;62
521;62
677;62
838;62
981;62
1114;62
1232;62
1360;62
1514;62
2229;62
2356;62
2479;62
2605;62
2713;62
2872;62
3062;62
3175;62
3280;62
3386;62
3493;62
3605;62
4080;62
4623;62
5255;62
5837;62
6385;62
6513;62
6653;67
6772;67
6914;67
7039;67
7145;67
7256;67
7368;67
7488;67
7603;67
7744;67
7849;67
7956;67
8065;67
8185;67
8296;67
8426;67
8534;67
8648;67
8756;67
8869;67
9265;67
9782;67
10004;67
10118;67
10235;67
10341;67
10454;67
10576;67
10684;67
10789;67
10898;67
11006;67
11111;67
11222;67
11340;67
11505;67
11631;67
11743;67
11866;66
11982;66
12089;66
12203;66
12330;66
12439;66
12547;65
12657;65
12762;65
12873;65
13031;65
13137;65
13242;65
13377;65
13505;65
13613;65
13732;65
13846;65
13954;65
14061;65
14175;65
14287;65
14393;65
14599;65
14702;65
14804;65
14935;65
15040;65
15153;65
15264;65
15372;65
15478;65
15608;65
15724;65
15833;65
15956;65
16065;65
16187;65
16297;65
16400;65
16511;65
16625;65
16749;65
16872;65
17023;65
17132;65
17247;65
17357;65
17463;65
17570;65
17712;65
17820;65
17931;65
18040;65
18150;65
18280;65
18385;65
18501;65
18634;65
18742;65
18850;65
18966;65
19076;65
19210;66
19316;66
19427;66
19532;66
19640;66
19747;66
19854;66
19958;66
20072;66
20178;66
20304;66
20513;66
20622;66
20760;66
20862;66
20969;66
21071;66
21191;66
21303;66
21422;66
21530;66
21656;66
21767;66
21918;66
22027;66
22132;66
22273;66
22378;66
22479;66
22583;66
22704;66
22813;66
22944;66
23052;66
23158;66
23267;66
23377;66
23487;66
23594;66
23716;66
23831;66
23935;66
24038;66
24140;66
24246;66
24353;66
24461;66
24568;66
24675;66
24780;66
24887;66
25001;66
25111;66
25253;66
25392;66
25517;66
25621;66
25736;66
25861;66
25965;66
26078;66
26210;66
26316;66
26424;66
26537;66
26646;66
26779;66
26899;66
27006;66
27108;66
27216;66
27323;66
27436;66
27544;66
27647;66
27762;66
27872;66
27986;66
28092;66
28203;66
28310;66
28454;67
28557;67
28662;67
28774;67
28882;67
28997;67
29111;67
29225;67
29336;67
29442;67
29549;67
29669;67
29787;67
29891;67
30013;65
30122;65
30256;65
30387;65
30491;65
30612;65
30727;65
30834;65
30950;65
31076;65
31199;65
31301;65
31409;65
31566;65
31673;65
31786;65
31897;65
32093;65
32247;65
32371;65
32480;65
32596;65
32717;65
32825;65
32942;65
33061;65
33166;65
33286;65
33397;65
33508;65
33611;65
33736;65
33842;65
33947;65
34061;65
34167;65
34292;65
34402;65
34522;65
34652;65
34758;65
34879;65
34990;65
35102;65
35209;65
35317;65
35426;65
35535;65
35655;65
35764;65
35880;65
36002;65
36115;65
36225;65
36344;65
36452;65
36566;65
36700;65
36810;65
36927;65
37060;62
37169;62
37284;62
37399;62
37534;62
37646;62
37756;62
37867;62
37979;62
38091;62
38202;62
38330;62
38458;62
38578;62
38681;62
38787;62
38893;62
39000;62
39107;62
39218;62
39352;62
39472;62
39576;62
39681;62
39781;62
39888;62
39994;62
40118;62
40225;62
40340;62
40447;62
40584;62
40698;62
40826;62
40931;62
41038;62
41163;62
41270;62
41395;62
41505;62
41630;62
41751;62
41882;62
41985;62
42090;62
42220;62
42362;62
42467;62
42581;62
42706;62
42807;62
42912;62
43043;62
43162;62
43276;62
43387;62
43510;62
43620;62
43744;62
43867;62
43970;62
44081;62
44188;62
44322;62
44431;62
44555;62
44671;62
44780;62
44883;62
44988;62
45095;62
45225;62
45348;62
45461;62
45582;62
45711;62
45822;62
45924;62
46035;62
46143;62
46255;62
46360;62
46484;62
46594;62
46704;62
46815;62
46922;62
47037;62
47171;62
47292;62
47429;62
47538;62
47648;62
47753;62
47890;62
48010;62
48109;62
48218;62
48342;62
48453;62
48558;62
48670;62
48774;62
48879;62
48995;62
49106;62
49220;62
49332;62
49433;62
49541;62
49646;62
49751;62
49858;62
49965;62
50106;62
50210;62
50314;62
50414;62
50549;67
50655;67
50761;67
50868;67
50971;64
51100;64
51223;64
51332;64
51435;64
51544;64
51648;64
51757;64
51861;64
51989;64
52101;64
52224;65
52341;65
52443;65
52547;65
52650;65
52762;65
52885;65
53020;65
53159;65
53277;65
53407;65
53522;65
53625;65
53728;65
53836;65
53941;65
54045;65
54151;65
54259;65
54365;65
54480;65
54605;65
54728;65
54830;65
54933;65
55070;66
55189;66
55299;66
55438;66
55544;66
55650;66
55755;66
55867;66
55970;66
56092;66
56192;66
56307;66
56415;66
56522;66
56625;66
56738;66
56844;66
56960;66
57062;66
57178;66
57301;66
57410;66
57519;66
57652;66
57756;66
57877;66
58001;66
58112;66
58218;66
58321;66
58425;66
58529;66
58635;66
58740;66
58846;66
58954;66
59076;66
59182;66
59307;66
59412;66
59516;66
59640;66
59745;66
59849;66
59953;66
60065;66
60168;66
60287;66
60397;66
60502;66
60611;66
60719;66
60840;66
60948;66
61054;66
61161;66
61268;66
61368;66
61473;66
61578;66
61685;66
61788;66
61899;66
62004;66
62124;66
62240;64
62348;64
62458;64
62561;64
62680;64
62782;64
62887;64
62996;64
63177;64
63327;64
63433;64
63541;64
63650;64
63755;64
63872;64
64001;64
64120;64
64225;64
64330;64
64442;64
64596;64
64699;64
64818;64
64941;64
65054;64
65201;64
65327;64
65428;64
65530;64
65640;62
65753;62
65874;62
65975;62
66085;62
66188;62
66311;62
66442;62
66575;63
66682;63
66799;63
66909;63
67009;63
67119;63
67236;63
67342;63
67485;63
67598;63
67707;63
67823;63
67929;63
68048;63
68151;63
68260;63
68384;63
68509;63
68616;63
68724;63
68841;63
68964;63
69068;63
69200;63
69310;63
69419;63
69536;63
69649;63
69763;63
69881;63
69998;63
70110;63
70216;63
70339;63
70449;63
70557;63
70662;63
70769;63
70885;63
71001;63
71105;63
71208;63
71319;63
71426;63
71541;62
71665;62
71778;62
71882;62
71992;62
72269;62
72391;62
72516;62
72642;62
72755;62
72873;62
72976;62
73082;62
73185;62
73300;61
73492;61
73588;61
73697;61
73806;61
73925;61
74027;61
74149;61
74259;61
74362;61
74500;61
74631;61
74784;61
74902;61
75020;62
75129;62
75257;62
75368;62
75475;62
75581;62
75689;62
75799;62
75907;62
76116;62
76590;62
76836;62
76940;62
77043;62
77144;62
77254;62
77381;62
77489;62
77598;62
77718;62
77840;62
77954;62
78061;62
78311;62
78431;62
78536;62
78637;62
78741;62
78849;62
78959;62
79076;62
79184;62
79295;62
79401;62
79526;62
79648;62
79827;62
79970;62
80092;62
80211;62
80344;62
80544;62
80658;62
80779;62
80885;62
80999;62
81147;62
81251;62
81379;62
81493;62
81605;62
81709;62
81810;62
81912;62
82031;62
82158;62
82282;63
82389;63
82498;63
82606;63
82709;63
82818;63
82933;63
83062;63
83162;63
83268;63
83374;63
83478;63
83590;63
83715;63
83824;63
83931;63
84053;63
84160;63
84272;63
84381;63
84535;63
84635;63
84739;63
84845;63
84948;63
85054;63
85178;63
85294;63
85406;63
85517;63
85632;63
85740;63
85870;63
85978;63
86089;63
86193;63
86298;63
86401;63
86503;63
86611;63
86719;63
86831;62
86944;62
87048;62
87170;62
87282;62
87396;62
87511;62
87621;62
87725;62
87828;62
87933;62
88039;62
88147;62
88266;62
88375;62
88481;62
88584;62
88688;62
88795;62
88899;62
89002;62
89112;62
89215;62
89329;62
89484;62
89623;65
89729;65
89844;65
89958;65
90069;65
90175;65
90285;65
90392;65
90506;65
90614;65
90757;65
90861;65
90973;65
91079;65
91190;65
91298;65
91409;65
91528;65
91646;64
91775;64
91896;64
92086;64
92222;64
92350;64
92453;64
92579;64
92691;64
92796;64
92904;64
93007;64
93121;64
93226;64
93342;64
93508;64
93617;64
93722;64
93823;64
93932;64
94045;64
94154;64
94276;64
94406;64
94513;64
94643;64
94749;64
94868;64
95019;64
95123;64
95245;64
95358;64
95474;64
95603;64
95715;64
95839;64
95948;64
96052;64
96170;64
96279;64
96396;65
96509;65
96612;65
96735;65
96848;65
96962;65
97072;65
97178;65
97285;65
97408;65
97521;65
97627;65
97737;65
97842;65
97954;65
98055;65
98157;65
98270;65
98377;65
98501;65
98612;65
98720;65
98835;65
98957;65
99072;65
99179;65
99284;65
99395;65
99520;65
99622;65
99728;65
99850;65
99958;65
100060;65
100165;65
100283;66
100390;66
100497;66
100602;66
100731;66
100840;65
100959;65
101061;65
101162;65
101275;65
101387;65
101498;65
101604;65
101729;65
101837;65
101957;65
102086;62
102192;62
102295;62
102401;62
102535;62
102652;62
102789;62
102899;62
103009;62
103117;62
103223;62
103331;62
103451;62
103573;62
103673;62
103783;62
103890;62
103992;62
104099;62
104212;62
104344;62
104459;62
104569;62
104673;62
104778;62
104883;62
104990;62
105098;62
105219;62
105327;62
105441;62
105586;62
105691;62
105794;62
105898;62
106008;62
106117;62
106233;62
106345;62
106459;62
106563;62
106683;62
106789;62
106892;62
106992;62
107094;62
107199;62
107312;62
107444;62
107569;62
107683;62
107793;62
107893;62
108011;62
108116;62
108244;61
108364;61
108478;61
108591;61
108700;61
108819;61
108927;61
109028;61
109137;61
109246;61
109359;61
109468;61
109593;61
109736;61
109846;61
109980;61
110083;61
110187;61
110298;61
110411;61
110522;61
110628;61
110737;61
110845;61
110948;61
111080;61
111189;61
111329;61
111456;61
111565;61
111668;61
111776;61
111888;61
111992;61
112095;61
112197;61
112358;61
112484;61
112585;61
112690;61
112819;61
112939;61
113043;61
113155;61
113272;61
113377;61
113514;61
113638;61
113743;61
113856;61
113965;61
114068;61
114172;61
114293;61
114421;61
114528;61
114631;61
114739;61
114850;61
114980;61
115101;61
115206;61
115314;61
115421;61
115524;61
115644;61
115761;61
115888;61
115990;61
116118;61
116224;61
116370;61
116491;61
116609;61
116707;61
116811;61
116912;61
117020;61
117132;61
117247;61
117356;61
117488;61
117622;61
117748;61
117852;61
117982;61
118087;61
118198;61
118304;61
118435;61
118543;61
118647;61
118749;61
118851;61
118973;61
119079;61
119186;61
119299;61
119422;61
119545;61
119679;61
119791;61
119895;61
120025;61
120135;61
120248;61
120367;61
120497;61
120600;61
120713;61
120833;61
120937;61
121056;61
121166;61
121285;61
121396;61
121504;61
121614;61
121718;61
121860;61
121964;61
122072;61
122174;61
122284;61
122389;61
122527;61
122630;61
122742;61
122871;61
122979;61
123110;61
123228;61
123336;61
123465;61
123574;61
123683;61
123796;61
123905;61
124012;61
124122;61
124252;61
124372;61
124476;61
124583;61
124694;61
124805;61
124918;61
125025;61
125150;61
125272;61
125389;61
125501;61
125616;61
125725;61
125835;61
125948;61
126056;61
126173;61
126304;61
126416;61
126521;61
126630;61
126735;61
126836;61
126946;61
127055;61
127162;61
127284;61
127387;61
127518;63
127639;61
127794;61
127897;61
128026;61
128136;61
128242;61
128350;61
128466;61
128574;61
128690;61
128796;61
128909;61
129036;61
129147;61
129266;61
129374;61
129479;61
129621;61
129756;61
129862;61
129969;61
130090;61
130224;61
130337;61
130444;61
130553;61
130664;61
130785;61
130907;61
131015;61
131124;61
131235;61
131348;61
131458;61
131565;61
131695;61
131824;61
131952;63
132054;63
132154;63
132315;63
132428;63
132531;63
132649;63
132771;63
132903;63
133054;63
133162;63
133266;63
133368;63
133468;63
133574;63
133701;63
133824;63
133979;63
134082;63
134196;63
134311;63
134717;63
134941;63
135042;63
135141;63
135246;63
135359;63
135482;63
135612;63
135739;64
135848;64
135954;64
136084;64
136200;63
136368;63
136472;63
136572;63
136675;63
136809;63
136914;63
137050;63
137160;63
137277;63
137406;63
137515;63
137630;63
137738;63
138076;63
138178;63
138285;63
138385;63
138486;63
138592;63
138699;63
138804;63
138915;63
139021;63
139146;66
139261;66
139371;66
139478;66
139597;66
139739;66
139839;66
139944;66
140054;66
140166;66
140286;66
140496;66
140604;66
140732;66
140853;66
140956;66
141063;66
141183;66
141293;66
141409;66
141521;66
141630;66
141759;66
141869;66
141980;66
142082;66
142188;65
142295;65
142405;65
142513;65
142621;65
142731;65
142838;65
142947;65
143066;65
143175;65
143300;65
143408;65
143563;65
143673;65
143800;65
143914;65
144029;63
144134;63
144249;63
144352;63
144454;63
144554;63
144671;63
144793;63
144906;63
145029;63
145133;63
145250;63
145357;63
145470;63
145588;63
145697;63
145815;63
145917;63
146032;63
146133;63
146255;62
146365;62
146474;62
146613;62
146735;62
146842;62
146948;62
147082;62
147188;62
147302;62
147404;62
147513;62
147622;62
147783;62
147923;62
148028;62
148159;62
148271;62
148380;62
148487;62
148602;62
148710;62
148827;62
148931;62
149042;62
149142;62
149250;62
149357;62
149460;62
149580;62
149700;62
149858;62
149966;62
150070;62
150209;62
150381;62
150487;62
150591;62
150715;62
150824;62
150937;62
151044;62
151167;62
151282;62
151389;62
151497;62
151657;62
151814;62
151957;62
152117;62
152275;62
152389;62
152495;62
152607;62
152714;62
152819;62
152941;62
153047;62
153177;62
153293;62
153455;62
153569;62
153673;62
153778;62
153882;62
153990;62
154128;62
154267;62
154399;62
154506;62
154636;62
154750;62
154872;62
154979;62
155108;62
155223;62
155328;62
155430;62
155536;62
155644;62
155768;62
155878;62
155982;62
156111;62
156232;62
156374;67
156487;67
156615;67
156718;67
156834;67
156949;67
157069;67
157178;67
157285;67
157391;67
157504;67
157624;67
157754;67
157864;67
157967;67
158083;67
158199;67
158311;67
158421;67
158522;67
158627;67
158731;65
158857;65
158979;65
159083;65
159206;65
159321;65
159428;65
159534;65
159661;65
159767;65
159873;65
159979;65
160112;65
160228;65
160341;65
160449;65
160557;65
160670;65
160777;65
160908;65
161011;65
161149;65
161265;62
161370;62
161480;62
161586;62
161719;62
161825;62
161946;62
162053;62
162167;62
162276;62
162400;62
162504;62
162609;62
162741;62
162846;62
162956;62
163061;62
163167;62
163332;62
163438;62
163542;62
163646;62
163750;62
163860;62
163983;62
164088;62
164206;62
164310;62
164424;62
164537;62
164650;62
164757;62
164860;62
164992;62
165097;62
165201;62
165311;62
165433;62
165602;62
165746;62
165867;62
165973;62
166075;62
166187;62
166311;62
166419;62
166536;62
166643;62
166764;62
166885;62
167001;62
167123;62
167225;62
167378;62
167484;62
167594;62
167699;62
167810;62
167944;62
168061;62
168174;62
168287;62
168430;62
168542;62
168641;62
168743;62
168851;62
168954;62
169067;62
169177;62
169292;62
169401;62
169521;62
169627;62
169752;62
169864;62
169971;62
170080;62
170187;62
170299;62
170423;62
170552;62
170658;62
170761;62
170876;62
170975;62
171099;62
171210;62
171317;62
171426;62
171540;62
171649;62
171763;62
171874;62
171998;62
172124;62
172223;62
172326;62
172427;62
172540;62
172657;62
172769;62
172877;62
172989;62
173104;62
173224;62
173327;62
173430;62
173540;62
173644;62
173797;62
173925;62
174045;62
174161;62
174266;62
174395;62
174518;62
174618;62
174748;62
174863;62
174986;62
175093;62
175205;62
175335;62
175435;62
175538;62
175643;62
175760;62
175890;62
176030;62
176149;62
176254;62
176359;62
176462;62
176571;62
176684;62
176788;62
176893;62
177009;62
177120;62
177235;62
177350;62
177456;62
177571;62
177694;62
177808;62
177917;62
178025;62
178152;62
178273;62
178387;62
178497;62
178630;62
178758;62
178863;62
178962;62
179072;62
179183;62
179290;62
179394;62
179530;62
179638;62
179741;62
179846;62
179991;62
180107;62
180229;62
180354;62
180459;62
180563;62
180663;62
180768;62
180878;62
180988;62
181189;62
181291;62
181395;62
181497;62
181622;62
181726;62
181838;62
181950;62
182080;62
182188;62
182317;62
182408;62
182547;62
182649;62
182781;62
182892;62
183007;62
183140;62
183260;62
183384;62
183507;62
183625;62
183745;62
183847;62
183952;62
184067;62
184173;62
184280;62
184385;62
184490;62
184604;62
184707;62
184824;62
184939;62
185098;62
185200;62
185306;62
185413;62
185521;62
185624;62
185731;62
185837;62
185940;62
186068;62
186191;62
186303;62
186417;62
186517;62
186622;62
186738;62
186846;62
186964;62
187074;62
187183;62
187302;62
187410;62
187530;62
187722;62
187830;62
187945;62
188101;62
188214;62
188348;62
188451;62
188558;62
188662;62
188782;62
188890;62
188999;62
189107;62
189222;62
189342;62
189448;62
189582;62
189684;62
189789;62
189897;62
190011;62
190157;62
190270;62
190373;62
190494;62
190601;62
190707;62
190826;62
190944;62
191064;62
191165;62
191271;62
191403;62
191508;62
191688;62
191795;62
191902;62
192006;62
192162;62
192318;62
192440;62
192553;62
192666;62
192776;62
192895;62
193009;62
193120;62
193237;62
193343;62
193453;62
193557;62
193662;62
193768;62
193935;62
194052;62
194181;62
194287;62
194397;62
194509;62
194625;62
194742;62
194853;62
194958;62
195071;62
195176;62
195305;62
195479;62
195601;62
195706;62
195820;62
195929;62
196039;62
196158;62
196265;62
196371;62
196477;62
