800;285
1024;285
1250;285
1443;285
1641;285
1829;285
2059;285
2280;285
2514;285
2753;285
2989;285
3233;285
3510;285
3929;285
4325;285
4607;285
4868;285
5066;285
5277;285
5487;285
5701;285
6019;285
6298;285
6482;285
6672;285
6857;285
7057;285
7322;285
7546;285
7728;285
7974;285
8247;285
8472;285
8693;285
8906;285
9097;285
9297;285
9473;285
9650;285
9832;285
10025;285
10271;285
10500;285
10723;285
10919;285
11090;285
11264;285
11444;285
11623;285
11866;285
12093;285
12270;285
12435;285
12602;285
12770;285
12939;285
13109;285
13277;285
13440;285
13612;285
13770;285
13918;285
14123;285
14321;285
14464;285
14606;285
14752;285
14892;285
15034;285
15189;285
15325;285
15459;285
15645;283
15775;283
15910;283
16150;274
16283;274
16445;272
16606;269
16743;269
16886;264
17003;264
17114;264
17236;264
17379;263
17496;263
17631;263
17771;263
17905;263
18047;263
18173;263
18286;263
18424;260
18538;260
18643;260
18758;260
18865;260
18972;260
19081;260
19189;260
19308;260
19429;260
19557;260
19681;260
19785;260
19885;260
19988;260
20088;260
20193;260
20294;260
20405;260
20540;259
20650;259
20760;259
20868;259
20977;259
21086;259
21198;259
21303;259
21428;257
21526;257
21630;257
21735;257
21840;257
21948;257
22056;257
22164;257
22270;257
22416;257
22523;257
22629;257
22738;257
22854;257
22953;257
23055;257
23154;257
23253;257
23357;257
23460;257
23567;257
23673;257
23778;257
23884;257
23997;257
24107;257
24211;257
24322;257
24423;257
24523;257
24622;257
24724;257
24827;257
24935;257
25040;257
25145;257
25252;257
25355;257
25461;257
25565;257
25674;257
25806;257
25939;257
26106;257
26233;257
26335;257
26472;257
26615;257
26727;257
26853;257
26997;257
27122;257
27230;257
27330;257
27457;257
27585;257
27717;257
27823;257
27927;257
28028;257
28127;257
28228;257
28325;257
28430;257
28527;257
28626;257
28727;257
28829;257
28926;257
29041;257
29151;257
29283;257
29386;257
29504;257
29637;257
29747;257
29845;257
29944;257
30043;257
30142;257
30242;257
30340;257
30441;257
30556;257
30655;257
30757;257
30860;257
30969;257
31071;257
31172;257
31271;257
31370;257
31470;257
31569;257
31668;257
31768;257
31867;257
31972;257
32086;257
32190;257
32291;257
32388;257
32487;257
32586;257
32685;257
32788;257
32890;257
32988;257
33088;257
33197;257
33295;257
33393;257
33493;257
33592;257
33696;257
33796;257
33895;257
33993;257
34093;257
34211;257
34346;257
34466;257
34565;257
34664;257
34789;257
34924;257
35032;257
35145;257
35275;257
35395;257
35494;257
35594;257
35695;257
35795;257
35893;257
35997;257
36098;257
36199;257
36304;257
36437;257
36560;257
36657;257
36760;257
36866;257
36963;257
37063;257
37162;257
37263;257
37366;257
37468;257
37565;257
37665;257
37764;257
37862;257
37963;257
38062;257
38161;257
38264;257
38363;257
38463;257
38562;257
38660;257
38760;257
38865;257
38966;257
39065;257
39165;257
39264;257
39364;257
39463;257
39562;257
39662;257
39766;257
39867;257
39967;257
40067;257
40169;257
40299;257
40424;257
40547;257
40670;257
40770;257
40875;257
40974;257
41074;257
41178;257
41280;257
41409;257
41533;257
41658;257
41782;257
41907;257
42022;257
42120;257
42218;257
42318;257
42417;257
42515;257
42616;257
42714;257
42814;257
42940;257
43039;257
43144;257
43248;257
43344;257
43442;257
43541;257
43653;257
43768;257
43870;257
43981;257
44085;257
44186;257
44284;257
44387;257
44500;257
44637;257
44772;257
44924;257
45066;257
45205;257
45346;257
45489;257
45633;257
45747;257
45846;257
45948;257
46048;257
46147;257
46254;257
46376;257
46476;257
46575;257
46672;257
46771;257
46876;257
46978;257
47078;257
47182;257
47281;257
47380;257
47484;257
47582;257
47683;257
47782;257
47881;257
47981;257
48086;257
48194;257
48294;257
48393;257
48492;257
48593;257
48694;257
48795;257
48913;257
49038;257
49145;257
49251;257
49357;257
49462;257
49568;257
49673;257
49773;257
49872;257
49971;257
50070;257
50171;257
50272;257
50376;257
50479;257
50606;257
50732;257
50862;257
51001;257
51108;257
51255;257
51374;257
51495;257
51605;257
51710;257
51817;257
51923;257
52028;257
52149;257
52267;257
52383;257
52507;257
52659;257
52797;257
52933;257
53093;257
53256;257
53408;257
53561;257
53736;257
53900;257
54049;257
54149;257
54250;257
54349;257
54449;257
54566;257
54672;257
54771;257
54877;257
55022;257
55165;257
55303;257
55449;257
55611;257
55716;257
55825;257
55927;257
56027;257
56130;257
56323;257
56530;257
56715;257
56843;257
56949;257
57131;257
57307;257
57420;257
57599;257
57715;257
57853;257
57952;257
58050;257
58155;257
58265;257
58383;257
58487;257
58596;257
58698;257
58800;257
58906;257
59055;257
59200;257
59367;257
59547;257
59753;257
59946;257
60116;257
60309;257
60493;257
60693;257
60819;257
60954;257
61131;257
61295;257
61484;257
61659;257
61808;257
61942;257
62082;257
62193;257
62309;257
62466;257
62626;257
62780;257
62889;257
63005;257
63113;257
63232;257
63331;257
63440;257
63546;257
63661;257
63770;257
63875;257
63980;257
64085;257
64192;257
64291;257
64398;257
64508;257
64615;257
64726;257
64833;257
64944;257
65042;257
65154;257
65254;257
65352;257
65450;257
65549;257
65654;257
65755;257
65855;257
65965;257
66067;257
66175;257
66282;257
66385;257
66483;257
66581;257
66696;257
66861;257
67009;257
67195;257
67398;257
67596;257
67759;257
67939;257
68140;257
68274;257
68416;257
68612;257
68783;257
68938;257
69064;257
69242;257
69415;257
69582;257
69715;257
69845;257
69976;257
70080;257
70186;257
70293;257
70411;257
70512;257
70610;257
70719;257
70819;257
70925;257
71033;257
71132;257
71236;257
71338;257
71439;257
71535;257
71631;257
71730;257
71848;257
71961;257
72072;257
72171;257
72275;257
72372;257
72469;257
72567;257
72664;257
72761;257
72859;257
72956;257
73053;257
73170;257
73294;257
73394;257
73492;257
73591;257
73691;257
73791;257
73911;257
74089;257
74283;257
74482;257
74654;257
74834;257
75011;257
75187;257
75376;257
75595;257
75785;257
75944;257
76057;257
76169;257
76274;257
76373;257
76471;257
76570;257
76669;257
76770;257
76877;257
76980;257
77079;257
77184;257
77295;257
77395;257
77493;257
77591;257
77688;257
77789;257
77886;257
77985;257
78083;257
78189;257
78292;257
78398;257
78508;257
78614;257
78711;257
78809;257
78906;257
79004;257
79101;257
79206;257
79315;257
79413;257
79513;257
79613;257
79715;257
79840;257
79940;257
80043;257
80148;257
80261;257
80360;257
80461;257
80558;257
80661;257
80759;257
80864;257
80973;257
81080;257
81185;257
81285;257
81389;257
81489;257
81590;257
81690;257
81791;257
81888;257
81988;257
82095;257
82216;257
82351;257
82500;257
82648;257
82795;257
82899;257
82997;257
83110;257
83210;257
83307;257
83424;257
83574;257
83722;257
83879;257
84040;257
84214;257
84364;257
84474;257
84583;257
84691;257
84791;257
84902;257
85040;257
85144;257
85243;257
85343;257
85454;257
85586;257
85683;257
85804;257
85945;257
86060;257
86165;257
86265;257
86397;257
86497;257
86598;257
86696;257
86795;257
86896;257
86996;257
87094;257
87195;257
87297;257
87423;257
87523;257
87625;257
87731;257
87830;257
87929;257
88029;257
88133;257
88278;257
88427;257
88571;257
88746;257
88898;257
89044;257
89212;257
89378;257
89480;257
89608;257
89745;257
89893;257
90023;257
90140;257
90247;257
90348;257
90445;257
90541;257
90639;257
90767;257
90907;257
91018;257
91120;257
91220;257
91329;257
91466;257
91580;257
91681;257
91778;257
91877;257
91988;257
92120;257
92245;257
92347;257
92446;257
92545;257
92644;257
92743;257
92843;257
92943;257
93042;257
93143;257
93242;257
93341;257
93466;257
93579;257
93717;257
93831;257
93932;257
94031;257
94133;257
94234;257
94334;257
94432;257
94531;257
94630;257
94730;257
94830;257
94951;257
95084;257
95194;257
95294;257
95398;257
95519;257
95618;257
95716;257
95814;257
95934;257
96068;257
96183;257
96283;257
96382;257
96480;257
96581;257
96680;257
96777;257
96877;257
96978;257
97077;257
97178;257
97278;257
97377;257
97482;257
97613;257
97746;257
97875;257
97974;257
98094;257
98229;257
98349;257
98484;257
98614;257
98725;257
98842;257
98976;257
99081;257
99182;257
99285;257
99426;257
99561;257
99659;257
99759;257
99892;257
100036;257
100137;257
100238;257
100359;257
100499;257
100615;257
100723;257
100823;257
100930;257
101035;257
101144;257
101256;257
101362;257
101468;257
101591;257
101697;257
101808;257
101911;257
102016;257
102129;257
102234;257
102337;257
102438;257
102541;257
102648;257
102797;257
102917;257
103020;257
103123;257
103230;257
103333;257
103436;257
103586;257
103726;257
103828;257
103931;257
104064;257
104192;257
104297;257
104399;257
104500;257
104631;257
104772;257
104874;257
104986;257
105120;257
105242;257
105349;257
105461;257
105588;257
105691;257
105805;257
105922;257
106036;257
106166;257
106282;257
106382;257
106502;257
106662;257
106792;257
106893;257
106996;257
107098;257
107206;257
107310;257
107416;257
107520;257
107627;257
107758;257
107909;257
108039;257
108179;257
108286;257
108396;257
108498;257
108602;257
108703;257
108812;257
108922;257
109030;257
109133;257
109235;257
109343;257
109445;257
109546;257
109652;257
109753;257
109855;257
109958;257
110061;257
110166;257
110270;257
110376;257
110488;257
110601;257
110701;257
110812;257
110923;257
111024;257
111130;257
111239;257
111340;257
111442;257
111552;257
111671;257
111776;257
111877;257
111979;257
112081;257
112189;257
112291;257
112405;257
112508;257
112611;257
112715;257
112813;257
112937;257
113079;257
113218;257
113324;257
113429;257
113530;257
113639;257
113743;257
113845;257
113951;257
114054;257
114157;257
114261;257
114361;257
114463;257
114564;257
114665;257
114765;257
114866;257
114967;257
115068;257
115191;257
115323;257
115478;257
115665;257
115850;257
116022;257
116166;257
116322;257
116504;257
116648;257
116798;257
116984;257
117157;257
117313;257
117482;257
117652;257
117786;257
117912;257
118042;257
118192;257
118295;257
118396;257
118534;257
118686;257
118804;257
118929;257
119073;257
119251;257
119421;257
119599;257
119772;257
119941;257
120097;257
120291;257
120466;257
120619;257
120772;257
120940;257
121133;257
121307;257
121474;257
121605;257
121734;257
121849;257
121951;257
122051;257
122157;257
122324;257
122510;257
122663;257
122786;257
122890;257
122990;257
123092;257
123197;257
123305;257
123408;257
123511;257
123612;257
123718;257
123821;257
123922;257
124025;257
124144;257
124252;257
124354;257
124483;257
124599;257
124702;257
124810;257
124913;257
125014;257
125117;257
125220;257
125339;257
125488;257
125626;257
125742;257
125846;257
125949;257
126050;257
126153;257
126255;257
126374;257
126515;257
126619;257
126718;257
126820;257
126921;257
127027;257
127133;257
127240;257
127345;257
127454;257
127574;257
127685;257
127800;257
127934;257
128073;257
128231;257
128333;257
128433;257
128533;257
128686;257
128855;257
128999;257
129105;257
129218;257
129370;257
129520;257
129664;257
129785;257
129889;257
129990;257
130101;257
130207;257
130314;257
130421;257
130538;257
130641;257
130743;257
130845;257
130959;257
131071;257
131190;257
131309;257
131428;257
131532;257
131635;257
131737;257
131843;257
131948;257
132069;257
132181;257
132284;257
132385;257
132493;257
132593;257
132696;257
132799;257
132902;257
133001;257
133103;257
133211;257
133317;257
133422;257
133536;257
133648;257
133760;257
133866;257
133968;257
134074;257
134175;257
134279;257
134380;257
134480;257
134580;257
134719;257
134899;257
135048;257
135170;257
135276;257
135388;257
135492;257
135614;257
135751;257
135923;257
136072;257
136223;257
136376;257
136515;257
136622;257
136724;257
136856;257
136964;257
137073;257
137183;257
137287;257
137417;257
137581;257
137729;257
137886;257
138031;257
138183;257
138353;257
138481;257
138585;257
138696;257
138850;257
139010;257
139158;257
139308;257
139452;257
139572;257
139673;257
139800;257
139946;257
140057;257
140177;257
140286;257
140389;257
140508;257
140654;257
140790;257
140925;257
141060;257
141171;257
141284;257
141385;257
141489;257
141608;257
141783;257
141952;257
142101;257
142271;257
142373;257
142475;257
142579;257
142737;257
142890;257
143146;257
143346;257
143457;257
143599;257
143733;257
143837;257
143950;257
144052;257
144152;257
144260;257
144363;257
144465;257
144568;257
144670;257
144772;257
144924;257
145131;257
145335;257
145477;257
145580;257
145679;257
145781;257
145882;257
146027;257
146174;257
146359;257
146626;257
146753;257
146900;257
147034;257
147148;257
147259;257
147399;257
147527;257
147628;257
147731;257
147834;257
147939;257
148054;257
148163;257
148268;257
