125;3668
221;3522
289;3522
425;3321
561;3215
646;3140
695;3140
844;3096
894;2885
941;2880
996;2754
1051;2727
1138;2653
1213;2653
1304;2582
1346;2546
1399;2356
1448;2356
1507;2327
1553;2177
1589;2101
1662;1941
1708;1928
1743;1928
1784;1885
1820;1885
1855;1729
1891;1729
1936;1729
1986;1729
2064;1594
2144;1498
2217;1478
2289;1478
2346;1478
2423;1478
2466;1414
2502;1414
2538;1414
2577;1414
2623;1248
2658;1248
2693;1248
2729;1248
2764;1248
2799;1248
2834;1248
2868;1248
2903;1248
2937;1248
2984;1248
3019;1248
3057;1248
3098;1200
3133;1200
3168;1136
3203;1136
3239;1136
3274;1136
3308;1136
3346;1136
3382;1136
3422;1136
3454;1136
3486;1119
3517;1119
3562;1119
3613;1065
3655;1065
3697;980
3743;980
3784;960
3824;960
3869;960
3915;960
3960;960
4011;960
4055;960
4100;960
4141;960
4172;960
4202;960
4239;960
4285;960
4317;960
4358;876
4390;876
4428;876
4458;876
4489;876
4524;876
4559;807
4590;804
4620;804
4654;804
4696;804
4731;804
4771;781
4801;781
4835;781
4866;780
4897;780
4928;780
4963;780
4998;780
5030;780
5069;780
5127;780
5159;780
5190;779
5231;779
5264;756
5299;756
5331;756
5362;756
5394;756
5431;756
5462;756
5493;756
5527;704
5560;704
5591;704
5621;704
5655;704
5687;704
5720;704
5764;704
5795;704
5843;704
5890;655
5944;655
5977;655
6019;576
6057;576
6090;576
6125;576
6180;576
6228;486
6321;410
6373;410
6424;410
6472;410
6517;410
6562;410
6621;410
6657;410
6692;410
6725;409
6756;409
6787;409
6817;409
6851;409
6882;409
6912;409
6948;409
6979;409
7009;409
7040;409
7071;409
7101;409
7131;409
7161;409
7194;409
7225;409
7256;409
7290;409
7320;409
7360;409
7391;410
7425;410
7459;410
7490;410
7523;410
7554;410
7590;410
7621;410
7653;410
7686;410
7717;410
7757;410
7788;410
7821;410
7860;408
7890;408
7929;406
7965;406
8000;406
8043;406
8080;406
8118;406
8155;406
8193;406
8235;406
8293;373
8332;373
8362;373
8396;373
8427;373
8458;373
8495;373
8526;373
8559;374
8590;374
8622;374
8652;374
8689;374
8723;375
8758;375
8790;375
8821;375
8855;375
8890;375
8924;375
8955;375
8992;375
9023;375
9055;375
9087;375
9122;375
9156;375
9190;374
9226;374
9259;342
9291;342
9328;342
9358;342
9392;342
9423;342
9453;342
9484;342
9514;342
9544;342
9576;342
9606;342
9638;342
9670;342
9703;342
9734;342
9764;342
9794;342
9827;342
9859;342
9890;342
9920;342
9960;340
9996;340
10028;340
10059;340
10090;340
10121;340
10156;340
10193;340
10224;340
10259;340
10290;340
10323;340
10360;340
10391;340
10421;340
10452;340
10489;340
10519;340
10553;340
10586;266
10620;266
10655;266
10690;266
10736;265
10766;265
10803;265
10837;265
10870;265
10901;265
10939;265
10973;265
11003;265
11040;265
11073;265
11113;265
11159;265
11210;265
11271;265
11334;265
11390;265
11431;265
11468;265
11510;265
11553;265
11620;265
11659;265
11693;265
11728;265
11759;265
11798;265
11833;265
11866;265
11901;265
11939;265
11970;265
12002;265
12034;265
12065;264
12096;264
12126;264
12156;264
12187;264
12220;264
12251;264
12282;264
12315;264
12346;264
12376;264
12409;264
12443;264
12474;264
12513;264
12543;264
12578;264
12609;264
12645;264
12677;265
12729;265
12808;265
12857;265
12912;265
12959;265
13004;265
13065;266
13118;266
13167;265
13222;265
13287;265
13338;265
13392;265
13444;265
13484;264
13517;264
13550;264
13580;264
13612;264
13652;264
13685;264
13732;264
13769;264
13802;264
13833;264
13863;264
13896;264
13926;264
13956;264
13986;264
14019;264
14049;264
14080;264
14120;264
14150;264
14182;264
14217;264
14249;264
14289;264
14321;264
14354;264
14385;264
14417;264
14449;264
14481;264
14516;264
14546;264
14577;265
14611;265
14642;265
14673;265
14707;265
14741;265
14776;265
14806;265
14838;265
14872;265
14906;265
14941;265
14972;265
15004;265
15044;265
15078;265
15111;265
15143;265
15175;265
15206;265
15236;265
15268;265
15300;265
15334;265
15369;265
15403;265
15434;265
15465;265
15497;265
15528;265
15559;265
15592;265
15626;265
15660;265
15692;265
15723;265
15754;265
15789;265
15819;265
15850;265
15890;265
15920;265
15952;265
15982;265
16012;265
16042;265
16072;265
16103;265
16152;265
16183;265
16213;265
16246;265
16277;265
16307;265
16338;265
16369;265
16402;265
16439;265
16471;265
16505;265
16543;265
16577;265
16610;265
16641;265
16684;265
16719;265
16749;265
16780;265
16815;265
16848;265
16878;265
16909;265
16940;265
16970;265
17000;265
17030;265
17060;265
17091;265
17124;265
17154;265
17183;265
17216;265
17246;265
17281;265
17310;265
17341;265
17380;265
17413;265
17444;265
17475;265
17505;265
17536;265
17567;265
17609;265
17643;265
17698;265
17728;265
17763;266
17793;266
17824;266
17853;266
17884;266
17915;266
17946;266
17975;266
18008;266
18038;266
18068;266
18101;266
18133;266
18166;266
18199;266
18229;266
18262;266
18293;266
18328;266
18361;266
18393;266
18425;266
18459;266
18494;266
18528;266
18558;266
18593;266
18626;265
18659;265
18689;265
18719;265
18750;265
18789;265
18823;265
18852;265
18883;265
18912;264
18943;264
18976;264
19009;264
19039;264
19070;264
19100;264
19133;264
19162;264
19199;264
19243;264
19274;264
19307;264
19337;264
19368;264
19401;264
19431;264
19469;264
19501;264
19538;265
19572;265
19603;265
19640;265
19676;265
19708;265
19744;265
19777;265
19809;265
19839;265
19869;265
19908;265
19954;265
20000;265
20049;265
20136;265
20191;265
20224;265
20255;265
20287;265
20318;265
20352;265
20386;265
20417;265
20454;265
20489;265
20522;265
20559;265
20589;265
20620;265
20660;265
20691;265
20726;265
20758;265
20789;265
20820;265
20851;265
20885;265
20926;265
20963;265
20996;265
21033;265
21074;265
21112;265
21168;265
21221;265
21251;265
21282;265
21321;266
21353;266
21381;266
21411;266
21446;266
21477;266
21508;266
21542;266
21574;266
21607;266
21638;266
21674;266
21706;266
21737;266
21773;266
21810;266
21840;266
21871;266
21902;266
21936;266
21967;266
22000;266
22030;266
22067;266
22098;266
22133;266
22170;266
22205;266
22245;266
22278;266
22313;266
22353;266
22383;266
22413;266
22444;266
22474;266
22508;266
22538;266
22569;266
22601;266
22630;266
22664;266
22697;266
22727;266
22760;266
22789;266
22822;266
22853;266
22884;266
22917;266
22946;266
22984;266
23013;266
23046;266
23079;266
23109;266
23139;266
23169;266
23199;266
23233;266
23263;266
23293;266
23323;266
23357;266
23387;266
23423;266
23457;266
23488;266
23523;266
23552;266
23584;266
23617;266
23656;266
23693;266
23724;266
23755;266
23787;266
23818;266
23851;266
23883;266
23913;266
23946;266
23979;266
24009;266
24040;266
24072;266
24100;266
24132;266
24159;266
24189;266
24225;266
24255;266
24285;266
24316;266
24346;266
24385;266
24416;266
24447;266
24476;266
24507;266
24539;266
24569;266
24603;269
24633;269
24663;268
24696;268
24729;268
24758;268
24794;268
24825;268
24858;268
24893;268
24927;268
24963;268
24998;268
25031;268
25061;268
25090;268
25118;268
25147;268
25183;268
25212;268
25243;268
25274;268
25312;268
25345;268
25381;268
25411;268
25446;268
25476;268
25508;268
25541;268
25572;268
25601;268
25635;268
25669;268
25702;268
25734;268
25765;268
25801;268
25837;268
25871;268
25905;268
25939;268
25973;268
26003;268
26034;268
26065;268
26094;268
26125;268
26157;268
26189;268
26222;268
26252;268
26282;268
26311;268
26342;268
26375;268
26408;268
26441;268
26470;268
26503;268
26532;268
26565;268
26598;268
26629;268
26661;268
26707;268
26737;268
26776;268
26816;268
26846;268
26878;268
26912;268
26946;268
26976;268
27007;268
27040;268
27071;268
27098;268
27132;266
27160;266
27189;267
27224;267
27260;267
27291;267
27327;267
27362;267
27393;267
27429;267
27462;267
27493;267
27522;267
27555;267
27591;264
27623;264
27656;264
27690;264
27719;264
27761;264
27790;264
27820;264
27854;264
27884;264
27915;264
27945;264
27976;264
28006;264
28037;264
28064;264
28097;264
28128;264
28158;264
28187;264
28217;264
28246;264
28277;265
28322;265
28352;265
28385;265
28417;265
28452;265
28485;265
28519;265
28549;265
28585;262
28619;262
28653;262
28684;262
28716;262
28746;262
28776;262
28810;262
28842;262
28873;262
28907;262
28937;262
28966;262
28997;262
29027;262
29060;262
29090;262
29121;262
29151;262
29188;262
29219;262
29251;262
29280;262
29310;262
29341;262
29371;262
29401;262
29431;262
29465;263
29495;263
29525;263
29557;263
29588;263
29618;263
29651;263
29681;263
29712;263
29741;263
29771;263
29801;263
29832;263
29861;263
29895;263
29928;263
29959;263
29990;263
30020;262
30054;262
30083;262
30113;262
30145;258
30178;258
30211;258
30243;258
30283;258
30314;258
30347;258
30377;258
30408;258
30448;258
30477;258
30512;258
30541;258
30571;258
30604;258
30637;258
30670;258
30699;258
30734;258
30767;258
30799;258
30831;258
30868;258
30898;258
30931;258
30961;258
30991;258
31021;258
31051;258
31080;258
31110;258
31140;258
31179;258
31211;258
31247;258
31280;258
31310;258
31349;258
31384;258
31413;258
31444;258
31479;258
31509;258
31542;258
31571;258
31602;258
31631;258
31663;258
31694;258
31723;258
31759;258
31791;258
31824;258
31859;258
31890;258
31921;258
31955;258
31985;258
32018;258
32055;258
32085;258
32116;258
32148;258
32179;258
32214;258
32244;258
32278;258
32311;258
32346;258
32385;258
32417;258
32448;258
32477;258
32507;257
32538;257
32574;257
32607;257
32636;257
32665;257
32699;257
32728;257
32762;257
32803;257
32834;257
32864;257
32894;257
32931;257
32961;257
32992;257
33029;257
33058;257
33088;257
33117;257
33150;257
33183;257
33213;257
33248;257
33278;257
33309;257
33339;257
33370;257
33399;257
33435;257
33471;257
33504;257
33534;257
33564;257
33594;257
33627;257
33659;257
33690;257
33720;257
33754;257
33785;257
33822;257
33854;257
33891;257
33921;257
33954;257
33984;257
34015;256
34045;256
34075;256
34110;256
34143;257
34173;257
34202;257
34232;257
34262;257
34291;257
34321;257
34355;257
34385;257
34414;257
34445;257
34478;257
34511;257
34546;257
34580;257
34610;257
34642;257
34678;257
34711;257
34744;257
34777;257
34807;257
34837;257
34866;257
34898;257
34933;257
34965;257
34993;257
35023;257
35052;257
35082;257
35112;257
35144;257
35175;257
35206;257
35236;257
35266;257
35296;257
35326;257
35356;257
35388;257
35414;257
35444;257
35475;257
35508;257
35538;257
35568;257
35597;256
35633;256
35666;256
35710;256
35741;256
35771;256
35802;256
35835;256
35877;256
35912;256
35947;256
35975;256
36003;256
36039;256
36073;256
36105;256
36136;256
36166;256
36202;256
36233;256
36264;256
36295;256
36335;256
36367;256
36399;256
36436;256
36466;256
36497;256
36530;256
36566;256
36600;256
36634;256
36667;256
36697;256
36727;256
36765;256
36795;256
36826;256
36856;256
36886;256
36916;256
36949;256
36982;256
37013;256
37050;256
37081;256
37111;256
37142;256
37173;256
37206;256
37236;256
37280;256
37310;256
37340;256
37371;256
37404;256
37439;256
37470;256
37502;256
37531;256
37564;256
37603;256
37633;256
37670;256
37700;256
37731;256
37764;256
37792;256
37822;256
37854;256
37885;256
37928;256
37957;256
37992;256
38024;256
38057;256
38086;256
38122;256
38156;256
38206;256
38238;256
38269;256
38302;256
38333;256
38364;256
38395;256
38425;256
38455;256
38488;256
38521;256
38554;256
38584;256
38614;256
38645;256
38676;256
38706;256
38744;256
38777;256
38806;256
38837;256
38866;256
38899;256
38929;256
38963;256
38995;256
39025;256
39058;256
39087;256
39120;256
39156;256
39187;256
39218;256
39250;256
39283;256
39314;256
39346;256
39378;256
39411;256
39445;256
39475;256
39505;256
39538;256
39576;256
39608;256
39641;256
39672;256
39703;256
39733;256
39765;256
39796;256
39826;256
39861;256
39896;256
39927;256
39963;256
39993;256
40026;256
40056;256
40087;256
40120;256
40156;256
40191;256
40222;256
40254;256
40285;256
40321;256
40352;256
40382;256
40417;256
40447;256
40478;256
40508;256
40538;256
40570;256
40603;256
40633;256
40666;256
40704;256
40737;256
40767;256
40800;256
40830;256
40863;256
40894;256
40927;256
40959;256
40988;256
41021;256
41048;256
41078;256
41107;256
41137;256
41167;256
41197;256
41226;256
41262;256
41295;256
41334;256
41371;256
41401;256
41431;256
41464;256
41497;256
41528;256
41570;256
41601;256
41632;256
41668;256
41700;256
41731;256
41762;256
41794;256
41823;256
41853;256
41886;256
41916;256
41951;256
41982;256
42012;256
42045;256
42075;256
42104;256
42134;256
42174;256
42221;256
42252;256
42282;256
42315;256
42348;256
42378;256
42413;256
42442;256
42475;256
42504;256
42539;256
42575;256
42602;256
42637;256
42669;256
42698;256
42731;256
42764;256
42793;256
42823;256
42856;256
42887;256
42916;256
42949;256
42985;256
43017;256
43047;256
43082;256
43118;256
43149;256
43182;256
43212;256
43245;256
43276;256
43306;256
43340;256
43375;256
43406;256
43438;256
43467;256
43503;256
43532;256
43562;256
43591;256
43623;256
43661;256
43692;256
43738;256
43773;256
43802;256
43833;256
43884;256
43926;256
43962;256
43999;256
44035;256
44065;256
44095;256
44125;256
44157;256
44191;256
44236;256
44272;256
44307;256
44340;256
44369;256
44419;256
44456;256
44491;256
44549;256
44595;256
44632;256
44659;256
44692;256
44725;256
44758;256
44788;256
44818;256
44849;256
44885;256
44915;256
44949;256
44980;256
45010;256
45043;256
45074;256
45113;256
45144;256
45174;256
45207;256
45240;256
45288;256
45319;256
45349;256
45380;256
45409;256
45439;256
45472;256
45502;256
45531;256
45571;256
45610;256
45641;256
45672;256
45709;256
45739;256
45769;256
45803;256
45838;256
45868;256
45899;256
45930;256
45963;256
