275;85
463;85
599;85
752;83
881;83
965;83
1127;83
1232;83
1319;83
1387;83
1458;83
1522;83
1589;83
1679;83
1748;83
1824;83
1899;83
1969;83
2047;83
2136;83
2230;83
2328;83
2434;83
2514;83
2581;83
2647;83
2713;83
2780;83
2846;83
2916;83
2978;83
3036;83
3115;83
3169;83
3226;83
3295;83
3355;83
3412;83
3469;83
3527;83
3594;83
3655;83
3713;83
3784;83
3862;83
3942;83
4024;83
4103;83
4182;83
4272;83
4369;83
4458;83
4545;83
4602;83
4659;83
4716;83
4772;83
4830;83
4886;83
4943;83
5000;83
5056;83
5116;83
5178;83
5237;83
5303;83
5364;83
5421;83
5480;83
5542;83
5599;83
5656;83
5728;83
5783;83
5839;83
5894;83
5950;83
6007;83
6063;83
6119;83
6183;83
6241;83
6300;83
6368;83
6451;83
6512;83
6568;83
6627;83
6687;83
6747;83
6806;83
6867;83
6929;83
7004;83
7084;83
7168;83
7249;83
7339;83
7391;83
7447;83
7505;83
7561;83
7625;83
7699;83
7758;83
7815;83
7875;83
7932;83
7989;83
8054;83
8111;83
8167;83
8230;83
8287;83
8343;83
8406;83
8463;83
8526;83
8584;83
8651;83
8708;83
8775;83
8832;83
8897;83
8952;83
9012;83
9071;83
9126;83
9182;83
9245;83
9302;83
9359;83
9415;83
9472;83
9529;83
9587;83
9643;83
9704;83
9769;83
9827;83
9884;83
9940;83
9998;83
10058;83
10116;83
10173;83
10240;83
10297;83
10363;83
10419;83
10475;83
10531;83
10591;83
10647;83
10705;83
10765;83
10822;83
10886;83
10942;83
11001;83
11058;83
11115;83
11173;83
11230;83
11293;83
11349;83
11406;83
11469;83
11526;83
11582;83
11638;83
11695;83
11759;83
11816;83
11876;83
11931;83
11986;83
12048;83
12107;83
12165;83
12222;83
12280;83
12340;83
12401;83
12464;83
12519;83
12579;83
12633;83
12692;83
12750;83
12812;83
12873;83
12929;83
12986;83
13043;83
13103;85
13160;85
13217;85
13280;85
13334;85
13390;85
13445;85
13502;85
13562;85
13623;85
13692;85
13750;85
13808;85
13866;85
13923;85
13985;85
14044;85
14101;85
14159;85
14217;85
14272;85
14329;85
14389;85
14451;85
14507;85
14563;85
14633;85
14691;85
14747;85
14804;85
14861;85
14918;85
14975;85
15033;85
15092;85
15152;85
15208;85
15265;85
15328;85
15386;85
15442;85
15498;85
15555;85
15613;85
15673;85
15729;85
15788;85
15846;85
15911;85
15966;85
16021;85
16076;85
16134;85
16198;85
16257;85
16317;85
16375;85
16434;85
16494;85
16551;85
16612;85
16672;85
16730;85
16789;85
16845;85
16906;85
16963;85
17019;85
17080;80
17143;80
17200;80
17260;80
17316;80
17379;80
17442;80
17500;80
17558;80
17625;80
17683;80
17742;80
17798;80
17855;80
17915;80
17979;85
18038;85
18094;85
18151;85
18207;85
18265;85
18328;85
18383;85
18441;85
18506;85
18561;85
18625;85
18684;85
18742;85
18800;85
18857;85
18918;85
18976;85
19034;85
19090;85
19147;85
19203;85
19262;85
19322;85
19380;85
19454;85
19508;85
19564;85
19621;85
19684;85
19745;86
19802;86
19862;86
19923;86
19983;86
20041;86
20099;86
20156;86
20213;86
20270;86
20328;86
20389;86
20449;86
20520;86
20574;86
20628;86
20690;86
20747;86
20805;86
20862;86
20918;84
20975;84
21030;84
21087;83
21147;83
21204;83
21261;83
21317;83
21373;83
21431;83
21489;83
21555;83
21609;83
21669;83
21728;83
21786;83
21843;83
21901;83
21960;83
22034;83
22090;83
22155;83
22212;83
22279;83
22335;83
22391;83
22467;83
22542;83
22599;83
22655;83
22713;83
22774;83
22838;83
22898;83
22956;83
23017;83
23077;83
23139;83
23196;83
23257;83
23315;83
23376;83
23433;83
23502;84
23563;84
23621;84
23677;84
23737;84
23795;84
23856;84
23916;84
23982;84
24038;84
24100;84
24162;84
24224;84
24281;84
24340;84
24404;84
24461;84
24520;84
24576;84
24638;84
24703;84
24762;84
24824;84
24887;84
24946;84
25004;84
25061;84
25124;84
25180;84
25235;84
25293;84
25347;84
25406;84
25461;84
25520;84
25578;84
25635;84
25696;84
25753;84
25809;84
25866;84
25926;86
25985;86
26051;86
26104;86
26160;86
26220;81
26277;81
26336;81
26393;81
26450;81
26510;81
26566;81
26627;81
26683;81
26741;81
26806;81
26858;81
26914;81
26970;81
27025;81
27082;81
27137;81
27194;81
27253;80
27314;80
27370;80
27426;80
27482;80
27542;80
27599;80
27662;80
27720;80
27780;80
27838;80
27895;80
27950;80
28006;80
28061;80
28122;80
28182;80
28243;80
28305;80
28360;80
28415;80
28472;80
28532;80
28596;80
28653;80
28713;80
28770;80
28825;80
28891;80
28943;80
28997;80
29055;80
29110;80
29167;80
29223;80
29284;80
29341;80
29400;80
29458;80
29521;80
29574;80
29628;80
29689;80
29747;80
29805;80
29862;80
29922;80
29980;80
30036;80
30093;80
30154;80
30208;80
30267;80
30323;80
30380;80
30436;80
30494;80
30553;80
30611;80
30668;80
30736;80
30790;80
30848;80
30902;78
30958;78
31018;78
31073;78
31129;78
31186;78
31244;78
31303;78
31362;78
31420;78
31475;78
31529;78
31585;78
31640;78
31700;78
31758;78
31817;78
31870;78
31924;78
31980;78
32040;78
32095;78
32153;78
32210;78
32266;78
32327;78
32382;78
32438;78
32500;78
32557;78
32613;78
32670;78
32731;78
32793;78
32849;78
32907;78
32963;78
33021;78
33077;78
33134;78
33194;78
33258;78
33314;78
33371;78
33428;78
33484;78
33543;78
33598;78
33657;78
33714;78
33770;78
33834;78
33890;78
33950;78
34005;78
34065;78
34124;78
34179;78
34240;78
34300;78
34357;78
34417;78
34472;78
34539;78
34594;78
34652;78
34710;78
34768;78
34825;78
34884;78
34949;78
35004;78
35063;78
35118;78
35177;78
35235;78
35293;78
35350;78
35404;78
35466;78
35520;78
35576;78
35635;78
35692;78
35750;78
35810;78
35867;78
35929;78
35984;78
36039;78
36096;78
36151;78
36209;78
36269;78
36325;78
36385;78
36446;78
36523;78
36609;78
36668;78
36726;78
36782;78
36839;78
36899;78
36954;78
37010;78
37068;78
37127;78
37183;78
37243;78
37307;78
37362;78
37419;78
37473;78
37528;78
37584;78
37642;78
37699;78
37760;78
37815;78
37873;78
37935;78
37994;78
38052;78
38107;78
38170;78
38226;78
38280;78
38336;78
38394;78
38449;78
38505;78
38567;78
38623;78
38683;78
38744;78
38801;78
38873;78
38932;78
38990;78
39056;78
39112;78
39167;78
39223;78
39281;78
39337;78
39392;78
39451;78
39507;78
39562;78
39618;78
39675;78
39734;78
39791;78
39854;78
39907;78
39960;78
40017;78
40075;78
40132;78
40188;78
40245;78
40302;78
40363;78
40426;78
40482;78
40538;78
40596;78
40661;78
40718;78
40773;78
40829;78
40884;78
40941;78
40998;78
41054;78
41109;78
41167;78
41226;78
41284;78
41339;78
41400;78
41456;78
41515;78
41573;78
41636;78
41692;78
41750;78
41806;78
41862;78
41922;78
41982;78
42038;78
42098;78
42151;78
42209;78
42267;78
42323;78
42380;78
42436;78
42492;78
42553;78
42610;78
42670;78
42739;78
42793;78
42846;78
42901;78
42956;78
43014;78
43072;78
43130;78
43189;78
43245;78
43310;78
43364;78
43424;78
43481;78
43539;78
43594;78
43649;78
43710;78
43766;78
43825;78
43881;78
43937;78
44004;78
44058;78
44115;78
44172;78
44227;78
44283;78
44342;78
44397;78
44457;78
44512;78
44580;78
44637;78
44693;78
44750;78
44806;78
44864;78
44921;78
44981;78
45040;78
45095;78
45153;78
45211;78
45269;78
45329;78
45384;78
45439;78
45499;78
45556;78
45611;78
45675;78
45734;78
45799;83
45856;83
45912;83
45977;83
46032;83
46087;83
46142;83
46202;83
46257;83
46316;83
46374;83
46433;83
46488;83
46549;83
46633;83
46698;83
46756;83
46817;83
46872;83
46933;83
46989;83
47047;83
47104;83
47162;83
47218;83
47283;83
47339;83
47393;83
47450;83
47506;83
47563;83
47619;83
47678;83
47734;83
47790;83
47848;83
47906;83
47959;83
48016;83
48074;83
48130;83
48187;83
48247;83
48305;83
48367;83
48434;83
48487;83
48542;83
48602;83
48662;83
48720;83
48777;83
48836;83
48895;83
48953;83
49015;83
49076;83
49132;83
49188;83
49246;83
49305;83
49368;83
49426;83
49484;83
49544;83
49611;83
49679;83
49736;83
49792;83
49848;83
49905;83
49963;83
50026;83
50080;83
50139;83
50195;83
50254;83
50312;83
50371;83
50427;83
50492;83
50547;83
50629;83
50695;83
50748;83
50804;83
50867;83
50923;83
50983;83
51044;83
51104;83
51164;83
51232;83
51285;83
51340;83
51397;83
51456;83
51513;83
51569;83
51628;83
51688;83
51744;83
51802;83
51863;83
51930;83
51985;83
52041;83
52097;83
52153;83
52212;83
52269;83
52329;83
52386;83
52443;83
52503;83
52564;83
52649;83
52715;83
52782;83
52836;83
52892;83
52950;83
53006;83
53070;83
53131;83
53190;83
53247;83
53305;83
53362;83
53418;83
53482;83
53538;83
53601;83
53657;83
53718;83
53825;83
53886;83
53970;83
54027;83
54084;83
54142;83
54201;83
54264;83
54323;83
54377;83
54438;83
54494;83
54550;83
54605;83
54665;83
54725;83
54784;83
54842;83
54900;83
54955;83
55011;83
55066;83
55127;83
55182;83
55240;83
55297;83
55355;83
55412;83
55469;83
55527;83
55584;83
55642;83
55715;85
55776;85
55838;85
55891;85
55950;85
56005;83
56060;83
56115;83
56170;83
56227;83
56286;83
56345;83
56400;83
56468;83
56529;83
56586;83
56644;83
56704;83
56762;83
56826;83
56896;83
56954;83
57013;83
57074;83
57131;83
57192;83
57301;83
57377;83
57443;83
57545;83
57610;83
57667;83
57730;83
57784;83
57845;83
57912;83
57975;83
58029;83
58086;83
58143;83
58198;83
58255;83
58312;83
58367;83
58426;83
58487;83
58550;83
58606;83
58667;83
58725;83
58785;83
58845;83
58906;83
58968;83
59026;83
59085;83
59146;83
59203;83
59263;83
59325;83
59383;83
59453;83
59514;83
59567;83
59622;83
59680;83
59737;83
59794;83
59851;83
59906;83
59963;83
60018;83
60071;83
60126;83
60182;83
60240;83
60299;83
60357;83
60415;83
60473;83
60527;83
60590;83
60655;83
60717;83
60775;83
60836;83
60891;83
60949;83
61003;83
61058;83
61114;83
61173;83
61228;83
61287;83
61351;83
61404;83
61463;83
61519;83
61577;83
61633;83
61701;83
61766;83
61823;83
61883;83
61939;83
61995;83
62051;83
62116;83
62179;83
62235;83
62290;83
62349;83
62404;83
62464;83
62523;83
62581;83
62647;83
62722;83
62779;83
62837;83
62897;83
62955;83
63013;83
63074;83
63129;83
63187;83
63243;83
63306;83
63362;83
63419;83
63481;83
63541;83
63596;83
63651;83
63709;83
63768;83
63824;83
63880;83
63945;83
64000;83
64056;83
64113;83
64176;83
64231;83
64290;83
64345;83
64402;83
64458;83
64518;83
64574;83
64637;83
64695;83
64755;83
64813;83
64874;84
64932;84
64991;84
65045;84
65101;84
65156;84
65214;84
65269;84
65336;84
65389;84
65444;84
65499;84
65555;84
65611;84
65666;84
65727;84
65784;84
65839;84
65894;84
65950;84
66005;84
66084;84
66164;84
66232;84
66287;84
66345;84
66404;84
66464;83
66523;83
66579;83
66635;83
66696;83
66761;83
66817;83
66873;83
66928;83
66984;83
67050;83
67107;83
67164;83
67222;83
67279;83
67334;83
67391;83
67449;83
67504;83
67564;83
67619;83
67681;83
67738;83
67795;83
67851;83
67921;83
68000;83
68082;83
68151;83
68210;83
68267;83
68327;83
68385;83
68441;83
68503;83
68560;83
68623;83
68685;83
68745;83
68809;83
68865;83
68921;83
68977;83
69033;83
69089;83
69153;83
69208;83
69265;83
69325;83
69380;83
69438;83
69494;83
69555;83
69613;83
69670;83
69730;83
69801;83
69858;83
69918;83
69974;83
70032;83
70088;83
70146;83
70221;83
70299;83
70376;83
70444;83
70498;83
70554;83
70608;83
70667;83
70731;83
70792;83
70850;83
70907;83
70966;83
71030;83
71091;83
71148;83
71203;83
71261;83
71326;83
71380;83
71438;83
71495;83
71551;83
71624;85
71678;85
71734;85
71789;85
71845;85
71903;85
71962;85
72019;85
72075;85
72130;85
72186;85
72241;85
72296;85
72353;85
72408;85
72465;85
72529;85
72588;85
72646;85
72704;85
72764;85
72822;85
72894;85
72973;85
73051;85
73140;85
73195;85
73251;85
73306;85
73363;85
73421;85
73480;85
73544;85
73602;85
73660;85
73717;85
73776;85
73835;85
73893;85
73950;85
74008;85
74065;85
74125;85
74181;85
74237;85
74296;85
74353;85
74408;85
74472;85
74528;85
74598;85
74657;85
74714;85
74773;85
74832;85
74887;85
74943;85
75002;85
75063;85
75117;85
75174;85
75231;85
75288;85
75346;85
75401;85
75457;85
75513;85
75570;85
75626;85
75686;85
75743;85
75800;85
75857;85
75913;85
75977;85
76032;83
76091;83
76148;83
76206;83
76263;83
76321;83
76377;83
76435;83
76494;83
76550;83
76615;83
76675;83
76736;83
76794;83
76852;83
76908;83
76965;83
77022;83
77080;83
77142;81
77201;81
77259;78
77324;78
77382;78
77437;78
77494;78
77553;78
77610;78
77668;78
77725;78
77782;78
77841;78
77901;78
77960;78
78015;78
78070;78
78125;78
78189;78
78247;78
78302;78
78359;78
78416;78
78475;78
78538;78
78589;78
78647;78
78708;78
78769;78
78824;78
78880;78
78937;78
78997;78
79052;78
79108;78
79164;78
79220;78
79283;78
79341;78
79397;78
79455;78
79510;78
79566;78
79620;78
79677;78
79739;78
79794;78
79854;78
79911;78
79965;78
80029;78
80084;78
80140;78
80199;78
80260;78
80318;78
80374;78
80434;78
80493;78
80549;78
80605;78
80664;78
80722;78
80785;78
80842;78
80901;78
80956;78
81011;78
81067;78
81122;78
81177;78
81234;78
81289;78
81347;78
81401;78
81459;78
81519;79
81576;79
81634;79
81692;79
81748;79
81808;79
81866;79
81928;79
81983;79
82038;79
82092;79
82149;79
82206;79
82263;79
82320;79
82376;79
82431;79
82488;79
82545;79
82603;79
82662;79
82723;79
82782;79
82840;79
82898;79
82961;79
83018;79
83073;79
83127;79
83187;79
83246;79
83306;79
83362;79
83417;79
83473;79
83530;79
83589;79
83645;79
83705;79
83762;79
83818;79
83876;79
83939;79
83994;79
84050;79
84108;79
84166;79
84221;79
84276;79
84332;79
84389;79
84443;79
84502;79
84557;79
84617;79
84683;79
84740;79
84800;79
84859;79
84919;79
84974;79
85029;79
85084;79
85139;79
85194;79
85253;79
85310;79
85369;79
85425;79
85482;79
85539;79
85597;79
85656;79
85714;79
85774;79
85833;79
85890;79
85945;79
86002;79
86057;79
86114;79
86171;79
86227;79
86283;79
86340;79
86398;79
86454;79
86511;79
86572;79
86634;79
86689;79
86746;79
86808;79
86866;79
86921;79
86977;79
87040;79
87095;79
87151;79
87211;79
87265;79
87321;79
87380;79
87442;79
87496;79
87550;79
87605;79
87660;79
87716;79
87773;79
87828;79
87889;79
87946;79
88004;79
88059;79
88116;79
88173;79
88233;79
88292;79
88353;79
88413;79
88469;79
88525;79
88585;79
88643;79
88700;79
88759;79
88820;79
88875;79
88931;79
88992;79
89046;79
89107;79
89160;79
89215;79
89273;79
89329;79
89387;79
89447;79
89507;79
89564;79
89622;79
89685;79
89743;79
89801;78
89855;78
89910;78
89965;78
90021;78
90075;78
90132;78
90187;78
90246;78
90303;78
90366;78
90423;78
90480;78
90535;78
90591;78
90651;78
90708;78
90768;78
90828;78
90886;78
90943;78
91008;78
91063;78
91119;78
91176;78
91235;78
91293;78
91349;78
91407;78
91462;78
91521;78
91575;78
91639;78
91703;78
91759;78
91819;78
91875;78
91932;78
91990;78
92049;78
92105;78
92160;78
92219;78
92273;78
92328;78
92384;78
92442;78
92500;78
92556;78
92614;78
92671;78
92729;78
92789;78
92850;78
92905;78
92960;78
93016;78
93073;78
93129;78
93188;78
93246;78
93308;78
93367;78
93422;78
93478;78
93536;78
93593;78
93651;78
93711;78
93770;78
93829;78
93883;78
93938;78
93998;78
94075;78
94132;78
94191;78
94251;78
94318;78
94378;78
94433;78
94490;78
94550;78
94605;78
94665;78
94727;78
94785;78
94849;78
94906;78
94962;78
95022;78
95078;78
95133;78
95193;78
95251;78
95312;78
95370;78
95426;78
95485;78
95544;78
95600;78
95656;78
95722;78
95776;78
95832;78
95896;78
95952;78
96009;78
96066;78
96132;78
96184;78
96237;78
96295;78
96353;78
96411;78
96467;78
96523;78
96582;78
96649;78
96702;78
96758;78
96818;78
96879;78
96935;78
96991;78
97054;78
97115;78
97176;78
97244;78
97299;78
97354;78
97409;78
97464;78
97522;78
97578;78
97635;78
97693;78
97751;78
97806;78
97861;78
97917;78
97981;78
98035;78
98091;78
98146;78
98205;78
98260;78
98318;78
98376;78
98433;78
98487;78
98542;78
98597;78
98654;78
98715;78
98773;78
98838;78
98894;78
98949;78
99008;78
