240;1962
421;1876
567;1767
765;1708
914;1637
1035;1593
1179;1593
1295;1593
1413;1523
1531;1523
1660;1455
2063;1421
2220;1332
2337;1303
2466;1260
2582;1260
2702;1260
2863;1232
2989;1232
3092;1232
3196;1190
3301;1190
3416;1140
3550;1140
3722;1135
3866;1135
4007;1135
4147;1135
4269;1003
4383;972
4490;942
4594;942
4702;908
4814;819
4919;819
5035;771
5168;751
5307;705
5466;673
5566;673
5676;636
5794;636
5894;636
6006;445
6117;445
6222;445
6328;445
6436;445
6556;445
6673;445
6826;445
6994;445
7095;445
7200;445
7304;445
7430;297
7540;226
7643;226
7751;226
7856;226
7960;226
8066;226
8183;226
8286;226
8418;227
8527;227
8639;227
8748;226
8848;226
8949;226
9059;226
9171;226
9285;147
9391;147
9499;147
9607;147
9713;147
9825;147
9958;147
10073;147
10177;147
10286;147
10387;147
10494;147
10601;147
10709;147
10813;147
10917;147
11021;147
11130;147
11259;131
11398;131
11496;131
11597;131
11698;131
11807;131
11908;131
12023;131
12132;131
12244;131
12351;131
12471;131
12579;131
12693;67
12797;67
12911;67
13016;67
13124;67
13234;67
13360;67
13491;67
13611;67
13725;65
13832;65
13938;65
14044;65
14174;65
14280;65
14390;65
14495;65
14604;65
14713;65
14820;65
14927;65
15034;65
15164;65
15268;65
15388;65
15493;65
15610;65
15713;65
15829;65
15931;65
16037;65
16137;65
16240;65
16350;65
16460;65
16571;65
16683;65
16787;65
16910;65
17017;65
17128;65
17231;65
17336;65
17443;65
17564;65
17665;65
17782;65
17890;65
17997;65
18110;65
18222;65
18342;65
18446;65
18549;65
18676;65
18780;65
18879;65
18982;65
19088;65
19193;65
19299;65
19409;65
19537;65
19645;65
19755;65
19866;65
19981;65
20081;65
20189;65
20288;65
20391;65
20493;65
20606;65
20714;65
20822;65
20949;65
21061;65
21171;65
21282;65
21381;65
21489;65
21591;65
21711;65
21834;65
21956;65
22068;65
22176;65
22300;65
22412;65
22526;65
22650;65
22825;65
22934;65
23043;65
23145;65
23261;65
23372;65
23478;65
23582;65
23710;65
23827;65
23928;65
24049;65
24151;65
24269;65
24375;65
24482;65
24592;65
24697;65
24815;65
24917;65
25021;65
25130;65
25232;65
25345;64
25465;64
25571;64
25692;64
25817;64
25913;64
26013;64
26123;64
26226;64
26351;64
26461;64
26591;64
26697;64
26842;64
26954;64
27069;64
27186;65
27290;65
27408;65
27516;65
27625;65
27732;65
27841;65
27992;64
28099;64
28218;64
28327;64
28443;64
28582;64
28728;64
28834;64
28946;64
29055;64
29164;64
29291;64
29410;64
29552;64
29670;65
29784;65
29916;65
30033;65
30173;65
30302;65
30429;65
30549;65
30666;65
30781;65
30893;65
31030;65
31184;65
31312;65
31424;65
31540;65
31654;65
31755;65
31860;65
31964;65
32070;65
32178;65
32281;65
32415;65
32582;65
32690;65
32799;65
32910;65
33013;65
33131;65
33231;65
33339;65
33449;65
33556;65
33676;65
33790;65
33902;65
34017;65
34124;65
34240;65
34356;65
34477;65
34580;65
34688;65
34794;65
34902;65
35045;65
35156;65
35271;64
35378;64
35490;64
35636;64
35733;64
35847;64
35968;64
36072;64
36181;64
36288;64
36403;64
36515;65
36618;65
36719;65
36839;65
36943;65
37065;65
37170;65
37273;65
37374;65
37474;65
37581;65
37684;65
37804;65
37915;64
38021;64
38133;64
38239;64
38359;64
38499;64
38597;64
38698;64
38813;64
38921;64
39023;64
39135;64
39246;64
39375;64
39495;64
39601;64
39721;64
39823;64
39929;64
40035;64
40170;64
40287;64
40391;64
40500;64
40623;64
40729;64
40857;64
40961;64
41071;64
41194;64
41306;64
41447;64
41554;64
41663;65
41771;65
41880;65
41981;65
42095;65
42244;65
42367;65
42470;65
42574;65
42683;65
42786;65
42905;65
43003;65
43112;65
43215;65
43318;65
43423;65
43531;65
43638;65
43749;65
43855;65
43974;65
44081;65
44209;64
44315;64
44419;64
44523;64
44627;64
44728;64
44834;64
44936;64
45040;64
45152;64
45262;64
45372;64
45487;64
45591;64
45698;64
45817;64
45933;64
46037;64
46143;64
46261;64
46364;64
46465;64
46568;65
46677;65
46795;65
46896;65
46998;65
47100;65
47204;65
47309;65
47416;65
47527;65
47645;65
47772;65
47879;65
47986;65
48100;65
48214;65
48320;65
48426;65
48529;65
48649;65
48760;66
48881;66
48981;66
49097;66
49198;66
49298;66
49405;66
49522;66
49634;66
49775;66
49902;66
50024;66
50123;66
50226;66
50329;66
50433;66
50551;65
50669;65
50779;65
50919;65
51018;65
51121;65
51224;65
51329;65
51433;65
51546;65
51660;65
51764;65
51876;65
52006;65
52105;65
52205;65
52307;65
52420;65
52529;65
52635;65
52746;65
52846;65
52956;65
53069;65
53185;65
53290;65
53398;65
53501;65
53607;65
53707;65
53815;65
53917;65
54016;65
54129;65
54234;65
54368;65
54496;65
54614;65
54728;65
54843;61
54950;61
55077;61
55335;61
55433;61
55536;61
55650;62
55765;62
55867;62
55974;62
56077;62
56187;62
56306;62
56405;62
56522;62
56624;62
56726;62
56829;62
56941;62
57045;62
57154;62
57259;62
57377;62
57477;62
57576;62
57676;62
57784;62
57888;62
58007;62
58135;62
58242;62
58372;62
58473;62
58595;62
58694;62
58816;62
58914;62
59024;62
59135;62
59239;62
59350;62
59454;62
59561;62
59667;62
59784;62
59905;62
60005;62
60107;62
60214;62
60315;62
60424;62
60537;62
60672;62
60779;62
60891;62
60997;62
61102;62
61215;62
61318;62
61420;62
61522;62
61624;62
61742;62
61845;62
61963;62
62083;62
62203;62
62305;62
62456;62
62592;62
62737;62
62837;62
62938;62
63038;62
63138;62
63242;62
63350;62
63456;62
63558;62
63668;62
63783;62
63885;62
64036;62
64186;62
64279;62
64381;62
64488;62
64587;62
64698;62
64829;62
64936;62
65042;62
65164;62
65273;62
65384;62
65486;62
65589;62
65741;62
65840;62
65942;62
66049;62
66190;62
66291;62
66402;62
66506;62
66614;62
66728;62
66830;62
66948;62
67053;62
67198;62
67324;63
67427;63
67525;63
67626;63
67733;63
67849;63
67966;63
68071;63
68177;63
68283;63
68389;63
68499;63
68609;63
68715;63
68815;63
68914;63
69012;63
69115;63
69220;63
69324;63
69429;63
69535;63
69643;63
69764;62
69921;62
70056;62
70173;62
70271;62
70373;62
70492;62
70608;62
70722;62
70890;62
71064;62
71270;62
71391;62
71496;62
71597;62
71705;62
71817;62
71931;62
72086;62
72189;62
72311;62
72429;62
72547;62
72650;62
72759;62
72875;62
72977;62
73081;62
73197;62
73298;62
73400;62
73499;62
73607;62
73713;62
73815;62
73920;62
74027;62
74145;62
74247;62
74355;62
74463;62
74590;62
74690;62
74789;62
74891;62
75009;62
75122;62
75227;62
75354;62
75464;62
75568;62
75676;62
75779;62
75880;62
75997;62
76113;62
76260;62
76366;62
76473;62
76593;62
76705;62
76824;62
76939;62
77042;62
77146;62
77249;62
77358;62
77464;62
77575;62
77694;62
77815;62
77937;62
78041;62
78163;62
78294;62
78393;62
78493;62
78599;62
78715;62
78821;62
78928;62
79043;62
79142;62
79255;62
79356;62
79463;62
79569;62
79680;62
79807;62
79916;62
80049;62
80152;62
80259;62
80357;62
80474;62
80583;62
80689;62
80799;62
80908;62
81019;62
81127;62
81249;62
81349;62
81455;62
81562;62
81673;62
81783;62
81896;62
82001;62
82104;62
82203;62
82302;62
82403;62
82506;62
82619;62
82738;62
82853;62
82960;62
83066;62
83171;62
83301;62
83418;62
83520;62
83665;62
83774;62
83876;62
83978;62
84095;62
84199;62
84300;62
84405;62
84528;62
84625;62
84726;62
84848;63
84948;63
85049;63
85163;63
85269;63
85374;63
85476;63
85581;63
85689;63
85792;63
85891;63
85993;63
86101;63
86212;63
86329;63
86432;63
86534;63
86656;63
86792;63
86909;63
87022;63
87128;63
87230;63
87383;63
87484;63
87596;63
87698;63
87800;63
87903;63
88013;63
88114;63
88252;63
88352;63
88455;63
88564;63
88668;63
88778;63
88902;63
89013;63
89149;63
89257;63
89362;63
89478;64
89613;64
89762;64
89862;64
89970;64
90074;64
90177;64
90284;64
90388;64
90490;63
90596;63
90698;63
90802;63
90908;63
91010;63
91115;63
91224;63
91334;63
91433;63
91539;63
91639;63
91739;63
91855;63
91957;63
92059;63
92171;63
92290;63
92433;63
92609;63
92733;63
92843;63
92942;63
93041;63
93142;63
93250;63
93355;63
93464;63
93567;63
93669;63
93774;63
93892;63
94010;63
94119;63
94251;63
94378;63
94480;63
94588;63
94695;63
94811;63
94924;63
95029;63
95133;63
95237;63
95340;63
95465;63
95571;63
95677;63
95781;63
95902;63
96024;63
96128;63
96231;63
96339;63
96442;63
96554;63
96688;63
96792;63
96894;63
97000;63
97143;63
97244;63
97343;63
97470;63
97577;63
97676;63
97778;63
97880;63
97981;63
98091;63
98197;63
98314;63
98417;63
98535;63
98644;63
98749;63
98848;63
98954;63
99055;63
99166;63
99270;63
99374;63
99478;63
99588;63
99691;63
99793;63
99897;63
100033;63
100136;63
100238;63
100342;63
100443;63
100548;63
100665;63
100770;63
100887;63
100989;63
101094;63
101202;63
101310;63
101414;63
101523;63
101623;63
101722;63
101822;63
101921;63
102036;63
102139;63
102244;63
102346;63
102455;63
102566;63
102670;63
102775;63
103069;63
103163;63
103266;63
103379;63
103486;63
103591;63
103697;63
103799;63
103902;63
104017;63
104122;63
104228;63
104331;63
104434;63
104538;63
104647;63
104747;63
104849;63
104948;63
105053;63
105161;63
105269;63
105371;63
105475;63
105576;63
105681;63
105787;63
105901;63
106002;63
106145;63
106247;63
106349;63
106452;63
106554;63
106660;63
106767;63
106872;63
106979;63
107103;63
107238;63
107367;63
107462;63
107565;63
107668;63
107766;63
107870;63
107980;63
108084;63
108196;63
108298;63
108409;63
108511;63
108613;63
108715;63
108822;63
108920;63
109027;63
109135;63
109242;63
109351;63
109457;63
109562;63
109669;63
109775;63
109917;63
110033;63
110136;63
110244;63
110343;63
110445;63
110543;63
110645;63
110750;63
110860;63
110962;63
111066;63
111185;63
111294;63
111405;63
111530;63
111642;63
111742;64
111844;64
111942;64
112041;64
112147;64
112250;64
112364;64
112467;64
112569;64
112672;64
112830;64
112938;64
113036;64
113153;64
113261;64
113360;64
113491;64
113593;62
113697;62
113801;62
113910;62
114015;62
114136;62
114243;62
114346;62
114448;62
114564;62
114670;62
114795;62
114916;62
115021;62
115131;62
115241;62
115343;62
115453;62
115565;62
115687;62
115812;62
115921;62
116019;62
116128;62
116228;62
116338;62
116448;62
116572;62
116678;62
116785;62
116927;62
117059;62
117191;62
117305;62
117415;62
117532;62
117634;62
117738;62
117867;62
117974;62
118083;62
118205;62
118303;62
118432;62
118534;62
118635;62
118743;62
118847;62
118955;62
119058;62
119167;62
119321;62
119434;62
119543;62
119660;62
119762;62
119864;62
119973;62
120092;62
120203;62
120320;62
120428;62
120531;62
120636;62
120774;62
120892;62
120992;62
121114;62
121222;62
121330;62
121431;62
121535;62
121638;62
121796;62
121899;62
122008;62
122143;62
122248;62
122353;62
122468;62
122568;62
122699;62
122806;62
122909;62
123027;62
123149;62
123254;62
123369;62
123502;62
123632;62
123749;62
123866;62
123965;62
124080;62
124188;62
124295;62
124415;62
124523;62
124635;62
124746;62
124870;62
124982;62
125113;62
125227;62
125330;62
125445;62
125560;62
125662;62
125768;62
125880;62
126009;62
126139;62
126245;62
126350;62
126457;62
126586;62
126708;62
126815;62
126930;62
127031;61
127133;61
127257;61
127370;61
127476;61
127589;61
127694;61
127810;61
127913;61
128019;61
128148;61
128273;61
128375;61
128482;61
128585;61
128685;61
128787;61
128894;61
129012;61
129118;61
129232;61
129353;61
129461;61
129564;61
129689;61
129793;61
129899;61
130027;61
130146;61
130250;61
130369;61
130498;61
130606;61
130719;61
130840;61
130953;61
131060;61
131216;61
131336;61
131438;61
131562;61
131664;61
131763;61
131870;61
131977;61
132084;61
132193;61
132299;61
132409;61
132529;61
132634;61
132758;61
132860;61
132966;61
133089;61
133192;61
133293;61
133404;61
133507;61
133611;61
133721;61
133839;61
133943;61
134052;61
134185;61
134304;61
134406;61
134505;61
134614;61
134719;61
134825;61
134943;61
135069;61
135178;61
135283;61
135388;61
135492;61
135599;61
135707;61
135807;61
135921;61
136036;61
136170;61
136285;61
136424;61
136547;61
136663;61
136785;61
136900;61
137026;61
137142;61
137257;61
137385;61
137503;61
137643;61
137767;61
137881;61
138040;61
138181;61
138327;61
138440;61
138581;61
138794;61
138980;61
139148;61
139259;61
139402;61
139540;61
139672;61
139779;61
139890;61
140000;61
140102;61
140208;61
140340;61
140444;61
140549;61
140651;61
140760;61
140866;61
140976;61
141080;61
141217;61
141332;61
141448;61
141556;61
141664;61
141798;61
141902;61
142072;61
142275;61
142449;61
142651;61
142806;61
142930;61
143055;61
143170;61
143276;61
143382;61
143512;61
143624;61
143743;61
143862;61
143964;61
144078;61
144184;61
144284;61
144410;61
144539;61
144668;61
144776;61
144896;61
145026;61
145137;61
145263;61
145368;61
145512;61
145612;61
145714;61
145815;61
145922;61
146048;61
146151;61
146261;61
146366;61
146483;61
146590;61
146694;61
146801;61
147194;61
147295;61
147427;61
147530;61
147637;61
147746;61
147853;61
147964;61
148069;61
148180;61
148314;61
148422;61
148530;61
148638;61
148773;61
148875;61
148976;61
149107;61
149240;61
149351;61
149458;61
149560;61
149675;61
149778;61
149886;61
150048;61
150156;61
150268;61
150372;61
150471;61
150573;61
150681;61
150807;61
