157;261
252;261
306;261
356;261
432;261
476;261
514;261
580;261
633;261
684;261
739;261
777;261
823;261
876;261
934;261
1000;261
1048;261
1084;261
1120;261
1155;261
1193;261
1229;261
1283;261
1348;261
1387;261
1430;261
1467;261
1505;261
1546;261
1584;261
1632;261
1688;261
1749;261
1809;261
1861;261
1911;261
1965;261
2010;261
2047;261
2090;261
2128;261
2164;261
2201;261
2238;261
2278;261
2330;261
2367;261
2402;261
2443;261
2479;261
2516;261
2559;261
2598;261
2634;261
2674;261
2711;261
2748;261
2785;261
2821;261
2856;261
2892;261
2929;261
2964;261
2999;261
3035;261
3068;261
3106;261
3160;261
3211;261
3262;261
3318;261
3371;261
3418;261
3464;261
3513;261
3546;261
3581;261
3613;261
3645;261
3682;261
3723;261
3756;261
3788;261
3819;261
3861;261
3895;261
3928;261
3961;261
4004;261
4037;261
4070;261
4106;261
4138;260
4181;260
4215;260
4253;260
4287;260
4334;260
4367;260
4406;260
4442;260
4475;260
4511;260
4544;260
4577;260
4610;260
4642;260
4674;260
4708;260
4745;260
4781;260
4833;260
4866;260
4900;260
4951;260
4987;260
5042;260
5085;260
5120;260
5153;260
5185;260
5226;260
5273;260
5324;263
5373;263
5422;263
5469;263
5522;263
5577;263
5632;263
5682;263
5734;263
5779;263
5826;263
5881;263
5913;263
5944;263
5977;263
6013;263
6044;263
6080;263
6116;263
6150;263
6182;263
6215;263
6247;263
6286;263
6320;263
6373;263
6411;263
6450;263
6484;263
6516;263
6548;263
6582;263
6617;263
6650;263
6686;263
6722;263
6762;263
6794;263
6827;263
6861;263
6892;263
6925;263
6960;263
6997;263
7041;263
7090;263
7129;260
7163;260
7206;260
7237;260
7277;260
7312;260
7343;260
7376;260
7409;260
7441;260
7472;260
7507;260
7542;260
7578;259
7615;259
7648;259
7680;259
7712;259
7744;259
7782;259
7818;259
7855;259
7906;260
7946;260
7981;260
8015;260
8047;260
8085;260
8124;260
8160;260
8192;260
8224;260
8256;260
8289;260
8320;260
8352;260
8390;260
8423;260
8455;260
8487;259
8528;259
8558;259
8590;259
8622;259
8659;259
8690;259
8721;259
8755;259
8787;259
8820;259
8856;259
8888;259
8921;259
8954;259
8991;259
9024;259
9076;259
9117;259
9152;259
9185;259
9217;258
9254;258
9286;258
9329;258
9362;258
9397;258
9445;258
9482;258
9514;258
9547;258
9584;258
9616;258
9654;258
9689;258
9725;258
9761;258
9796;258
9832;258
9864;258
9896;258
9933;258
9970;258
10003;258
10043;258
10081;258
10120;258
10153;258
10184;258
10220;258
10253;258
10290;258
10325;258
10360;258
10398;258
10430;258
10462;258
10496;258
10528;258
10561;258
10594;258
10627;258
10662;258
10695;258
10735;258
10772;258
10807;258
10839;258
10872;258
10905;258
10945;258
11000;258
11032;258
11093;258
11135;258
11167;258
11199;258
11234;258
11267;258
11303;258
11335;258
11367;258
11402;258
11434;256
11467;256
11500;256
11533;256
11569;256
11604;256
11637;256
11672;256
11705;256
11741;256
11777;256
11810;256
11846;256
11879;256
11912;256
11961;256
11993;256
12027;256
12067;256
12103;256
12134;256
12167;256
12199;256
12232;256
12269;256
12304;256
12340;256
12372;256
12407;256
12439;256
12472;256
12515;256
12558;256
12591;256
12622;256
12658;256
12691;256
12726;256
12759;256
12791;256
12823;256
12855;256
12887;256
12921;256
12955;256
12987;256
13021;256
13057;256
13094;256
13129;256
13178;256
13212;256
13246;256
13280;256
13313;256
13349;256
13382;256
13418;256
13450;256
13481;256
13512;256
13544;256
13576;256
13608;256
13647;256
13679;256
13712;256
13745;256
13781;256
13814;256
13853;256
13889;256
13928;260
13970;260
14002;260
14036;260
14087;260
14119;260
14151;260
14188;260
14231;260
14268;260
14301;260
14341;260
14373;260
14405;260
14437;260
14480;260
14514;260
14548;260
14582;260
14624;260
14662;260
14695;260
14728;260
14763;260
14800;260
14838;260
14879;260
14920;260
14958;260
14991;260
15027;260
15060;260
15092;260
15128;260
15164;260
15198;260
15232;260
15267;260
15305;260
15341;260
15373;260
15408;261
15441;260
15474;260
15511;260
15545;260
15576;260
15611;260
15644;260
15679;260
15711;260
15743;260
15775;260
15808;260
15838;260
15870;260
15902;260
15936;260
15969;260
16005;260
16038;260
16070;260
16105;260
16138;260
16171;260
16209;260
16242;260
16273;260
16308;260
16338;260
16370;260
16410;260
16441;260
16477;260
16508;260
16540;260
16573;260
16608;260
16639;260
16671;260
16702;260
16735;260
16766;260
16806;260
16837;260
16869;260
16906;260
16947;260
16979;260
17011;260
17043;260
17078;260
17131;260
17171;260
17202;260
17236;260
17267;260
17299;260
17335;260
17374;261
17404;261
17438;261
17481;261
17513;260
17544;260
17576;260
17618;260
17659;260
17690;260
17725;260
17758;260
17791;260
17826;260
17861;260
17892;260
17924;260
17956;260
17988;260
18022;260
18057;260
18089;260
18121;260
18154;260
18186;260
18219;260
18251;260
18287;260
18317;260
18350;260
18381;260
18412;260
18445;260
18485;260
18523;261
18559;261
18590;261
18626;261
18660;261
18693;261
18725;261
18757;261
18788;261
18820;261
18858;261
18891;261
18924;261
18961;261
18992;261
19024;261
19063;261
19096;261
19130;261
19164;261
19195;261
19230;261
19265;261
19297;261
19328;261
19361;261
19401;261
19444;261
19475;261
19510;261
19545;260
19577;260
19620;260
19656;260
19693;260
19726;260
19762;260
19794;260
19826;260
19861;260
19894;260
19925;260
19957;260
19993;260
20025;260
20063;260
20095;260
20135;260
20167;259
20201;259
20234;259
20281;259
20317;259
20350;259
20385;259
20417;259
20449;259
20480;259
20513;259
20546;259
20579;259
20616;259
20646;259
20679;259
20715;259
20749;259
20793;259
20827;259
20859;259
20890;259
20927;259
20964;259
21014;259
21047;259
21079;259
21112;259
21146;259
21180;259
21212;259
21248;259
21280;259
21315;259
21359;259
21391;259
21424;259
21457;259
21496;259
21532;259
21565;259
21600;259
21636;259
21667;259
21699;259
21739;259
21778;259
21810;259
21845;259
21875;259
21910;259
21952;259
22011;259
22045;259
22083;259
22115;259
22152;259
22188;259
22221;259
22259;259
22292;259
22325;259
22358;259
22390;259
22426;259
22459;259
22495;259
22528;259
22564;259
22596;259
22632;259
22665;259
22698;259
22732;259
22772;259
22806;259
22837;259
22868;259
22900;259
22932;259
22968;259
22998;259
23034;259
23070;259
23107;259
23141;259
23178;259
23210;259
23242;259
23275;259
23312;259
23347;259
23382;259
23415;259
23446;259
23477;259
23509;259
23544;259
23581;259
23613;259
23645;259
23677;259
23711;259
23743;259
23777;259
23809;259
23841;259
23876;259
23909;259
23949;259
23979;259
24014;259
24047;259
24079;259
24111;259
24148;259
24182;259
24214;259
24246;259
24278;259
24313;260
24344;260
24378;260
24411;260
24443;260
24482;260
24517;260
24547;260
24581;260
24615;260
24651;260
24683;260
24715;260
24754;260
24790;260
24823;260
24856;260
24891;260
24927;260
24964;260
24995;260
25030;260
25065;260
25098;260
25130;260
25167;260
25203;260
25234;260
25266;260
25300;260
25333;260
25364;260
25395;260
25428;260
25467;260
25498;260
25530;260
25584;260
25615;260
25645;260
25677;260
25710;260
25742;260
25777;260
25815;260
25848;260
25886;260
25920;260
25953;260
25987;260
26018;260
26051;260
26085;260
26120;260
26154;260
26189;260
26221;260
26252;260
26291;260
26325;260
26357;260
26390;260
26423;260
26462;260
26495;260
26527;260
26569;260
26600;260
26632;260
26668;260
26707;260
26735;260
26767;260
26802;260
26834;260
26870;259
26918;259
26951;259
26984;259
27018;259
27050;259
27082;259
27113;259
27149;259
27184;259
27219;259
27252;259
27285;259
27318;259
27350;259
27382;259
27412;259
27448;259
27479;259
27510;259
27541;259
27576;259
27609;259
27646;259
27678;259
27713;259
27748;259
27784;259
27816;259
27853;259
27887;259
27924;259
27960;259
27993;259
28025;256
28067;256
28099;256
28134;256
28166;256
28201;256
28236;256
28273;256
28306;256
28336;256
28368;256
28403;256
28437;256
28474;256
28510;256
28543;256
28575;256
28605;256
28638;256
28672;256
28705;256
28737;256
28772;256
28803;256
28841;256
28873;256
28906;256
28944;256
28981;256
29019;256
29055;256
29090;256
29121;256
29160;256
29198;256
29234;256
29271;256
29305;256
29344;259
29383;259
29417;259
29448;259
29480;259
29513;259
29549;259
29582;259
29617;259
29652;259
29687;259
29719;259
29758;259
29792;259
29822;259
29854;259
29900;259
29932;259
29969;259
30003;259
30038;259
30075;259
30105;259
30137;259
30170;259
30201;259
30236;259
30270;259
30302;259
30335;259
30372;259
30406;259
30441;259
30475;259
30514;259
30546;259
30578;259
30609;259
30641;259
30672;259
30709;259
30747;259
30789;259
30825;259
30858;259
30894;259
30931;259
30963;259
30998;259
31030;259
31062;259
31095;259
31127;259
31160;259
31194;259
31236;259
31267;259
31298;259
31330;259
31362;259
31400;259
31433;259
31479;259
31512;259
31544;259
31577;259
31612;259
31643;259
31676;259
31708;259
31740;259
31778;259
31817;259
31847;259
31878;259
31910;259
31953;259
31990;259
32022;259
32055;259
32087;259
32118;259
32152;259
32185;259
32217;259
32251;259
32287;259
32334;259
32369;259
32401;259
32441;259
32485;259
32522;260
32554;260
32590;260
32622;260
32652;260
32684;261
32720;262
32755;262
32792;262
32823;262
32854;262
32890;262
32934;262
32968;262
33000;262
33036;262
33069;262
33100;262
33132;262
33170;262
33202;262
33234;262
33273;262
33304;262
33337;262
33372;262
33405;262
33438;262
33472;262
33505;262
33539;262
33571;262
33604;262
33635;262
33670;262
33701;262
33734;262
33770;262
33801;262
33830;262
33862;262
33894;262
33925;262
33958;261
33992;261
34025;261
34062;260
34100;260
34132;260
34167;260
34202;260
34236;260
34268;260
34301;260
34333;260
34368;260
34398;260
34430;260
34463;260
34495;260
34532;260
34564;260
34606;260
34639;260
34670;260
34707;260
34739;260
34770;260
34801;260
34836;260
34871;260
34918;260
34956;260
34989;260
35022;260
35054;260
35085;260
35121;260
35152;260
35186;260
35220;260
35252;260
35284;260
35316;260
35348;260
35379;260
35416;260
35450;260
35486;260
35519;260
35555;260
35590;260
35626;260
35661;260
35693;260
35726;260
35758;260
35791;260
35827;260
35858;260
35890;260
35922;260
35955;260
35990;260
36020;260
36051;260
36087;260
36122;261
36155;261
36190;261
36224;261
36256;261
36292;261
36327;261
36360;261
36398;261
36430;261
36468;261
36498;261
36529;261
36561;261
36592;261
36632;261
36664;261
36699;261
36736;261
36771;261
36803;261
36834;261
36866;261
36904;261
36940;261
36973;261
37006;261
37056;261
37092;261
37123;263
37155;263
37197;263
37248;263
37280;263
37311;263
37343;263
37378;263
37419;263
37449;263
37480;263
37514;263
37545;263
37578;263
37614;263
37646;263
37677;263
37709;263
37744;264
37779;264
37807;264
37851;264
37884;262
37915;262
37947;262
37980;262
38012;262
38044;262
38077;262
38115;262
38147;261
38179;261
38211;261
38247;261
38282;261
38314;261
38349;261
38383;261
38420;261
38450;261
38481;261
38516;261
38548;261
38583;261
38622;261
38652;261
38683;261
38720;261
38752;261
38784;261
38816;261
38847;261
38880;261
38912;261
38949;261
38984;261
39015;261
39047;261
39086;261
39118;261
39153;261
39186;261
39219;261
39255;261
39287;261
39327;261
39362;261
39398;265
39437;265
39468;260
39499;260
39531;260
39563;260
39595;260
39625;260
39667;260
39702;260
39735;260
39766;260
39797;260
39829;260
39870;260
39901;260
39933;260
39965;260
39997;260
40027;260
40059;260
40092;260
40125;260
40160;260
40191;260
40223;260
40254;260
40294;260
40325;260
40359;260
40391;260
40424;260
40457;260
40489;260
40525;260
40556;260
40591;260
40626;260
40657;260
40690;260
40721;260
40749;260
40784;260
40815;260
40850;260
40885;260
40919;260
40953;260
40985;260
41020;260
41053;260
41087;260
41119;260
41151;260
41196;260
41230;260
41262;260
41293;260
41323;260
41356;260
41391;260
41427;260
41463;260
41494;260
41527;260
41559;260
41591;260
41626;260
41659;260
41692;260
41724;260
41755;260
41786;260
41820;260
41853;260
41885;260
41919;260
41954;260
41985;260
42019;259
42053;259
42085;259
42117;259
42156;259
42187;259
42222;259
42259;259
42290;259
42322;259
42357;259
42388;259
42424;259
42457;259
42489;259
42525;259
42560;259
42597;259
42627;259
42663;259
42695;259
42727;259
42759;259
42790;259
42822;259
42858;259
42889;259
42927;259
42967;259
42998;259
43042;259
43070;259
43102;259
43139;259
43176;259
43212;259
43246;259
43277;259
43309;259
43341;259
43378;259
43413;259
43445;259
43477;259
43508;259
43539;259
43571;259
43605;259
43638;259
43670;259
43701;259
43733;259
43768;259
43800;259
43832;259
43870;259
43906;259
43939;259
43975;259
44006;259
44039;259
44075;259
44108;258
44144;259
44175;259
44207;259
44242;259
44274;259
44307;259
44342;259
44373;259
44405;259
44438;259
44469;259
44502;259
44537;259
44569;259
44608;259
44639;259
44675;259
44710;259
44742;259
44776;259
44808;259
44841;259
44876;259
44913;259
44948;259
44981;259
45016;259
45048;259
45087;259
45119;259
45152;259
45184;259
45217;259
45251;259
45287;259
45321;259
45356;259
45390;259
45421;259
45452;259
45484;259
45516;259
45548;259
45580;259
45613;259
45645;259
45680;259
45715;259
45746;259
45781;259
45812;259
45843;259
45874;259
45910;259
45945;259
45983;259
46015;259
46046;259
46078;259
46111;259
46143;259
46180;259
46221;259
46266;259
46297;259
46325;259
46360;259
46391;259
46423;259
46454;259
46489;259
46518;259
46549;259
46582;259
46618;259
46654;259
46685;259
46716;259
46751;259
46783;259
46821;259
46852;259
46882;259
46914;259
46948;259
46980;259
47012;259
47045;259
47082;259
47114;259
47149;259
47184;259
47220;259
47255;259
47288;259
47327;259
47362;259
47399;259
47433;259
47466;259
47498;259
47532;259
47571;259
47603;259
47636;259
47671;259
47707;259
47738;259
47772;259
47805;259
47837;259
47873;259
47905;259
47940;259
47977;259
48017;259
48049;259
48085;259
48116;259
48149;259
48181;259
48217;259
48250;259
48285;259
48313;259
48344;259
48376;259
48411;259
48444;259
48480;259
48515;259
48551;259
48582;259
48614;259
48648;259
48683;259
48714;259
48747;259
48778;259
48817;259
48847;259
48883;259
48913;259
48947;259
48981;259
49014;259
49046;259
49078;258
49110;258
49140;258
49172;258
49203;258
49238;258
49277;258
49312;258
49344;258
49376;258
49407;258
49444;258
49476;258
49508;258
49543;258
49574;258
49606;258
49638;258
49672;258
49708;258
49745;258
49784;258
49823;258
49855;258
49887;258
49922;258
49963;258
50002;258
50036;258
50067;258
50097;258
50132;258
50164;258
50196;258
50227;258
50258;258
50290;258
50324;258
50361;258
50393;258
50430;258
50461;258
50493;258
50526;258
50566;258
50598;258
50631;258
50662;258
50694;258
50730;258
50767;258
50804;258
50839;258
50870;258
50907;258
50945;258
50993;258
51062;258
51113;258
51177;258
51213;258
51253;258
51287;258
51318;258
51350;258
51384;258
51417;258
51450;258
51482;258
51519;258
51553;258
51588;258
51621;258
51654;258
51686;258
51722;258
51753;258
51786;258
51825;258
51862;258
51893;258
51929;258
51991;258
52049;258
52111;258
52164;258
52226;258
52278;258
52314;258
52349;258
52414;258
52452;258
52487;258
52518;258
52555;259
52587;259
52626;259
52659;259
52694;259
52728;259
52762;259
52799;259
52831;259
52866;259
52897;257
52941;257
52981;257
53013;257
53045;257
53077;257
53108;257
53143;257
53176;257
53209;257
53241;257
53286;257
53337;257
53367;257
53404;257
53438;257
53469;257
53498;257
53527;257
53562;257
53597;257
53633;257
53672;257
53705;257
53736;257
53774;257
53806;257
53840;257
53877;257
53916;257
53956;257
53988;257
54020;257
54057;257
54093;257
54128;258
54161;258
54196;258
54226;258
54257;258
54285;258
54316;258
54351;258
54383;258
54418;258
54454;258
54485;258
54523;258
54559;258
54593;258
54621;258
54656;258
54686;258
54721;258
54759;258
54795;258
54827;258
54859;258
54893;258
54933;258
54966;258
54997;258
55028;258
55059;258
55091;258
55122;258
55156;258
55189;258
55221;258
55252;258
55302;258
55359;258
55392;258
55425;258
55458;258
55490;258
55521;258
55552;258
55583;258
55614;258
55646;258
55679;258
55711;258
55742;258
55775;258
55807;258
55839;258
55870;258
55901;258
55936;258
55968;258
56004;258
56037;258
56067;258
56102;258
56138;258
56173;258
56205;258
56238;258
56269;258
56302;258
56334;258
56369;258
56401;258
56446;258
56476;258
56507;258
56538;258
56570;258
56605;258
56639;258
56675;258
56707;258
56744;258
56776;258
56807;258
56838;258
56882;258
56917;258
56951;258
56986;258
57022;258
57058;258
57088;258
57119;258
57153;258
57185;258
57221;258
57258;258
57302;258
57352;258
57389;258
57422;258
57454;258
57486;258
57522;258
57554;258
57586;258
57621;258
57654;258
57692;258
57722;258
57753;258
57786;258
57817;258
57848;258
57880;258
57917;258
57949;258
57986;258
58018;258
58051;258
58083;257
58116;257
58148;257
58180;257
58216;257
58246;257
58277;257
58309;257
58340;257
58374;257
58407;257
58439;257
58470;257
58508;257
58539;257
58571;257
58603;257
