154;235
340;236
437;236
529;236
675;236
755;236
835;236
911;236
998;236
1067;236
1145;236
1235;236
1330;236
1421;236
1507;236
1595;238
1682;238
1750;238
1830;238
1900;238
1967;238
2051;238
2126;238
2218;238
2299;238
2375;238
2440;238
2511;238
2575;238
2637;238
2702;238
2767;238
2845;238
2923;238
3019;238
3118;238
3197;238
3276;238
3360;238
3441;238
3524;238
3590;238
3652;238
3714;238
3790;238
3851;238
3911;238
3973;238
4042;238
4100;238
4177;238
4239;238
4310;238
4381;238
4443;238
4503;238
4569;238
4637;238
4697;237
4761;237
4824;237
4888;237
4959;237
5021;235
5080;235
5143;235
5205;235
5279;235
5338;235
5405;235
5466;235
5525;235
5609;235
5694;235
5781;235
5860;235
5949;235
6018;235
6079;235
6140;235
6209;235
6270;235
6334;235
6405;235
6465;235
6525;235
6591;235
6660;235
6723;235
6783;235
6853;235
6913;235
6989;235
7050;235
7112;235
7189;235
7248;235
7320;235
7377;235
7450;235
7519;235
7584;235
7647;235
7709;235
7777;235
7837;235
7896;235
7965;235
8033;235
8094;235
8164;235
8223;235
8289;235
8352;235
8436;235
8497;235
8557;235
8626;235
8700;235
8768;235
8827;235
8888;235
8948;235
9022;235
9085;235
9147;235
9209;235
9277;235
9339;235
9408;235
9467;235
9528;235
9597;235
9668;235
9728;235
9802;235
9875;235
9935;235
10006;237
10067;237
10126;237
10200;237
10259;237
10318;237
10391;237
10470;237
10532;237
10592;237
10661;237
10723;236
10788;236
10859;236
10921;236
10984;236
11043;236
11105;236
11167;236
11231;236
11292;236
11357;236
11420;236
11489;236
11550;236
11629;236
11688;236
11757;236
11816;236
11885;236
11959;236
12031;236
12092;236
12151;236
12213;236
12271;236
12352;236
12412;236
12472;236
12531;236
12598;236
12658;236
12718;236
12778;235
12838;235
12909;235
12983;235
13057;235
13126;235
13191;235
13260;237
13329;237
13388;237
13459;237
13516;237
13590;237
13705;237
13795;237
13857;237
13931;237
13991;237
14060;237
14149;237
14211;237
14271;237
14346;237
14434;237
14500;237
14563;237
14623;238
14685;238
14744;238
14823;238
14885;238
14954;238
15021;238
15081;238
15150;238
15210;238
15268;238
15327;238
15386;238
15445;238
15519;238
15596;238
15664;238
15734;238
15793;238
15852;238
15923;238
15995;238
16055;238
16113;238
16177;238
16246;238
16321;238
16382;238
16445;238
16504;238
16578;238
16644;238
16704;238
16769;238
16829;238
16889;238
16948;238
17010;238
17069;238
17128;238
17189;238
17251;237
17310;237
17376;237
17446;237
17513;237
17572;237
17632;237
17698;237
17760;237
17829;237
17889;237
17948;237
18021;237
18080;237
18138;237
18199;237
18258;237
18319;237
18383;237
18443;237
18517;237
18579;238
18641;238
18702;237
18771;237
18840;237
18928;237
18990;237
19059;237
19132;237
19207;237
19266;237
19328;237
19397;237
19459;237
19555;237
19662;237
19745;237
19863;237
19932;237
19992;237
20051;237
20109;237
20180;237
20241;237
20299;237
20359;237
20428;237
20489;237
20551;237
20620;237
20679;237
20752;237
20814;237
20888;237
20955;237
21016;237
21078;237
21137;237
21196;237
21258;237
21327;237
21396;237
21456;237
21515;237
21589;237
21658;237
21717;237
21776;237
21837;237
21897;237
21958;237
22028;237
22091;237
22150;237
22213;237
22277;237
22344;237
22406;237
22468;237
22529;237
22592;237
22651;237
22720;237
22782;237
22851;237
22916;237
23000;237
23059;237
23128;237
23202;237
23262;237
23323;237
23387;237
23447;237
23508;237
23608;237
23665;237
23727;237
23795;237
23882;237
23941;237
24008;237
24068;237
24147;237
24210;237
24276;237
24337;237
24398;237
24460;237
24528;237
24602;237
24671;237
24730;237
24803;237
24861;237
24920;237
24981;237
25050;237
25128;237
25198;237
25271;237
25340;237
25410;237
25471;237
25533;237
25597;237
25657;237
25719;237
25782;237
25861;237
25917;236
25978;236
26040;236
26104;236
26167;236
26237;236
26297;236
26395;236
26458;236
26526;236
26588;236
26660;236
26733;236
26796;236
26855;236
26916;236
26980;237
27041;237
27099;237
27160;237
27219;237
27280;237
27357;237
27418;237
27491;237
27563;237
27627;237
27688;237
27747;237
27815;238
27876;238
27945;238
28005;238
28066;238
28124;238
28193;238
28252;238
28320;238
28386;238
28450;238
28508;238
28568;238
28637;238
28699;238
28770;238
28831;238
28892;238
28952;238
29010;238
29078;238
29145;238
29203;238
29264;238
29340;238
29408;238
29480;238
29541;238
29599;238
29667;238
29745;238
29806;238
29874;238
29932;238
29997;238
30054;238
30112;238
30172;238
30240;238
30303;238
30362;238
30421;238
30498;238
30570;238
30629;238
30691;238
30752;238
30810;239
30870;239
30929;239
30987;239
31048;239
31106;239
31171;239
31228;239
31289;239
31357;239
31415;239
31476;239
31534;239
31595;239
31673;239
31731;239
31795;239
31853;239
31911;239
31971;239
32027;239
32089;239
32157;239
32218;239
32277;238
32344;238
32419;238
32481;238
32538;238
32612;238
32679;238
32745;239
32804;239
32862;239
32934;239
33008;239
33066;239
33135;239
33193;239
33279;239
33337;239
33399;239
33458;239
33554;239
33621;239
33681;239
33739;239
33798;239
33858;239
33920;239
33987;239
34055;239
34113;239
34184;239
34269;239
34326;239
34410;239
34481;239
34540;239
34599;239
34666;239
34727;239
34801;239
34859;239
34917;238
34984;238
35053;238
35121;238
35198;238
35266;238
35334;238
35414;238
35491;237
35550;237
35610;237
35668;237
35740;237
35797;237
35858;237
35932;237
36001;237
36069;237
36129;237
36190;237
36257;237
36352;236
36409;236
36469;236
36528;236
36595;236
36668;236
36741;236
36801;236
36868;236
36942;236
37003;236
37060;236
37120;236
37213;236
37272;236
37333;236
37398;236
37459;236
37536;236
37606;236
37663;236
37726;236
37801;236
37866;236
37924;236
37985;236
38052;236
38113;236
38187;236
38244;236
38302;236
38364;236
38428;236
38494;236
38562;236
38620;236
38684;236
38740;236
38800;236
38873;236
38944;236
39008;236
39076;236
39136;236
39196;236
39253;236
39330;236
39389;236
39457;236
39516;236
39585;236
39649;236
39707;236
39765;236
39825;236
39893;236
39963;236
40027;236
40086;236
40149;236
40205;236
40265;236
40324;236
40382;236
40465;236
40526;236
40601;236
40658;236
40718;236
40784;236
40872;236
40960;236
41025;236
41097;236
41158;236
41217;236
41285;236
41344;235
41411;235
41472;235
41529;235
41598;236
41660;236
41722;236
41781;236
41843;236
41915;236
41991;236
42052;236
42111;236
42172;236
42233;236
42290;236
42359;236
42422;236
42493;236
42565;236
42625;236
42683;236
42742;236
42801;236
42869;236
42928;236
42992;236
43058;236
43116;236
43179;236
43238;236
43297;236
43356;236
43417;236
43480;236
43556;236
43619;236
43677;236
43758;236
43822;236
43881;236
43949;236
44009;236
44067;236
44130;236
44186;236
44244;236
44305;236
44370;236
44430;236
44496;236
44558;236
44616;236
44679;236
44738;236
44806;236
44873;236
44931;236
45007;236
45078;236
45145;236
45206;236
45280;236
45339;236
45402;236
45461;236
45529;236
45596;236
45655;236
45714;236
45780;236
45848;236
45925;236
45993;236
46062;236
46149;236
46213;236
46271;236
46343;236
46400;236
46461;236
46562;236
46635;236
46694;236
46753;236
46818;236
46879;236
46946;236
47016;236
47072;236
47130;236
47219;236
47281;236
47350;236
47414;236
47474;236
47534;236
47593;236
47670;236
47730;236
47799;236
47856;236
47933;236
48006;236
48077;236
48138;236
48212;236
48272;236
48330;236
48389;236
48448;236
48518;236
48600;236
48661;236
48722;236
48781;236
48848;236
48911;236
48970;236
49028;236
49106;236
49197;236
49255;236
49321;236
49381;236
49440;236
49518;236
49580;236
49651;236
49711;236
49804;236
49865;236
49924;236
50001;236
50070;236
50133;236
50214;236
50314;236
50386;236
50457;236
50533;236
50624;236
50682;236
50755;236
50817;236
50875;236
50935;236
51008;236
51069;236
51130;236
51191;236
51260;236
51319;236
51387;236
51457;236
51530;236
51607;236
51667;236
51726;236
51784;236
51852;236
51919;236
51987;236
52048;236
52105;236
52167;236
52255;236
52334;236
52408;236
52465;236
52526;236
52631;236
52705;236
52779;236
52850;236
52920;236
52991;236
53049;236
53108;236
53176;236
53244;236
53312;236
53385;236
53453;236
53520;236
53578;236
53638;236
53697;236
53757;236
53816;236
53875;236
53947;236
54013;236
54071;236
54129;236
54219;236
54297;236
54357;236
54416;236
54482;236
54539;236
54642;236
54706;236
54773;236
54840;236
54911;236
54983;236
55059;236
55164;236
55245;236
55318;236
55387;236
55449;236
55513;236
55589;236
55659;236
55721;236
55801;236
55862;236
55924;236
55988;236
56060;236
56125;236
56188;236
56250;236
56311;236
56387;236
56451;236
56514;236
56580;236
56659;236
56738;236
56816;236
56877;236
56939;236
57007;236
57068;236
57129;236
57188;236
57278;236
57365;236
57429;236
57486;236
57548;236
57613;236
57681;236
57749;236
57818;236
57886;238
57954;238
58013;238
58071;238
58131;238
58208;238
58269;238
58325;238
58394;238
58455;238
58524;238
58605;238
58681;238
58740;238
58805;238
58864;238
58923;238
58984;238
59044;238
59110;238
59172;238
59240;238
59308;238
59373;238
59435;238
59496;238
59556;238
59647;238
59710;238
59782;238
59840;238
59899;238
59991;238
60052;238
60120;238
60180;238
60255;238
60314;238
60377;238
60446;238
60516;238
60574;238
60636;238
60694;238
60763;238
60821;238
60879;238
60938;238
61006;238
61064;238
61132;238
61212;238
61271;238
61332;238
61419;238
61478;238
61546;238
61614;238
61673;238
61732;238
61804;238
61877;238
61937;238
61994;238
62055;238
62113;238
62172;238
62233;238
62294;238
62352;238
62424;238
62492;238
62553;238
62652;238
62718;238
62779;238
62847;238
62908;238
62971;238
63032;238
63090;238
63149;238
63207;238
63268;238
63354;238
63417;238
63476;238
63544;238
63613;238
63669;238
63730;238
63789;238
63853;238
63914;238
63976;238
64058;238
64152;238
64261;238
64330;238
64404;238
64475;238
64551;238
64613;238
64694;238
64795;238
64877;238
64942;239
65001;239
65059;239
65144;239
65204;239
65262;239
65320;239
65386;239
65455;239
65518;239
65584;239
65642;239
65700;239
65761;239
65822;239
65881;239
65939;239
66012;239
66070;239
66138;239
66205;239
66277;239
66341;239
66401;239
66462;239
66521;239
66587;239
66659;239
66721;239
66779;239
66840;239
66898;239
66956;239
67015;239
67075;239
67134;239
67206;239
67267;239
67336;239
67397;239
67457;239
67515;239
67574;239
67633;239
67701;239
67780;239
67836;239
67897;239
67965;241
68044;241
68103;241
68163;241
68222;241
68280;241
68339;241
68402;241
68485;241
68541;241
68602;241
68666;241
68725;241
68793;241
68861;241
68944;241
69006;241
69064;241
69122;241
69186;241
69252;241
69312;241
69370;241
69430;241
69490;241
69563;241
69628;241
69696;241
69756;241
69827;241
69884;241
69955;241
70022;241
70081;241
70140;241
70207;241
70269;241
70329;241
70407;241
70462;241
70519;241
70577;241
70638;241
70700;241
70766;241
70827;241
70888;241
70946;241
71009;241
71069;241
71138;241
71193;241
71251;240
71313;240
71377;240
71448;240
71527;240
71583;240
71644;240
71712;240
71780;240
71839;240
71897;240
71956;240
72031;240
72100;240
72159;240
72226;240
72311;239
72379;239
72440;239
72508;239
72573;239
72635;239
72717;239
72784;239
72843;239
72911;239
72972;239
73030;239
73094;239
73155;239
73216;241
73276;241
73335;241
73403;241
73462;241
73520;241
73583;241
73670;241
73779;241
73851;241
73919;241
73980;241
74039;241
74103;241
74173;241
74231;241
74290;241
74350;241
74416;241
74475;241
74535;241
74604;241
74697;241
74766;241
74823;241
74880;241
74942;241
75014;241
75079;241
75150;241
75212;241
75272;241
75333;241
75394;241
75462;241
75526;241
75590;241
75652;241
75713;241
75774;239
75832;239
75891;239
75950;239
76010;239
76069;239
76131;239
76194;239
76258;239
76317;239
76375;239
76434;239
76502;239
76560;239
76627;239
76688;239
76751;239
76812;239
76870;239
76932;239
76988;239
77046;239
77107;239
77168;239
77241;239
77302;239
77363;239
77423;239
77491;239
77560;239
77644;239
77705;239
77773;239
77834;239
77893;239
77952;239
78013;239
78074;239
78135;239
78198;239
78258;239
78335;239
78396;239
78468;239
78536;239
78602;239
78662;239
78727;239
78787;239
78852;239
78909;239
78970;239
79029;239
79087;239
79157;238
79221;238
79281;238
79358;238
79419;238
79491;238
79614;238
79699;238
79784;238
79893;238
79955;238
80015;238
80088;238
80142;238
80203;238
80278;238
80352;238
80415;238
80485;238
80546;238
80604;238
80663;238
80740;238
80805;238
80882;238
80941;238
81006;238
81064;238
81133;238
81194;238
81255;238
81313;238
81374;238
81434;238
81493;238
81564;238
81622;238
81682;238
81751;238
81831;238
81904;238
81973;238
82052;238
82112;238
82186;238
82247;238
82306;238
82364;238
82425;238
82491;238
82560;238
82632;238
82690;239
82754;239
82817;239
82878;239
82947;239
83007;239
83065;239
83123;239
83196;239
83256;238
83319;238
83394;238
83472;238
83528;238
83588;238
83646;238
83705;238
83774;238
83842;238
83901;238
83964;238
84022;238
84083;238
84141;238
84208;238
84269;238
84330;238
84404;238
84463;238
84523;238
84587;238
84655;238
84716;238
84780;238
84851;238
84912;238
84984;238
85052;238
85110;238
85171;238
85301;238
85387;238
85449;238
85511;238
85573;238
85634;238
85696;238
85757;238
85848;238
85917;238
85977;238
86035;238
86093;238
86155;238
86216;238
86286;238
86345;238
86408;238
86476;238
86537;238
86606;238
86675;238
86737;238
86798;238
86875;238
86943;238
87006;238
87064;238
87132;238
87194;238
87265;238
87352;238
87409;238
87472;238
87530;238
87599;237
87658;237
87719;237
87787;237
87848;237
87912;237
87971;237
88030;237
88088;237
88149;237
88221;237
88279;237
88338;237
88405;237
88463;237
88524;237
88593;237
88661;237
88723;237
88791;237
88859;237
88928;237
88989;237
89047;237
89109;237
89170;237
89243;237
89302;237
89363;237
89428;237
89506;237
89588;237
89692;237
89756;237
89816;237
89875;237
89934;237
90000;237
90060;236
90119;236
90177;236
90235;236
90296;236
90355;236
90423;236
90482;236
90542;236
90612;236
90684;236
90743;236
90824;236
90882;236
90956;236
91016;234
91083;234
91143;234
91206;234
91265;234
91323;234
91383;234
91444;234
91518;234
91596;234
91654;234
91715;234
91778;234
91837;234
91895;234
91954;234
92012;234
92070;234
92140;234
92201;234
92286;234
92352;234
92414;234
92478;234
92536;234
92594;234
92654;234
92722;234
92783;234
92857;234
92917;234
92978;234
93042;234
93110;234
93178;234
93247;234
93305;234
93379;234
93439;234
93511;234
93591;234
93658;234
93718;234
93776;234
93835;234
93902;234
93992;234
94054;234
94112;234
94174;234
94251;234
94309;234
94367;234
94427;234
94496;234
94565;234
94642;234
94701;234
94772;234
94854;234
94918;234
94975;234
95036;234
95097;234
95170;234
95228;234
95289;234
95382;234
95441;234
95511;234
95572;234
95636;234
95705;234
95768;234
95836;234
95895;234
95954;234
96018;234
96077;234
96153;234
96209;234
96266;234
96324;234
96382;234
96443;234
96504;234
96588;234
96647;234
96716;234
96796;234
96857;234
96915;234
96993;234
97053;234
97122;234
97195;234
97256;234
97324;234
97403;234
97469;234
97527;234
97587;234
97647;234
97716;234
97778;234
97845;234
97905;234
97966;234
98024;234
98082;234
98140;234
98201;234
98260;234
98320;234
98384;234
98442;234
98504;234
98565;234
98645;234
98704;234
98762;234
98825;234
98893;234
98951;234
99014;234
99073;234
99141;234
99199;234
99259;234
99318;234
99379;234
99447;234
99506;234
99571;234
99641;234
99709;234
99768;234
99827;234
99886;234
99945;234
100018;234
100076;234
100141;234
100205;234
100266;234
100324;234
100384;234
100458;234
100519;234
100580;234
100646;234
100706;234
100776;234
100850;234
100911;234
100972;234
101030;234
101098;234
101157;234
101215;234
101273;234
101331;234
101396;234
101457;234
101521;234
101577;234
101636;234
101696;234
101755;234
101815;234
101876;234
101937;234
102013;234
102071;234
102128;234
102186;234
102244;234
102302;234
102369;234
102433;234
102491;234
102550;234
102621;234
102682;234
102750;234
102830;234
102917;234
102975;234
103034;234
103094;234
103152;234
103217;234
103284;234
103346;234
103405;234
103473;234
103534;234
103602;234
103670;234
103728;234
103792;234
103850;234
103911;234
103978;234
104051;234
104112;234
104191;234
104258;234
104326;234
104400;234
104469;234
104534;234
104594;234
104652;234
104723;234
104784;234
104847;234
104905;234
104968;234
105031;234
105090;234
105148;234
105221;234
105288;234
105357;234
105430;234
105508;234
105570;234
105637;234
105704;234
105780;234
105851;234
105911;234
105972;234
106033;234
106094;234
106153;234
106218;234
106279;234
106337;234
106395;234
106468;234
106541;234
106605;234
106672;234
106739;234
106805;234
106870;234
106929;234
106990;234
107048;234
107116;234
107174;234
107242;234
107318;234
107409;234
107470;234
107529;234
107598;234
107659;234
107721;234
107786;234
107851;234
107905;234
107978;234
108042;234
108113;234
108181;234
108241;234
108295;234
108354;234
108422;234
108480;234
108562;234
108637;234
108698;234
108757;234
108825;234
108897;234
108958;234
109016;234
109077;234
109137;234
109203;234
109318;234
109393;234
109454;234
109512;234
109571;234
