302;4378
470;4297
576;4297
702;3982
782;3952
876;3936
983;3762
1079;3654
1144;3646
1217;3646
1296;3584
1397;3542
1462;3502
1534;3486
1596;3486
1676;3412
1744;3412
1815;3318
1888;3318
1974;3301
2039;3301
2102;3204
2200;2979
2295;2812
2362;2812
2428;2812
2531;2812
2594;2812
2656;2812
2733;2636
2797;2497
2891;2175
2952;2175
3013;2175
3075;2175
3142;2175
3230;2150
3325;1980
3408;1936
3492;1936
3578;1842
3675;1842
3777;1842
3847;1821
3904;1821
3962;1821
4025;1821
4092;1772
4146;1685
4202;1685
4256;1685
4311;1685
4371;1685
4437;1685
4495;1685
4556;1685
4621;1608
4689;1567
4774;1496
4851;1496
4906;1480
4962;1480
5018;1383
5073;1309
5131;1309
5194;1243
5256;1242
5315;1242
5381;1242
5444;1242
5504;1242
5562;1242
5619;1242
5675;1242
5751;1242
5823;1242
5903;1242
5991;1242
6086;1242
6141;1242
6204;1152
6259;1152
6316;1152
6374;1152
6438;1152
6494;1152
6549;1152
6607;1152
6667;1152
6726;1152
6783;1152
6848;1152
6907;1152
6967;1152
7046;1078
7103;1078
7159;1078
7217;1078
7277;1078
7342;965
7400;965
7457;965
7515;965
7571;965
7634;965
7702;889
7760;889
7816;889
7874;889
7931;889
7988;889
8045;889
8103;889
8162;889
8218;889
8277;864
8333;864
8391;862
8454;862
8529;813
8606;773
8662;773
8717;773
8785;773
8839;773
8896;773
8951;773
9008;773
9065;773
9122;773
9181;773
9239;773
9304;773
9376;773
9433;773
9489;774
9555;717
9612;717
9670;717
9731;717
9786;717
9840;717
9897;717
9960;675
10029;675
10094;675
10156;675
10212;675
10266;675
10331;675
10388;675
10448;675
10506;675
10574;675
10631;675
10689;675
10745;675
10802;675
10865;674
10939;674
10993;674
11055;674
11117;674
11172;674
11227;674
11284;674
11340;674
11411;593
11474;593
11541;531
11602;531
11660;531
11725;495
11789;495
11847;495
11904;495
11960;496
12016;496
12080;495
12139;495
12198;495
12256;495
12312;495
12379;495
12449;416
12520;416
12582;416
12637;416
12695;416
12751;416
12814;416
12872;416
12930;416
12987;416
13046;416
13107;416
13167;416
13231;416
13306;416
13394;416
13480;416
13571;416
13646;416
13729;416
13801;416
13864;416
13921;416
13992;416
14049;416
14107;416
14179;416
14238;416
14298;416
14363;387
14436;387
14513;387
14590;387
14700;387
14789;387
14880;387
14954;387
15024;322
15091;322
15156;322
15231;322
15292;322
15350;322
15410;322
15470;322
15531;322
15589;322
15649;322
15707;322
15763;322
15820;322
15889;321
15945;321
16012;321
16086;321
16163;321
16245;321
16317;321
16375;321
16438;321
16493;321
16552;321
16619;321
16683;321
16759;321
16824;321
16886;321
16943;321
17006;320
17062;320
17133;320
17192;320
17247;320
17302;320
17370;320
17432;236
17487;236
17545;236
17609;236
17689;236
17749;236
17820;236
17891;236
17956;236
18017;236
18073;236
18136;236
18198;236
18253;236
18308;236
18363;236
18420;236
18475;236
18534;236
18592;236
18649;236
18723;236
18778;236
18838;236
18897;236
18952;236
19009;236
19072;236
19127;236
19197;236
19252;236
19312;236
19370;236
19428;236
19485;236
19546;236
19611;236
19672;236
19740;236
19796;236
19851;236
19915;236
19982;236
20045;236
20100;236
20157;236
20213;236
20270;236
20327;236
20383;236
20440;236
20506;236
20580;236
20644;236
20700;236
20755;236
20814;236
20871;236
20928;236
20983;236
21040;236
21096;236
21161;236
21218;236
21276;236
21335;236
21399;236
21454;236
21511;236
21577;236
21643;236
21711;236
21781;236
21844;236
21901;236
21966;236
22035;236
22103;236
22166;236
22222;236
22280;236
22337;236
22409;236
22465;236
22523;236
22581;236
22635;236
22694;236
22753;236
22825;236
22892;236
22947;236
23014;236
23068;236
23131;236
23194;236
23250;236
23328;236
23394;236
23452;236
23527;236
23588;236
23645;236
23708;236
23771;236
23826;236
23890;236
23949;236
24006;236
24069;236
24131;236
24188;236
24250;236
24304;236
24361;236
24418;236
24495;236
24553;236
24611;236
24667;236
24721;236
24785;236
24843;236
24904;236
24967;236
25023;236
25081;236
25136;236
25190;236
25248;236
25310;236
25367;236
25457;236
25519;236
25575;236
25629;236
25683;236
25738;236
25792;236
25848;236
25914;236
25976;236
26039;236
26094;236
26150;236
26204;236
26261;236
26330;236
26384;236
26438;236
26499;236
26565;236
26628;236
26685;236
26747;236
26801;236
26858;236
26923;236
26979;236
27046;236
27105;236
27159;236
27214;236
27270;236
27331;236
27388;236
27444;236
27498;236
27573;236
27626;236
27680;236
27749;236
27811;236
27865;236
27934;236
27988;236
28041;236
28095;236
28160;236
28219;236
28281;236
28335;236
28396;236
28458;236
28534;236
28595;236
28650;237
28707;237
28778;237
28845;237
28899;237
28953;237
29006;237
29063;237
29119;237
29173;237
29229;237
29295;237
29358;237
29414;237
29470;237
29533;237
29589;237
29651;237
29705;237
29759;237
29821;237
29899;237
29967;237
30021;237
30096;237
30163;237
30216;237
30270;237
30332;237
30386;237
30448;237
30505;237
30561;237
30626;237
30681;237
30743;237
30797;237
30852;237
30906;237
30972;237
31026;237
31080;237
31143;237
31207;237
31266;237
31323;237
31378;237
31434;237
31488;237
31555;237
31612;237
31680;237
31736;237
31804;237
31866;237
31920;237
31982;237
32035;237
32089;237
32151;237
32217;236
32271;236
32333;235
32395;235
32458;235
32512;235
32567;235
32633;235
32695;235
32751;235
32805;235
32859;235
32928;235
32992;235
33061;235
33119;235
33176;235
33229;235
33287;235
33344;235
33399;236
33454;236
33518;236
33571;236
33628;236
33689;236
33751;236
33805;236
33859;236
33914;236
33980;236
34046;236
34112;236
34181;236
34235;236
34296;236
34350;236
34412;236
34468;236
34537;236
34598;236
34664;236
34719;236
34774;236
34835;236
34889;236
34945;236
35007;236
35061;236
35126;236
35180;236
35237;236
35293;236
35347;236
35402;236
35467;236
35532;236
35602;236
35688;236
35764;236
35850;236
35919;236
35986;236
36077;236
36151;236
36222;236
36285;236
36348;236
36405;236
36462;236
36518;236
36583;236
36640;236
36699;236
36765;236
36837;236
36898;236
36952;236
37009;236
37064;236
37120;236
37177;236
37230;236
37286;235
37356;235
37415;235
37473;235
37530;235
37585;235
37646;235
37749;235
37827;235
37889;235
37945;235
38001;235
38067;235
38144;235
38207;235
38260;236
38322;236
38380;236
38437;236
38501;236
38565;236
38623;236
38698;236
38752;236
38807;236
38868;236
38938;236
39000;236
39053;236
39116;236
39177;236
39232;236
39290;236
39347;236
39403;236
39459;237
39515;237
39583;237
39658;237
39740;237
39840;237
39895;237
39948;237
40005;236
40061;236
40115;236
40174;236
40229;236
40284;236
40338;236
40407;236
40476;236
40535;236
40594;236
40651;236
40709;236
40766;236
40823;236
40891;236
40948;236
41009;236
41071;236
41125;236
41187;236
41248;236
41302;236
41359;236
41415;236
41473;236
41531;236
41592;236
41661;236
41718;236
41789;236
41843;236
41899;236
41954;236
42028;236
42115;236
42190;236
42260;236
42316;236
42376;236
42431;236
42486;236
42543;236
42612;236
42666;236
42733;236
42796;236
42853;236
42921;236
42985;236
43050;236
43106;236
43161;236
43229;236
43285;236
43342;236
43413;236
43472;236
43528;236
43585;236
43639;236
43700;236
43785;236
43888;236
43970;236
44025;236
44080;236
44152;236
44215;236
44271;237
44335;237
44392;237
44448;237
44506;237
44568;237
44625;237
44680;237
44743;237
44797;237
44859;237
44915;237
44969;237
45025;237
45087;237
45143;237
45200;237
45262;237
45320;237
45379;237
45444;237
45504;237
45563;237
45619;237
45677;237
45740;237
45796;237
45853;237
45914;237
45968;236
46022;236
46078;236
46134;236
46188;236
46244;236
46298;236
46352;236
46408;236
46464;236
46522;236
46579;236
46644;236
46701;236
46756;236
46812;236
46868;236
46925;236
46986;236
47043;236
47112;236
47169;236
47220;236
47276;236
47333;236
47390;236
47459;236
47525;236
47582;236
47645;236
47713;236
47771;236
47829;236
47886;236
47949;236
48018;236
48077;236
48131;236
48188;236
48250;236
48327;236
48384;236
48437;236
48505;236
48562;236
48628;236
48689;236
48746;236
48807;236
48901;236
48976;236
49044;236
49109;237
49180;237
49235;237
49292;237
49350;237
49432;237
49516;237
49576;237
49633;237
49697;237
49749;237
49805;237
49878;237
49942;237
50002;237
50060;237
50117;237
50183;237
50237;237
50292;237
50346;237
50401;237
50464;237
50534;237
50596;237
50658;237
50719;237
50776;237
50831;237
50896;237
50963;237
51024;236
51092;236
51149;236
51206;236
51260;236
51315;236
51369;236
51422;236
51479;236
51536;236
51601;236
51675;236
51734;236
51794;236
51865;236
51929;236
51986;236
52056;236
52112;236
52181;236
52247;236
52301;236
52370;236
52424;236
52490;236
52547;236
52610;236
52685;236
52794;236
52895;236
52985;236
53068;236
53130;236
53186;236
53273;236
53352;236
53432;236
53492;236
53561;236
53627;236
53698;236
53756;236
53821;236
53896;236
53953;236
54011;236
54067;236
54121;236
54184;236
54238;236
54293;235
54349;235
54408;235
54465;235
54531;235
54588;235
54666;235
54724;235
54786;235
54852;235
54910;235
54972;235
55026;235
55082;235
55149;235
55205;235
55264;235
55320;235
55380;235
55446;235
55504;235
55566;235
55620;235
55675;235
55731;235
55785;235
55851;235
55907;235
55964;235
56022;235
56090;235
56159;235
56216;235
56273;235
56327;235
56393;235
56450;235
56512;235
56568;235
56624;235
56684;235
56741;235
56807;235
56861;235
56923;235
56979;235
57033;235
57089;235
57143;235
57200;235
57255;235
57329;235
57398;235
57459;235
57517;235
57586;235
57643;235
57715;235
57770;235
57824;235
57892;235
57954;235
58009;235
58071;235
58132;234
58187;234
58243;234
58305;234
58361;234
58415;234
58477;234
58539;234
58596;234
58650;234
58712;234
58768;234
58822;234
58877;234
58931;234
58987;234
59060;234
59115;234
59171;234
59233;234
59297;234
59353;234
59408;234
59461;234
59519;234
59579;234
59633;234
59690;234
59745;234
59798;234
59853;234
59906;234
59963;234
60020;234
60077;234
60139;234
60208;234
60262;234
60316;234
60372;234
60428;234
60482;234
60541;234
60595;234
60648;234
60719;234
60782;234
60849;234
60905;234
60969;234
61028;234
61094;234
61148;234
61204;234
61258;234
61315;234
61369;234
61435;234
61492;234
61553;234
61607;234
61662;234
61724;234
61791;234
61847;234
61904;234
61957;234
62011;234
62070;234
62128;234
62201;234
62262;234
62321;234
62376;234
62442;234
62496;234
62566;234
62620;234
62674;234
62728;234
62786;234
62843;234
62898;234
62960;234
63026;234
63081;234
63134;234
63196;234
63250;234
63304;234
63360;234
63418;234
63484;234
63562;234
63635;234
63714;234
63795;234
63872;234
63959;234
64057;234
64128;234
64206;234
64266;234
64337;234
64400;234
64454;234
64511;234
64566;234
64621;234
64678;234
64739;234
64803;234
64860;234
64917;234
64980;234
65036;234
65110;234
65164;234
65219;234
65275;234
65329;234
65384;234
65448;234
65502;234
65565;234
65621;234
65702;234
65781;234
65868;234
65933;234
65994;234
66076;234
66183;234
66238;234
66293;234
66351;234
66429;234
66483;234
66539;234
66593;234
66650;234
66708;234
66765;234
66821;234
66885;234
66947;234
67005;234
67065;234
67123;234
67190;234
67271;234
67372;234
67524;234
67600;234
67687;234
67763;234
67840;234
67914;234
67990;234
68052;234
68114;234
68176;234
68252;234
68309;234
68398;234
68485;234
68597;234
68687;234
68785;234
68870;234
68958;234
69026;234
69100;234
69157;234
69211;234
69280;234
69337;234
69399;234
69474;234
69539;234
69601;234
69665;234
69721;234
69779;234
69847;234
69912;234
69971;234
70052;234
70108;234
70179;234
70238;234
70293;234
70379;234
70433;234
70487;234
70551;234
70607;234
70670;234
70728;234
70801;234
70896;234
70976;234
71054;234
71154;234
71237;234
71310;234
71367;234
71426;234
71482;234
71540;234
71640;234
71703;234
71782;234
71840;234
71895;234
71949;234
72003;234
72060;234
72113;234
72169;234
72225;234
72281;234
72337;234
72395;234
72451;234
72508;234
72564;234
72621;234
72677;234
72733;234
72796;234
72850;234
72906;234
72968;234
73021;234
73077;234
73167;234
73233;234
73286;235
73340;235
73394;235
73448;235
73504;235
73568;235
73639;235
73695;235
73753;235
73817;235
73872;235
73927;235
73982;235
74065;235
74121;235
74182;235
74235;235
74297;235
74351;235
74405;235
74461;235
74517;235
74574;235
74660;235
74723;235
74778;235
74842;235
74921;235
74979;235
75034;235
75091;235
75153;235
75210;235
75264;235
75320;235
75375;235
75429;235
75491;235
75548;235
75618;235
75686;235
75744;235
75807;235
75863;235
75928;235
75983;235
76040;235
76115;235
76209;235
76304;235
76372;235
76453;235
76533;235
76589;235
76663;235
76734;235
76810;235
76865;235
76924;235
76992;235
77048;235
77113;235
77170;235
77228;235
77295;235
77349;235
77403;235
77458;235
77513;235
77570;235
77626;235
77680;235
77735;235
77795;235
77859;235
77922;235
77990;235
78054;235
78110;235
78172;235
78235;235
78292;235
78346;235
78415;235
78477;235
78535;235
78589;235
78651;235
78707;235
78770;235
78829;235
78888;235
78945;235
79001;235
79073;235
79127;235
79188;235
79241;235
79306;235
79368;235
79429;235
79485;235
79540;235
79597;235
79653;235
79712;235
79771;235
79829;235
79888;235
79943;235
79999;235
80053;235
80131;235
80184;235
80246;235
80307;235
80369;235
80424;235
80482;235
80539;235
80595;235
80673;234
80746;234
80823;234
80926;234
81002;234
81074;234
81153;234
81226;234
81299;234
81356;234
81413;234
81477;234
81535;234
81598;234
81656;234
81713;234
81769;234
81831;234
81887;234
81948;234
82010;234
82076;234
82131;234
82187;234
82242;234
82307;234
82373;234
82441;234
82497;234
82559;234
82629;234
82690;234
82744;234
82798;234
82867;234
82923;234
82980;234
83040;234
83097;234
83153;234
83207;234
83260;234
83316;234
83378;234
83431;234
83485;234
83573;234
83632;234
83702;234
83758;234
