166;4075
295;3982
381;3764
490;3655
560;3569
696;3475
765;3307
849;3307
917;3303
994;3217
1058;3151
1159;3111
1225;3111
1300;3028
1371;2946
1435;2946
1518;2821
1622;2732
1703;2710
1832;2596
1932;2596
2020;2589
2093;2552
2183;2507
2246;2506
2312;2471
2384;2378
2462;2332
2538;2190
2601;2190
2669;2190
2743;2109
2815;1975
2881;1905
2946;1854
3017;1854
3095;1854
3177;1854
3257;1854
3335;1854
3414;1854
3490;1854
3565;1854
3637;1811
3697;1811
3758;1811
3823;1811
3880;1811
3938;1811
3995;1723
4052;1723
4110;1640
4176;1562
4235;1562
4304;1562
4367;1562
4427;1562
4491;1562
4555;1562
4632;1507
4690;1507
4779;1395
4838;1386
4907;1250
4973;1250
5037;1250
5097;1250
5160;1250
5223;1192
5299;1192
5366;1192
5442;1182
5501;1182
5569;1182
5643;1103
5708;1103
5783;1103
5871;1045
5948;1036
6034;1036
6100;959
6171;959
6229;959
6286;926
6356;867
6417;772
6475;772
6549;772
6608;726
6669;726
6730;726
6794;726
6853;726
6920;726
6979;726
7038;726
7100;726
7160;726
7227;726
7291;724
7360;659
7419;659
7479;659
7539;659
7596;659
7677;659
7736;659
7801;659
7861;659
7927;659
7993;659
8052;659
8112;659
8173;659
8231;659
8292;659
8352;659
8411;659
8469;624
8528;624
8593;624
8652;624
8710;624
8800;596
8871;580
8930;580
8988;580
9046;580
9105;580
9164;580
9222;570
9281;570
9341;476
9403;476
9462;476
9535;476
9596;476
9671;476
9733;476
9792;476
9871;476
9928;476
9985;476
10049;476
10114;476
10171;476
10235;473
10295;473
10354;473
10437;473
10496;473
10558;473
10619;473
10681;473
10744;473
10803;473
10862;473
10937;403
10996;403
11055;403
11115;403
11192;403
11273;403
11333;403
11394;403
11464;403
11524;403
11581;403
11639;403
11698;403
11759;403
11826;403
11886;403
11952;403
12015;403
12077;403
12136;403
12196;403
12262;403
12321;403
12403;379
12461;379
12522;379
12581;379
12641;379
12698;379
12757;379
12814;379
12875;379
12937;379
13011;378
13079;378
13141;378
13210;378
13271;378
13334;378
13397;378
13457;378
13519;378
13583;378
13643;378
13705;378
13762;378
13820;378
13878;378
13942;378
14015;378
14082;378
14141;378
14199;378
14258;378
14318;376
14377;376
14440;376
14501;323
14563;323
14639;323
14703;323
14768;323
14825;323
14885;323
14944;323
15017;323
15082;323
15145;323
15206;323
15268;323
15330;323
15392;323
15452;323
15514;320
15578;320
15640;320
15721;320
15781;320
15839;320
15930;296
15991;296
16049;296
16119;296
16190;296
16263;295
16323;295
16382;295
16441;295
16501;295
16573;295
16633;295
16694;295
16759;295
16816;295
16874;295
16933;295
16992;295
17050;295
17109;295
17177;295
17238;295
17297;295
17358;295
17420;295
17484;295
17549;295
17621;295
17683;295
17749;295
17807;295
17865;295
17940;295
18001;295
18062;295
18129;295
18188;295
18255;295
18316;295
18377;295
18438;295
18500;295
18564;295
18628;295
18687;295
18747;295
18805;295
18866;295
18926;295
19011;295
19072;295
19140;295
19198;295
19260;295
19327;295
19399;294
19459;294
19528;294
19585;294
19659;294
19716;294
19777;294
19835;294
19894;294
19952;294
20014;294
20073;294
20135;294
20195;294
20266;294
20354;294
20419;294
20516;255
20577;255
20638;255
20704;255
20764;255
20845;255
20903;255
20961;255
21028;255
21088;255
21156;257
21219;257
21277;257
21342;257
21402;257
21459;257
21520;257
21578;257
21636;257
21698;257
21756;257
21823;258
21891;258
21960;258
22026;258
22097;258
22163;258
22220;258
22287;258
22360;258
22418;258
22477;258
22543;256
22603;256
22675;256
22736;256
22800;256
22857;256
22914;256
22973;256
23038;256
23098;256
23157;256
23224;256
23291;256
23357;256
23422;252
23480;252
23538;252
23605;252
23683;252
23741;252
23799;252
23863;252
23928;252
23999;252
24063;252
24120;252
24185;252
24243;252
24302;252
24382;252
24439;252
24497;252
24565;252
24630;251
24706;251
24764;251
24825;251
24886;251
24944;251
25003;251
25062;251
25137;251
25208;251
25278;251
25337;251
25404;251
25469;251
25528;251
25589;251
25669;251
25735;251
25808;251
25879;251
25936;251
26008;251
26067;251
26132;251
26189;251
26245;252
26317;252
26388;252
26458;252
26515;252
26572;252
26629;252
26693;241
26765;241
26822;241
26878;241
26947;241
27003;241
27063;241
27120;241
27176;241
27246;241
27303;241
27359;241
27424;241
27490;241
27548;241
27619;241
27678;241
27736;241
27815;241
27880;241
27937;241
27994;241
28050;241
28108;241
28166;240
28228;240
28305;240
28365;238
28443;238
28509;238
28576;238
28632;238
28689;238
28746;238
28803;238
28861;238
28921;238
28992;238
29065;238
29139;238
29205;238
29261;238
29319;238
29375;238
29433;238
29493;238
29552;238
29619;238
29683;240
29743;240
29811;241
29872;240
29938;240
30008;240
30067;240
30124;240
30181;240
30240;240
30296;240
30356;240
30415;240
30474;240
30537;240
30598;240
30660;240
30716;240
30786;240
30855;240
30914;240
30971;240
31027;240
31084;240
31146;240
31207;240
31267;240
31330;240
31391;240
31450;240
31510;240
31570;240
31629;240
31688;240
31748;240
31811;240
31871;240
31944;240
32010;240
32066;240
32131;240
32191;240
32252;240
32317;240
32374;240
32432;240
32504;240
32567;240
32632;240
32697;240
32761;240
32818;240
32878;240
32934;240
32991;240
33051;240
33115;240
33175;240
33232;240
33297;240
33370;240
33434;240
33498;240
33555;240
33613;240
33680;240
33744;240
33816;240
33873;240
33930;240
33989;240
34049;240
34106;240
34178;240
34244;240
34303;239
34360;239
34420;239
34486;239
34544;239
34616;239
34688;239
34750;239
34808;239
34864;239
34924;239
34983;239
35042;239
35098;239
35156;239
35226;239
35283;239
35339;239
35396;239
35455;239
35514;239
35570;239
35629;239
35690;239
35747;239
35803;239
35861;239
35945;239
36003;239
36060;239
36124;239
36181;239
36239;239
36303;239
36362;239
36421;239
36478;239
36543;239
36603;239
36683;239
36771;239
36828;239
36889;239
36945;239
37011;239
37074;237
37133;237
37190;237
37255;236
37311;236
37370;236
37434;236
37511;236
37582;236
37642;236
37711;236
37767;236
37832;236
37891;236
37950;236
38029;236
38097;236
38159;236
38217;236
38275;236
38356;236
38426;236
38496;236
38586;236
38647;236
38713;236
38770;236
38829;236
38887;236
38959;236
39020;236
39079;236
39147;236
39207;236
39281;236
39338;236
39397;236
39454;236
39513;236
39570;236
39629;236
39693;236
39750;236
39821;236
39881;236
39941;236
39999;236
40066;236
40126;236
40192;236
40259;236
40316;236
40372;236
40431;236
40488;237
40550;237
40609;237
40668;237
40729;237
40799;237
40857;237
40916;237
40981;237
41050;237
41108;237
41164;237
41233;237
41293;237
41354;237
41420;237
41479;237
41538;237
41597;237
41670;237
41761;237
41817;237
41889;237
41949;237
42006;237
42071;237
42138;237
42202;237
42278;237
42359;237
42420;237
42480;237
42547;237
42606;237
42671;237
42750;237
42808;237
42881;237
42955;237
43012;237
43068;237
43125;237
43182;237
43254;237
43314;237
43375;237
43442;237
43500;237
43567;237
43634;237
43696;237
43766;237
43842;237
43924;237
43983;237
44044;237
44100;237
44169;237
44233;237
44290;237
44343;237
44400;237
44458;237
44516;237
44575;237
44635;237
44701;237
44762;237
44833;237
44908;237
44990;237
45052;237
45122;237
45206;237
45271;237
45335;237
45407;237
45466;237
45526;237
45586;237
45648;237
45709;237
45768;237
45829;237
45903;237
45961;237
46021;237
46087;237
46146;237
46216;237
46276;237
46332;237
46396;237
46454;236
46512;236
46595;236
46653;236
46723;236
46782;236
46848;236
46929;236
46996;236
47059;236
47115;236
47175;236
47238;236
47302;236
47362;236
47441;236
47500;236
47557;236
47622;236
47693;236
47760;236
47814;236
47876;236
47942;236
48003;236
48067;236
48139;236
48214;236
48274;236
48330;236
48394;236
48457;236
48524;236
48580;236
48640;236
48698;236
48764;236
48831;236
48894;236
48966;236
49024;236
49093;236
49150;236
49206;236
49262;236
49319;236
49376;236
49437;236
49504;236
49571;237
49632;237
49698;237
49761;237
49817;237
49873;237
49930;237
49988;237
50047;236
50105;236
50161;236
50220;236
50277;236
50342;236
50400;236
50469;236
50530;236
50586;236
50643;236
50701;236
50766;236
50838;236
50909;236
50965;236
51023;236
51089;236
51149;236
51210;236
51272;236
51333;236
51391;236
51459;236
51519;236
51571;236
51635;237
51699;237
51757;237
51815;237
51880;237
51941;237
52002;237
52058;237
52123;237
52182;237
52262;237
52322;237
52381;237
52438;237
52496;237
52558;237
52628;237
52689;237
52745;237
52805;237
52863;237
52919;237
52976;237
53033;237
53090;237
53157;237
53223;237
53282;237
53348;237
53405;237
53464;237
53521;237
53578;237
53637;237
53696;237
53755;237
53816;237
53873;237
53937;237
53996;237
54060;237
54117;237
54178;237
54236;237
54294;237
54356;237
54415;237
54480;237
54545;237
54607;237
54673;237
54731;237
54789;237
54861;237
54921;237
54980;237
55039;237
55104;237
55162;237
55220;237
55281;237
55338;237
55396;237
55452;237
55512;237
55572;237
55634;237
55694;237
55759;237
55816;237
55889;237
55954;237
56011;237
56070;237
56130;237
56193;237
56262;237
56318;237
56375;237
56447;237
56504;237
56561;236
56629;236
56700;236
56760;236
56824;236
56881;236
56938;236
56995;236
57051;236
57108;236
57172;236
57231;236
57288;236
57348;236
57408;236
57487;236
57548;236
57617;236
57676;236
57733;236
57803;236
57862;236
57919;236
57982;236
58051;236
58110;236
58169;236
58239;236
58295;236
58352;236
58411;236
58470;236
58531;236
58590;236
58655;236
58711;236
58775;234
58845;234
58901;234
58961;234
59027;234
59086;234
59155;234
59220;234
59278;234
59351;234
59408;234
59472;234
59539;234
59604;234
59668;234
59725;234
59784;234
59856;234
59929;234
59996;234
60052;234
60109;234
60165;234
60221;234
60278;234
60334;234
60392;234
60459;235
60543;235
60604;235
60719;235
60779;235
60850;235
60908;235
60979;235
61036;235
61095;235
61153;235
61214;235
61278;235
61340;235
61398;237
61456;237
61528;237
61595;237
61651;237
61707;237
61784;237
61866;237
61958;237
62015;237
62091;237
62152;237
62210;237
62269;237
62327;237
62389;237
62466;237
62523;237
62587;237
62666;237
62725;237
62784;237
62843;237
62902;237
62962;237
63019;237
63077;237
63144;237
63214;237
63281;237
63340;237
63412;237
63494;237
63579;237
63641;237
63697;237
63761;237
63825;237
63884;237
63940;237
64004;237
64065;237
64125;237
64183;237
64243;237
64302;237
64360;237
64426;237
64484;237
64557;237
64627;237
64686;237
64743;237
64799;237
64863;237
64920;237
64976;237
65042;237
65103;237
65168;237
65230;237
65288;237
65359;237
65425;237
65501;237
65567;237
65626;237
65682;237
65745;237
65811;237
65883;237
65951;237
66022;237
66101;237
66165;237
66220;237
66286;237
66352;237
66410;237
66494;237
66560;237
66634;237
66715;237
66771;237
66834;237
66890;237
66949;237
67013;237
67089;238
67152;238
67214;238
67319;238
67378;238
67504;238
67590;238
67674;238
67734;238
67791;238
67856;238
67928;238
68010;238
68110;238
68171;238
68249;238
68309;238
68373;238
68434;238
68507;238
68567;238
68635;238
68708;238
68768;238
68826;238
68886;238
68942;238
69005;238
69067;238
69127;238
69188;238
69250;237
69313;237
69376;237
69444;237
69532;237
69594;237
69652;237
69711;237
69799;237
69878;237
69943;237
70010;237
70067;237
70126;237
70190;237
70251;237
70318;237
70375;237
70435;237
70505;237
70566;237
70624;237
70683;237
70753;237
70815;237
70877;237
70942;237
71048;237
71119;237
71177;237
71241;237
71300;237
71386;237
71454;237
71520;237
71583;237
71649;237
71716;237
71775;236
71833;236
71898;236
71966;236
72035;236
72098;236
72167;236
72239;236
72299;236
72371;236
72428;236
72486;236
72553;236
72610;236
72669;236
72727;236
72791;236
72861;236
72929;236
72995;236
73059;236
73127;236
73191;236
73252;236
73317;236
73383;236
73441;236
73513;236
73571;236
73631;236
73690;236
73748;236
73807;236
73884;236
73992;236
74114;236
74215;236
74332;236
74430;236
74507;236
74578;236
74639;236
74703;236
74759;236
74815;236
74872;236
74933;236
74993;236
75060;236
75145;236
75220;236
75287;236
75348;236
75404;236
75462;236
75527;236
75583;236
75641;236
75697;236
75761;236
75823;236
75911;236
75987;236
76046;236
76105;236
76166;236
76229;236
76285;236
76349;236
76437;236
76531;236
76626;236
76698;236
76788;236
76880;236
76981;236
77067;236
77170;236
77277;236
77379;236
77486;236
77593;236
77694;236
77790;236
77864;236
77940;236
78003;236
78069;236
78129;236
78205;236
78263;236
78321;236
78382;236
78454;236
78518;236
78575;236
78634;236
78703;236
78762;236
78822;236
78884;236
78941;236
79000;236
79062;236
79126;236
79184;236
79237;236
79316;236
79373;236
79429;236
79486;236
79543;236
79602;236
79659;236
79718;236
79779;236
79838;236
79897;236
79956;236
80020;236
80089;236
80146;236
80202;236
80262;236
80323;236
80380;236
80441;236
80515;236
80588;236
80652;236
80711;236
80767;236
80823;236
80880;236
80942;236
81003;236
81060;236
81132;236
81189;236
81248;236
81305;236
81358;236
81415;236
81471;236
81535;236
81595;236
81652;236
81721;236
81786;236
81842;236
81913;236
81969;236
82026;236
82097;235
82154;235
82211;235
82269;235
82349;235
82418;235
82480;235
82539;235
82599;235
82668;235
82737;235
82805;235
82863;235
82928;235
82988;235
83053;235
83113;235
83178;235
83244;235
83303;235
83361;235
83426;235
83485;235
83553;235
83630;235
83689;235
83746;235
83815;235
83874;235
83954;235
84013;235
84077;235
84137;235
84195;235
84254;235
84312;235
84370;235
84435;235
84504;235
84563;235
84621;235
84679;235
84736;235
84799;235
84858;235
84918;235
84976;235
85035;235
85093;235
85160;235
85221;235
85282;235
85342;235
85408;235
85467;235
85541;235
85600;235
85659;235
85718;235
85777;235
