222;3577
324;3433
445;3242
507;3174
555;3144
596;3125
648;2919
708;2919
745;2919
782;2919
833;2851
872;2851
932;2501
973;2400
1019;2246
1066;2246
1112;2220
1156;2220
1202;2123
1245;2118
1284;2052
1329;2052
1373;2052
1412;2052
1451;2002
1488;2002
1529;1863
1578;1863
1617;1863
1659;1863
1696;1863
1740;1815
1782;1755
1817;1612
1860;1610
1909;1610
1943;1560
1979;1560
2015;1560
2050;1560
2087;1560
2122;1560
2158;1560
2192;1560
2232;1557
2268;1542
2303;1542
2346;1518
2381;1518
2415;1508
2458;1508
2496;1461
2535;1461
2569;1461
2603;1461
2641;1461
2687;1430
2729;1349
2768;1349
2804;1349
2838;1327
2877;1327
2912;1183
2951;1183
2987;1183
3026;1183
3061;1183
3114;1181
3164;1181
3213;1181
3269;1093
3319;1093
3370;1093
3419;1093
3466;1093
3518;1060
3569;1060
3613;1060
3667;1060
3698;1060
3729;1060
3761;1060
3792;1060
3822;937
3864;811
3906;811
3941;738
3977;647
4013;601
4045;544
4076;544
4117;544
4156;544
4191;516
4223;516
4255;516
4291;516
4329;516
4362;516
4394;516
4433;462
4476;462
4508;462
4546;462
4583;462
4614;462
4646;462
4685;462
4716;462
4751;462
4792;461
4826;463
4859;463
4894;463
4930;463
4971;463
5015;463
5046;463
5077;463
5108;463
5138;463
5172;463
5203;463
5236;469
5267;469
5299;469
5335;469
5368;469
5403;469
5437;469
5471;469
5503;469
5537;469
5568;469
5599;469
5634;469
5673;466
5725;466
5770;466
5815;466
5862;466
5915;406
5964;406
6017;406
6077;406
6115;406
6155;406
6189;406
6227;406
6262;406
6296;406
6330;406
6364;406
6404;374
6438;374
6474;364
6518;364
6561;364
6591;364
6621;364
6652;364
6682;364
6717;364
6752;364
6787;364
6819;364
6855;364
6886;364
6920;364
6951;364
6986;364
7018;364
7050;364
7081;364
7112;361
7147;361
7178;361
7211;361
7242;360
7279;360
7310;360
7352;360
7383;361
7415;361
7457;343
7488;343
7520;343
7556;343
7594;267
7625;267
7656;267
7687;267
7717;267
7753;265
7783;265
7813;265
7844;265
7875;265
7905;265
7939;266
7974;266
8005;266
8037;266
8074;266
8104;266
8144;263
8180;263
8211;263
8241;263
8274;263
8307;263
8338;263
8376;263
8407;263
8442;263
8479;263
8511;263
8543;263
8580;263
8614;263
8646;263
8680;263
8713;263
8751;263
8781;263
8815;263
8846;263
8877;263
8907;263
8937;263
8968;263
9005;263
9036;263
9069;263
9104;263
9135;263
9167;263
9198;263
9230;263
9262;261
9294;261
9326;261
9358;261
9395;261
9427;261
9457;262
9492;262
9528;262
9560;262
9591;262
9623;262
9656;262
9688;262
9720;262
9755;262
9788;262
9821;262
9853;262
9886;262
9920;262
9951;261
9981;260
10012;260
10046;261
10077;261
10108;261
10141;261
10176;261
10207;261
10237;261
10273;261
10306;261
10340;261
10372;261
10411;261
10442;261
10477;261
10515;261
10547;261
10579;261
10613;261
10650;261
10684;261
10716;261
10752;261
10783;261
10815;261
10848;261
10884;261
10913;261
10943;261
10983;261
11014;261
11048;261
11078;261
11118;261
11153;261
11183;261
11213;261
11250;261
11281;261
11312;261
11342;261
11373;261
11404;261
11435;261
11465;261
11495;261
11542;261
11600;261
11631;261
11662;260
11692;260
11724;260
11759;260
11789;260
11821;260
11852;260
11884;260
11919;260
11950;260
11980;260
12012;260
12043;260
12074;260
12112;260
12145;260
12176;265
12207;265
12237;265
12269;265
12300;265
12330;265
12362;265
12395;265
12425;265
12459;265
12489;265
12520;265
12550;265
12580;265
12610;265
12641;265
12672;265
12707;265
12738;265
12779;265
12817;265
12854;265
12885;265
12916;265
12954;265
12985;265
13018;265
13053;265
13085;265
13116;265
13154;265
13195;265
13226;265
13257;265
13288;265
13318;265
13348;265
13387;265
13420;265
13450;265
13480;265
13512;265
13547;265
13578;265
13608;265
13646;265
13680;265
13710;265
13741;265
13784;265
13815;265
13846;265
13876;265
13908;265
13943;265
13987;265
14028;265
14062;265
14093;265
14124;265
14156;265
14189;265
14220;260
14250;260
14283;260
14315;260
14350;260
14380;260
14413;260
14455;260
14486;260
14520;260
14551;260
14584;260
14618;260
14648;260
14678;260
14710;260
14741;260
14772;260
14805;260
14837;260
14870;260
14901;260
14935;260
14967;260
15001;263
15032;263
15073;263
15108;263
15141;263
15172;263
15213;263
15244;263
15278;263
15309;263
15343;263
15375;263
15405;263
15442;263
15473;263
15503;263
15537;263
15567;263
15597;263
15631;263
15664;263
15694;263
15725;263
15756;263
15790;263
15824;263
15855;263
15887;263
15917;263
15948;263
15976;263
16008;263
16041;263
16073;263
16103;263
16136;263
16170;263
16200;263
16233;263
16264;263
16294;263
16324;264
16355;264
16389;264
16424;264
16454;264
16489;264
16520;264
16550;264
16585;264
16645;264
16690;264
16726;264
16796;264
16834;264
16864;264
16900;264
16931;264
16971;264
17003;264
17040;261
17073;261
17103;261
17144;261
17174;261
17207;261
17237;261
17267;261
17297;261
17327;261
17357;261
17387;261
17417;261
17447;261
17476;261
17506;261
17539;261
17570;261
17600;261
17631;261
17661;261
17693;261
17724;261
17759;261
17793;261
17833;261
17867;261
17902;261
17931;261
17972;261
18008;261
18038;261
18071;261
18104;261
18134;261
18165;261
18194;261
18227;261
18258;261
18310;261
18340;261
18371;261
18401;261
18437;261
18471;261
18501;261
18532;261
18568;261
18601;261
18631;261
18672;261
18705;261
18738;261
18772;261
18802;261
18835;261
18876;261
18906;261
18939;261
18970;261
18999;261
19040;261
19074;261
19108;261
19139;261
19172;257
19203;257
19233;257
19265;257
19295;257
19326;257
19370;257
19400;257
19430;257
19465;257
19498;257
19532;257
19562;257
19592;257
19621;257
19651;257
19681;257
19716;257
19746;257
19777;257
19818;257
19862;257
19892;257
19922;257
19954;257
19989;257
20020;257
20057;257
20101;257
20137;257
20171;257
20203;257
20232;257
20266;257
20298;257
20332;257
20367;257
20398;257
20428;257
20458;257
20488;257
20518;257
20553;257
20582;257
20613;257
20642;257
20676;257
20707;257
20738;257
20786;257
20816;257
20847;257
20876;257
20909;257
20940;257
20974;257
21004;257
21043;257
21081;257
21117;257
21153;257
21187;257
21217;257
21262;257
21293;257
21326;257
21366;257
21398;257
21429;257
21466;257
21496;257
21530;257
21560;257
21591;257
21620;257
21662;257
21706;257
21737;257
21768;257
21798;257
21828;257
21857;257
21897;257
21930;257
21960;257
21991;257
22022;257
22056;257
22092;257
22123;257
22154;257
22183;257
22218;257
22249;256
22283;256
22316;256
22348;256
22378;256
22407;256
22438;256
22468;256
22499;256
22530;256
22560;256
22589;256
22619;256
22653;256
22686;256
22716;256
22747;256
22777;256
22810;256
22843;256
22873;256
22921;256
22952;256
22982;256
23012;256
23045;256
23079;256
23110;256
23139;256
23169;256
23199;256
23235;256
23266;256
23297;256
23327;256
23357;256
23392;256
23425;256
23458;256
23489;256
23521;256
23551;256
23584;256
23615;256
23649;256
23682;256
23712;256
23746;256
23781;256
23815;256
23848;256
23878;256
23913;256
23947;256
23977;256
24008;256
24038;256
24068;257
24098;257
24128;257
24159;257
24192;257
24222;257
24251;257
24285;257
24318;257
24348;257
24381;257
24412;257
24446;257
24483;257
24513;257
24543;257
24576;257
24606;257
24637;257
24667;257
24701;257
24734;257
24774;257
24806;257
24837;257
24881;257
24914;257
24947;257
24978;257
25008;257
25038;257
25072;257
25106;257
25137;257
25174;257
25203;257
25233;257
25276;257
25307;257
25339;257
25373;257
25406;257
25436;257
25467;257
25500;257
25531;257
25561;257
25592;257
25622;257
25651;257
25681;257
25717;257
25747;257
25777;257
25807;257
25838;257
25874;257
25904;257
25934;257
25968;257
25999;257
26033;257
26063;257
26093;257
26129;257
26164;257
26194;257
26225;257
26255;257
26287;257
26316;257
26351;257
26382;257
26418;257
26451;257
26482;257
26511;257
26549;257
26583;257
26613;257
26643;257
26676;257
26716;257
26765;257
26796;257
26826;257
26855;257
26885;257
26915;257
26955;257
26985;257
27015;257
27044;257
27075;257
27105;257
27138;257
27174;257
27207;257
27238;257
27268;257
27299;257
27336;257
27374;257
27403;257
27433;257
27462;257
27495;257
27526;257
27556;257
27585;257
27616;257
27646;257
27685;257
27718;257
27751;257
27782;257
27813;257
27844;257
27879;257
27910;257
27944;257
27973;257
28007;257
28048;257
28081;257
28117;257
28158;257
28189;257
28222;257
28258;257
28288;257
28318;257
28348;257
28378;257
28407;257
28438;257
28470;257
28503;257
28533;256
28564;256
28597;256
28627;256
28657;256
28687;256
28715;256
28746;256
28775;256
28808;256
28838;256
28871;256
28901;256
28937;256
28971;256
29008;256
29040;256
29074;256
29107;256
29138;256
29172;256
29201;256
29230;256
29260;256
29289;256
29324;256
29360;256
29395;256
29424;256
29454;256
29489;256
29518;256
29549;256
29580;256
29610;256
29640;256
29673;256
29706;256
29737;256
29771;256
29800;256
29830;256
29861;256
29894;256
29924;256
29955;256
29988;256
30018;256
30050;256
30081;256
30111;256
30144;256
30177;256
30211;256
30241;256
30272;256
30307;256
30343;256
30374;256
30408;256
30438;256
30468;256
30507;256
30543;257
30576;257
30607;257
30637;257
30667;257
30698;257
30731;257
30768;257
30802;257
30839;257
30874;257
30907;257
30940;257
30974;257
31005;257
31042;257
31076;257
31106;257
31141;257
31179;257
31209;257
31239;257
31271;257
31305;257
31334;257
31374;257
31404;257
31434;257
31472;257
31501;257
31532;257
31562;257
31590;257
31619;257
31646;257
31677;257
31708;257
31741;257
31775;257
31806;257
31844;257
31874;257
31903;257
31936;257
31966;257
31997;257
32027;257
32061;257
32094;257
32125;257
32159;257
32199;257
32229;257
32259;257
32293;257
32323;257
32354;257
32387;257
32420;257
32451;257
32487;257
32518;257
32550;257
32580;257
32612;257
32647;257
32677;257
32707;257
32740;257
32774;257
32803;257
32834;257
32864;257
32895;257
32926;257
32959;257
32990;257
33019;257
33050;257
33081;257
33110;257
33143;257
33172;257
33203;257
33236;257
33266;257
33297;257
33326;257
33358;257
33391;257
33425;257
33455;257
33485;257
33515;257
33545;257
33574;257
33612;257
33648;257
33678;257
33711;257
33744;257
33774;257
33804;257
33834;257
33864;257
33893;257
33924;257
33955;257
33985;257
34015;258
34048;258
34081;258
34115;258
34152;258
34183;258
34223;258
34256;258
34293;258
34323;258
34353;258
34383;258
34414;258
34443;258
34473;258
34506;258
34537;258
34573;258
34604;258
34632;258
34665;258
34696;258
34727;258
34762;258
34791;258
34825;258
34856;258
34889;258
34919;258
34954;258
34989;258
35024;258
35055;258
35085;258
35115;258
35154;258
35188;258
35221;258
35254;258
35284;258
35315;258
35342;258
35375;258
35403;258
35443;258
35474;258
35507;258
35538;258
35569;258
35599;258
35631;258
35665;258
35694;258
35725;258
35756;258
35786;258
35819;258
35849;258
35879;258
35917;258
35946;258
35982;258
36014;258
36044;258
36077;258
36108;258
36137;258
36174;258
36208;258
36243;258
36276;258
36309;258
36345;258
36379;258
36416;258
36445;258
36475;258
36506;258
36542;258
36573;258
36602;258
36632;258
36666;258
36699;258
36730;258
36763;258
36793;257
36830;257
36860;257
36900;257
36931;257
36968;257
36998;257
37035;257
37069;257
37110;257
37146;257
37179;257
37214;257
37245;257
37275;257
37305;257
37334;257
37371;257
37402;257
37435;257
37465;257
37496;257
37530;257
37572;257
37601;257
37632;257
37662;257
37697;257
37734;257
37764;257
37797;257
37831;257
37864;257
37894;257
37927;257
37958;257
37991;257
38022;257
38053;257
38086;257
38115;257
38150;257
38181;257
38217;257
38248;257
38278;257
38308;257
38343;257
38374;257
38407;257
38441;257
38470;257
38501;257
38530;257
38572;257
38607;257
38640;257
38673;257
38703;257
38736;257
38770;257
38801;257
38831;257
38861;257
38892;257
38923;257
38953;257
38982;257
39013;257
39046;257
39079;257
39113;257
39148;257
39178;257
39210;257
39243;257
39274;257
39308;257
39338;257
39369;257
39399;257
39432;257
39469;257
39506;257
39536;257
39565;257
39602;257
39632;257
39668;257
39708;257
39747;257
39779;257
39810;257
39840;257
39870;257
39903;257
39933;257
39964;257
39995;257
40028;257
40059;257
40090;257
40122;257
40152;257
40186;257
40216;257
40245;257
40276;257
40306;257
40339;257
40373;257
40403;257
40432;257
40462;257
40492;257
40526;257
40559;257
40589;257
40619;257
40649;257
40679;257
40709;257
40739;257
40770;257
40800;257
40829;257
40859;257
40899;257
40928;257
40955;257
40986;257
41016;257
41073;257
41105;257
41135;257
41169;257
41198;257
41226;257
41257;257
41304;257
41347;257
41377;257
41407;257
41437;257
41467;257
41497;257
41527;257
41558;257
41586;257
41616;257
41645;257
41675;257
41704;257
41734;257
41788;257
41822;257
41852;257
41880;257
41910;257
41946;257
41982;257
42024;257
42054;257
42084;257
42119;257
42150;257
42183;257
42216;257
42246;257
42277;257
42308;257
42346;257
42375;257
42408;257
42441;257
42469;257
42499;257
42529;257
42559;257
42589;257
42622;257
42656;257
42686;257
42719;257
42748;257
42779;257
42821;257
42860;257
42894;257
42926;257
42962;257
42999;257
43033;257
43065;257
43098;257
43128;257
43158;257
43188;257
43217;257
43251;257
43284;257
43315;257
43350;257
43381;257
43412;257
43443;257
43474;257
43508;257
43542;257
43573;257
43604;257
43636;257
43667;257
43698;257
43729;257
43763;257
43794;257
43831;257
43861;257
43892;257
43923;257
43957;257
43990;257
44024;257
44053;257
44091;257
44124;257
44153;257
44183;257
44217;257
44248;257
44278;257
44310;257
44343;257
44377;257
44409;257
44447;257
44478;257
44508;257
44543;257
44575;257
44611;257
44641;257
44671;257
44700;257
44730;257
44763;257
