127;3594
294;3444
371;3407
452;3337
600;3200
657;3179
712;3017
774;2961
821;2961
859;2847
911;2815
970;2668
1019;2585
1074;2381
1131;2321
1174;2321
1237;2321
1277;2321
1319;2301
1356;2301
1392;2292
1448;2195
1492;2155
1533;2155
1578;2073
1622;2038
1661;2038
1702;2003
1745;1842
1784;1842
1823;1777
1868;1778
1905;1778
1943;1778
1989;1560
2055;1400
2096;1368
2131;1368
2169;1368
2208;1368
2246;1367
2288;1367
2326;1367
2366;1308
2402;1308
2440;1308
2482;1260
2523;1260
2558;1222
2595;1209
2639;1209
2676;1209
2722;1145
2778;1096
2820;1096
2863;1096
2898;1095
2940;1095
2979;1095
3017;1095
3059;1083
3094;1083
3131;1083
3166;1083
3203;1025
3238;1025
3278;1025
3322;1019
3357;1018
3391;933
3433;933
3479;933
3537;867
3599;867
3655;867
3712;875
3757;875
3802;875
3853;875
3884;875
3920;875
3961;761
4001;697
4032;697
4063;697
4101;697
4141;697
4181;697
4218;697
4265;697
4306;697
4341;697
4379;697
4423;608
4458;608
4495;605
4528;605
4567;600
4605;600
4643;600
4679;600
4714;600
4757;600
4796;600
4838;600
4876;600
4928;600
4993;600
5029;520
5066;491
5101;491
5138;491
5170;491
5201;491
5234;491
5271;491
5303;491
5339;491
5383;491
5440;491
5490;491
5572;491
5613;491
5649;491
5690;491
5724;490
5755;490
5786;490
5821;490
5852;439
5886;439
5919;439
5951;439
5993;392
6024;392
6065;392
6104;392
6152;392
6198;392
6271;392
6321;392
6370;392
6416;322
6474;322
6507;322
6539;322
6571;322
6607;322
6641;322
6674;322
6708;268
6741;265
6773;265
6804;265
6840;265
6872;265
6902;265
6937;265
6970;265
7002;265
7034;265
7065;264
7097;264
7128;264
7159;264
7192;264
7223;264
7255;264
7291;264
7323;264
7356;264
7388;264
7423;264
7455;264
7487;264
7520;264
7558;264
7590;264
7623;264
7655;264
7698;261
7730;261
7765;261
7803;261
7839;261
7870;261
7902;261
7936;261
7971;261
8005;261
8039;261
8070;261
8101;261
8139;265
8175;265
8207;265
8237;265
8268;265
8305;265
8337;265
8368;265
8402;261
8434;261
8468;261
8506;261
8548;261
8583;261
8615;261
8646;261
8678;261
8711;261
8744;261
8777;261
8808;261
8840;261
8876;261
8912;261
8947;261
8979;261
9019;261
9054;261
9086;261
9122;261
9169;261
9208;261
9245;261
9276;261
9308;261
9342;261
9373;261
9416;261
9448;261
9491;261
9526;261
9559;261
9590;261
9621;261
9657;261
9689;261
9725;261
9757;261
9789;261
9824;261
9858;261
9890;261
9924;261
9960;261
9993;261
10025;261
10058;261
10091;261
10124;261
10155;261
10193;261
10227;261
10259;261
10293;261
10324;261
10355;261
10389;261
10419;261
10453;261
10487;261
10526;261
10568;261
10607;261
10644;261
10701;261
10767;261
10825;261
10889;261
10925;261
10963;261
10998;261
11031;261
11069;261
11104;261
11138;261
11172;261
11207;261
11245;261
11279;261
11314;261
11348;261
11388;261
11423;261
11456;261
11490;261
11522;261
11560;261
11591;261
11626;261
11659;261
11694;261
11725;261
11755;261
11792;261
11822;261
11859;261
11890;261
11921;261
11951;261
11983;261
12017;261
12051;261
12082;261
12113;261
12144;261
12179;261
12213;261
12245;261
12281;261
12311;261
12342;261
12378;261
12424;261
12462;261
12497;261
12529;261
12566;261
12600;261
12635;261
12687;261
12737;266
12792;266
12830;266
12864;266
12898;266
12942;266
12980;266
13012;266
13043;266
13074;266
13104;266
13140;266
13169;266
13200;266
13232;266
13265;266
13297;266
13328;266
13359;266
13393;266
13423;266
13457;266
13495;266
13531;266
13562;266
13593;266
13628;266
13660;266
13691;266
13719;266
13749;266
13795;266
13827;266
13861;266
13892;266
13926;266
13976;266
14007;266
14043;266
14077;269
14118;269
14148;269
14179;269
14209;269
14240;269
14272;269
14302;269
14332;269
14362;269
14392;269
14426;269
14460;269
14490;269
14521;269
14552;269
14587;269
14625;269
14657;269
14692;269
14728;269
14765;269
14795;269
14831;269
14865;269
14899;269
14932;269
14963;269
14994;269
15029;269
15064;269
15097;269
15128;269
15162;269
15196;269
15226;269
15257;269
15287;269
15321;269
15356;269
15389;269
15423;269
15459;269
15492;269
15523;269
15555;269
15583;269
15615;269
15649;269
15684;269
15714;269
15750;269
15783;269
15813;269
15842;269
15872;269
15906;269
15936;269
15973;269
16006;269
16037;269
16067;269
16097;269
16139;269
16170;269
16199;269
16229;264
16259;264
16292;264
16322;264
16355;264
16385;264
16418;264
16449;266
16482;266
16516;266
16550;266
16580;266
16611;266
16646;266
16685;266
16715;266
16745;266
16778;266
16813;266
16847;266
16880;266
16910;266
16947;266
16978;266
17008;266
17045;266
17075;266
17108;266
17139;266
17172;266
17201;266
17232;266
17267;266
17303;266
17337;266
17378;266
17414;266
17446;266
17479;266
17516;266
17564;266
17597;266
17630;266
17666;266
17700;266
17733;266
17762;266
17795;268
17828;268
17865;268
17896;268
17925;268
17956;268
17987;268
18020;268
18049;268
18079;268
18108;268
18142;268
18175;268
18208;268
18240;268
18273;268
18307;268
18341;269
18376;269
18406;267
18440;267
18469;267
18502;267
18536;267
18568;267
18609;267
18639;267
18670;267
18703;267
18736;267
18766;267
18803;267
18837;267
18872;267
18911;267
18947;267
18980;267
19016;267
19051;267
19095;267
19134;267
19172;267
19213;268
19250;268
19286;265
19317;265
19352;265
19382;265
19419;265
19449;265
19480;265
19510;265
19544;265
19578;265
19617;265
19648;265
19682;265
19714;265
19744;265
19776;265
19813;265
19848;265
19882;265
19916;265
19958;265
19992;265
20025;265
20058;265
20091;265
20126;265
20160;265
20191;264
20221;264
20251;264
20280;264
20313;264
20347;264
20381;264
20415;264
20445;264
20475;264
20508;264
20542;264
20572;264
20605;264
20642;264
20686;264
20721;264
20757;264
20793;264
20826;264
20860;264
20901;264
20936;264
20977;264
21018;264
21058;264
21098;264
21148;264
21191;264
21232;264
21268;264
21307;264
21338;264
21371;264
21405;264
21437;264
21473;265
21507;265
21540;265
21574;265
21609;265
21645;265
21700;265
21746;265
21777;265
21808;265
21842;265
21872;265
21908;265
21959;265
22025;265
22067;265
22101;265
22133;265
22167;265
22198;265
22235;265
22268;265
22302;265
22332;265
22365;265
22398;265
22445;265
22494;265
22544;265
22590;265
22642;265
22689;265
22719;265
22750;265
22781;265
22812;265
22845;265
22876;265
22914;265
22945;265
22976;265
23007;265
23040;268
23074;268
23107;268
23139;268
23171;268
23201;268
23235;268
23265;268
23294;267
23327;267
23359;267
23389;267
23419;267
23451;267
23481;267
23518;267
23551;267
23582;267
23615;267
23646;267
23681;267
23732;267
23772;267
23802;267
23836;267
23867;267
23900;267
23929;267
23961;267
23998;267
24032;267
24061;267
24093;267
24123;267
24163;264
24204;264
24242;264
24285;264
24330;264
24377;264
24420;264
24454;264
24493;264
24532;264
24569;264
24606;264
24645;264
24693;264
24740;265
24787;265
24823;265
24860;264
24895;264
24931;264
24967;264
25007;264
25047;264
25083;264
25138;264
25175;264
25217;264
25251;264
25288;264
25327;265
25374;267
25410;267
25448;267
25486;267
25528;267
25563;267
25599;267
25635;267
25674;267
25725;267
25761;267
25798;267
25839;267
25891;267
25925;267
25966;267
26011;267
26051;267
26087;267
26123;267
26158;267
26204;267
26242;267
26286;267
26329;267
26365;267
26400;267
26440;267
26474;267
26509;267
26549;267
26584;267
26625;267
26659;267
26698;267
26736;267
26771;267
26812;267
26850;267
26885;267
26919;267
26959;267
26996;267
27031;267
27070;267
27108;267
27148;261
27184;261
27227;261
27270;261
27319;261
27369;261
27413;261
27463;261
27502;261
27539;261
27578;261
27615;261
27659;261
27701;261
27739;261
27782;261
27829;261
27875;261
27913;261
27955;261
27994;260
28039;260
28083;260
28119;260
28162;260
28204;260
28241;260
28279;260
28319;260
28356;260
28395;260
28431;260
28467;260
28504;260
28539;260
28579;260
28632;260
28695;260
28770;260
28825;260
28923;260
28983;260
29045;260
29101;260
29148;260
29193;260
29281;260
29323;260
29395;260
29473;260
29511;260
29579;260
29633;260
29680;260
29727;260
29776;260
29832;260
29889;260
29946;260
30001;260
30064;260
30122;260
30181;260
30222;260
30260;260
30302;260
30348;260
30406;260
30484;260
30530;260
30586;260
30657;260
30729;260
30786;260
30846;260
30913;260
30962;260
31008;260
31050;260
31097;260
31142;260
31188;260
31227;260
31267;260
31308;260
31344;260
31392;260
31426;260
31467;260
31503;260
31544;260
31578;260
31614;260
31653;260
31688;260
31743;260
31799;260
31850;260
31921;260
31984;260
32053;260
32126;260
32177;260
32220;260
32276;260
32343;260
32382;260
32434;260
32480;260
32529;260
32583;260
32629;260
32671;260
32709;260
32751;260
32795;260
32847;260
32900;260
32955;259
32993;259
33030;259
33064;259
33108;259
33145;259
33192;259
33250;259
33320;259
33383;259
33452;259
33545;259
33608;259
33686;259
33723;259
33770;259
33809;259
33856;259
33892;259
33937;259
33986;259
34043;259
34080;259
34119;259
34153;259
34193;260
34228;260
34262;260
34298;260
34343;260
34378;260
34424;260
34491;260
34555;261
34625;261
34708;261
34763;261
34801;261
34849;261
34930;261
34990;261
35060;261
35133;261
35179;261
35224;261
35272;261
35321;261
35370;261
35418;261
35466;261
35513;261
35587;261
35643;261
35703;261
35750;261
35800;261
35848;261
35894;261
35942;261
35990;261
36036;261
36086;261
36130;261
36180;261
36231;261
36287;261
36351;261
36408;261
36463;261
36527;261
36580;261
36631;261
36683;261
36729;261
36763;261
36798;261
36831;261
36865;261
36900;261
36932;261
36973;261
37018;261
37062;261
37109;261
37168;261
37219;261
37265;261
37311;261
37392;261
37438;261
37486;261
37536;261
37588;261
37656;261
37694;261
37733;261
37789;261
37847;261
37903;261
37966;261
38030;261
38103;261
38182;261
38262;261
38327;261
38403;261
38462;261
38520;261
38580;261
38648;261
38723;261
38770;261
38841;261
38911;261
38963;261
39016;261
39067;261
39129;261
39197;261
39257;261
39342;261
39403;261
39465;261
39523;261
39576;261
39638;261
39691;261
39748;260
39805;260
39860;260
39918;260
39953;260
39988;260
40021;260
40055;260
40088;260
40123;260
40157;260
40209;260
40246;260
40297;260
40353;260
40410;260
40468;260
40523;260
40573;260
40608;260
40643;260
40678;260
40712;260
40745;260
40788;260
40825;260
40863;260
40909;260
40945;260
40982;260
41030;260
41068;260
41107;260
41146;260
41187;260
41224;260
41259;260
41294;260
41338;260
41375;260
41414;260
41453;260
41491;260
41524;260
41569;260
41607;260
41664;260
41698;260
41731;260
41767;260
41819;260
41854;260
41885;260
41926;260
41957;260
41988;260
42021;260
42079;260
42138;260
42182;260
42216;260
42248;260
42281;260
42314;260
42348;260
42382;260
42417;260
42455;260
42492;260
42521;260
42552;260
42583;260
42613;260
42643;260
42679;260
42709;260
42740;260
42773;260
42807;260
42840;260
42873;260
42905;260
42938;260
42985;260
43020;260
43052;260
43086;260
43120;260
43157;260
43191;260
43223;260
43255;260
43287;260
43325;260
43370;260
43400;260
43430;260
43460;260
43491;260
43524;260
43555;260
43588;260
43622;260
43662;260
43705;260
43736;260
43768;260
43803;260
43834;260
43864;260
43897;260
43931;260
43964;260
43999;260
44032;260
44066;260
44100;260
44130;260
44163;261
44200;261
44230;260
44260;260
44291;260
44321;260
44351;260
44381;260
44415;260
44449;260
44484;260
44518;260
44549;260
44585;260
44617;260
44650;260
44684;260
44714;260
44750;260
44784;260
44817;260
44850;260
44895;260
44931;260
44967;260
45012;260
45050;260
45080;260
45111;260
45144;260
45178;260
45215;260
45260;260
45297;260
45331;260
45362;260
45393;260
45431;261
45463;261
45496;261
45535;261
45565;261
45598;261
45641;261
45675;261
45709;261
45740;261
45770;261
45800;261
45831;261
45861;261
45895;261
45926;261
45964;261
46000;261
46030;261
46064;261
46095;261
46128;261
46161;261
46193;261
46229;261
46261;261
46295;261
46327;261
46360;261
46391;261
46433;261
46470;261
46501;261
46534;261
46564;261
46599;261
46629;261
46660;261
46716;261
46750;261
46786;261
46821;261
46858;261
46889;261
46922;261
46957;261
46989;261
47031;261
47065;261
47099;261
47148;261
47209;261
47249;261
47282;261
47315;261
47348;261
47381;261
47413;261
47447;261
47484;261
47520;261
47561;261
47604;261
47643;261
47678;261
47715;261
47752;261
47799;261
47839;261
47880;261
47917;261
47967;261
48019;261
48056;261
48092;261
48129;261
48172;261
48219;261
48260;261
48310;261
48349;261
48384;261
48425;261
48466;261
48509;261
48550;261
48586;261
48629;261
48671;261
48714;261
48759;261
48792;261
48826;260
48868;260
48913;260
48955;260
48988;260
49026;260
49068;260
49102;260
49146;260
49204;260
49264;260
49303;260
49346;260
49381;260
49416;260
49457;260
49493;260
49558;260
49600;260
49644;260
49703;260
49763;260
49831;260
49884;260
49938;260
49997;260
50051;260
50105;260
50159;260
50218;260
50279;260
50349;260
50410;260
50490;260
50545;260
50623;260
50685;260
50739;260
50809;260
50865;260
50919;260
50974;260
51041;260
51098;260
51159;260
51226;260
51286;260
51351;260
51407;260
51463;260
51519;260
51574;260
51631;260
51692;260
51765;260
51838;260
51899;259
51950;259
51985;259
52028;259
52065;259
52107;259
52149;259
52182;259
52219;259
52257;259
52290;259
52325;259
52363;259
52415;259
52454;259
52493;259
52530;259
52564;259
52603;259
52646;259
52682;259
52715;259
52756;259
52802;259
52840;259
52875;259
52908;259
52945;259
52985;259
53018;259
53052;259
53089;259
53122;259
53159;259
53192;259
53228;259
53264;259
53307;259
53358;259
53403;259
53439;259
53490;259
53541;259
53576;259
53624;259
53657;259
53690;259
53723;259
53779;259
53810;259
