199;261
304;261
387;261
442;261
503;261
560;261
604;261
662;261
711;261
766;261
843;261
918;261
957;261
999;261
1038;261
1080;261
1125;261
1164;261
1229;261
1265;261
1301;261
1343;261
1384;261
1426;261
1468;261
1513;261
1558;261
1612;261
1667;261
1720;261
1775;261
1834;261
1889;261
1948;261
1991;261
2030;261
2072;261
2113;261
2155;261
2194;261
2234;261
2282;261
2319;261
2358;261
2396;261
2432;261
2473;261
2525;261
2563;261
2607;261
2648;261
2689;261
2726;261
2766;261
2807;261
2849;261
2887;261
2926;261
2959;261
2992;261
3026;261
3071;261
3114;261
3156;261
3209;261
3257;261
3304;261
3355;261
3403;261
3456;261
3509;261
3558;261
3605;261
3653;261
3703;261
3754;261
3802;261
3838;261
3881;261
3916;261
3950;261
3992;261
4034;261
4068;261
4102;261
4144;261
4178;261
4212;261
4247;261
4285;261
4319;261
4355;261
4388;261
4429;261
4462;261
4496;261
4534;261
4570;261
4608;261
4644;261
4677;261
4710;261
4744;261
4778;260
4826;260
4859;260
4900;260
4935;260
4973;260
5008;260
5042;260
5081;260
5115;260
5159;260
5191;260
5225;260
5259;260
5293;260
5328;260
5366;260
5404;260
5439;260
5473;260
5509;260
5555;260
5589;260
5630;260
5665;260
5704;260
5738;260
5773;260
5810;260
5844;260
5897;260
5939;260
5987;260
6036;260
6083;260
6132;260
6183;260
6230;260
6280;260
6316;260
6349;260
6382;260
6416;260
6448;260
6483;260
6516;260
6550;260
6583;260
6619;260
6656;260
6697;260
6730;260
6764;260
6806;260
6843;260
6877;260
6910;260
6945;260
6981;260
7013;260
7047;260
7082;260
7117;260
7154;260
7186;260
7220;260
7252;260
7286;260
7321;260
7355;260
7388;260
7420;260
7454;260
7487;260
7521;260
7556;260
7588;260
7620;260
7655;260
7693;260
7731;260
7775;260
7818;260
7853;260
7889;260
7928;260
7961;260
7995;260
8034;261
8069;261
8110;261
8144;261
8178;262
8212;262
8247;262
8281;262
8314;262
8348;262
8381;262
8415;262
8449;262
8496;262
8537;262
8576;262
8613;262
8648;262
8680;262
8716;262
8753;262
8787;262
8821;262
8855;262
8891;262
8927;262
8962;262
8993;262
9026;262
9060;262
9094;262
9139;262
9185;262
9223;262
9255;262
9288;262
9322;262
9356;262
9391;262
9426;262
9459;262
9491;262
9532;262
9567;262
9601;262
9635;262
9677;262
9717;262
9754;262
9793;262
9828;262
9863;262
9897;262
9931;262
9965;262
10000;262
10038;262
10072;262
10117;262
10150;262
10192;262
10226;262
10259;262
10294;262
10332;262
10366;262
10404;262
10439;262
10472;261
10509;261
10548;261
10582;261
10616;261
10650;261
10685;261
10719;261
10752;261
10788;261
10823;261
10862;261
10897;261
10931;261
10965;260
10998;260
11030;260
11063;260
11097;260
11133;260
11168;260
11203;260
11248;260
11285;264
11319;264
11363;264
11396;264
11436;264
11471;264
11510;264
11545;264
11579;264
11612;265
11645;265
11689;265
11722;265
11756;265
11791;265
11827;265
11864;265
11899;265
11932;265
11967;265
12001;265
12036;265
12068;265
12101;265
12133;265
12169;265
12202;265
12244;265
12280;265
12314;265
12348;265
12394;265
12427;265
12462;265
12494;265
12529;265
12563;265
12599;265
12636;265
12679;266
12716;266
12763;266
12808;266
12849;266
12895;266
12938;268
12978;268
13010;268
13044;268
13079;268
13119;268
13151;268
13185;268
13229;268
13263;268
13296;268
13328;268
13358;268
13391;268
13428;268
13462;268
13495;268
13528;268
13560;268
13593;268
13627;268
13663;268
13703;268
13738;268
13772;268
13811;268
13848;271
13886;271
13918;271
13956;271
13996;271
14031;271
14063;271
14097;271
14133;271
14165;271
14199;271
14233;271
14266;271
14303;271
14340;271
14374;271
14410;271
14443;271
14476;271
14510;271
14544;271
14578;271
14614;271
14652;271
14691;268
14724;268
14758;268
14790;268
14827;268
14860;268
14896;268
14928;268
14968;268
15004;268
15041;268
15074;268
15118;265
15159;265
15195;265
15229;265
15265;265
15299;265
15341;265
15375;265
15410;265
15444;265
15478;265
15511;265
15543;265
15579;265
15617;265
15650;265
15687;265
15719;265
15751;265
15791;265
15846;265
15883;265
15916;265
15948;265
15981;265
16026;265
16061;265
16095;265
16130;265
16179;265
16217;265
16253;265
16293;265
16327;265
16359;265
16393;265
16428;265
16461;265
16494;265
16530;265
16567;265
16602;265
16638;265
16674;265
16710;265
16743;265
16776;265
16810;265
16842;265
16876;265
16910;265
16946;265
16985;265
17018;265
17049;265
17081;265
17115;265
17148;265
17181;265
17219;265
17259;265
17290;265
17323;265
17356;265
17391;265
17429;265
17462;265
17495;265
17530;265
17569;265
17601;265
17634;265
17669;265
17718;265
17754;265
17785;264
17839;264
17881;264
17914;264
17950;264
17985;264
18024;267
18064;267
18099;268
18138;268
18175;268
18208;268
18243;268
18278;268
18309;268
18341;268
18375;268
18409;268
18442;268
18475;268
18511;268
18543;268
18580;268
18615;268
18648;268
18682;268
18713;268
18744;268
18777;268
18811;268
18847;268
18883;268
18922;268
18965;268
18998;268
19030;268
19063;268
19096;268
19133;268
19165;268
19197;268
19233;268
19267;268
19300;268
19333;268
19365;268
19399;268
19433;268
19469;268
19502;268
19539;264
19574;264
19608;264
19649;264
19683;264
19717;264
19750;264
19787;264
19821;264
19855;264
19887;264
19919;264
19956;264
19993;264
20024;264
20052;264
20084;264
20117;264
20153;264
20189;264
20221;264
20257;264
20295;264
20331;264
20365;264
20399;264
20435;264
20466;264
20503;264
20537;264
20572;264
20605;264
20642;264
20674;264
20710;264
20742;264
20779;264
20818;264
20851;264
20891;264
20924;264
20961;264
20998;264
21035;264
21072;264
21110;264
21145;264
21182;264
21216;264
21251;264
21284;264
21323;264
21360;264
21401;264
21439;264
21475;264
21510;264
21546;264
21579;265
21615;265
21657;265
21688;265
21720;265
21754;265
21787;265
21820;264
21862;264
21895;264
21928;264
21964;264
22000;264
22040;264
22074;264
22111;264
22147;264
22180;264
22221;261
22258;261
22293;261
22327;261
22361;261
22406;261
22452;261
22486;261
22524;261
22561;261
22598;261
22644;261
22678;261
22711;261
22745;261
22778;261
22813;261
22847;261
22883;261
22921;261
22958;261
22993;261
23027;261
23059;261
23093;261
23129;261
23163;261
23198;261
23235;261
23268;261
23299;261
23333;261
23374;261
23409;261
23443;261
23479;261
23516;261
23550;261
23582;261
23615;261
23650;261
23684;261
23721;261
23756;261
23792;261
23829;261
23874;261
23911;261
23943;261
23979;261
24014;261
24047;261
24082;261
24116;261
24152;261
24189;261
24222;261
24256;261
24300;261
24337;261
24370;261
24405;261
24436;261
24469;261
24501;261
24537;261
24573;261
24605;261
24637;261
24674;261
24709;261
24743;261
24779;261
24808;261
24844;261
24877;261
24911;261
24944;261
24982;261
25014;261
25048;261
25084;261
25116;261
25149;261
25187;261
25224;261
25256;261
25287;261
25321;261
25363;261
25400;261
25440;261
25477;261
25514;261
25546;261
25579;261
25615;261
25649;261
25681;261
25719;261
25754;261
25796;261
25832;261
25879;261
25911;261
25945;261
25977;261
26011;261
26048;261
26082;261
26115;261
26147;261
26180;261
26213;261
26249;261
26287;261
26320;261
26353;261
26387;261
26419;261
26455;261
26495;261
26527;261
26562;261
26595;261
26627;260
26662;260
26696;260
26730;260
26763;260
26796;260
26829;260
26862;260
26897;260
26937;260
26968;260
26999;260
27033;260
27065;265
27100;265
27136;265
27170;265
27205;265
27242;265
27277;265
27309;265
27342;265
27375;265
27409;265
27445;265
27479;265
27511;265
27547;265
27583;265
27619;265
27651;265
27683;265
27716;265
27746;265
27782;265
27818;265
27851;265
27890;266
27928;266
27959;266
27994;266
28030;266
28062;268
28094;268
28129;268
28161;269
28195;269
28229;269
28266;269
28298;269
28329;269
28362;269
28402;268
28435;268
28467;266
28502;266
28534;266
28568;266
28605;266
28639;266
28672;266
28708;266
28744;266
28775;266
28809;266
28841;266
28875;266
28910;268
28941;268
28973;268
29009;268
29046;268
29096;268
29129;268
29162;268
29197;268
29230;268
29265;262
29306;263
29337;263
29368;263
29405;263
29445;263
29481;263
29514;263
29551;263
29585;263
29618;263
29654;263
29688;263
29719;263
29777;263
29809;263
29852;263
29898;262
29938;262
29972;262
30004;262
30037;262
30070;262
30108;262
30142;262
30184;262
30214;262
30256;262
30289;262
30321;262
30356;262
30389;262
30422;262
30456;262
30487;263
30521;263
30558;263
30591;263
30624;263
30662;263
30694;263
30726;263
30760;263
30796;263
30829;258
30861;258
30900;258
30934;258
30965;258
30999;258
31035;258
31067;258
31104;258
31136;258
31170;258
31204;258
31239;258
31279;258
31312;258
31348;258
31384;258
31417;258
31451;258
31487;258
31520;258
31554;258
31587;258
31626;258
31657;258
31690;258
31722;258
31755;258
31786;257
31818;257
31850;257
31894;257
31947;257
31984;261
32015;261
32046;261
32082;261
32115;261
32147;261
32183;261
32215;261
32257;261
32289;261
32324;261
32363;261
32395;261
32429;261
32463;261
32500;261
32534;261
32569;261
32610;261
32649;261
32681;261
32712;261
32745;261
32778;261
32818;261
32862;261
32897;261
32930;261
32963;261
32994;261
33048;261
33080;261
33124;261
33164;261
33194;261
33226;261
33259;261
33302;261
33340;261
33374;261
33408;261
33440;261
33476;261
33512;261
33546;261
33582;261
33615;261
33647;261
33682;261
33721;261
33755;261
33787;261
33827;261
33862;261
33913;261
33960;261
33999;261
34033;261
34076;261
34109;261
34149;261
34181;261
34212;261
34248;261
34280;261
34314;261
34347;261
34382;261
34418;261
34459;262
34491;262
34523;262
34561;262
34595;262
34629;262
34662;262
34695;262
34728;262
34765;262
34798;262
34831;262
34862;262
34894;262
34929;262
34961;262
35002;262
35037;262
35070;262
35111;262
35142;262
35176;262
35213;262
35246;262
35280;262
35313;262
35345;262
35378;262
35416;262
35448;262
35482;262
35513;262
35545;262
35590;262
35623;262
35658;262
35690;262
35729;262
35761;262
35798;262
35834;262
35868;262
35908;262
35962;262
35994;262
36027;262
36060;262
36094;262
36128;262
36163;262
36198;262
36229;262
36263;262
36296;262
36336;262
36368;262
36400;262
36435;262
36474;262
36510;262
36547;262
36583;262
36623;262
36659;262
36696;262
36729;262
36761;262
36795;262
36832;262
36866;262
36898;262
36932;262
36973;262
37005;262
37039;262
37076;262
37113;262
37147;262
37181;262
37217;262
37251;262
37286;262
37320;261
37353;261
37393;261
37428;261
37465;261
37506;261
37542;261
37581;261
37616;261
37652;261
37687;261
37719;261
37752;261
37784;261
37816;261
37852;261
37889;261
37930;261
37982;261
38014;261
38050;261
38082;261
38118;261
38150;261
38182;263
38216;262
38249;262
38293;262
38327;262
38363;262
38398;262
38434;262
38468;262
38502;262
38540;262
38575;262
38613;262
38646;262
38682;262
38715;262
38748;262
38783;262
38824;262
38859;262
38893;262
38927;262
38959;262
38992;262
39028;262
39075;262
39107;262
39140;262
39175;262
39208;262
39241;262
39274;262
39307;262
39341;262
39374;262
39411;262
39446;262
39481;262
39518;262
39552;262
39589;262
39622;262
39655;262
39691;262
39726;262
39760;262
39795;262
39832;262
39865;262
39898;262
39935;262
39971;262
40002;262
40034;262
40066;262
40099;262
40130;262
40162;262
40196;262
40234;262
40266;262
40297;262
40333;262
40371;262
40403;262
40436;262
40476;262
40509;262
40542;262
40574;262
40613;262
40647;262
40682;262
40716;262
40749;262
40784;262
40818;262
40854;262
40885;262
40917;262
40952;262
40983;262
41015;262
41046;262
41079;262
41111;262
41143;262
41179;262
41210;262
41246;262
41279;262
41318;262
41348;262
41380;262
41413;262
41448;262
41480;262
41511;262
41547;262
41583;262
41620;262
41653;262
41685;262
41722;262
41758;262
41796;262
41828;262
41859;262
41892;262
41923;262
41959;262
41993;262
42025;262
42074;262
42110;262
42145;260
42179;260
42224;260
42265;260
42300;260
42335;260
42373;260
42406;260
42440;260
42481;260
42513;260
42546;260
42579;260
42612;260
42645;260
42677;260
42713;260
42745;260
42779;260
42810;260
42842;260
42875;260
42908;260
42943;260
42977;260
43011;260
43045;260
43077;260
43116;260
43155;260
43190;260
43226;260
43257;260
43290;260
43330;260
43363;260
43404;260
43436;260
43468;260
43503;260
43536;260
43570;260
43604;260
43640;260
43672;260
43708;260
43741;260
43778;260
43814;260
43846;260
43878;260
43914;260
43957;260
44014;260
44051;260
44085;260
44117;260
44149;260
44185;260
44220;260
44252;260
44284;260
44317;260
44353;260
44390;260
44428;260
44461;260
44493;260
44529;260
44565;260
44598;260
44635;260
44667;260
44700;260
44733;260
44765;260
44798;260
44830;260
44863;260
44900;260
44931;260
44962;260
44997;260
45029;260
45065;260
45106;260
45138;260
45170;260
45204;260
45236;260
45273;260
45323;260
45363;260
45399;260
45430;260
45470;260
45502;260
45534;260
45569;260
45605;260
45638;260
45669;260
45701;260
45741;260
45773;260
45806;260
45850;260
45882;260
45922;260
45956;260
46008;260
46047;260
46083;260
46120;260
46153;260
46186;260
46217;260
46254;260
46294;260
46325;260
46357;260
46388;260
46423;260
46455;260
46487;260
46520;260
46554;260
46586;260
46620;260
46656;260
46689;260
46723;260
46756;260
46789;260
46829;260
46863;260
46894;260
46933;260
46967;260
46999;260
47034;260
47068;260
47104;260
47139;260
47175;260
47207;260
47242;260
47275;260
47315;260
47350;260
47383;260
47413;260
47445;260
47478;260
47522;260
47561;260
47596;260
47629;260
47663;260
47697;260
47733;260
47764;260
47800;260
47834;260
47866;260
47899;260
47937;260
47969;260
48020;261
48060;261
48093;261
48137;261
48172;261
48205;261
48241;261
48276;261
48316;261
48351;261
48385;261
48417;261
48448;261
48482;261
48519;261
48553;261
48585;261
48617;261
48660;261
48715;261
48746;261
48778;261
48810;261
48846;261
48879;261
48915;261
48947;261
48983;261
49019;261
49053;261
49086;261
49119;261
49153;261
49187;261
49231;261
49267;261
49303;261
49337;261
49376;261
49416;261
49448;261
49481;261
49517;262
49551;262
49584;262
49621;262
49661;262
49694;262
49727;262
49765;262
49795;262
49827;262
49863;262
49898;262
49942;262
49976;262
50040;262
50079;262
50114;262
50150;262
50186;262
50225;262
50261;262
50297;262
50333;262
50364;262
50396;262
50431;262
50468;262
50500;262
50533;262
50570;262
50603;262
50637;262
50672;262
50706;262
50745;262
50782;262
50818;262
50850;262
50887;262
50921;262
50958;262
50990;262
51026;262
51059;262
51091;262
51127;262
51159;262
51194;262
51229;262
51272;262
51307;262
51340;262
51373;262
51411;262
51453;262
51489;262
51529;262
51562;262
51602;262
51642;262
51677;262
51720;262
51749;262
51782;262
51815;262
51852;262
51885;262
51925;262
51961;262
51994;262
52036;262
52067;262
52099;262
52132;262
52164;262
52196;262
52228;262
52260;262
52297;262
52333;262
52368;262
52421;262
52457;262
52491;262
52526;262
52564;262
52595;262
52628;262
52661;262
52702;262
52739;262
52773;262
52808;262
52845;262
52877;262
52907;262
52949;262
52995;262
53037;262
53068;262
53101;262
53133;262
53164;262
53198;262
53231;262
53266;262
53307;262
53339;262
53375;262
53417;262
53448;262
53483;262
53520;262
53553;261
53587;261
53629;261
53667;261
53705;261
53767;261
53818;261
53886;261
53920;261
53958;261
53996;261
54045;261
54090;261
54125;261
54160;261
54194;261
54237;261
54297;261
54357;261
54412;261
54474;261
54525;261
54592;261
54637;261
54673;261
54706;261
54738;261
54776;261
54809;261
54847;261
54880;261
54912;261
54948;260
54984;260
55023;260
55055;260
55096;260
55128;260
55160;260
55196;260
55230;260
55266;260
55298;260
55334;260
55368;260
55398;260
55439;260
55470;260
55504;260
55540;260
55577;260
55608;260
55641;260
55676;260
55708;260
55742;260
55779;260
55816;260
55848;260
55885;260
55918;260
55953;260
55990;260
56033;260
56086;260
56125;260
56157;260
56190;260
56223;260
56257;260
56290;259
56323;259
56357;259
56393;259
56430;259
56471;259
56507;259
56542;259
56575;259
56608;259
56641;259
56678;259
56712;259
56744;259
56781;259
56839;259
56879;259
56914;259
56946;259
56977;259
57008;259
57041;259
57084;259
57120;259
57156;259
57190;259
57226;259
57258;259
57303;259
57334;259
57366;259
57404;259
57437;259
57474;259
57508;259
57544;259
57581;259
57618;259
57651;259
57686;259
57720;259
57754;259
57801;259
57833;259
57864;259
57898;259
57931;259
57964;259
58001;259
58036;259
58072;259
58109;259
58142;259
58175;259
58208;259
58239;259
58273;259
58311;259
58351;259
58386;259
58418;259
58447;259
58478;259
58511;259
58547;259
58580;259
58617;259
58650;259
58683;259
58713;259
58747;259
58780;259
58813;259
58845;259
58877;259
58911;259
58947;259
58979;259
59018;259
59053;259
59087;259
59122;259
59156;259
59195;259
59228;259
59266;259
59303;259
59338;259
59374;259
59418;259
59453;259
59485;259
59524;259
59562;259
59596;259
59631;259
59664;259
59695;259
59727;259
59764;259
59803;259
59838;259
59870;259
59907;259
59938;259
59970;259
60002;259
60039;259
60072;259
60107;259
60147;259
