878;282
1101;282
1298;282
1482;282
1663;282
1852;282
2071;282
2243;282
2416;282
2607;282
2777;282
2964;282
3180;282
3437;282
3706;282
3882;282
4062;282
4237;282
4412;282
4590;282
4766;282
4936;282
5118;282
5288;282
5455;282
5625;282
5865;282
6290;282
6460;282
6652;282
6822;282
6992;282
7162;282
7329;282
7498;282
7661;282
7831;282
7996;282
8159;282
8323;282
8482;282
8665;282
8829;282
8990;282
9151;282
9308;282
9467;282
9624;282
9781;282
9934;282
10084;282
10238;282
10389;282
10535;282
10706;282
10852;282
10994;282
11134;282
11272;282
11411;282
11548;282
11680;282
11818;282
11955;282
12087;282
12216;282
12343;282
12471;282
12602;282
12751;282
12936;282
13088;282
13206;282
13326;282
13440;282
13555;282
13668;282
13807;280
13988;275
14119;271
14248;269
14381;269
14633;268
14770;268
14898;266
14996;266
15097;266
15224;265
15323;265
15449;263
15588;263
15737;261
15831;261
15975;260
16114;260
16222;260
16316;260
16413;260
16505;260
16595;260
16720;260
16827;260
16955;260
17080;260
17187;260
17277;260
17399;260
17530;260
17620;260
17713;260
17804;260
17898;260
17987;260
18081;260
18171;260
18261;260
18350;260
18441;260
18532;260
18623;260
18739;260
18830;260
18920;260
19009;260
19100;260
19191;260
19280;260
19370;260
19463;260
19553;260
19643;260
19732;260
19832;260
19922;260
20012;260
20105;260
20193;260
20283;260
20372;260
20461;260
20552;260
20641;260
20735;260
20826;260
20915;260
21009;260
21101;260
21191;260
21280;260
21370;260
21459;260
21547;260
21637;260
21728;260
21820;260
21909;260
22003;260
22095;260
22184;260
22272;260
22361;260
22452;260
22545;260
22634;260
22739;260
22842;260
22932;260
23023;260
23119;260
23239;260
23362;260
23486;260
23619;260
23719;260
23811;260
23913;260
24035;260
24179;260
24320;260
24468;260
24619;260
24815;260
24965;260
25138;260
25277;260
25375;260
25471;260
25574;260
25673;260
25771;260
25927;260
26090;260
26225;260
26365;260
26525;260
26671;260
26814;260
26952;260
27043;260
27149;260
27240;260
27330;260
27420;260
27510;260
27599;260
27693;260
27792;260
27888;260
27985;260
28089;260
28182;260
28280;260
28375;260
28465;260
28556;260
28646;260
28742;260
28840;260
28930;260
29022;260
29113;260
29204;260
29298;260
29387;260
29489;260
29584;260
29672;260
29763;260
29857;260
30004;260
30193;260
30324;260
30469;260
30646;260
30857;260
31018;260
31190;260
31327;260
31485;260
31642;260
31818;260
31974;260
32174;260
32286;260
32375;260
32516;260
32694;260
32846;260
33010;260
33150;260
33284;260
33437;260
33570;260
33705;260
33849;260
33986;260
34107;260
34198;260
34295;260
34390;260
34490;260
34614;260
34748;260
34839;260
34961;260
35074;260
35202;260
35313;260
35410;260
35500;260
35591;260
35686;260
35778;260
35867;260
35957;260
36069;260
36206;260
36318;260
36408;260
36513;260
36603;260
36693;260
36788;260
36878;260
36972;260
37062;260
37153;260
37243;260
37332;260
37422;260
37543;260
37669;260
37781;260
37870;260
37960;260
38066;260
38156;260
38250;260
38341;260
38431;260
38521;260
38614;260
38704;260
38795;260
38884;260
38980;260
39094;260
39220;260
39319;260
39409;260
39499;260
39593;260
39693;260
39820;260
39967;260
40105;260
40240;260
40372;260
40516;260
40641;260
40759;260
40945;260
41117;260
41267;260
41441;260
41610;260
41766;260
41871;260
42023;260
42124;260
42214;260
42318;260
42424;260
42517;260
42611;260
42703;260
42794;260
42885;260
42979;260
43070;260
43161;260
43251;260
43341;260
43430;260
43522;260
43613;260
43704;260
43797;260
43888;260
43976;260
44068;260
44162;260
44255;260
44388;260
44512;260
44602;260
44693;260
44790;260
44880;260
44973;260
45065;260
45157;260
45277;260
45369;260
45489;260
45584;260
45706;260
45797;260
45887;260
45977;260
46066;260
46158;260
46248;260
46337;260
46430;260
46520;260
46608;260
46700;260
46822;260
46954;260
47082;260
47178;260
47277;260
47372;260
47466;260
47592;260
47682;260
47774;260
47863;260
47952;260
48044;260
48135;260
48224;260
48314;260
48404;260
48494;260
48585;260
48676;260
48775;260
48869;260
48966;260
49062;260
49151;260
49245;260
49338;260
49428;260
49518;260
49612;260
49719;260
49821;260
49910;260
50006;260
50099;260
50188;260
50294;260
50390;260
50487;260
50579;260
50670;260
50759;260
50851;260
50940;260
51053;260
51153;260
51268;260
51390;260
51490;260
51600;260
51734;260
51871;260
52006;260
52099;260
52190;260
52280;260
52370;260
52460;260
52550;260
52641;260
52731;260
52822;260
52911;260
53001;260
53097;260
53189;260
53277;260
53371;260
53462;260
53552;260
53641;260
53731;260
53821;260
53910;260
54000;260
54091;260
54182;260
54272;260
54363;260
54453;260
54544;260
54634;260
54724;260
54817;260
54912;260
55003;260
55121;260
55212;260
55302;260
55392;260
55489;260
55580;260
55673;260
55765;260
55856;260
55945;260
56035;260
56126;260
56216;260
56305;260
56395;260
56487;260
56581;260
56671;260
56763;260
56853;260
56942;260
57032;260
57127;260
57217;260
57307;260
57396;260
57487;260
57576;260
57667;260
57759;260
57853;260
57944;260
58036;260
58125;260
58216;260
58306;260
58397;260
58485;260
58575;260
58664;260
58754;260
58843;260
58933;260
59027;260
59143;260
59233;260
59322;260
59411;260
59504;260
59594;260
59683;260
59776;260
59865;260
59955;260
60045;260
60135;260
60225;260
60317;260
60408;260
60498;260
60587;260
60679;260
60768;260
60858;260
60947;260
61041;260
61138;260
61229;260
61319;260
61409;260
61499;260
61590;260
61680;260
61774;260
61865;260
61956;260
62046;260
62137;260
62227;260
62317;260
62408;260
62499;260
62605;260
62695;260
62788;260
62877;260
62966;260
63056;260
63161;260
63252;260
63343;260
63433;260
63523;260
63614;260
63705;260
63799;260
63889;260
63980;260
64072;260
64167;260
64258;260
64351;260
64447;260
64540;260
64639;260
64745;260
64846;260
64951;260
65059;260
65160;260
65265;260
65368;260
65472;260
65568;260
65662;260
65752;260
65860;260
65989;260
66103;260
66193;260
66282;260
66374;260
66462;260
66552;260
66642;260
66732;260
66822;260
66913;260
67005;260
67094;260
67200;260
67289;260
67379;260
67468;260
67557;260
67646;260
67740;260
67833;260
67923;260
68013;260
68104;260
68195;260
68285;260
68374;260
68462;260
68556;260
68646;260
68741;260
68833;260
68922;260
69013;260
69101;260
69195;260
69286;260
69375;260
69465;260
69556;260
69646;260
69736;260
69827;260
69916;260
70006;260
70098;260
70188;260
70282;260
70372;260
70461;260
70551;260
70640;260
70730;260
70821;260
70911;260
71001;260
71092;260
71186;260
71279;260
71369;260
71460;260
71551;260
71641;260
71733;260
71827;260
71918;260
72009;260
72102;260
72192;260
72283;260
72372;260
72462;260
72552;260
72643;260
72732;260
72826;260
72916;260
73006;260
73098;260
73189;260
73289;260
73380;260
73469;260
73558;260
73647;260
73737;260
73829;260
73918;260
74006;260
74098;260
74187;260
74277;260
74366;260
74455;260
74544;260
74634;260
74723;260
74816;260
74907;260
74996;260
75086;260
75174;260
75270;260
75361;260
75451;260
75542;260
75633;260
75722;260
75813;260
75905;260
75995;260
76084;260
76176;260
76266;260
76360;260
76451;260
76541;260
76630;260
76720;260
76811;260
76901;260
76990;260
77082;260
77172;260
77290;260
77380;260
77470;260
77560;260
77651;260
77740;260
77832;260
77929;260
78018;260
78107;260
78198;260
78286;260
78376;260
78465;260
78557;260
78648;260
78740;260
78831;260
78922;260
79013;260
79105;260
79196;260
79292;260
79382;260
79477;260
79567;260
79657;260
79746;260
79840;260
79932;260
80022;260
80112;260
80204;260
80293;260
80383;260
80474;260
80564;260
80655;260
80745;260
80838;260
80928;260
81023;260
81116;260
81209;260
81304;260
81394;260
81484;260
81574;260
81663;260
81755;260
81850;260
81939;260
82029;260
82120;260
82211;260
82300;260
82390;260
82482;260
82576;260
82666;260
82757;260
82848;260
82937;260
83028;260
83119;260
83211;260
83308;260
83398;260
83488;260
83579;260
83671;260
83760;260
83854;260
83945;260
84040;260
84131;260
84221;260
84311;260
84403;260
84493;260
84590;260
84738;260
84883;260
85001;260
85092;260
85182;260
85275;260
85370;260
85465;260
85559;260
85651;260
85741;260
85831;260
85923;260
86014;260
86105;260
86195;260
86283;260
86374;260
86465;260
86555;260
86646;260
86737;260
86829;260
86919;260
87009;260
87101;260
87191;260
87283;260
87378;260
87467;260
87556;260
87646;260
87736;260
87827;260
87919;260
88009;260
88099;260
88189;260
88280;260
88378;260
88470;260
88558;260
88671;260
88760;260
88851;260
88940;260
89033;260
89133;260
89250;260
89388;260
89486;260
89581;260
89678;260
89778;260
89871;260
89960;260
90048;260
90152;260
90296;260
90443;260
90535;260
90631;260
90719;260
90811;260
90905;260
90994;260
91082;260
91174;260
91263;260
91357;260
91450;260
91539;260
91631;260
91723;260
91818;260
91908;260
91997;260
92087;260
92176;260
92265;260
92355;260
92444;260
92532;260
92622;260
92711;260
92802;260
92891;260
92980;260
93068;260
93159;260
93252;260
93345;260
93440;260
93530;260
93620;260
93709;260
93801;260
93891;260
93982;260
94073;260
94167;260
94256;260
94346;260
94435;260
94526;260
94616;260
94707;260
94802;260
94893;260
94983;260
95077;260
95166;260
95256;260
95348;260
95443;260
95533;260
95624;260
95715;260
95810;260
95902;260
96000;260
96090;260
96183;260
96273;260
96383;260
96474;260
96564;260
96654;260
96745;260
96838;260
96929;260
97020;260
97111;260
97221;260
97369;260
97493;260
97584;260
97678;260
97800;260
97895;260
97985;260
98078;260
98168;260
98260;260
98351;260
98440;260
98531;260
98622;260
98714;260
98805;260
98895;260
98987;260
99079;260
99170;260
99261;260
99352;260
99463;260
99552;260
99642;260
99732;260
99825;260
99918;260
100020;260
100115;260
100206;260
100295;260
100392;260
100491;260
100587;260
100682;260
100777;260
100870;260
100965;260
101059;260
101150;260
101240;260
101334;260
101428;260
101523;260
101614;260
101705;260
101797;260
101886;260
101978;260
102070;260
102163;260
102252;260
102354;260
102496;260
102602;260
102701;260
102794;260
102884;260
102972;260
103061;260
103149;260
103240;260
103330;260
103448;260
103603;260
103746;260
103842;260
103933;260
104027;260
104118;260
104208;260
104314;260
104471;260
104598;260
104690;260
104781;260
104874;260
104995;260
105165;260
105294;260
105458;260
105572;260
105665;260
105754;260
105845;260
105944;260
106067;260
106196;260
106310;260
106435;260
106566;260
106699;260
106823;260
106956;260
107093;260
107231;260
107379;260
107478;260
107583;260
107705;260
107823;260
107942;260
108052;260
108159;260
108269;260
108364;260
108483;260
108589;260
108706;260
108819;260
108920;260
109037;260
109182;260
109316;260
109466;260
109626;260
109774;260
109912;260
110056;260
110222;260
110353;260
110519;260
110683;260
110836;260
110997;260
111137;260
111264;260
111441;260
111613;260
111764;260
111947;260
112108;260
112238;260
112383;260
112524;260
112713;260
112863;260
113018;260
113178;260
113300;260
113470;260
113641;260
113794;260
113917;260
114019;260
114114;260
114203;260
114313;260
114455;260
114595;260
114698;260
114829;260
114972;260
115065;260
115184;260
115315;260
115443;260
115547;260
115680;260
115796;260
115884;260
115989;260
116136;260
116277;260
116455;260
116641;260
116823;260
116968;260
117097;260
117215;260
117355;260
117488;260
117615;260
117767;260
117888;260
118031;260
118173;260
118263;260
118358;260
118488;260
118623;260
118738;260
118878;260
118992;260
119106;260
119241;260
119415;260
119548;260
119702;260
119862;260
119984;260
120097;260
120192;260
120283;260
120397;260
120521;260
120618;260
120749;260
120845;260
120938;260
121031;260
121140;260
121261;260
121369;260
121465;260
121559;260
121650;260
121746;260
121841;260
121931;260
122022;260
122114;260
122203;260
122295;260
122385;260
122474;260
122565;260
122661;260
122768;260
122860;260
122952;260
123042;260
123136;260
123229;260
123318;260
123408;260
123500;260
123590;260
123685;260
123786;260
123876;260
123965;260
124056;260
124148;260
124238;260
124336;260
124426;260
124516;260
124607;260
124699;260
124790;260
124880;260
124971;260
125072;260
125162;260
125253;260
125343;260
125433;260
125524;260
125614;260
125713;260
125834;260
125957;260
126119;260
126210;260
126300;260
126391;260
126482;260
126574;260
126665;260
126755;260
126849;260
126940;260
127031;260
127123;260
127215;260
127306;260
127402;260
127493;260
127582;260
127678;260
127824;260
127914;260
128009;260
128103;260
128193;260
128288;260
128377;260
128466;260
