253;3960
498;3877
703;3781
871;3686
1131;3546
1283;3461
1476;3379
1649;3379
1801;3149
1958;3144
2107;3099
2254;3034
2342;2986
2467;2854
2602;2793
2720;2793
2872;2708
2994;2708
3158;2689
3320;2610
3419;2610
3534;2530
3654;2501
3735;2439
3795;2439
3864;2273
3927;2239
4033;2107
4106;2107
4195;2107
4288;2100
4378;2100
4468;2100
4561;2040
4650;2025
4746;1911
4825;1911
4910;1911
4985;1911
5061;1911
5157;1846
5235;1846
5312;1817
5401;1817
5495;1817
5581;1817
5667;1623
5736;1554
5796;1554
5852;1536
5932;1492
5993;1425
6056;1425
6117;1425
6189;1283
6250;1283
6318;1211
6396;1140
6520;1106
6578;1106
6639;1106
6708;1106
6776;1106
6836;1106
6902;1092
6960;1092
7034;1092
7096;1092
7167;1092
7233;1089
7340;1089
7427;1089
7509;976
7602;937
7685;937
7785;937
7893;937
7970;937
8049;937
8134;937
8220;892
8332;892
8413;892
8499;892
8580;892
8664;892
8756;816
8823;816
8904;756
8986;756
9076;756
9159;756
9244;679
9327;679
9399;662
9462;662
9529;662
9590;662
9649;662
9719;662
9776;596
9842;596
9899;596
9970;596
10035;596
10099;596
10157;596
10229;580
10291;580
10363;580
10434;580
10493;580
10571;580
10650;580
10745;582
10834;584
10912;584
10984;584
11045;584
11104;584
11167;584
11238;584
11341;584
11420;584
11502;584
11579;584
11654;584
11724;584
11839;584
11924;583
11991;583
12052;583
12139;581
12231;581
12294;581
12354;581
12420;581
12494;581
12553;581
12620;581
12692;581
12750;581
12815;581
12882;581
12941;581
13014;581
13087;575
13143;575
13201;575
13264;575
13360;575
13453;575
13522;575
13583;575
13652;575
13719;575
13830;575
13928;575
14028;575
14108;575
14167;575
14247;575
14310;575
14376;575
14469;575
14557;575
14638;575
14697;575
14763;432
14822;432
14882;432
14942;432
15009;432
15068;432
15129;432
15192;412
15267;412
15372;412
15480;412
15626;412
15781;412
15924;412
16042;412
16149;412
16254;412
16393;412
16516;412
16669;376
16836;376
16955;376
17095;376
17198;376
17309;376
17422;376
17544;376
17660;376
17727;376
17790;376
17850;376
17912;373
17971;373
18029;373
18087;373
18146;373
18205;373
18290;360
18362;345
18420;344
18477;344
18535;344
18593;344
18654;344
18726;344
18789;344
18851;344
18909;344
18990;259
19045;259
19101;259
19159;259
19218;259
19278;259
19344;239
19441;239
19553;239
19658;239
19724;239
19800;239
19862;239
19921;239
19984;239
20060;239
20120;239
20193;239
20249;239
20312;239
20369;238
20446;238
20528;238
20628;238
20742;238
20864;238
20995;238
21122;238
21254;238
21401;238
21520;238
21634;238
21720;238
21834;238
21945;238
22042;238
22193;238
22297;238
22427;238
22554;238
22643;238
22728;238
22804;237
22885;237
22983;236
23056;236
23117;237
23179;237
23247;239
23313;239
23373;239
23433;239
23492;239
23549;239
23615;239
23672;239
23737;239
23798;239
23864;239
23931;237
23991;237
24051;237
24139;237
24216;238
24277;238
24352;238
24409;238
24466;238
24524;238
24581;238
24646;238
24718;238
24785;238
24868;238
24934;238
24995;238
25061;238
25132;238
25189;238
25248;238
25310;238
25392;238
25471;238
25536;238
25606;238
25668;238
25742;238
25802;238
25872;238
25974;238
26082;238
26154;238
26212;238
26278;239
26337;239
26396;239
26455;239
26514;239
26604;239
26662;239
26724;239
26799;239
26865;239
26936;239
26992;239
27062;239
27115;239
27171;239
27250;239
27307;239
27367;239
27425;239
27486;239
27553;239
27619;239
27691;239
27750;239
27810;239
27866;239
27923;239
27980;239
28048;239
28104;239
28205;239
28299;239
28373;239
28446;239
28592;239
28741;239
28888;239
28972;239
29054;239
29151;239
29242;239
29332;239
29438;239
29546;239
29624;239
29746;239
29830;239
29928;239
30012;239
30098;239
30203;239
30320;239
30409;239
30484;239
30549;239
30620;239
30686;239
30766;239
30823;239
30888;239
30961;239
31020;239
31092;239
31153;239
31227;239
31309;239
31391;239
31475;239
31543;239
31610;239
31685;239
31762;239
31852;239
31948;239
32007;239
32068;239
32134;239
32201;239
32266;239
32323;240
32379;240
32439;240
32499;240
32560;240
32628;240
32692;240
32750;240
32813;240
32881;240
32948;240
33006;240
33104;240
33183;240
33273;240
33348;240
33421;240
33480;240
33544;239
33600;239
33690;239
33765;239
33835;239
33892;239
33950;239
34008;239
34067;239
34124;239
34195;239
34251;239
34315;239
34373;239
34441;239
34498;239
34553;239
34610;239
34687;239
34755;239
34825;239
34913;239
34982;239
35047;236
35122;236
35191;236
35263;236
35332;236
35409;236
35503;236
35659;236
35772;236
35894;236
35987;236
36068;236
36168;236
36268;236
36405;236
36524;236
36649;236
36793;236
36885;236
36992;236
37076;236
37164;236
37248;236
37362;236
37441;238
37508;238
37572;238
37654;238
37726;238
37792;238
37861;238
37918;238
37977;238
38039;238
38106;238
38178;239
38238;239
38295;239
38355;239
38413;239
38473;239
38536;239
38592;239
38661;239
38734;239
38805;239
38860;239
38917;239
38976;239
39070;239
39160;239
39250;239
39384;239
39503;239
39582;239
39680;239
39815;239
39902;239
39982;239
40093;239
40228;239
40303;239
40367;239
40457;239
40516;239
40571;239
40629;239
40685;239
40742;239
40807;239
40867;239
40926;240
40984;240
41045;240
41107;240
41186;240
41248;240
41316;240
41381;240
41446;240
41524;240
41584;240
41649;240
41706;240
41764;240
41823;240
41883;240
41951;240
42015;240
42071;240
42139;240
42196;240
42260;240
42318;240
42376;240
42436;240
42494;240
42560;239
42618;239
42681;239
42761;239
42817;239
42885;239
42944;239
43000;239
43058;239
43123;239
43204;239
43283;239
43346;239
43408;239
43470;239
43541;239
43607;239
43663;239
43719;239
43783;239
43843;239
43900;239
43965;239
44022;239
44080;239
44153;239
44235;239
44325;239
44382;239
44438;239
44499;239
44585;239
44672;239
44755;239
44834;239
44891;239
44970;239
45055;239
45131;239
45195;239
45253;239
45316;239
45385;239
45444;239
45502;239
45561;239
45624;239
45680;239
45736;239
45801;239
45861;239
45919;239
45976;239
46032;239
46097;239
46170;239
46239;239
46316;239
46417;239
46554;239
46667;239
46762;239
46842;239
46937;239
47025;239
47142;239
47263;239
47385;239
47512;239
47636;239
47800;239
47895;239
47978;239
48089;239
48202;239
48293;239
48368;239
48426;239
48490;239
48556;239
48643;239
48726;239
48828;239
48911;239
48974;239
49034;239
49095;239
49154;239
49214;239
49321;239
49397;239
49463;239
49539;239
49612;239
49682;239
49778;239
49892;239
50028;239
50158;239
50302;239
50402;238
50542;238
50655;238
50765;238
50883;238
50991;238
51081;238
51196;238
51332;238
51447;238
51573;238
51736;238
51894;238
52010;238
52132;238
52225;238
52350;238
52476;238
52547;238
52614;238
52674;238
52731;238
52788;238
52851;238
52908;238
52987;238
53059;238
53125;238
53190;238
53269;238
53329;238
53389;238
53449;238
53515;238
53576;238
53645;238
53710;238
53784;238
53852;238
53911;238
53977;238
54040;238
54100;238
54162;238
54217;238
54280;238
54339;238
54401;238
54456;238
54520;238
54578;238
54641;238
54699;236
54758;236
54814;236
54897;236
54957;236
55034;236
55099;236
55176;236
55260;236
55359;236
55471;236
55577;236
55636;236
55699;236
55773;236
55843;236
55900;236
55973;236
56030;236
56087;236
56145;236
56217;236
56278;236
56339;236
56405;236
56467;236
56537;236
56619;236
56709;236
56773;236
56860;236
56930;236
56986;236
57045;236
57100;235
57162;235
57219;235
57282;235
57340;235
57397;235
57453;235
57508;235
57565;235
57620;235
57676;235
57735;235
57800;235
57860;235
57925;235
57988;235
58046;235
58113;235
58183;235
58249;235
58304;235
58364;235
58427;235
58495;235
58557;235
58617;235
58675;235
58733;235
58791;235
58850;235
58911;235
58967;235
59023;235
59079;235
59147;235
59256;235
59334;235
59418;235
59482;235
59544;235
59600;235
59654;235
59721;235
59782;235
59839;235
59896;235
59963;235
60026;235
60084;235
60165;235
60222;235
60285;235
60380;235
60445;235
60511;235
60570;235
60635;235
60693;235
60756;235
60816;235
60874;235
60941;235
61003;235
61075;235
61143;235
61202;236
61266;236
61336;236
61417;236
61477;236
61542;236
61615;236
61685;236
61755;236
61836;236
61899;236
61993;236
62061;236
62121;236
62186;236
62246;236
62309;236
62373;236
62429;236
62486;236
62550;236
62608;236
62673;236
62739;236
62802;236
62890;236
62953;236
63011;236
63082;236
63153;236
63210;236
63273;236
63337;236
63409;236
63467;236
63545;236
63605;236
63673;236
63761;236
63818;236
63891;236
63943;236
64002;236
64065;236
64120;236
64175;236
64248;236
64319;236
64394;236
64455;236
64513;236
64573;236
64671;236
64729;236
64789;236
64845;236
64903;236
64958;236
65016;236
65073;236
65145;236
65203;236
65270;236
65345;236
65432;236
65497;236
65561;236
65635;236
65723;236
65779;236
65843;236
65931;236
66051;236
66164;236
66306;236
66430;236
66525;236
66597;236
66662;236
66728;235
66786;235
66847;235
66910;235
66967;235
67024;235
67091;235
67147;235
67202;235
67258;235
67314;235
67369;235
67436;235
67502;235
67582;235
67639;235
67705;235
67768;235
67846;235
67927;235
68010;235
68096;235
68159;235
68227;235
68294;235
68362;235
68424;235
68494;235
68552;235
68616;235
68672;235
68738;235
68803;235
68868;235
68928;235
68989;235
69063;235
69120;235
69176;235
69233;235
69312;235
69367;236
69425;236
69483;236
69542;236
69598;236
69671;236
69732;236
69792;236
69858;236
69928;236
69994;236
70050;236
70107;236
70162;236
70225;236
70281;236
70348;236
70430;236
70554;236
70632;236
70720;236
70799;236
70871;236
70936;236
70992;236
71056;236
71115;236
71174;236
71232;236
71300;236
71359;236
71416;236
71482;236
71540;235
71599;235
71666;235
71766;235
71842;235
71930;235
71996;235
72074;235
72138;235
72203;235
72290;235
72369;235
72448;235
72538;235
72607;235
72675;235
72737;235
72797;235
72861;235
72919;235
72975;235
73031;235
73087;235
73148;235
73228;235
73322;235
73412;235
73490;235
73577;235
73655;235
73724;235
73790;235
73850;235
73918;235
73982;235
74040;235
74103;235
74159;235
74228;235
74285;235
74372;235
74459;235
74552;235
74637;235
74713;235
74773;236
74847;236
74912;236
74967;236
75026;236
75090;236
75148;236
75207;236
75265;236
75329;236
75388;236
75447;236
75522;236
75602;236
75684;236
75755;236
75828;236
75906;236
75987;236
76082;236
76183;236
76263;236
76332;236
76388;236
76446;236
76503;236
76561;236
76621;236
76680;236
76773;236
76867;236
76949;236
77025;236
77101;236
77165;236
77228;236
77287;236
77347;236
77404;236
77462;236
77515;236
77582;236
77653;236
77712;236
77767;236
77830;236
77903;236
77988;236
78069;236
78154;236
78229;236
78289;236
78350;236
78413;236
78470;236
78527;236
78582;236
78639;236
78696;236
78754;236
78818;236
78892;236
78956;236
79016;236
79110;236
79200;236
79294;236
79374;236
79435;236
79494;236
79550;236
79613;236
79673;236
79739;235
79807;235
79874;235
79947;235
80034;235
80129;235
80200;235
80285;235
80346;235
80405;235
80470;235
80527;235
80593;235
80656;235
80721;235
80780;235
80838;235
80923;235
81002;235
81079;235
81159;235
81256;235
81360;235
81432;235
81496;235
81575;235
81631;235
81689;235
81747;235
81805;235
81870;235
81936;235
81996;235
82093;235
82177;235
82260;235
82335;235
82409;235
82482;235
82541;235
82604;235
82669;235
82727;235
82798;235
82860;235
82919;235
82990;235
83057;235
83113;235
83170;235
83236;235
83318;235
83394;235
83465;235
83546;235
83644;235
83734;235
83794;235
83855;235
83915;235
83973;235
84031;235
84089;235
84146;235
84213;235
84269;235
84343;235
84438;235
84519;235
84604;235
84686;235
84768;235
84849;235
84936;235
85035;235
85120;235
85219;235
85307;235
85376;235
85450;235
85539;235
85636;235
85758;235
85833;235
85895;235
85953;235
86029;235
86104;235
86178;235
86261;235
86336;235
86405;235
86475;235
86533;235
86596;235
86677;235
86756;235
86835;235
86923;235
86983;235
87055;235
87150;235
87245;235
87329;235
87421;235
87509;235
87591;235
87697;235
87754;235
87810;235
87883;235
87941;235
88008;235
88066;235
88129;235
88224;235
88308;235
88388;235
88471;235
88531;235
88591;235
88649;235
88721;235
88787;235
88845;235
88914;235
88970;235
89028;235
89086;235
89158;235
89223;235
89279;235
89336;235
89392;235
89451;235
89531;235
89590;235
89655;235
89711;235
89770;235
89823;235
89895;235
89949;235
90012;235
90080;235
90143;235
90207;235
90266;235
90321;235
90378;235
90441;235
90500;235
90563;235
90621;235
90686;235
90755;235
90812;235
90869;235
90925;235
90990;235
91057;235
91112;235
91180;235
91248;235
91306;235
91370;235
91426;235
91489;235
91545;235
91607;235
91670;235
91728;235
91788;235
91848;235
91908;235
91965;235
92030;235
92102;235
92159;235
92238;235
92292;235
92350;235
92407;235
92462;235
92519;235
92574;235
92643;235
92702;235
92768;235
92832;235
92892;235
92950;235
93007;235
93066;235
93127;235
93182;235
93240;235
93325;235
93451;235
93577;235
93676;235
93771;235
93861;235
93935;235
94015;235
94073;235
94141;235
94222;235
94282;235
94341;235
94413;235
94470;235
94525;235
94589;235
94696;235
94788;235
94877;235
94974;235
95070;235
95159;235
95248;235
95343;235
95429;235
95500;235
95558;235
95623;235
95683;235
95749;235
95809;235
95865;235
95923;235
95979;235
96037;235
96096;235
96160;235
96240;235
96305;235
96370;235
96435;235
96492;235
96556;235
96611;235
96668;235
96726;235
96792;235
96863;235
96918;235
96976;235
97044;235
97108;235
97167;235
97233;235
97293;235
97372;235
97427;235
97484;235
97548;235
97606;235
97663;235
97719;235
97781;235
97852;235
97904;235
97961;235
98017;235
98074;235
98140;235
98200;235
98257;235
98315;235
98372;235
98430;235
98493;235
98547;235
98606;235
98670;235
98743;235
98802;235
98861;235
98932;235
98990;235
99058;235
99113;235
