195;2265
311;2147
424;1987
495;1896
641;1683
707;1612
788;1487
855;1487
921;1487
999;1487
1067;1466
1136;1191
1201;1066
1276;998
1349;998
1464;910
1580;910
1689;910
1801;777
1918;729
1982;729
2049;729
2126;729
2213;594
2297;542
2360;542
2425;542
2492;542
2561;542
2634;542
2706;406
2780;406
2853;406
2943;312
3006;312
3069;312
3133;312
3198;312
3256;312
3317;276
3387;271
3450;251
3509;251
3567;251
3643;251
3721;251
3799;251
3890;251
3968;251
4050;251
4133;251
4223;233
4301;233
4377;233
4436;233
4494;233
4552;233
4611;233
4667;233
4726;208
4781;208
4837;208
4894;208
4952;209
5010;209
5069;203
5127;203
5188;203
5245;203
5303;203
5360;203
5418;203
5475;203
5539;203
5597;203
5654;203
5710;203
5765;203
5822;203
5878;203
5934;203
5989;203
6048;203
6104;203
6164;154
6221;154
6279;154
6336;154
6396;154
6453;154
6513;154
6570;154
6628;154
6693;154
6766;154
6843;154
6920;154
7000;154
7096;154
7152;154
7208;154
7264;154
7319;154
7375;154
7430;154
7485;154
7541;154
7598;154
7654;154
7710;154
7767;154
7827;154
7886;154
7944;154
8003;154
8061;154
8120;154
8178;154
8239;154
8298;154
8354;154
8411;154
8470;154
8526;154
8588;154
8645;154
8700;154
8757;154
8811;154
8868;153
8923;153
8978;153
9034;153
9089;153
9150;153
9215;153
9273;153
9330;153
9388;153
9446;153
9503;153
9561;153
9617;153
9676;153
9735;153
9797;153
9855;153
9911;153
9969;78
10038;78
10092;78
10152;78
10209;78
10265;78
10321;78
10376;78
10432;78
10489;78
10544;78
10600;78
10656;78
10719;78
10778;78
10836;78
10894;78
10952;78
11010;78
11072;78
11131;78
11188;78
11245;78
11306;78
11364;78
11424;78
11483;78
11543;78
11600;78
11657;78
11716;78
11771;78
11827;78
11889;78
11947;78
12004;78
12060;78
12116;78
12174;78
12230;78
12288;78
12348;78
12407;78
12464;78
12520;78
12578;78
12635;78
12692;78
12750;78
12809;78
12867;78
12927;78
12983;78
13041;78
13098;78
13153;78
13211;78
13274;78
13332;78
13388;78
13444;78
13499;78
13555;78
13612;78
13669;78
13725;78
13783;78
13842;78
13900;78
13959;78
14017;78
14076;78
14134;78
14194;78
14259;78
14339;78
14403;78
14459;78
14517;78
14591;78
14696;78
14753;78
14809;78
14873;78
14928;78
14984;78
15048;78
15106;78
15163;78
15220;78
15280;78
15341;78
15401;78
15459;78
15516;78
15574;78
15636;78
15693;78
15751;78
15807;78
15866;78
15926;78
15982;78
16040;78
16096;78
16153;78
16208;78
16265;78
16324;78
16383;78
16440;78
16496;78
16554;78
16611;78
16671;78
16727;78
16785;78
16849;78
16904;78
16959;78
17015;78
17074;78
17133;78
17188;78
17242;78
17298;78
17354;78
17411;78
17469;78
17529;78
17585;78
17641;78
17700;78
17759;78
17817;78
17875;78
17935;78
18000;78
18055;78
18112;78
18167;78
18223;78
18279;78
18336;78
18392;78
18447;78
18501;78
18557;78
18614;78
18672;78
18731;78
18788;78
18845;78
18907;78
18969;78
19029;78
19090;78
19146;78
19205;78
19263;78
19318;78
19375;78
19432;78
19487;78
19545;78
19601;78
19658;78
19717;78
19773;78
19829;78
19889;78
19948;78
20006;78
20074;83
20135;83
20190;83
20245;83
20303;83
20358;83
20415;83
20472;83
20529;83
20587;83
20643;83
20698;83
20753;83
20811;83
20869;83
20928;83
20989;83
21055;83
21155;83
21257;83
21326;83
21387;83
21450;83
21510;83
21576;83
21640;83
21701;83
21765;83
21826;83
21887;83
21956;83
22024;83
22087;83
22149;83
22211;83
22278;83
22339;83
22399;83
22460;83
22524;83
22586;83
22646;83
22712;83
22772;83
22834;83
22894;83
22955;83
23017;83
23079;83
23140;83
23203;83
23271;83
23332;83
23392;83
23457;83
23521;83
23582;83
23643;83
23707;78
23764;78
23820;78
23879;78
23939;78
23996;78
24056;78
24113;78
24173;78
24232;78
24289;78
24346;78
24404;78
24462;78
24517;78
24575;78
24632;78
24687;78
24742;78
24801;78
24859;78
24916;78
24977;78
25034;78
25093;78
25149;78
25206;78
25265;78
25319;78
25375;78
25430;78
25485;78
25542;78
25604;78
25660;78
25720;79
25779;79
25836;79
25891;79
25948;79
26004;79
26060;79
26122;79
26179;79
26235;79
26291;79
26345;78
26401;78
26464;78
26523;78
26585;78
26644;78
26699;78
26756;78
26810;78
26866;78
26924;78
26986;78
27041;78
27098;78
27153;78
27215;78
27271;78
27334;78
27396;78
27490;78
27592;78
27688;78
27770;78
27827;78
27882;78
27938;78
27993;78
28056;78
28110;78
28170;78
28226;78
28288;78
28343;78
28399;78
28456;78
28512;78
28569;78
28627;78
28683;78
28745;78
28807;78
28864;78
28919;78
28975;78
29035;78
29092;78
29149;78
29210;78
29266;78
29329;78
29385;78
29442;78
29499;78
29554;78
29614;78
29679;78
29737;78
29796;78
29853;78
29910;78
29971;78
30029;78
30085;78
30144;78
30200;78
30255;78
30310;78
30372;78
30428;78
30484;78
30543;78
30600;78
30655;78
30710;78
30766;78
30820;78
30903;78
31006;78
31086;78
31147;78
31205;78
31263;78
31318;78
31374;78
31429;78
31485;78
31542;79
31597;79
31677;79
31771;79
31859;79
31918;79
31974;79
32031;79
32086;79
32141;79
32197;79
32253;79
32308;79
32363;79
32424;79
32487;79
32542;79
32599;79
32653;79
32710;79
32769;79
32825;79
32881;79
32935;79
32991;79
33052;79
33108;79
33164;79
33219;79
33274;79
33331;79
33386;79
33443;79
33499;79
33553;79
33614;79
33670;79
33725;79
33780;79
33835;79
33893;79
33952;79
34009;79
34068;79
34124;79
34186;79
34242;79
34302;79
34357;79
34414;79
34469;79
34524;79
34579;79
34634;79
34689;79
34748;79
34807;79
34873;79
34928;79
34983;79
35038;79
35093;79
35149;79
35206;79
35267;79
35321;79
35377;79
35433;79
35488;79
35543;79
35598;79
35652;79
35708;79
35765;79
35825;79
35881;79
35938;79
35993;79
36051;79
36110;79
36168;79
36231;79
36285;79
36342;79
36405;79
36470;79
36534;79
36591;79
36646;79
36707;79
36764;79
36818;79
36874;79
36928;79
36985;79
37042;79
37102;79
37165;79
37221;79
37276;79
37333;79
37390;79
37446;79
37504;79
37564;79
37621;79
37678;79
37733;79
37790;79
37846;79
37905;79
37966;79
38020;79
38077;78
38134;78
38190;78
38249;78
38305;78
38361;78
38416;78
38475;78
38531;78
38588;79
38644;79
38699;79
38756;79
38811;79
38869;79
38925;78
38980;78
39041;78
39096;78
39151;78
39207;78
39266;78
39321;78
39377;78
39434;78
39490;78
39545;78
39601;78
39658;78
39717;78
39781;78
39837;78
39893;78
39952;78
40010;78
40066;78
40122;78
40179;78
40235;78
40291;78
40346;78
40405;78
40461;78
40521;78
40577;78
40644;78
40704;78
40760;78
40815;78
40871;78
40928;78
40984;78
41045;78
41101;78
41157;78
41214;78
41269;78
41325;78
41382;78
41440;78
41504;78
41562;78
41621;78
41678;78
41735;78
41790;78
41846;78
41902;78
41962;78
42020;78
42078;78
42134;78
42190;78
42247;78
42311;78
42367;78
42426;78
42483;78
42541;78
42603;78
42662;78
42722;78
42779;78
42835;78
42899;78
42958;78
43015;78
43079;78
43135;78
43191;78
43246;78
43306;78
43364;78
43422;78
43480;78
43536;78
43593;78
43650;78
43706;78
43762;78
43822;78
43878;78
43934;78
43989;78
44048;78
44103;78
44160;78
44216;78
44272;78
44335;78
44393;78
44449;78
44513;78
44569;78
44625;78
44680;78
44735;78
44792;78
44848;78
44905;78
44960;78
45018;78
45076;78
45133;78
45192;78
45251;78
45307;78
45363;78
45421;78
45476;78
45532;78
45587;78
45643;78
45702;78
45759;78
45820;78
45879;78
45938;78
45994;78
46053;78
46110;78
46167;78
46224;78
46279;78
46335;78
46392;78
46451;78
46508;78
46565;78
46621;78
46678;78
46741;78
46797;78
46860;78
46917;78
46976;78
47034;78
47091;78
47147;78
47203;78
47258;78
47316;78
47373;78
47428;78
47485;78
47547;78
47604;78
47661;78
47718;78
47775;78
47830;78
47885;78
47941;78
47997;78
48058;78
48119;78
48174;78
48230;78
48285;78
48344;78
48401;78
48457;78
48513;78
48568;78
48626;78
48682;78
48738;78
48794;78
48849;78
48905;78
48963;78
49020;78
49083;78
49142;78
49200;78
49260;78
49316;78
49371;78
49427;78
49483;78
49549;78
49605;78
49661;78
49717;78
49774;78
49830;78
49886;78
49947;78
50041;78
50100;78
50164;78
50223;78
50281;78
50338;78
50393;78
50451;78
50510;78
50566;78
50626;80
50681;80
50737;80
50795;80
50858;80
50914;80
50969;80
51025;80
51083;80
51144;80
51206;80
51266;78
51322;78
51378;78
51433;78
51489;78
51550;78
51609;78
51670;78
51727;78
51782;78
51842;78
51899;78
51956;78
52012;78
52070;78
52127;78
52183;78
52241;78
52297;78
52356;78
52412;78
52472;78
52536;78
52593;78
52651;78
52708;78
52763;78
52823;78
52879;78
52935;78
52992;78
53049;78
53108;78
53169;78
53228;78
53284;78
53341;78
53400;78
53455;78
53511;78
53570;78
53626;78
53682;78
53739;78
53796;78
53856;78
53916;78
53972;78
54029;78
54092;78
54152;78
54212;78
54267;78
54323;78
54378;78
54434;78
54490;78
54546;78
54604;78
54662;78
54717;78
54776;78
54831;78
54888;78
54943;78
55000;78
55059;78
55118;78
55175;78
55234;78
55294;78
55351;78
55406;78
55461;78
55517;78
55574;78
55630;78
55688;78
55746;78
55801;78
55862;78
55918;78
55975;78
56032;78
56089;78
56145;78
56204;78
56260;78
56315;78
56372;78
56431;78
56488;78
56545;78
56601;78
56657;78
56713;78
56770;78
56826;78
56881;78
56937;78
56997;78
57054;78
57117;78
57172;78
57230;78
57288;78
57345;78
57403;78
57461;78
57520;78
57577;78
57634;78
57689;78
57744;78
57800;78
57857;78
57914;78
57972;78
58031;78
58086;78
58141;78
58197;78
58252;78
58313;78
58370;78
58424;78
58491;78
58545;78
58603;78
58658;78
58713;78
58771;78
58827;78
58884;78
58940;78
58999;78
59057;78
59113;78
59168;78
59223;78
59280;78
59335;78
59400;78
59454;78
59508;78
59564;78
59620;78
59676;78
59732;78
59788;78
59845;78
59900;78
59965;78
60032;78
60090;78
60146;78
60204;78
60261;78
60319;78
60374;78
60430;78
60486;78
60543;78
60609;78
60664;78
60723;78
60779;78
60834;78
60891;78
60949;78
61005;78
61062;78
61119;78
61174;78
61229;78
61286;78
61346;78
61405;78
61460;78
61519;78
61577;78
61633;78
61689;78
61746;78
61801;78
61858;78
61914;78
61976;78
62039;78
62097;78
62153;78
62218;78
62278;78
62335;78
62391;78
62446;78
62504;78
62567;78
62632;78
62703;78
62788;78
62854;78
62926;78
62988;78
63048;78
63119;78
63202;78
63293;78
63349;78
63408;78
63465;78
63522;78
63578;78
63641;78
63699;78
63755;78
63812;78
63868;78
63927;78
63988;78
64051;78
64107;78
64165;78
64235;78
64290;78
64345;78
64400;78
64456;78
64510;78
64569;78
64626;78
64682;78
64744;78
64800;78
64857;78
64932;78
64988;78
65048;78
65111;78
65168;78
65237;78
65316;78
65392;78
65459;78
65514;78
65569;78
65625;78
65680;78
65738;78
65793;78
65848;78
65902;78
65957;78
66013;78
66073;78
66128;78
66188;78
66246;78
66301;78
66358;78
66426;78
66497;78
66571;78
66629;78
66684;78
66742;78
66798;78
66853;78
66909;78
66964;78
67020;78
67079;78
67134;78
67190;78
67246;78
67302;78
67361;78
67420;78
67477;78
67533;78
67589;78
67647;78
67708;78
67784;78
67872;78
67959;78
68068;78
68130;78
68185;78
68241;78
68298;78
68353;78
68408;78
68465;78
68520;78
68574;78
68631;78
68687;78
68745;78
68801;78
68859;78
68918;78
68976;78
69040;78
69098;78
69155;78
69212;78
69269;78
69325;78
69394;78
69448;78
69504;78
69562;78
69621;78
69676;78
69732;78
69788;78
69843;78
69897;78
69955;78
70011;78
70072;78
70131;78
70191;78
70251;78
70306;78
70364;78
70420;78
70482;78
70543;78
70600;78
70658;78
70748;78
70804;78
70862;78
70921;78
70979;78
71042;78
71103;78
71159;78
71214;78
71269;78
71324;78
71383;78
71438;78
71496;78
71553;78
71610;78
71667;78
71735;78
71831;78
71934;78
72044;78
72147;78
72270;78
72376;78
72468;78
72562;78
72623;78
72679;78
72735;78
72791;78
72846;78
72901;78
72959;78
73015;78
73072;78
73163;78
73279;78
73383;78
73481;78
73579;78
73645;78
73715;78
73775;78
73834;78
73912;78
74012;78
74112;78
74227;78
74328;78
74428;78
74567;78
74655;78
74712;78
74768;78
74823;78
74879;78
74938;78
74995;78
75055;78
75112;78
75168;78
75223;78
75280;78
75336;78
75396;78
75456;78
75514;78
75572;78
75630;78
75693;78
75750;78
75806;78
75862;78
75918;78
75976;78
76034;78
76092;78
76153;78
76210;78
76272;78
76328;78
76383;78
76449;78
76508;78
76567;78
76630;78
76685;78
76743;78
76802;78
76860;78
76917;78
76978;78
77035;78
77097;78
77155;78
77214;78
77272;78
77328;78
77385;78
77440;78
77496;78
77558;78
77613;78
77669;78
77726;78
77784;78
77840;78
77895;78
77950;78
78010;78
78102;78
78222;78
78321;78
78379;78
78437;78
78497;78
78575;78
78658;78
78737;78
78804;78
78860;78
78917;78
78976;78
79035;78
79102;78
79158;78
79214;78
79270;78
79327;78
79383;78
79441;78
79497;78
79551;78
79607;78
79664;78
79720;78
79776;78
79831;78
79889;78
79947;78
80006;78
80067;78
80124;78
80184;78
80242;78
80305;78
