314;2363
625;2270
818;2245
1024;2098
1207;2006
1349;1991
1573;1869
1726;1738
1883;1638
2056;1556
2259;1556
2483;1555
2646;1555
2756;1474
2883;1350
2993;1202
3111;1133
3249;1133
3374;890
3511;825
3629;754
3736;754
3865;692
4001;692
4149;598
4305;566
4440;566
4580;566
4683;566
4791;566
4897;566
5000;566
5104;566
5232;566
5338;566
5449;566
5551;561
5659;522
5773;522
5879;522
6005;438
6187;418
6323;412
6439;381
6541;381
6648;381
6755;381
6868;381
6979;381
7101;381
7235;381
7344;381
7445;295
7543;295
7642;295
7742;295
7849;295
7960;295
8066;295
8173;295
8275;295
8387;295
8507;294
8625;294
8747;294
8850;294
8958;294
9060;294
9167;294
9271;294
9376;294
9484;294
9587;294
9691;294
9795;294
9906;294
10022;293
10136;293
10235;293
10335;293
10437;293
10543;260
10645;260
10758;174
10866;174
10968;174
11071;174
11176;174
11280;174
11388;174
11513;174
11612;174
11720;174
11829;174
11931;174
12036;174
12149;174
12268;174
12373;174
12477;174
12584;174
12697;174
12812;174
12926;174
13047;174
13155;174
13258;174
13364;173
13467;173
13571;173
13676;88
13795;88
13902;88
14009;88
14115;88
14222;88
14326;88
14434;88
14533;88
14668;88
14827;88
14979;88
15131;88
15362;88
15510;88
15623;88
15815;88
16000;88
16163;88
16273;88
16380;88
16488;88
16596;88
16700;88
16813;65
16951;65
17101;65
17209;65
17329;65
17496;65
17636;65
17755;65
17873;65
17978;65
18085;65
18205;65
18323;65
18441;65
18547;65
18653;65
18761;65
18877;65
18985;65
19099;65
19235;65
19339;65
19440;65
19553;65
19656;65
19760;65
19866;65
19970;65
20074;65
20177;65
20296;65
20400;65
20521;65
20626;65
20734;66
20848;66
20950;66
21059;66
21162;66
21272;66
21376;66
21485;66
21588;66
21699;66
21804;66
21905;66
22009;66
22112;66
22220;66
22327;66
22430;66
22536;66
22671;65
22777;65
22881;65
22981;65
23096;65
23198;65
23310;65
23414;65
23525;65
23637;65
23740;65
23861;65
23962;65
24072;65
24170;65
24273;65
24384;65
24488;65
24598;65
24707;65
24836;65
24937;65
25038;65
25136;65
25235;65
25336;65
25446;65
25565;65
25677;64
25791;64
25890;64
25988;64
26096;65
26199;65
26299;65
26420;65
26532;65
26651;65
26766;65
26884;65
26989;65
27092;65
27206;65
27314;65
27418;65
27521;65
27628;65
27735;65
27840;65
27941;65
28056;65
28159;65
28265;65
28384;65
28500;65
28607;65
28720;65
28823;65
28969;65
29111;66
29215;66
29325;66
29427;66
29527;66
29630;66
29729;66
29834;66
29945;66
30092;66
30195;66
30296;66
30398;66
30499;66
30618;66
30722;66
30830;66
30934;66
31036;66
31144;66
31245;66
31354;66
31483;66
31584;66
31715;66
31814;66
31927;66
32031;66
32137;66
32242;66
32349;66
32454;66
32558;66
32666;66
32768;66
32872;66
32979;66
33084;66
33188;66
33301;66
33521;66
33624;66
33739;66
33843;66
33943;66
34046;66
34165;66
34276;67
34378;67
34486;67
34609;67
34761;67
34870;67
34973;67
35071;67
35170;67
35275;67
35382;67
35489;66
35597;66
35703;66
35813;66
35970;66
36091;66
36197;66
36296;66
36395;66
36508;66
36610;66
36713;66
36827;66
36932;66
37093;66
37420;66
37899;66
38145;66
38247;66
38347;66
38447;66
38548;66
38652;66
38770;66
38877;66
38984;66
39090;66
39213;66
39317;66
39422;66
39590;65
39694;65
39795;65
39896;65
40005;65
40117;65
40237;65
40342;65
40470;65
40573;65
40677;65
40800;65
40912;65
41125;65
41223;65
41327;65
41436;65
41559;65
41689;65
41798;65
41926;65
42033;65
42139;65
42246;65
42360;65
42463;65
42575;65
42681;64
42784;64
42893;64
43008;64
43123;64
43258;65
43363;65
43468;65
43571;65
43674;65
43785;63
43899;63
44005;63
44114;63
44212;63
44312;63
44426;63
44533;63
44649;63
44751;63
44864;63
44988;63
45097;63
45209;63
45317;63
45425;63
45535;63
45637;63
45739;63
45845;63
45950;63
46052;63
46152;63
46256;63
46359;63
46477;63
46591;63
46698;63
46800;63
46906;63
47017;63
47132;63
47238;63
47338;63
47438;63
47539;63
47645;63
47749;63
47856;63
47962;63
48074;63
48208;63
48309;63
48417;63
48525;63
48629;63
48734;63
48833;63
48947;63
49067;63
49169;63
49270;63
49371;63
49491;63
49593;63
49694;63
49798;63
49907;63
50022;63
50127;63
50226;63
50326;63
50426;63
50531;63
50639;63
50741;63
50845;63
50951;63
51055;63
51159;63
51267;63
51366;63
51475;63
51573;63
51674;63
51801;63
51904;63
52011;63
52117;63
52232;63
52337;63
52449;63
52582;63
52680;63
52779;63
52887;63
52987;63
53091;63
53194;63
53301;63
53411;63
53522;63
53627;63
53731;63
53841;63
53946;63
54124;63
54225;63
54322;63
54436;63
54537;63
54644;63
54765;63
54884;66
54990;66
55100;66
55201;66
55306;66
55413;66
55524;66
55625;66
55723;66
55820;66
55922;66
56035;66
56142;66
56248;66
56350;66
56456;66
56560;65
56669;65
56774;65
56883;65
57008;65
57114;65
57220;65
57318;65
57433;65
57537;65
57648;65
57757;65
57872;65
57979;65
58084;65
58197;65
58309;65
58438;65
58569;65
58684;65
58782;65
58884;65
58992;65
59104;65
59210;65
59328;65
59430;65
59535;65
59636;65
59766;65
59892;65
59999;65
60097;65
60213;65
60314;65
60429;65
60541;65
60652;65
60756;65
60857;65
60962;65
61065;65
61171;65
61288;65
61425;65
61522;65
61624;65
61737;65
61851;65
61959;65
62077;65
62184;65
62293;65
62402;65
62536;65
62640;65
62783;65
62934;65
63116;65
63215;65
63329;66
63439;66
63601;66
63705;66
63816;63
63936;63
64058;63
64169;63
64274;63
64377;63
64478;63
64608;63
64710;63
64813;63
64924;63
65025;63
65124;63
65226;63
65338;63
65444;63
65546;63
65658;63
65816;63
65964;63
66124;63
66376;63
66490;63
66591;63
66712;63
66815;63
66920;63
67027;63
67132;63
67238;63
67340;63
67443;63
67545;63
67646;63
67762;63
67857;63
67979;63
68080;63
68181;63
68281;63
68393;63
68509;63
68648;63
68772;63
68879;63
68981;63
69085;63
69212;63
69327;63
69433;63
69533;63
69640;63
69742;63
69858;63
69981;63
70108;63
70282;63
70389;63
70495;63
70599;63
70707;63
70830;63
70928;63
71027;63
71149;63
71251;63
71354;63
71464;63
71575;63
71679;63
71830;63
71931;63
72037;63
72143;63
72271;63
72382;63
72484;63
72583;63
72705;63
72803;63
72910;63
73030;63
73157;63
73281;63
73392;63
73503;63
73622;63
73755;63
73883;63
73983;63
74085;63
74184;63
74284;63
74401;63
74510;63
74638;63
74747;63
74854;63
74965;63
75069;63
75171;63
75286;63
75383;63
75480;63
75581;63
75681;63
75790;63
75896;63
76006;63
76111;63
76263;63
76372;63
76473;63
76591;63
76722;63
76829;63
76943;63
77063;63
77173;63
77276;63
77401;63
77514;63
77641;63
77751;63
77853;63
77978;63
78076;63
78174;63
78278;63
78385;63
78504;63
78613;63
78715;63
78821;63
78925;63
79029;63
79131;63
79243;63
79341;63
79440;63
79541;63
79642;63
79745;63
79848;63
79951;63
80055;63
80173;63
80290;63
80390;63
80511;63
80621;63
80725;63
80835;63
80941;63
81046;63
81157;63
81284;63
81382;63
81480;63
81586;63
81692;63
81796;63
81900;63
82002;63
82132;63
82234;63
82350;63
82455;63
82554;63
82652;63
82753;63
82875;63
82978;63
83080;63
83187;63
83303;63
83400;63
83498;63
83614;63
83725;63
83832;63
83935;63
84039;63
84151;63
84254;63
84352;63
84466;63
84565;63
84664;63
84769;63
84876;63
84984;63
85108;63
85213;63
85341;63
85445;63
85628;63
85781;63
85891;63
85998;63
86105;63
86207;63
86314;63
86411;63
86509;63
86615;63
86736;63
86856;63
86953;63
87052;63
87153;63
87259;63
87390;63
87504;63
87623;63
87719;63
87823;63
87923;63
88022;63
88130;63
88255;63
88368;63
88473;63
88591;63
88690;63
88791;63
88889;63
88988;63
89096;63
89213;63
89326;63
89441;63
89552;63
89711;63
89849;63
89947;63
90045;63
90151;63
90251;63
90370;63
90522;63
90680;63
90791;63
90896;63
91000;63
91114;63
91227;63
91390;63
91497;63
91595;63
91708;63
91812;63
91929;63
92046;63
92151;63
92328;63
92427;63
92534;63
92635;63
92741;63
92845;63
92960;63
93063;63
93171;63
93280;63
93390;63
93492;63
93589;63
93690;63
93791;63
93913;63
94020;63
94124;63
94231;63
94364;63
94462;63
94568;63
94668;63
94771;63
94873;63
94986;63
95147;63
95251;63
95354;63
95462;63
95582;63
95685;63
95785;63
95884;63
95990;63
96091;63
96193;63
96299;63
96409;63
96527;63
96629;63
96730;63
96837;63
96942;63
97040;63
97142;63
97253;63
97358;63
97471;63
97574;63
97676;63
97786;63
97887;63
97985;63
98083;63
98181;63
98287;63
98388;63
98498;63
98599;63
98723;63
98880;63
98995;63
99098;63
99199;63
99306;63
99419;63
99525;63
99634;63
99747;63
99899;63
100012;63
100108;63
100212;63
100319;63
100427;63
100530;63
100642;63
100752;63
100865;63
100963;63
101062;63
101175;63
101278;63
101380;63
101499;63
101610;63
101710;63
101812;63
101913;63
102067;63
102183;63
102296;63
102401;63
102519;63
102619;63
102717;63
102839;63
102946;63
103054;63
103161;63
103263;63
103363;63
103464;63
103565;63
103667;63
103770;63
103878;63
103981;63
104093;63
104195;63
104296;63
104397;63
104511;63
104617;63
104728;63
104837;63
104939;63
105067;61
105172;61
105277;61
105396;61
105507;61
105605;61
105727;61
105834;61
105948;61
106056;61
106176;61
106273;61
106373;61
106522;61
106622;61
106732;61
106843;61
106945;61
107053;61
107154;61
107267;61
107374;61
107480;61
107615;61
107734;61
107885;61
107988;61
108091;61
108190;61
108292;61
108395;61
108493;61
108597;61
108720;61
108839;61
108958;61
109084;61
109195;61
109301;61
109403;61
109501;61
109603;61
109703;61
109811;61
109916;61
110019;61
110124;61
110242;61
110343;61
110480;61
110603;61
110746;61
110880;61
111005;61
111106;61
111231;61
111379;61
111517;61
111642;61
111751;61
111854;61
111969;61
112076;61
112193;61
112295;61
112417;61
112517;61
112639;61
112753;61
112858;61
112958;61
113077;61
113177;61
113280;61
113416;61
113517;61
113638;61
113737;61
113837;61
113958;61
114078;61
114199;61
114342;61
114440;61
114553;61
114659;61
114773;61
114872;61
114999;61
115108;61
115218;61
115344;61
115455;61
115564;61
115666;61
115780;61
115905;61
116012;61
116130;61
116256;61
116357;61
116475;61
116573;61
116672;61
116774;61
116873;61
116977;61
117103;61
117207;61
117335;61
117450;61
117573;61
117674;61
117776;61
117884;61
118010;61
118191;61
118297;61
118428;61
118534;61
118635;61
118737;61
118839;61
118951;61
119092;61
119200;61
119301;61
119409;61
119527;61
119628;61
119765;61
119917;61
120073;61
120202;61
120335;61
120485;61
120628;61
120766;61
120881;61
121002;61
121100;61
121206;61
121321;61
121431;61
121539;61
121641;61
121746;61
121947;61
122055;61
122184;61
122282;61
122385;61
122538;61
122658;61
122776;61
122881;61
122985;61
123147;61
123249;61
123350;61
123452;61
123571;61
123673;61
123777;61
123886;61
124016;61
124125;61
124277;61
124379;61
124480;61
124581;61
124682;61
124794;61
124901;61
125003;61
125139;61
125244;61
125414;61
125914;61
126033;61
126202;61
126333;61
126444;61
126545;61
126652;61
126755;61
126863;61
126971;61
127091;61
127227;61
127401;61
127521;61
127630;61
127782;61
127884;61
128037;61
128138;61
128251;61
128358;61
128477;61
128604;61
128714;61
128989;61
129447;61
129555;61
129657;61
129761;61
129890;61
130006;61
130117;61
130231;61
130336;61
130442;61
130563;61
130681;61
130809;61
130926;61
131061;61
131159;61
131267;61
131373;61
131471;61
131596;61
131700;61
131827;61
131939;61
132047;61
132150;61
132266;61
132384;61
132497;61
132602;61
132701;61
132803;61
132910;61
133015;61
133119;61
133220;61
133321;61
133433;61
133568;61
133674;61
133780;61
133910;61
134012;61
134113;61
134211;61
134315;61
134418;61
134529;61
134637;61
134744;61
134857;61
134994;61
135102;61
135207;61
135332;61
135438;61
135551;61
135657;61
135762;61
135866;61
135985;61
136091;61
136196;61
136302;61
136414;61
136517;61
136620;61
136725;61
136866;61
136975;61
137076;61
137174;61
137275;61
137381;61
137511;61
137628;61
137753;61
137863;61
137983;61
138087;61
138204;61
138308;61
138411;61
138541;61
138654;61
138752;61
138857;61
138979;61
139077;61
139182;61
139285;61
139403;61
139509;61
139627;61
139745;61
139855;61
139970;61
140068;61
140181;61
140309;61
140418;61
140538;61
140655;61
140760;61
140886;61
140990;61
141109;61
141213;61
141340;61
141442;61
141563;61
141668;61
141770;61
141871;61
141999;61
142104;61
142221;61
142330;61
142437;61
142556;61
142690;61
142790;61
142896;61
142998;61
143121;61
143226;61
143328;61
143428;61
143535;61
143641;61
143752;61
143862;61
143983;61
144104;61
144216;61
144316;61
144417;61
144531;61
144631;61
144733;61
144848;61
144951;61
145083;61
145200;61
145305;61
145415;61
145600;61
145699;61
145805;61
145903;61
146025;61
146131;61
146238;61
146364;61
146467;61
146610;61
146717;61
146822;61
146951;61
147056;61
147161;61
147267;61
147368;61
147469;61
147567;61
147670;61
147787;61
147888;61
147997;61
148108;61
148213;61
148318;61
148421;61
148539;61
148637;61
148743;61
148842;61
148939;61
149062;61
149169;61
149274;61
149374;61
149500;61
149604;61
149711;61
149873;61
149974;61
150085;61
150184;61
150284;61
150395;61
150496;61
150614;61
150716;61
150818;61
150946;61
151051;61
151158;61
151269;61
151372;61
151508;61
151607;61
151709;61
