62;261
218;261
301;261
365;261
435;261
512;261
550;261
598;261
681;261
731;261
773;261
813;261
866;261
926;261
982;261
1051;261
1093;261
1131;261
1171;261
1208;261
1245;261
1283;261
1334;261
1375;261
1421;261
1481;261
1521;261
1561;261
1605;261
1645;261
1692;261
1753;261
1810;261
1869;261
1920;261
1972;261
2036;261
2075;261
2115;261
2166;261
2209;261
2249;261
2290;261
2329;261
2376;261
2416;261
2462;261
2519;261
2568;261
2606;261
2648;261
2690;261
2729;261
2769;261
2807;261
2845;261
2883;261
2924;261
2962;261
2994;263
3028;263
3066;263
3104;263
3140;263
3174;263
3210;263
3251;263
3298;263
3348;263
3397;263
3448;263
3500;263
3548;263
3596;263
3644;263
3694;263
3739;263
3772;263
3807;263
3840;263
3875;263
3909;263
3946;263
3980;263
4016;263
4051;263
4084;263
4123;263
4157;263
4193;263
4230;263
4270;263
4306;263
4338;263
4371;263
4415;263
4451;263
4499;263
4540;263
4577;263
4610;263
4643;263
4676;263
4711;263
4747;263
4785;263
4823;263
4858;263
4902;263
4939;263
4994;263
5027;263
5066;263
5106;263
5141;264
5182;264
5241;264
5278;264
5312;264
5345;264
5384;264
5433;264
5488;264
5543;264
5592;264
5643;264
5703;264
5754;264
5805;264
5852;264
5903;268
5950;268
5997;268
6058;268
6090;268
6124;268
6158;268
6196;268
6240;268
6285;268
6321;268
6359;268
6403;268
6444;268
6480;268
6519;268
6560;268
6595;268
6629;268
6664;268
6701;268
6738;267
6774;267
6806;267
6843;267
6876;267
6916;267
6953;267
6988;267
7027;267
7064;267
7099;267
7139;267
7171;267
7206;267
7241;267
7279;268
7314;268
7351;263
7385;263
7427;263
7464;263
7503;263
7537;263
7573;263
7606;263
7643;263
7676;263
7708;263
7741;263
7777;263
7819;263
7860;263
7895;263
7928;263
7964;263
7999;263
8032;263
8068;263
8102;263
8136;263
8172;263
8206;263
8240;263
8277;263
8312;263
8346;263
8381;263
8417;263
8451;263
8488;263
8526;263
8561;263
8596;263
8633;263
8673;263
8708;263
8754;263
8787;263
8824;263
8860;263
8894;263
8927;263
8961;263
8997;263
9035;263
9071;263
9106;263
9141;263
9175;263
9210;263
9244;263
9280;263
9312;263
9346;264
9380;264
9415;264
9451;264
9483;264
9520;264
9555;264
9599;264
9633;264
9666;264
9701;264
9735;264
9768;264
9802;261
9841;261
9874;261
9909;261
9951;261
9986;261
10018;261
10054;261
10091;261
10128;261
10161;262
10195;262
10229;262
10262;262
10299;262
10334;262
10371;262
10410;262
10448;262
10484;262
10519;262
10554;262
10591;262
10630;262
10662;262
10695;261
10731;261
10764;261
10805;261
10842;261
10878;261
10911;261
10960;261
10994;261
11031;261
11070;262
11105;262
11138;262
11172;262
11207;262
11241;261
11277;261
11317;261
11363;261
11404;261
11437;261
11471;261
11508;261
11543;261
11580;261
11620;261
11657;261
11691;261
11723;261
11758;261
11792;261
11826;261
11863;262
11897;262
11930;262
11964;262
11998;262
12032;261
12067;261
12102;261
12138;261
12174;261
12209;261
12245;261
12279;261
12315;261
12350;262
12384;262
12424;262
12457;262
12490;262
12527;262
12564;262
12607;262
12643;262
12679;262
12713;262
12747;262
12780;262
12813;262
12845;262
12881;262
12919;262
12959;262
12995;263
13039;263
13078;263
13115;259
13149;259
13184;259
13221;259
13254;259
13287;259
13320;259
13352;259
13386;258
13421;258
13462;258
13495;257
13529;258
13564;258
13596;258
13636;258
13669;258
13709;258
13745;258
13777;258
13813;258
13852;258
13886;258
13930;258
13967;258
13999;258
14035;258
14073;258
14107;258
14140;259
14173;259
14218;259
14251;259
14285;259
14321;259
14355;258
14390;258
14427;258
14462;258
14494;258
14528;258
14564;258
14598;257
14631;257
14665;257
14700;257
14744;257
14781;261
14819;261
14852;261
14885;261
14922;261
14959;261
14998;261
15041;261
15074;261
15109;261
15145;261
15178;261
15210;261
15242;261
15283;261
15322;261
15356;261
15390;261
15427;261
15460;261
15492;261
15526;261
15563;261
15602;261
15638;261
15674;261
15707;261
15742;261
15778;261
15818;261
15857;261
15894;261
15927;261
15963;261
16002;261
16037;261
16074;261
16119;261
16153;261
16187;261
16226;261
16260;261
16295;261
16332;261
16368;261
16403;261
16440;261
16476;261
16510;261
16556;261
16596;261
16632;261
16664;261
16700;261
16733;261
16767;261
16799;261
16831;261
16874;261
16910;261
16941;261
16974;261
17008;261
17045;261
17078;261
17108;261
17148;261
17187;257
17222;257
17255;257
17291;257
17323;257
17355;257
17389;257
17426;257
17460;257
17500;257
17536;257
17573;257
17609;257
17641;257
17675;257
17711;257
17743;257
17782;257
17816;257
17847;257
17880;257
17920;257
17953;257
17988;257
18023;257
18059;257
18091;257
18126;257
18159;257
18196;257
18236;257
18269;257
18302;257
18336;257
18372;257
18408;257
18444;257
18476;257
18511;257
18554;257
18604;257
18637;258
18671;258
18711;258
18743;258
18786;258
18818;258
18850;258
18883;258
18918;258
18952;258
18987;258
19021;258
19058;258
19094;258
19126;258
19164;258
19198;258
19233;258
19264;258
19301;258
19334;258
19375;258
19407;258
19440;257
19473;257
19512;257
19548;257
19581;257
19616;257
19652;257
19686;257
19721;257
19756;257
19795;257
19838;257
19873;257
19905;257
19938;257
19972;257
20011;257
20044;257
20076;257
20116;257
20152;257
20187;257
20224;257
20257;257
20293;257
20325;257
20363;257
20398;257
20436;257
20468;257
20502;257
20539;257
20577;257
20620;257
20654;257
20689;257
20724;257
20761;257
20794;257
20829;257
20864;257
20898;257
20934;257
20976;257
21008;257
21045;257
21082;257
21118;257
21155;257
21188;257
21221;257
21258;257
21293;257
21325;259
21361;259
21397;259
21433;259
21467;259
21500;264
21536;264
21570;264
21606;264
21639;259
21675;259
21708;259
21743;259
21776;259
21813;259
21847;259
21890;259
21926;259
21961;259
21994;259
22028;259
22063;259
22103;259
22138;259
22171;259
22205;259
22239;259
22276;259
22311;259
22344;259
22377;259
22414;259
22455;259
22489;259
22536;259
22589;259
22668;259
22717;259
22750;259
22782;259
22815;259
22851;259
22887;259
22926;259
22957;259
22994;259
23026;259
23059;259
23099;259
23131;259
23164;259
23204;259
23236;259
23270;259
23303;259
23345;259
23377;259
23411;259
23445;259
23479;259
23513;259
23551;259
23587;259
23621;259
23654;259
23687;259
23719;259
23751;259
23787;259
23823;259
23859;262
23891;262
23925;262
23959;262
23995;263
24031;263
24066;263
24102;263
24134;263
24167;263
24203;263
24236;263
24269;263
24303;263
24345;263
24379;263
24412;263
24445;263
24480;263
24514;263
24546;261
24590;261
24624;261
24661;261
24694;261
24728;261
24763;261
24796;261
24833;261
24866;261
24900;261
24934;261
24970;261
25005;261
25040;261
25074;261
25107;261
25143;261
25183;261
25217;261
25255;261
25292;261
25326;261
25356;261
25390;261
25425;261
25458;261
25492;261
25526;261
25560;261
25594;261
25633;261
25668;261
25706;261
25745;261
25777;261
25812;261
25847;261
25880;261
25925;261
25957;261
25994;261
26027;261
26068;261
26114;261
26151;261
26187;261
26221;261
26255;261
26287;261
26323;261
26356;261
26390;261
26422;261
26458;261
26498;261
26530;261
26564;261
26605;261
26640;261
26674;261
26711;261
26745;261
26776;260
26812;260
26846;260
26879;260
26915;260
26949;260
26982;260
27022;260
27066;260
27100;260
27133;260
27165;260
27198;260
27232;260
27266;260
27302;260
27334;260
27369;260
27403;260
27440;260
27472;260
27505;260
27538;260
27568;260
27604;260
27638;260
27674;260
27706;260
27739;260
27779;260
27813;260
27852;260
27885;260
27917;260
27949;260
27989;260
28025;260
28058;260
28099;265
28134;265
28169;265
28203;265
28243;265
28274;270
28309;268
28344;268
28377;268
28409;268
28446;268
28480;268
28514;268
28547;268
28583;268
28625;268
28679;268
28711;268
28743;268
28779;268
28812;268
28848;265
28883;265
28916;265
28951;265
28984;260
29016;261
29055;261
29091;261
29124;261
29168;261
29221;261
29255;261
29289;261
29327;261
29363;261
29395;261
29431;261
29468;261
29502;261
29534;261
29568;261
29602;261
29635;261
29670;261
29704;261
29745;261
29779;261
29818;261
29850;261
29890;261
29921;261
29957;261
29990;261
30024;261
30058;261
30093;261
30128;261
30162;261
30197;261
30231;261
30263;261
30299;261
30334;261
30369;261
30409;261
30445;261
30482;261
30514;261
30547;261
30583;261
30615;261
30652;261
30691;261
30725;261
30762;261
30806;261
30841;261
30874;261
30919;261
30955;261
30992;261
31026;260
31060;260
31097;260
31131;260
31168;260
31201;260
31240;260
31278;260
31312;260
31346;260
31386;260
31422;260
31454;260
31490;260
31523;260
31561;260
31595;260
31629;260
31663;260
31705;260
31738;260
31770;260
31802;260
31834;260
31867;260
31902;260
31941;260
31974;260
32008;260
32042;260
32077;260
32118;260
32152;260
32185;260
32220;260
32256;260
32292;260
32325;260
32359;260
32393;260
32426;260
32462;260
32498;261
32532;261
32568;261
32612;261
32645;261
32684;261
32717;261
32752;261
32792;261
32826;261
32858;261
32898;261
32933;261
32968;261
33003;261
33039;261
33078;261
33115;261
33149;261
33180;261
33217;261
33250;261
33287;261
33319;261
33353;261
33386;261
33419;261
33452;261
33488;257
33521;257
33554;257
33593;257
33626;257
33663;257
33701;257
33738;257
33772;257
33806;257
33841;257
33882;257
33913;257
33949;257
33989;257
34028;257
34060;257
34097;257
34138;257
34171;257
34203;257
34238;257
34272;257
34308;257
34350;257
34383;257
34417;257
34453;257
34494;257
34528;257
34566;257
34599;257
34632;257
34667;257
34704;257
34739;257
34771;257
34811;257
34847;257
34894;260
34925;260
34958;260
34992;260
35025;260
35061;260
35096;260
35129;260
35166;260
35200;260
35236;260
35269;260
35305;260
35337;260
35371;260
35405;260
35439;260
35472;260
35505;260
35541;260
35577;260
35610;260
35645;260
35681;260
35715;260
35758;260
35794;260
35829;260
35868;260
35901;260
35937;260
35970;260
36009;260
36041;260
36074;260
36110;260
36145;260
36185;260
36217;260
36251;260
36285;260
36321;260
36355;260
36389;260
36422;260
36459;260
36496;260
36531;260
36563;260
36599;260
36634;260
36675;260
36709;260
36743;260
36788;260
36825;260
36860;260
36897;260
36937;260
36972;260
37005;260
37039;260
37076;260
37115;260
37147;260
37184;260
37217;260
37252;260
37286;260
37325;260
37358;260
37397;263
37431;263
37465;263
37498;263
37530;263
37563;263
37597;263
37629;263
37666;263
37700;263
37735;263
37769;263
37805;263
37844;263
37877;263
37913;263
37947;263
37980;263
38016;263
38048;263
38081;263
38116;263
38150;263
38184;263
38218;263
38253;263
38286;263
38321;263
38357;263
38393;263
38427;263
38460;263
38499;263
38539;263
38572;263
38604;263
38638;263
38672;263
38714;263
38749;263
38784;263
38818;263
38850;263
38887;263
38920;263
38954;263
38986;263
39021;263
39058;263
39094;263
39127;263
39160;263
39196;263
39229;263
39265;263
39301;263
39337;263
39370;263
39402;263
39445;263
39480;263
39513;263
39546;263
39578;263
39611;263
39650;263
39684;263
39717;263
39753;263
39788;263
39822;263
39856;263
39890;263
39923;263
39952;263
39989;263
40022;260
40060;260
40094;260
40128;260
40161;260
40201;260
40239;260
40276;260
40311;260
40345;260
40385;257
40418;257
40456;257
40488;257
40524;257
40561;257
40596;257
40629;257
40667;257
40721;257
40758;257
40807;257
40840;257
40873;257
40909;257
40942;257
40976;257
41010;257
41043;257
41080;257
41116;257
41148;257
41180;257
41212;257
41248;257
41283;257
41316;257
41348;257
41382;257
41417;257
41453;257
41499;257
41530;257
41562;257
41597;257
41633;257
41669;257
41702;257
41735;257
41770;257
41804;257
41845;257
41878;257
41910;257
41941;257
41979;257
42014;257
42048;257
42084;257
42120;257
42157;257
42198;257
42230;257
42262;257
42298;257
42330;257
42366;257
42398;257
42430;257
42462;257
42499;257
42533;257
42565;257
42604;257
42636;257
42669;257
42724;257
42766;257
42801;257
42840;257
42871;257
42911;257
42945;257
42977;257
43008;257
43042;257
43077;257
43109;257
43146;257
43180;257
43218;257
43253;257
43287;257
43321;257
43353;257
43385;257
43421;257
43457;257
43489;257
43525;257
43562;257
43600;257
43633;257
43665;257
43698;257
43733;257
43773;257
43807;257
43840;257
43873;257
43907;257
43942;257
43979;257
44017;257
44050;257
44084;257
44118;256
44151;256
44187;256
44220;256
44257;256
44290;256
44325;256
44359;256
44399;256
44429;256
44459;256
44497;256
44531;256
44569;256
44602;256
44635;256
44667;256
44705;256
44748;256
44781;256
44814;256
44849;256
44882;256
44915;256
44949;256
44990;256
45025;256
45062;256
45103;256
45137;256
45169;256
45200;256
45234;256
45270;256
45302;256
45338;256
45370;256
45408;256
45442;256
45475;256
45508;256
45541;256
45578;256
45609;256
45644;256
45676;256
45709;256
45746;256
45792;256
45826;256
45863;259
45896;259
45930;259
45963;259
45998;259
46032;259
46074;259
46107;259
46140;259
46175;259
46215;259
46249;259
46289;259
46328;259
46362;259
46398;259
46437;259
46474;259
46508;259
46549;259
46582;259
46614;259
46650;259
46685;259
46719;259
46753;259
46785;259
46824;259
46858;259
46895;259
46927;259
46964;259
47003;259
47036;259
47070;259
47100;259
47133;259
47166;259
47206;259
47238;259
47271;259
47305;259
47344;259
47376;259
47409;259
47441;259
47473;259
47510;259
47543;259
47576;259
47612;259
47649;259
47682;259
47718;259
47754;259
47797;259
47834;259
47869;259
47907;259
47940;259
47974;259
48015;259
48050;259
48088;259
48129;259
48162;259
48199;260
48232;260
48266;260
48300;262
48334;262
48369;262
48401;262
48435;262
48472;262
48506;262
48548;262
48584;262
48613;262
48650;262
48686;262
48725;262
48767;262
48802;262
48837;262
48873;262
48913;262
48946;262
48982;262
49019;262
49053;262
49087;262
49123;262
49191;262
49241;262
49326;262
49360;262
49393;262
49429;262
49461;262
49494;262
49530;262
49569;262
49604;262
49639;262
49672;259
49705;259
49736;259
49770;259
49805;259
49840;259
49874;259
49911;259
49942;259
49979;259
50012;259
50047;259
50083;259
50116;259
50148;259
50184;259
50217;259
50266;259
50298;259
50331;259
50364;259
50400;259
50434;259
50466;259
50499;259
50560;259
50627;259
50670;259
50709;259
50749;259
50786;258
50855;258
50900;258
50933;256
50967;256
51001;256
51037;256
51075;256
51106;256
51143;256
51193;256
51229;256
51263;256
51303;256
51336;256
51371;256
51402;256
51434;256
51467;256
51499;256
51532;256
51567;256
51599;256
51636;256
51670;256
51703;256
51738;256
51769;256
51808;256
51841;256
51876;256
51908;256
51940;256
51978;256
52010;256
52041;256
52077;256
52112;256
52147;256
52185;256
52220;256
52256;256
52286;256
52320;256
52353;256
52386;256
52419;256
52453;256
52488;256
52522;256
52554;256
52586;256
52628;256
52660;256
52704;256
52762;256
52814;256
52846;256
52879;256
52913;256
52949;256
52982;256
53017;256
53049;256
53087;256
53130;256
53164;256
53200;256
53232;256
53267;256
53298;256
53334;257
53371;257
53403;257
53436;257
53470;256
53506;256
53551;256
53584;256
53622;256
53655;256
53687;256
53722;256
53757;256
53799;256
53831;256
53862;256
53898;256
53936;256
53971;256
54003;256
54037;256
54071;256
54106;256
54148;256
54183;256
54216;256
54254;256
54286;256
54318;256
54353;256
54386;256
54420;256
54464;256
54497;256
54536;256
54567;256
54600;256
54633;256
54666;256
54708;256
54743;256
54802;256
54840;256
54872;256
54905;256
54936;256
54969;256
55006;256
55040;256
55073;256
55107;256
55142;256
55175;256
55208;256
55245;256
55279;256
55316;256
55366;256
55398;256
55430;256
55463;256
55499;256
55536;256
55579;256
55612;256
55645;256
55678;256
55715;256
55746;256
55785;256
55818;256
55857;256
55889;256
55922;256
55954;256
55990;256
56028;256
56063;256
56100;256
56139;256
56171;256
56212;256
56245;256
56281;256
56316;256
56345;256
56378;256
56413;256
56448;256
56490;256
56526;256
56559;256
56589;256
56637;256
56673;256
56709;256
56743;256
56792;256
56829;256
56861;256
56894;256
56925;256
56960;256
56994;256
57027;256
57067;256
57100;256
57136;256
57169;256
57207;256
57240;256
57279;256
57317;256
57353;256
57389;256
57424;256
57459;256
57489;256
57522;256
57556;256
57595;256
57630;256
57669;256
57698;256
57731;256
57765;256
57798;256
57834;256
57869;256
57901;256
57933;256
57966;256
58003;256
58035;256
58068;256
58100;256
58134;256
58170;256
58203;256
58238;256
58272;256
58305;256
58340;256
58376;256
58410;256
58446;256
58479;256
58516;256
58553;256
58585;256
58617;256
58653;256
58687;256
58727;256
58762;256
58800;256
58842;256
58876;256
58911;256
58945;256
58981;256
59015;256
59048;256
59088;256
59120;256
59153;256
59187;256
59221;256
59255;256
59288;256
59321;256
59353;256
59385;256
59417;256
59450;256
59482;256
59514;256
59547;256
59588;256
59631;256
59664;256
59698;256
59731;256
59763;256
59799;256
59833;256
59867;256
59900;256
59931;256
59961;256
60008;256
60043;256
60102;256
60134;256
60165;256
60199;256
60233;256
60272;256
60304;256
60336;256
60386;256
60426;256
