176;261
297;261
385;261
455;261
522;261
570;261
611;261
657;261
715;261
762;261
803;261
841;261
894;261
956;261
1016;261
1072;266
1133;266
1179;266
1235;266
1272;266
1310;266
1346;266
1396;266
1435;266
1470;266
1506;266
1546;269
1583;269
1619;269
1659;269
1701;269
1754;269
1806;269
1861;269
1920;269
1988;269
2044;269
2081;269
2120;269
2156;269
2196;269
2241;269
2279;269
2316;269
2352;271
2389;271
2424;271
2460;271
2499;271
2535;271
2571;266
2624;266
2668;266
2704;266
2740;266
2779;266
2826;266
2858;266
2899;266
2932;266
2965;266
2998;266
3034;266
3069;266
3103;266
3138;266
3180;266
3229;266
3277;266
3327;266
3380;266
3426;266
3474;266
3520;266
3558;266
3590;266
3621;266
3653;264
3684;264
3716;264
3748;264
3791;264
3830;264
3862;264
3895;264
3940;264
3975;264
4006;264
4038;264
4074;264
4106;264
4139;264
4179;264
4212;264
4245;264
4279;264
4312;264
4358;264
4389;264
4420;264
4459;264
4490;264
4527;264
4559;264
4593;264
4626;264
4664;261
4713;261
4746;261
4778;261
4809;261
4855;261
4889;261
4922;261
4956;261
4988;261
5019;261
5053;261
5085;261
5116;261
5154;261
5202;261
5250;261
5297;261
5343;261
5393;261
5440;261
5487;261
5533;261
5579;261
5625;261
5670;261
5717;261
5767;261
5809;261
5841;261
5878;261
5923;261
5960;261
5992;260
6024;260
6056;260
6089;260
6124;261
6159;261
6191;261
6224;261
6257;261
6288;261
6320;261
6353;261
6394;261
6431;261
6463;261
6495;261
6526;261
6563;261
6594;261
6627;261
6660;261
6691;261
6723;261
6756;261
6792;261
6828;261
6871;261
6902;261
6934;261
6966;261
6998;261
7047;261
7078;261
7110;261
7142;261
7175;261
7207;261
7244;261
7278;260
7311;260
7343;260
7374;260
7413;260
7445;260
7477;260
7509;260
7545;260
7579;260
7614;260
7646;260
7687;260
7719;260
7751;260
7787;260
7818;260
7849;260
7884;261
7917;261
7950;261
7985;261
8016;261
8049;261
8082;261
8119;261
8158;261
8189;261
8233;261
8265;261
8302;261
8342;261
8376;257
8406;257
8445;257
8486;257
8518;257
8550;257
8590;262
8635;262
8667;262
8700;262
8739;262
8777;262
8810;262
8841;262
8877;262
8909;262
8941;262
8977;262
9009;262
9041;262
9077;262
9113;262
9145;262
9177;262
9212;262
9246;262
9278;262
9311;262
9345;262
9379;262
9414;262
9449;262
9484;262
9515;262
9552;262
9586;262
9624;262
9661;262
9694;262
9727;262
9759;262
9791;262
9826;262
9861;262
9903;262
9935;262
9969;262
10004;262
10038;262
10075;262
10111;262
10146;262
10178;262
10211;262
10244;262
10276;262
10310;262
10344;262
10377;262
10408;262
10443;262
10475;262
10506;262
10538;262
10571;262
10603;262
10636;262
10669;262
10700;262
10732;262
10771;262
10807;262
10840;262
10871;262
10902;262
10933;262
10968;262
11000;262
11032;262
11063;262
11098;262
11136;262
11172;262
11208;262
11240;262
11271;262
11304;262
11337;262
11379;262
11412;262
11450;266
11481;266
11516;266
11552;266
11585;266
11617;266
11652;266
11691;266
11723;266
11755;266
11792;266
11825;266
11858;266
11894;266
11931;266
11969;266
12001;266
12032;266
12068;264
12101;264
12131;264
12166;264
12203;264
12237;264
12269;264
12302;264
12340;261
12371;261
12403;261
12437;261
12476;261
12514;261
12549;257
12584;257
12615;257
12651;257
12683;257
12716;257
12750;257
12782;257
12814;257
12846;257
12883;257
12917;257
12951;257
12986;257
13017;257
13053;257
13087;257
13122;257
13157;257
13197;257
13230;257
13262;257
13295;257
13328;257
13376;257
13412;257
13448;257
13480;257
13514;257
13549;257
13579;257
13611;257
13642;257
13674;257
13708;257
13740;257
13772;257
13807;257
13842;257
13873;257
13906;257
13939;257
13978;257
14036;257
14068;257
14101;257
14138;257
14174;257
14212;257
14240;257
14272;257
14308;257
14343;257
14380;258
14412;258
14444;258
14476;257
14509;257
14541;257
14575;257
14613;257
14644;257
14676;257
14708;257
14740;257
14775;257
14806;257
14838;257
14873;257
14921;257
14963;257
14995;257
15031;257
15063;257
15099;257
15136;257
15167;257
15200;257
15232;257
15266;257
15298;257
15331;257
15365;257
15408;257
15446;257
15483;257
15517;257
15557;257
15590;257
15624;257
15655;257
15691;257
15728;257
15765;257
15799;257
15833;257
15864;257
15895;257
15928;257
15960;257
15999;257
16053;257
16082;257
16116;258
16147;258
16178;258
16210;258
16248;258
16283;258
16315;258
16347;258
16378;258
16413;258
16461;258
16495;258
16526;258
16561;258
16591;258
16623;258
16654;258
16686;258
16721;258
16751;258
16783;258
16816;258
16849;258
16880;258
16912;258
16945;258
16979;258
17017;258
17048;258
17082;258
17113;258
17148;259
17187;259
17219;259
17251;259
17281;259
17313;258
17347;258
17388;258
17424;258
17458;258
17490;258
17521;258
17556;258
17590;258
17623;258
17660;258
17694;259
17725;259
17756;259
17788;259
17819;259
17854;259
17892;259
17923;259
17954;259
18006;259
18040;259
18072;259
18102;259
18133;259
18172;259
18205;259
18236;259
18268;259
18300;259
18331;259
18363;259
18396;259
18430;259
18460;258
18492;258
18522;258
18554;258
18587;258
18620;258
18655;258
18693;258
18733;258
18765;258
18796;258
18827;258
18862;258
18896;258
18931;258
18965;258
18997;258
19030;258
19065;258
19097;258
19128;258
19165;258
19204;258
19241;258
19277;258
19310;258
19351;258
19383;258
19421;258
19452;258
19485;258
19526;258
19566;258
19597;258
19628;258
19660;258
19691;258
19726;258
19761;258
19793;258
19828;258
19860;258
19891;258
19923;258
19961;258
19993;258
20026;258
20060;258
20091;258
20126;258
20160;258
20193;258
20230;258
20260;258
20290;258
20322;258
20359;258
20395;258
20427;258
20459;258
20494;258
20530;258
20561;258
20608;258
20642;258
20674;258
20706;258
20739;258
20770;258
20809;258
20843;258
20875;258
20909;258
20943;258
20974;258
21006;258
21054;258
21102;258
21135;258
21172;258
21205;258
21238;258
21269;258
21315;258
21350;258
21385;258
21417;258
21448;258
21478;258
21509;258
21543;258
21582;258
21631;258
21675;258
21705;258
21736;258
21767;258
21799;258
21831;258
21864;258
21899;258
21937;258
21969;258
22000;258
22037;258
22073;258
22107;258
22139;258
22174;258
22205;258
22237;258
22270;258
22305;258
22335;258
22365;258
22398;258
22435;258
22469;258
22501;258
22534;258
22566;258
22603;258
22646;258
22679;258
22711;258
22743;258
22775;258
22807;258
22839;258
22877;258
22909;258
22943;258
22974;258
23008;258
23044;258
23076;258
23107;258
23142;259
23173;259
23208;259
23244;259
23280;259
23314;259
23344;259
23377;259
23410;259
23442;259
23474;259
23512;259
23543;259
23580;259
23613;259
23645;259
23679;259
23710;259
23748;263
23782;263
23814;263
23849;263
23881;263
23917;263
23951;263
23983;263
24017;263
24051;263
24089;263
24120;263
24165;263
24200;263
24245;263
24276;263
24312;263
24344;262
24384;262
24418;262
24450;262
24491;262
24539;262
24571;262
24601;262
24632;262
24666;262
24697;262
24730;262
24761;262
24794;262
24825;262
24857;262
24889;262
24921;262
24952;262
24984;262
25019;262
25051;262
25083;262
25115;262
25152;262
25184;262
25214;262
25246;262
25278;262
25314;262
25350;262
25381;262
25415;262
25450;262
25486;262
25520;262
25550;262
25584;262
25615;262
25650;262
25686;262
25728;262
25759;262
25791;262
25825;262
25856;262
25891;262
25922;262
25957;262
25989;262
26024;262
26057;262
26090;262
26126;262
26157;262
26189;262
26221;262
26254;262
26287;262
26318;262
26356;262
26386;262
26418;262
26450;262
26488;262
26520;262
26555;262
26592;262
26624;262
26659;262
26693;262
26724;262
26758;262
26791;262
26822;262
26853;261
26886;261
26917;261
26948;261
26990;261
27024;261
27056;261
27088;261
27119;261
27155;261
27191;261
27233;261
27277;261
27312;261
27348;261
27380;261
27420;261
27460;261
27490;261
27521;261
27552;261
27593;261
27624;260
27659;260
27690;260
27728;260
27763;260
27795;260
27840;260
27876;260
27909;256
27941;256
27971;256
28006;256
28040;256
28078;256
28113;256
28147;256
28180;256
28217;256
28248;256
28292;256
28328;256
28363;256
28394;256
28426;256
28457;256
28495;256
28532;256
28565;256
28598;256
28631;256
28662;256
28695;256
28734;256
28775;256
28811;256
28847;256
28882;256
28914;256
28946;256
28979;256
29013;256
29049;256
29081;256
29111;256
29144;256
29181;256
29215;256
29260;256
29294;258
29328;258
29360;258
29397;258
29431;258
29463;258
29494;258
29526;258
29559;258
29590;258
29623;258
29676;258
29709;258
29743;258
29775;258
29808;258
29843;258
29874;258
29907;258
29939;258
29972;258
30014;260
30046;260
30098;260
30130;260
30159;260
30191;260
30224;260
30255;260
30294;257
30332;257
30366;257
30399;257
30432;257
30468;257
30501;257
30532;257
30562;257
30603;257
30634;257
30671;257
30703;257
30734;257
30765;257
30797;257
30832;257
30863;257
30895;257
30929;257
30961;257
30998;257
31033;257
31064;257
31094;257
31135;257
31168;257
31210;257
31244;257
31274;257
31309;257
31340;257
31375;257
31410;257
31448;257
31483;257
31518;257
31552;257
31583;257
31615;257
31648;257
31684;257
31719;261
31753;261
31785;261
31829;261
31862;261
31894;261
31925;261
31960;261
31993;261
32026;261
32057;261
32097;261
32133;261
32165;261
32196;261
32228;261
32260;261
32296;261
32332;261
32364;261
32398;261
32433;261
32464;261
32497;261
32529;261
32559;261
32593;261
32624;261
32655;261
32693;261
32724;261
32758;261
32790;261
32827;261
32859;261
32889;261
32925;261
32956;261
32987;261
33019;261
33050;261
33082;261
33114;261
33150;261
33183;261
33223;261
33257;261
33288;261
33319;261
33357;261
33404;261
33438;261
33472;261
33504;261
33536;261
33571;261
33602;261
33636;261
33668;261
33698;261
33730;261
33762;261
33799;261
33831;261
33863;261
33896;261
33928;261
33962;261
33993;261
34027;261
34058;261
34102;261
34137;261
34172;261
34209;261
34242;261
34274;261
34306;261
34337;261
34371;261
34406;261
34443;261
34475;261
34506;261
34537;261
34569;261
34604;261
34637;261
34668;261
34703;261
34738;261
34773;261
34804;261
34836;261
34872;261
34913;261
34950;261
34981;261
35014;261
35045;261
35078;261
35110;261
35141;261
35173;261
35206;261
35241;261
35272;261
35307;261
35344;261
35382;261
35415;261
35449;261
35485;261
35520;261
35552;261
35588;261
35624;261
35658;261
35691;261
35723;261
35757;261
35790;261
35822;261
35864;261
35899;261
35929;261
35960;261
35991;261
36030;261
36063;261
36099;261
36152;261
36188;261
36224;261
36258;261
36289;261
36324;261
36360;261
36396;261
36427;261
36461;261
36499;261
36530;261
36567;261
36598;261
36639;261
36674;261
36705;261
36736;261
36768;261
36803;261
36834;261
36864;261
36895;261
36926;261
36957;261
36989;261
37021;261
37055;261
37087;261
37119;261
37159;261
37190;261
37225;262
37256;262
37289;262
37320;262
37354;262
37386;262
37418;262
37453;262
37484;262
37522;262
37558;262
37592;262
37623;264
37659;264
37691;264
37725;264
37758;264
37790;263
37823;263
37855;263
37892;263
37924;263
37959;263
38002;263
38034;263
38066;263
38101;263
38135;263
38167;263
38198;263
38231;263
38270;263
38305;263
38338;263
38369;263
38403;263
38438;263
38474;263
38504;263
38538;263
38569;263
38606;263
38641;263
38673;263
38708;263
38738;263
38770;263
38804;263
38836;263
38868;263
38900;263
38934;263
38965;263
39000;263
39031;263
39060;263
39093;263
39129;263
39177;263
39208;263
39240;263
39273;263
39303;263
39335;263
39366;263
39399;263
39433;263
39467;263
39499;263
39533;263
39564;263
39595;263
39631;263
39662;263
39693;263
39729;263
39760;263
39792;263
39826;263
39859;263
39893;263
39927;263
39958;263
39993;263
40025;263
40056;263
40088;263
40121;263
40158;263
40189;263
40224;263
40257;263
40289;263
40320;263
40351;263
40386;264
40420;263
40453;263
40488;263
40519;263
40551;263
40582;263
40614;263
40649;264
40679;264
40721;264
40751;264
40782;264
40817;264
40855;264
40889;264
40923;264
40958;264
40991;264
41026;264
41060;264
41092;264
41122;264
41156;264
41188;264
41223;264
41258;264
41288;264
41320;264
41353;264
41392;264
41423;264
41453;264
41484;264
41520;264
41552;264
41586;264
41623;264
41657;264
41694;264
41736;264
41774;264
41806;264
41844;264
41878;264
41918;264
41950;264
41981;264
42013;264
42054;264
42086;267
42118;267
42157;267
42191;267
42226;267
42257;267
42298;267
42330;267
42362;267
42397;267
42429;267
42460;267
42492;267
42524;267
42555;267
42592;267
42626;267
42658;267
42701;267
42733;267
42764;267
42800;267
42831;267
42863;267
42899;267
42932;267
42968;267
43003;267
43037;267
43072;267
43106;267
43138;267
43175;267
43217;267
43249;267
43285;267
43322;267
43353;267
43383;267
43415;267
43446;267
43477;267
43510;267
43542;267
43576;267
43619;267
43653;267
43686;267
43720;267
43753;267
43785;267
43817;267
43853;267
43889;267
43919;267
43952;267
43984;267
44021;267
44054;267
44086;267
44126;267
44179;267
44214;267
44245;267
44278;267
44312;267
44342;267
44374;267
44405;267
44442;267
44476;267
44510;267
44542;267
44573;267
44609;264
44640;264
44672;264
44704;264
44735;264
44767;264
44800;264
44835;264
44872;264
44903;264
44939;264
44970;264
45002;264
45036;264
45074;264
45108;264
45140;264
45173;264
45205;264
45237;264
45268;264
45297;264
45332;264
45363;264
45394;264
45435;264
45468;264
45502;264
45536;264
45568;264
45599;264
45631;264
45663;264
45695;264
45727;264
45768;264
45809;264
45844;264
45874;264
45910;264
45941;264
45981;264
46015;264
46050;264
46078;264
46109;264
46150;263
46205;263
46239;263
46270;263
46306;263
46341;263
46374;263
46411;263
46440;263
46470;263
46504;263
46539;263
46573;263
46604;263
46639;263
46670;263
46703;263
46737;263
46771;262
46802;262
46835;262
46870;262
46902;262
46933;262
46966;262
47010;262
47042;262
47079;262
47114;262
47151;262
47187;262
47221;262
47258;262
47288;262
47318;262
47354;262
47386;262
47417;262
47452;262
47487;262
47522;262
47558;262
47591;262
47623;262
47662;262
47695;262
47726;262
47758;262
47789;262
47819;262
47854;262
47886;262
47918;262
47949;262
47986;263
48018;261
48058;261
48089;261
48119;261
48162;261
48203;261
48236;261
48268;260
48303;260
48334;260
48369;260
48402;260
48437;260
48468;260
48504;260
48541;260
48573;260
48605;260
48638;260
48669;260
48708;260
48742;260
48776;260
48809;260
48847;260
48890;260
48925;260
48973;260
49005;260
49035;260
49067;260
49099;260
49133;260
49167;260
49203;260
49236;260
49267;260
49301;260
49334;260
49369;260
49401;260
49433;260
49463;260
49499;260
49531;260
49568;260
49609;260
49640;260
49675;260
49707;260
49741;260
49776;260
49813;260
49845;260
49878;260
49912;260
49942;260
49980;260
50018;260
50052;260
50087;260
50124;260
50164;260
50201;260
50241;260
50322;260
50380;260
50434;260
50465;260
50503;260
50540;260
50573;260
50613;260
50643;260
50676;260
50707;260
50741;260
50775;260
50807;260
50842;260
50873;260
50905;260
50940;260
50976;260
51009;260
51046;260
51084;260
51114;260
51146;260
51186;260
51251;260
51311;260
51349;260
51384;260
51421;260
51462;260
51523;260
51563;260
51596;260
51635;260
51668;260
51698;260
51729;260
51761;260
51794;260
51829;260
51862;260
51894;260
51925;260
51957;260
51989;260
52023;260
52065;260
52096;260
52127;260
52162;260
52201;260
52235;260
52271;260
52304;260
52336;260
52371;260
52403;260
52435;260
52471;260
52502;260
52533;260
52568;260
52607;260
52639;260
52671;260
52706;260
52744;260
52776;260
52810;260
52842;260
52878;260
52909;260
52946;260
52978;260
53009;260
53040;260
53075;260
53106;260
53138;260
53173;260
53209;260
53245;260
53282;260
53321;260
53356;260
53390;260
53421;260
53452;260
53483;260
53517;260
53552;260
53586;260
53619;260
53651;260
53686;260
53721;260
53755;260
53787;260
53819;260
53852;260
53887;260
53921;260
53955;260
53990;260
54025;260
54057;260
54097;260
54131;260
54162;260
54199;260
54235;260
54267;260
54302;260
54334;260
54367;260
54401;260
54434;260
54467;260
54502;260
54534;260
54566;260
54598;260
54638;260
54673;260
54704;260
54735;260
54766;260
54803;260
54841;260
54874;260
54906;260
54937;260
54973;260
55006;260
55037;260
55068;260
55101;260
55142;260
55172;260
55207;260
55241;260
55271;260
55301;260
55336;260
55371;260
55409;260
55443;260
55475;260
55507;260
55543;260
55583;260
55621;260
55655;260
55687;260
55719;260
55751;260
55785;260
55817;260
55849;260
55883;260
55916;260
55948;260
55978;260
56009;260
56042;260
56079;260
56109;260
56139;260
56174;260
56215;260
56252;260
56283;260
56318;260
56356;260
56389;260
56421;260
56458;260
56490;260
56526;260
56556;260
56586;260
56618;260
56653;260
56684;260
56721;260
56752;260
56787;260
56822;260
56857;260
56891;260
56921;260
56961;260
56993;260
57023;260
57058;260
57089;260
57123;260
57158;260
57190;260
57226;260
57258;260
57295;260
57326;260
57365;260
57398;260
57428;260
57462;260
57497;260
57528;260
57563;260
57600;260
57631;260
57666;260
57699;260
57733;260
57767;260
57797;260
57832;260
57865;260
57898;260
57931;260
57962;260
