1128;281
1358;281
1675;281
1909;281
2123;281
2300;281
2518;281
2715;281
2901;281
3118;281
3335;281
3521;281
3702;281
3942;281
4211;281
4501;281
4737;281
4973;281
5170;281
5351;281
5527;281
5707;281
5887;281
6071;281
6252;281
6436;281
6613;281
6842;281
7077;281
7257;281
7436;281
7616;281
7795;281
7974;281
8150;281
8342;281
8537;281
8722;281
8906;281
9147;281
9344;281
9518;281
9685;281
9846;281
10010;281
10168;281
10334;281
10499;281
10658;281
10815;281
10968;281
11130;281
11289;281
11436;281
11599;281
11753;281
11908;281
12075;281
12240;281
12403;281
12568;281
12724;281
12869;281
13014;281
13181;281
13323;281
13483;281
13684;281
13826;281
13969;281
14103;281
14292;279
14420;279
14539;279
14661;279
14807;278
14975;273
15116;271
15252;265
15360;265
15469;265
15577;265
15681;265
15813;264
15967;260
16068;260
16200;260
16328;260
16485;259
16609;259
16739;258
16832;258
16927;258
17062;257
17176;257
17280;257
17385;257
17487;257
17580;257
17727;256
17831;256
17946;256
18065;256
18185;256
18304;256
18423;256
18516;256
18608;256
18700;256
18791;256
18882;256
18981;256
19071;256
19194;256
19345;256
19501;256
19619;256
19739;256
19860;256
19974;256
20065;256
20160;256
20254;256
20345;256
20453;256
20580;256
20741;256
20853;256
20959;256
21061;256
21190;256
21333;256
21437;256
21534;256
21624;256
21726;256
21823;256
21918;256
22016;256
22123;256
22229;256
22335;256
22433;256
22531;256
22630;256
22730;256
22827;256
22923;256
23017;256
23108;256
23201;256
23293;256
23383;256
23475;256
23564;256
23659;256
23748;256
23843;256
23936;256
24025;256
24117;256
24208;256
24298;256
24389;256
24478;256
24567;256
24656;256
24746;256
24838;256
24929;256
25027;256
25122;256
25218;256
25321;256
25437;256
25603;256
25760;256
25911;256
26020;256
26109;256
26198;256
26289;256
26379;256
26471;256
26560;256
26649;256
26740;256
26830;256
26926;256
27017;256
27109;256
27202;256
27293;256
27383;256
27472;256
27562;256
27652;256
27756;256
27901;256
28008;256
28136;256
28228;256
28318;256
28409;256
28505;256
28595;256
28685;256
28777;256
28868;256
28962;256
29051;256
29143;256
29236;256
29327;256
29418;256
29508;256
29599;256
29689;256
29779;256
29870;256
29969;256
30070;256
30162;256
30254;256
30346;256
30439;256
30530;256
30648;256
30789;256
30919;256
31047;256
31174;256
31268;256
31358;256
31447;256
31554;256
31647;256
31738;256
31828;256
31921;256
32013;256
32105;256
32196;256
32288;256
32378;256
32470;256
32560;256
32651;256
32740;256
32831;256
32921;256
33012;256
33107;256
33198;256
33317;256
33411;256
33505;256
33595;256
33704;256
33835;256
33962;256
34055;256
34146;256
34273;256
34402;256
34499;256
34606;256
34703;256
34793;256
34885;256
34989;256
35120;256
35240;256
35335;256
35430;256
35521;256
35613;256
35705;256
35797;256
35886;256
35979;256
36068;256
36163;256
36282;256
36412;256
36511;256
36602;256
36693;256
36784;256
36876;256
36975;256
37076;256
37207;256
37372;256
37509;256
37654;256
37805;256
37947;256
38066;256
38200;256
38327;256
38481;256
38616;256
38729;256
38819;256
38911;256
39002;256
39095;256
39190;256
39339;256
39462;256
39554;256
39647;256
39738;256
39829;256
39919;256
40010;256
40099;256
40190;256
40281;256
40371;256
40479;256
40572;256
40662;256
40759;256
40873;256
40972;256
41062;256
41151;256
41243;256
41344;256
41447;256
41538;256
41627;256
41719;256
41808;256
41900;256
41993;256
42082;256
42171;256
42260;256
42368;256
42460;256
42566;256
42691;256
42801;256
42893;256
42984;256
43073;256
43164;256
43254;256
43348;256
43442;256
43532;256
43622;256
43716;256
43813;256
43922;256
44013;256
44103;256
44194;256
44284;256
44375;256
44464;256
44556;256
44649;256
44746;256
44851;256
44968;256
45087;256
45189;256
45287;256
45411;256
45509;256
45602;256
45692;256
45782;256
45877;256
45971;256
46061;256
46161;256
46264;256
46361;256
46457;256
46555;256
46652;256
46746;256
46842;256
46942;256
47044;256
47136;256
47230;256
47320;256
47434;256
47523;256
47617;256
47717;256
47807;256
47899;256
47990;256
48080;256
48172;256
48262;256
48353;256
48443;256
48539;256
48629;256
48718;256
48807;256
48898;256
48988;256
49077;256
49165;256
49255;256
49344;256
49440;256
49562;256
49689;256
49781;256
49872;256
49963;256
50057;256
50149;256
50239;256
50329;256
50419;256
50509;256
50599;256
50688;256
50779;256
50869;256
50960;256
51051;256
51142;256
51233;256
51337;256
51490;256
51638;256
51786;256
51938;256
52076;256
52237;256
52431;256
52604;256
52763;256
52868;256
52964;256
53058;256
53152;256
53247;256
53376;256
53481;256
53577;256
53680;256
53806;256
53925;256
54087;256
54274;256
54447;256
54572;256
54709;256
54805;256
54899;256
54999;256
55119;256
55264;256
55381;256
55484;256
55583;256
55680;256
55769;256
55869;256
55999;256
56115;256
56209;256
56299;256
56388;256
56475;256
56563;256
56650;256
56739;256
56828;256
56923;256
57047;256
57174;256
57263;256
57352;256
57441;256
57536;256
57623;256
57713;256
57806;256
57897;256
57986;256
58074;256
58163;256
58252;256
58341;256
58431;256
58519;256
58608;256
58699;256
58787;256
58877;256
58971;256
59057;256
59146;256
59234;256
59328;256
59416;256
59532;256
59621;256
59712;256
59807;256
59903;256
59999;256
60093;256
60190;256
60284;256
60379;256
60474;256
60563;256
60653;256
60742;256
60835;256
60927;256
61019;256
61119;256
61235;256
61351;256
61471;256
61592;256
61706;256
61795;256
61887;256
61982;256
62071;256
62161;256
62256;256
62363;256
62453;256
62540;256
62629;256
62718;256
62808;256
62898;256
63007;256
63135;256
63263;256
63366;256
63456;256
63553;256
63642;256
63734;256
63821;256
63929;256
64057;256
64189;256
64281;256
64371;256
64459;256
64547;256
64635;256
64723;256
64810;256
64899;256
64996;256
65084;256
65172;256
65261;256
65348;256
65441;256
65534;256
65624;256
65737;256
65869;256
65982;256
66071;256
66162;256
66251;256
66340;256
66430;256
66518;256
66607;256
66696;256
66783;256
66873;256
66967;256
67058;256
67147;256
67236;256
67326;256
67416;256
67507;256
67623;256
67714;256
67802;256
67892;256
67981;256
68070;256
68157;256
68245;256
68336;256
68424;256
68516;256
68606;256
68707;256
68840;256
68963;256
69101;256
69263;256
69406;256
69561;256
69684;256
69774;256
69863;256
69953;256
70047;256
70142;256
70235;256
70323;256
70414;256
70502;256
70597;256
70687;256
70804;256
70969;256
71124;256
71261;256
71429;256
71617;256
71792;256
71944;256
72076;256
72220;256
72360;256
72490;256
72626;256
72790;256
72950;256
73128;256
73285;256
73419;256
73604;256
73744;256
73880;256
74038;256
74206;256
74347;256
74497;256
74646;256
74744;256
74835;256
74930;256
75061;256
75197;256
75339;256
75473;256
75601;256
75716;256
75811;256
75902;256
75993;256
76090;256
76244;256
76378;256
76512;256
76644;256
76752;256
76843;256
76936;256
77039;256
77180;256
77310;256
77441;256
77572;256
77664;256
77781;256
77885;256
78036;256
78218;256
78401;256
78509;256
78599;256
78700;256
78844;256
78991;256
79123;256
79259;256
79357;256
79449;256
79559;256
79708;256
79851;256
79982;256
80096;256
80187;256
80277;256
80369;256
80511;256
80659;256
80808;256
80973;256
81066;256
81154;256
81284;256
81413;256
81525;256
81614;256
81708;256
81806;256
81911;256
82030;256
82152;256
82275;256
82412;256
82515;256
82604;256
82696;256
82786;256
82875;256
82967;256
83056;256
83146;256
83236;256
83324;256
83416;256
83505;256
83594;256
83686;256
83783;256
83874;256
83969;256
84067;256
84162;256
84255;256
84346;256
84437;256
84527;256
84619;256
84708;256
84799;256
84890;256
84982;256
85072;256
85164;256
85256;256
85372;256
85516;256
85624;256
85716;256
85813;256
85906;256
85998;256
86088;256
86177;256
86269;256
86361;256
86453;256
86546;256
86639;256
86731;256
86822;256
86913;256
87004;256
87099;256
87190;256
87281;256
87372;256
87462;256
87555;256
87646;256
87746;256
87898;256
88007;256
88140;256
88231;256
88322;256
88414;256
88505;256
88598;256
88690;256
88784;256
88875;256
88966;256
89057;256
89146;256
89237;256
89328;256
89419;256
89511;256
89605;256
89699;256
89791;256
89887;256
89985;256
90076;256
90184;256
90276;256
90368;256
90460;256
90553;256
90643;256
90734;256
90825;256
90917;256
91010;256
91101;256
91192;256
91284;256
91376;256
91466;256
91557;256
91661;256
91760;256
91857;256
91949;256
92041;256
92166;256
92295;256
92419;256
92510;256
92613;256
92714;256
92805;256
92900;256
92994;256
93090;256
93195;256
93300;256
93402;256
93542;256
93677;256
93821;256
93956;256
94088;256
94227;256
94364;256
94461;256
94572;256
94669;256
94816;256
94987;256
95142;256
95273;256
95424;256
95555;256
95689;256
95824;256
95966;256
96150;256
96362;256
96510;256
96633;256
96769;256
96925;256
97079;256
97239;256
97396;256
97500;256
97589;256
97693;256
97851;256
97959;256
98055;256
98154;256
98252;256
98347;256
98462;256
98596;256
98702;256
98792;256
98883;256
98974;256
99063;256
99156;256
99278;256
99412;256
99526;256
99616;256
99706;256
99798;256
99892;256
99985;256
100078;256
100169;256
100258;256
100349;256
100439;256
100527;256
100617;256
100706;256
100795;256
100885;256
100976;256
101067;256
101157;256
101269;256
101398;256
101510;256
101600;256
101689;256
101780;256
101871;256
101976;256
102065;256
102159;256
102250;256
102343;256
102450;256
102560;256
102655;256
102760;256
102919;256
103095;256
103225;256
103318;256
103408;256
103504;256
103600;256
103690;256
103783;256
103877;256
103974;256
104066;256
104162;256
104252;256
104342;256
104442;256
104536;256
104633;256
104755;256
104866;256
105036;256
105213;256
105315;256
105408;256
105498;256
105588;256
105681;256
105772;256
105863;256
105961;256
106051;256
106142;256
106233;256
106334;256
106481;256
106620;256
106713;256
106807;256
106905;256
107007;256
107096;256
107190;256
107279;256
107369;256
107458;256
107546;256
107638;256
107728;256
107817;256
107908;256
108005;256
108094;256
108189;256
108278;256
108368;256
108457;256
108545;256
108634;256
108730;256
108819;256
108906;256
108997;256
109087;256
109175;256
109263;256
109358;256
109446;256
109534;256
109623;256
109711;256
109803;256
109897;256
109991;256
110086;256
110257;256
110422;256
110562;256
110658;256
110780;256
110944;256
111077;256
111221;256
111390;256
111557;256
111721;256
111887;256
112051;256
112206;256
112339;256
112509;256
112682;256
112855;256
112987;256
113109;256
113255;256
113416;256
113589;256
113741;256
113880;256
114006;256
114167;256
114313;256
114464;256
114561;256
114652;256
114742;256
114839;256
114968;256
115100;256
115275;256
115409;256
115505;256
115635;256
115766;256
115868;256
115963;256
116078;256
116209;256
116321;256
116413;256
116509;256
116604;256
116698;256
116791;256
116884;256
116978;256
117069;256
117202;256
117335;256
117465;256
117593;256
117699;256
117795;256
117885;256
117987;256
118080;256
118176;256
118328;256
118459;256
118583;256
118714;256
118822;256
118912;256
119006;256
119095;256
119184;256
119277;256
119389;256
119537;256
119668;256
119800;256
119931;256
120021;256
120112;256
120208;256
120298;256
120391;256
120527;256
120650;256
120778;256
120905;256
121022;256
121115;256
121207;256
121298;256
121394;256
121532;256
121663;256
121790;256
121919;256
122046;256
122186;256
122342;256
122468;256
122576;256
122673;256
122763;256
122855;256
122956;256
123055;256
123151;256
123242;256
123342;256
123440;256
123530;256
123621;256
123711;256
123803;256
123895;256
123986;256
124076;256
124172;256
124290;256
124380;256
124472;256
124563;256
124653;256
124746;256
124839;256
124932;256
125027;256
125117;256
125207;256
125299;256
125388;256
125479;256
125567;256
125665;256
125760;256
125848;256
125941;256
126032;256
126121;256
126220;256
126329;256
126436;256
126559;256
126668;256
126764;256
126861;256
126980;256
127099;256
127198;256
127297;256
127386;256
127478;256
127577;256
127681;256
127811;256
127933;256
128041;256
128139;256
128239;256
128380;256
128517;256
128616;256
128708;256
128803;256
128894;256
128993;256
129139;256
129260;256
129350;256
129450;256
129572;256
129697;256
129795;256
129885;256
129976;256
130071;256
130162;256
130256;256
130360;256
130450;256
130540;256
130631;256
130723;256
130812;256
130902;256
130995;256
131084;256
131175;256
131264;256
131355;256
131445;256
131535;256
131625;256
131714;256
131806;256
131903;256
131994;256
132083;256
132175;256
132267;256
132363;256
132453;256
132543;256
132635;256
132726;256
132815;256
132907;256
132998;256
133089;256
133179;256
133270;256
133360;256
133454;256
