184;235
286;235
375;235
489;235
585;235
677;235
749;235
823;235
897;236
965;236
1042;236
1105;236
1192;236
1277;236
1386;236
1467;236
1571;236
1642;235
1711;235
1785;235
1859;235
1929;235
2006;235
2080;235
2155;235
2221;235
2289;235
2347;235
2406;235
2464;235
2530;235
2605;235
2671;235
2752;235
2829;235
2907;235
2984;235
3079;235
3193;235
3280;235
3365;235
3431;235
3489;235
3548;235
3610;235
3678;235
3738;235
3800;235
3868;235
3935;235
3993;235
4054;235
4112;235
4170;235
4231;235
4295;235
4370;235
4427;235
4501;235
4562;235
4621;235
4680;235
4743;235
4828;235
4887;235
4966;235
5033;235
5093;235
5152;235
5216;235
5275;235
5336;235
5400;235
5473;235
5563;235
5642;235
5718;235
5802;235
5859;235
5939;235
6000;235
6076;235
6138;235
6198;235
6260;235
6322;235
6381;235
6441;235
6502;235
6562;235
6622;235
6680;235
6769;235
6836;235
6894;235
6956;235
7016;235
7075;235
7138;235
7222;235
7286;235
7353;235
7428;235
7500;235
7559;235
7627;235
7698;235
7756;235
7817;235
7878;235
7940;235
8001;235
8062;235
8131;235
8191;235
8250;235
8308;235
8369;235
8440;235
8495;235
8556;235
8615;235
8683;235
8741;235
8800;235
8863;235
8931;235
8992;235
9053;235
9112;235
9177;235
9262;235
9335;235
9402;235
9461;235
9522;235
9581;235
9641;235
9721;235
9783;235
9841;235
9900;235
9976;235
10034;235
10092;235
10153;235
10214;235
10282;235
10348;235
10409;235
10476;235
10532;235
10590;235
10651;235
10723;235
10784;235
10842;235
10907;235
10970;235
11028;236
11089;236
11156;236
11242;236
11307;236
11392;236
11453;236
11520;236
11583;236
11655;236
11727;236
11797;236
11858;236
11921;236
11988;236
12049;236
12117;236
12189;236
12263;236
12331;236
12390;236
12451;236
12509;236
12569;236
12636;236
12712;236
12780;236
12838;236
12896;236
12957;236
13024;236
13091;236
13150;236
13223;236
13296;236
13360;236
13421;236
13482;236
13541;236
13600;236
13661;236
13720;236
13780;236
13840;236
13907;236
13975;236
14040;236
14098;237
14159;237
14225;237
14292;237
14354;237
14433;237
14500;237
14571;237
14640;237
14703;237
14776;237
14837;237
14903;237
14977;237
15046;237
15113;237
15184;237
15244;237
15321;237
15379;237
15437;237
15494;237
15560;237
15620;237
15688;237
15752;237
15813;237
15871;237
15929;237
15999;237
16083;237
16150;237
16211;237
16272;237
16330;237
16393;237
16468;237
16536;237
16595;237
16656;237
16716;237
16780;237
16851;237
16918;237
16994;237
17053;237
17110;237
17182;237
17250;237
17311;237
17369;237
17428;237
17486;237
17549;237
17611;237
17687;237
17754;237
17816;237
17874;237
17933;237
17999;237
18064;237
18130;237
18191;237
18257;237
18317;237
18392;237
18463;237
18522;237
18580;237
18641;237
18700;237
18765;237
18831;237
18895;237
18955;237
19027;237
19101;237
19167;237
19229;237
19316;237
19381;237
19449;237
19508;237
19600;237
19661;237
19728;237
19787;237
19844;237
19911;237
19978;237
20044;237
20106;237
20178;237
20237;237
20295;238
20367;238
20438;238
20494;238
20555;238
20629;238
20687;238
20745;238
20806;238
20874;238
20936;238
20997;238
21063;238
21141;238
21227;238
21287;238
21360;238
21418;238
21478;237
21536;237
21594;237
21662;237
21724;237
21789;237
21863;237
21929;237
21987;237
22048;237
22108;237
22167;237
22228;237
22287;237
22365;237
22438;237
22512;237
22575;237
22643;237
22715;237
22779;237
22847;237
22908;237
22972;237
23034;237
23095;237
23161;237
23218;237
23284;237
23364;237
23426;237
23487;237
23552;237
23611;237
23683;237
23742;237
23818;237
23878;237
23939;237
24009;237
24070;237
24130;237
24210;237
24269;237
24346;237
24401;237
24458;237
24518;237
24576;237
24643;237
24701;237
24774;237
24837;237
24902;237
24959;237
25016;237
25077;237
25135;237
25196;237
25267;237
25364;237
25432;237
25493;237
25552;237
25622;237
25684;237
25773;237
25833;237
25891;237
25960;237
26030;237
26096;237
26165;237
26223;237
26281;237
26339;237
26403;237
26460;237
26525;237
26591;237
26649;237
26708;237
26771;237
26833;237
26890;237
26947;237
27006;237
27062;237
27118;237
27181;237
27265;237
27329;237
27387;237
27445;237
27514;237
27576;237
27634;237
27699;237
27765;237
27823;237
27889;237
27949;237
28024;237
28089;237
28152;237
28210;237
28269;237
28335;237
28397;237
28458;237
28524;237
28603;237
28659;237
28716;237
28773;237
28836;237
28895;237
28976;237
29033;237
29096;237
29151;237
29216;237
29290;237
29351;237
29411;237
29468;237
29541;237
29598;237
29663;237
29722;237
29784;237
29841;237
29901;237
29959;237
30035;237
30099;237
30185;237
30242;237
30320;237
30378;237
30441;237
30499;237
30556;237
30621;237
30695;237
30767;237
30833;237
30890;237
30950;237
31017;235
31074;235
31134;235
31204;235
31263;235
31321;235
31394;235
31451;235
31511;235
31569;235
31626;235
31687;235
31778;235
31842;235
31909;235
31994;235
32051;235
32110;235
32184;235
32250;235
32309;235
32368;235
32437;235
32491;235
32580;235
32640;235
32700;235
32757;235
32816;235
32873;235
32933;235
32998;235
33053;235
33118;235
33183;235
33243;235
33300;235
33361;235
33438;235
33495;235
33577;235
33636;235
33698;235
33772;235
33850;235
33936;235
34025;235
34090;235
34147;235
34205;235
34262;235
34322;235
34382;235
34440;235
34498;235
34564;235
34642;235
34724;235
34784;235
34851;235
34910;235
34976;235
35042;235
35101;235
35172;235
35239;235
35299;235
35402;235
35462;235
35535;235
35602;235
35660;235
35717;235
35779;235
35847;235
35907;235
35982;237
36042;237
36112;237
36179;237
36248;237
36306;237
36375;239
36435;239
36497;239
36557;239
36616;239
36673;239
36744;239
36804;239
36882;239
36952;239
37017;239
37087;239
37153;239
37218;239
37275;239
37375;239
37448;239
37523;239
37601;239
37667;239
37729;238
37786;238
37847;238
37905;238
37969;238
38028;238
38086;238
38152;238
38211;238
38271;238
38341;238
38395;238
38460;238
38520;238
38581;238
38638;238
38699;238
38766;238
38826;238
38886;238
38952;238
39009;238
39066;238
39131;238
39210;238
39330;238
39457;238
39528;238
39620;238
39701;237
39766;237
39825;237
39897;237
39953;237
40027;237
40087;237
40162;237
40233;237
40293;237
40358;237
40415;237
40508;237
40578;237
40638;237
40703;237
40780;237
40843;237
40900;237
40966;237
41024;237
41087;237
41147;237
41208;237
41291;236
41352;236
41422;236
41482;236
41542;236
41624;236
41680;236
41736;236
41812;236
41869;236
41929;236
41995;238
42053;239
42113;239
42173;239
42239;239
42305;239
42365;239
42423;239
42489;239
42550;239
42612;239
42678;239
42740;239
42808;239
42866;239
42929;239
42993;239
43050;239
43118;239
43189;239
43247;239
43305;239
43368;239
43434;239
43507;239
43566;239
43624;239
43681;239
43738;239
43800;239
43869;241
43928;241
43998;241
44056;241
44115;241
44174;241
44232;241
44298;241
44364;241
44427;241
44483;241
44552;241
44617;241
44677;241
44734;241
44797;241
44856;241
44914;241
44971;241
45031;241
45099;241
45162;241
45228;241
45291;241
45350;241
45407;241
45467;241
45533;241
45599;241
45660;241
45718;241
45782;241
45849;241
45906;241
45971;241
46029;241
46091;241
46147;241
46205;241
46276;241
46339;241
46398;241
46464;240
46524;240
46585;240
46647;240
46707;240
46768;240
46825;240
46895;240
46964;240
47021;240
47087;240
47144;240
47222;240
47282;240
47350;240
47411;240
47480;240
47543;240
47602;240
47664;240
47720;240
47781;240
47847;240
47913;240
47972;240
48029;240
48088;240
48159;240
48217;240
48275;240
48350;240
48411;240
48468;240
48527;240
48584;240
48650;240
48712;240
48776;240
48834;240
48894;240
48960;240
49017;240
49086;240
49142;240
49199;240
49256;240
49316;240
49379;240
49440;240
49500;240
49572;240
49630;240
49707;240
49767;240
49838;240
49895;240
49962;240
50019;240
50079;240
50146;240
50213;240
50273;240
50334;238
50398;238
50455;238
50512;238
50582;238
50642;238
50701;238
50759;238
50818;238
50876;238
50944;238
51002;238
51058;238
51118;238
51181;238
51247;238
51320;238
51380;238
51449;238
51526;238
51584;238
51650;238
51707;238
51776;238
51842;238
51901;238
51961;238
52019;238
52084;238
52141;238
52198;238
52255;238
52322;238
52386;238
52446;238
52506;238
52577;238
52641;238
52711;238
52795;238
52854;238
52920;238
52995;238
53065;238
53128;238
53184;238
53249;238
53309;238
53367;238
53428;238
53498;238
53578;238
53647;238
53711;238
53772;238
53830;238
53887;238
53944;238
54002;238
54064;238
54128;238
54192;238
54251;237
54324;237
54382;237
54440;237
54502;237
54558;237
54628;237
54686;237
54755;237
54816;237
54876;237
54940;237
55009;237
55074;237
55131;237
55191;237
55248;237
55306;237
55378;237
55450;237
55542;237
55603;237
55670;237
55728;237
55801;237
55859;237
55916;237
55991;237
56062;237
56116;237
56175;237
56231;237
56290;237
56352;237
56410;237
56468;237
56534;237
56597;237
56654;237
56711;237
56777;237
56833;237
56892;237
56949;237
57008;237
57066;237
57123;237
57193;237
57253;237
57319;237
57384;237
57454;237
57536;237
57595;237
57665;237
57750;237
57821;237
57880;237
57941;237
58007;237
58064;237
58120;237
58182;237
58246;237
58305;236
58371;236
58428;236
58488;236
58548;236
58605;236
58672;236
58742;236
58812;236
58868;235
58925;235
58995;235
59053;235
59112;235
59179;235
59239;235
59297;235
59355;235
59430;235
59497;235
59575;235
59632;235
59692;235
59749;235
59818;235
59889;235
59947;235
60010;235
60068;235
60128;235
60198;235
60255;235
60314;235
60374;235
60440;235
60505;235
60575;235
60633;235
60692;235
60755;235
60814;235
60880;235
60943;235
61003;235
61075;235
61132;235
61189;235
61249;235
61306;235
61371;235
61431;235
61503;235
61598;235
61655;235
61721;235
61782;235
61849;235
61909;235
61985;235
62052;235
62122;235
62177;235
62242;235
62299;235
62356;235
62430;235
62491;235
62561;235
62616;235
62673;236
62739;236
62796;236
62856;235
62914;235
62987;235
63042;235
63101;235
63171;235
63228;235
63285;235
63344;235
63419;235
63479;235
63563;235
63622;235
63679;235
63736;235
63800;235
63860;235
63918;235
63986;235
64061;235
64121;235
64184;235
64248;235
64305;235
64370;235
64427;235
64497;235
64557;235
64628;235
64688;235
64755;235
64825;235
64884;235
64958;235
65015;235
65071;235
65131;235
65188;235
65263;235
65329;235
65395;235
65465;235
65563;235
65654;235
65710;235
65767;235
65826;235
65900;235
65959;235
66025;235
66082;235
66151;235
66217;235
66276;235
66336;235
66393;235
66471;235
66530;235
66590;235
66647;235
66707;235
66772;235
66839;235
66899;235
66956;235
67016;235
67077;235
67137;235
67195;235
67268;235
67349;235
67417;235
67474;235
67536;235
67618;235
67677;235
67737;235
67797;235
67856;235
67914;235
67976;235
68046;235
68129;235
68186;235
68246;235
68318;235
68373;235
68438;235
68495;235
68558;235
68618;235
68676;235
68736;235
68797;235
68857;235
68924;235
68989;235
69046;235
69106;235
69173;235
69233;235
69315;235
69401;235
69485;235
69541;235
69612;235
69672;235
69730;235
69794;235
69854;235
69912;235
69978;235
70044;235
70104;235
70163;235
70223;235
70281;235
70345;234
70405;234
70465;234
70536;234
70599;234
70655;234
70714;234
70776;234
70845;234
70906;234
70970;234
71027;234
71085;234
71143;234
71196;234
71258;234
71315;234
71373;234
71432;234
71491;234
71556;234
71626;234
71685;234
71761;234
71822;234
71882;234
71942;234
72001;234
72060;234
72120;234
72184;234
72242;234
72300;234
72357;234
72417;234
72483;234
72553;234
72616;234
72681;234
72735;234
72814;234
72874;234
72931;234
72992;234
73051;234
73109;234
73195;234
73254;234
73312;234
73375;234
73433;234
73490;234
73557;234
73616;234
73677;234
73734;234
73793;234
73853;234
73911;234
73978;234
74038;234
74108;234
74181;234
74239;234
74304;234
74361;234
74418;234
74495;234
74556;234
74612;234
74669;234
74770;234
74840;234
74906;234
74981;234
75051;234
75110;234
75177;234
75233;234
75293;234
75352;234
75417;234
75473;234
75533;234
75601;234
75662;234
75740;234
75813;234
75873;234
75948;234
76014;234
76079;234
76136;234
76193;234
76270;234
76338;234
76400;234
76459;234
76519;234
76577;234
76648;234
76707;234
76781;234
76839;234
76897;234
76959;234
77016;234
77082;234
77138;235
77203;235
77264;235
77330;235
77403;235
77463;235
77521;235
77594;235
77655;235
77713;235
77777;235
77846;235
77903;235
77973;235
78030;235
78087;235
78151;235
78208;235
78265;235
78332;235
78397;235
78456;235
78524;235
78582;235
78646;235
78703;235
78769;235
78835;235
78893;235
78953;235
79024;235
79084;235
79141;235
79204;235
79260;235
79322;235
79383;235
79440;235
79499;235
79566;235
79636;235
79693;235
79787;235
79844;235
79907;235
79976;235
80046;235
80111;235
80181;235
80241;235
80300;235
80360;235
80421;235
80495;235
80565;235
80620;235
80677;235
80734;235
80818;235
80888;235
80946;235
81015;235
81075;235
81148;235
81220;235
81278;235
81339;235
81405;235
81464;235
81522;235
81583;235
81648;235
81714;235
81787;235
81849;235
81909;235
81965;235
82021;235
82083;235
82149;235
82207;235
82265;235
82323;235
82388;235
82445;235
82502;235
82568;235
82627;235
82686;235
82768;235
82833;235
82890;235
82950;235
83016;235
83074;235
83131;235
83189;235
83242;235
83305;235
83371;235
83443;235
83503;235
83572;235
83638;235
83714;235
83781;235
83840;235
83908;235
83966;235
84024;235
84095;235
84156;235
84215;235
84276;235
84370;235
84432;235
84491;235
84549;235
84623;235
84680;235
84739;235
84801;235
84873;235
84930;235
84990;235
85048;235
85118;235
85185;235
85250;235
85307;235
85371;235
85445;235
85510;235
85568;235
85630;235
85707;235
85765;235
85825;235
85882;235
85942;235
86019;235
86097;235
86153;235
86218;235
86276;235
86342;235
86405;235
86465;234
86523;234
86592;234
86652;234
86711;234
86770;234
86842;234
86901;234
86968;234
87028;234
87085;234
87164;234
87222;234
87280;234
87337;234
87408;234
87474;234
87533;234
87590;234
87654;234
87715;234
87793;234
87866;234
87926;234
87984;234
88044;234
88105;234
88164;234
88223;234
88284;234
88361;234
88418;234
88480;234
88546;234
88602;234
88676;234
88733;234
88792;234
88854;234
88911;234
88977;234
89044;234
89103;234
89169;234
89227;234
89307;234
89371;234
89430;234
89487;234
89559;234
89630;234
89704;234
89766;234
89827;234
89885;234
89942;234
90001;234
90076;234
90144;234
90209;234
90267;234
90326;234
90385;234
90444;234
90515;234
90575;234
90634;234
90700;234
90764;234
90829;234
90887;234
90944;234
91001;234
91067;234
91142;234
91200;234
91261;234
91320;234
91389;234
91444;234
91503;234
91580;234
91641;234
91714;234
91773;234
91832;234
91891;234
91951;234
92015;234
92071;234
92129;234
92186;234
92244;234
92309;234
92369;234
92444;234
92505;234
92568;234
92629;234
92686;234
92744;234
92803;234
92862;234
92919;234
92985;234
93044;234
93104;234
93185;234
93249;234
93309;234
93368;234
93443;234
93513;234
93578;234
93645;234
93726;234
93799;234
93918;234
94008;234
94078;234
94135;234
94195;234
94261;234
94318;234
94399;234
94456;234
94513;234
94570;234
94629;234
94689;234
94747;234
94808;234
94870;234
94928;234
94993;234
95051;234
95122;234
95182;234
95244;234
95316;234
95372;234
95429;234
95494;234
95574;234
95630;234
95732;234
95799;234
95854;234
95911;234
95968;234
96026;234
96085;234
96171;234
96237;234
96297;234
96363;234
96418;234
96478;234
96543;234
96603;234
96660;234
96718;234
96789;234
96850;234
96910;234
96965;234
97022;234
97088;234
97161;234
97220;234
97295;234
97360;234
97430;234
97488;234
97553;234
97623;234
97698;234
97767;234
97835;234
97897;234
97963;234
98027;234
98099;234
98158;234
98217;234
98277;234
98334;234
98400;234
98457;234
98517;234
98586;234
98641;234
98696;234
98754;234
98815;234
98872;234
98930;234
98996;234
99054;234
99116;234
99189;234
99257;234
99328;234
99387;234
99456;234
99527;234
99610;234
99730;234
99850;234
99956;234
100035;234
100103;234
100163;234
100229;234
100288;234
100361;234
100426;234
100493;234
100555;234
100614;234
100671;234
100728;234
100800;234
100857;234
100924;234
100990;234
101050;234
101107;234
101164;234
101225;234
101356;234
101436;234
101506;234
101567;234
101624;234
101680;234
101768;234
101826;234
101884;234
101967;234
102027;234
102092;234
102162;234
102220;234
102289;234
102346;234
102405;234
102470;234
102536;234
102601;234
102668;234
102727;234
102800;234
102857;234
102914;234
102971;234
103027;234
103085;234
103163;234
103220;234
103278;234
103340;234
103398;234
103457;234
103514;234
103584;234
103642;234
103715;234
103799;234
103866;234
103932;234
103991;234
104051;234
104112;234
104168;234
104227;234
104309;234
104369;234
104426;234
104483;234
104544;234
104627;234
104685;234
104751;234
104809;234
104867;234
104924;234
104984;234
105055;234
105135;234
105224;234
105288;234
105349;234
105408;234
105466;234
105525;234
105599;234
105658;234
105711;234
105782;234
105839;234
105896;234
105961;234
106021;234
106077;234
106137;234
106195;234
106262;234
106319;234
106381;234
106451;234
106517;234
106578;234
106635;234
106694;234
106769;234
106831;234
106893;234
106959;234
107018;234
107075;234
107133;234
107186;234
107246;234
107305;234
