224;235
357;235
477;235
556;235
653;235
742;235
821;235
896;235
973;235
1053;235
1125;235
1210;235
1283;235
1356;235
1444;235
1527;235
1608;235
1693;235
1761;235
1832;235
1896;235
1967;235
2037;235
2105;235
2191;235
2261;235
2322;235
2395;235
2454;235
2515;235
2580;235
2640;235
2708;235
3207;235
3648;235
3993;235
4385;235
4742;235
5085;235
5396;235
5588;235
5648;235
5707;235
5771;235
5837;235
5895;235
5964;235
6026;235
6089;235
6157;235
6217;235
6277;235
6337;235
6406;235
6474;235
6534;235
6690;235
6748;235
6823;235
6883;235
6946;235
7004;235
7071;235
7131;235
7192;235
7263;235
7322;235
7382;235
7448;237
7506;237
7568;237
7627;237
7734;237
8075;237
8446;237
8662;237
8991;237
9159;237
9221;237
9288;237
9354;237
9415;237
9475;237
9535;237
9597;237
9665;237
9726;237
9788;237
9856;237
9917;237
9977;237
10041;237
10117;237
10176;237
10237;237
10305;237
10364;237
10433;237
10502;237
10563;237
10623;237
10688;237
10747;237
10809;237
10871;237
10931;237
11012;237
11074;237
11132;237
11198;237
11264;237
11323;237
11381;237
11439;237
11500;237
11561;237
11628;237
11688;237
11789;237
11843;237
11902;237
11959;237
12027;237
12088;237
12155;237
12213;237
12275;237
12345;237
12405;237
12471;237
12529;237
12590;237
12651;237
12709;237
12769;237
12838;237
12900;237
12959;237
13017;237
13095;238
13155;238
13224;238
13283;238
13339;238
13396;238
13453;238
13520;238
13588;238
13655;238
13712;238
13779;238
13855;238
13931;238
13999;238
14067;238
14147;238
14221;238
14285;238
14344;238
14417;238
14478;238
14537;238
14602;238
14664;238
14727;238
14793;238
14858;238
14919;238
14986;238
15053;238
15115;238
15173;238
15231;238
15298;238
15357;238
15423;238
15483;238
15545;238
15605;238
15665;238
15723;238
15792;238
15848;238
15907;238
15963;238
16024;238
16086;238
16161;238
16223;238
16281;238
16347;238
16406;238
16463;238
16533;238
16600;238
16661;238
16734;238
16805;238
16866;238
16924;238
16984;238
17050;239
17107;239
17173;239
17238;239
17300;239
17358;239
17416;239
17474;239
17535;239
17595;239
17655;239
17718;239
17778;239
17838;239
17908;239
17966;239
18026;239
18086;239
18148;239
18220;239
18281;239
18345;239
18402;239
18462;239
18523;239
18591;239
18658;239
18718;239
18777;239
18839;239
18899;239
18959;239
19025;239
19084;239
19142;239
19199;239
19260;239
19318;239
19379;239
19444;239
19504;239
19565;238
19630;238
19688;238
19746;238
19815;237
19875;237
19941;237
20009;237
20072;237
20134;237
20193;237
20252;237
20324;237
20383;237
20441;237
20500;237
20574;237
20641;237
20707;237
20771;237
20835;237
20894;237
20952;237
21009;237
21068;237
21134;237
21194;237
21259;237
21320;236
21379;236
21445;236
21514;236
21572;236
21633;236
21691;236
21752;236
21820;236
21877;236
21934;236
22004;236
22063;236
22120;236
22191;236
22280;236
22354;236
22420;236
22502;236
22570;236
22628;236
22690;236
22751;236
22811;236
22882;236
22951;236
23016;236
23081;236
23140;236
23199;236
23259;236
23318;236
23381;236
23442;236
23518;236
23591;236
23661;236
23720;236
23792;236
23860;236
23931;236
23989;236
24054;236
24125;236
24182;236
24241;236
24306;236
24372;236
24430;236
24492;236
24559;236
24619;236
24680;236
24738;236
24797;236
24859;236
24933;236
24995;236
25054;236
25111;236
25167;236
25224;236
25281;236
25349;236
25410;236
25476;236
25534;236
25600;236
25659;236
25717;236
25778;236
25835;236
25897;236
25953;235
26017;235
26094;236
26150;236
26209;236
26270;236
26331;236
26397;236
26454;236
26514;236
26572;236
26641;236
26700;236
26784;236
26841;236
26908;236
26964;236
27034;236
27092;236
27151;236
27210;236
27268;236
27329;236
27387;236
27448;236
27514;236
27582;236
27638;236
27710;236
27767;236
27824;236
27880;236
27939;236
28005;236
28065;236
28133;236
28191;236
28273;236
28339;236
28417;236
28491;236
28548;236
28605;236
28670;236
28730;236
28800;236
28860;236
28935;236
28995;236
29059;236
29116;236
29196;236
29251;236
29307;236
29363;236
29418;236
29478;236
29537;236
29597;236
29654;236
29718;236
29775;236
29832;236
29909;236
29997;236
30052;236
30112;236
30167;236
30226;236
30286;236
30345;236
30402;235
30461;235
30523;235
30587;235
30643;235
30697;235
30752;235
30824;235
30882;235
30955;235
31013;235
31070;235
31126;235
31183;235
31242;235
31292;235
31348;235
31403;235
31466;235
31542;235
31600;235
31659;235
31717;235
31776;235
31842;235
31897;235
31952;235
32007;235
32066;235
32139;235
32196;235
32258;235
32316;235
32373;235
32442;235
32501;235
32560;235
32623;235
32679;235
32738;235
32811;235
32877;235
32935;235
33028;235
33108;235
33172;235
33229;235
33285;235
33355;235
33414;235
33474;235
33550;235
33614;235
33678;235
33737;235
33793;235
33864;235
33920;235
33977;235
34034;235
34103;235
34161;235
34217;235
34279;235
34337;235
34407;235
34464;235
34522;235
34599;235
34658;235
34716;235
34775;235
34839;235
34897;235
34954;235
35012;235
35079;235
35147;235
35226;235
35291;235
35350;235
35410;235
35467;235
35524;235
35583;235
35647;235
35705;235
35768;235
35823;235
35887;235
35960;235
36022;235
36080;235
36179;235
36241;235
36297;235
36352;235
36409;235
36464;235
36529;235
36587;235
36644;235
36709;235
36769;235
36839;235
36893;235
36957;235
37028;235
37085;235
37145;235
37205;235
37271;235
37324;235
37379;235
37434;235
37492;235
37552;235
37610;235
37670;235
37730;235
37796;235
37858;235
37916;235
37978;235
38036;235
38095;235
38159;235
38216;235
38274;235
38326;235
38387;235
38443;235
38499;235
38559;235
38614;235
38670;235
38730;235
38788;235
38845;235
38914;235
38978;235
39036;235
39093;235
39155;235
39217;235
39282;235
39339;237
39398;237
39458;237
39515;237
39586;237
39642;237
39698;237
39768;237
39849;237
39917;237
39976;237
40035;237
40091;237
40150;237
40207;237
40274;237
40330;237
40385;237
40442;237
40498;237
40556;237
40613;237
40680;237
40739;237
40795;237
40865;237
40927;237
40991;237
41047;237
41103;237
41159;237
41218;237
41290;237
41351;237
41422;237
41498;237
41576;237
41651;237
41710;237
41767;237
41825;237
41881;237
41940;237
41997;237
42064;237
42126;237
42190;237
42257;237
42322;237
42380;237
42437;237
42494;237
42562;239
42621;239
42681;239
42738;239
42803;239
42859;239
42917;239
42989;239
43043;239
43104;239
43174;239
43233;239
43290;239
43356;239
43422;239
43479;239
43546;239
43606;239
43662;239
43723;239
43780;239
43854;239
43913;239
43969;239
44027;239
44094;239
44151;239
44218;239
44277;239
44332;239
44389;239
44445;239
44515;239
44594;239
44651;239
44717;239
44776;239
44833;239
44903;239
44961;239
45031;239
45088;239
45143;239
45200;239
45270;239
45329;239
45399;239
45463;239
45527;239
45601;239
45658;239
45714;239
45804;239
45861;239
45931;239
45990;238
46049;238
46104;238
46162;238
46228;238
46287;238
46351;238
46408;238
46472;238
46538;238
46603;238
46664;238
46720;238
46804;238
46863;238
46918;238
46990;238
47054;238
47113;238
47170;238
47227;238
47284;238
47348;238
47418;238
47478;238
47536;238
47596;238
47652;238
47714;238
47769;238
47837;238
47892;238
47956;238
48015;238
48081;238
48146;238
48206;238
48287;237
48343;237
48411;237
48468;237
48533;237
48601;237
48664;237
48736;237
48792;237
48851;237
48910;237
48991;237
49050;237
49121;237
49177;237
49236;237
49293;237
49354;237
49412;237
49476;237
49533;237
49590;237
49649;237
49707;237
49780;237
49837;237
49896;237
49975;237
50040;237
50113;237
50191;237
50251;237
50315;237
50370;237
50430;237
50492;237
50559;237
50620;237
50685;237
50745;237
50810;237
50887;237
50944;237
51008;237
51063;237
51119;237
51175;237
51232;237
51290;237
51349;237
51415;237
51494;237
51561;237
51620;237
51685;237
51741;237
51821;237
51880;237
51940;237
51999;237
52059;237
52117;237
52184;237
52256;237
52334;237
52390;237
52444;237
52514;237
52580;237
52638;237
52698;237
52765;237
52823;237
52883;237
52947;237
53019;237
53087;236
53145;236
53218;236
53275;236
53340;236
53396;236
53453;236
53522;236
53580;236
53644;236
53701;236
53772;236
53836;236
53895;236
53953;236
54036;236
54099;236
54157;236
54214;236
54270;236
54349;236
54409;236
54469;236
54529;236
54587;236
54647;236
54705;236
54768;236
54824;236
54892;236
54963;236
55027;236
55089;236
55153;236
55209;236
55267;236
55346;236
55414;236
55470;236
55529;236
55589;236
55665;236
55728;236
55792;238
55855;238
55918;238
55974;238
56034;238
56102;238
56172;238
56235;238
56300;238
56374;238
56438;238
56501;238
56565;238
56621;238
56681;238
56751;238
56808;237
56878;237
56932;237
56989;237
57052;237
57121;237
57179;237
57238;237
57310;237
57375;237
57455;237
57515;237
57611;237
57722;237
57808;237
57867;237
57930;237
57982;237
58038;237
58095;237
58153;237
58210;237
58294;237
58353;237
58412;237
58471;237
58546;237
58609;237
58665;237
58722;237
58792;237
58861;237
58920;237
58994;237
59054;237
59124;237
59191;237
59251;237
59309;237
59370;237
59427;237
59493;237
59550;237
59605;237
59668;237
59726;237
59783;237
59841;237
59911;237
59967;237
60023;237
60081;237
60141;237
60196;237
60254;237
60334;237
60392;237
60452;237
60514;237
60581;237
60646;237
60703;237
60766;237
60822;238
60905;238
60960;238
61016;238
61081;238
61136;238
61193;238
61249;238
61309;238
61374;238
61437;238
61503;238
61566;238
61624;238
61679;238
61746;238
61808;238
61868;238
61924;238
61988;238
62048;238
62107;238
62175;238
62241;238
62305;238
62360;238
62422;238
62477;238
62535;238
62592;238
62650;238
62709;238
62768;238
62833;238
62889;238
62946;238
63010;238
63065;238
63135;238
63191;238
63250;238
63314;238
63373;238
63437;238
63511;238
63570;238
63626;238
63697;238
63755;238
63829;238
63900;238
63964;238
64022;238
64084;238
64139;236
64195;236
64253;236
64310;236
64366;236
64440;236
64501;236
64561;237
64638;237
64696;237
64755;237
64824;237
64936;237
65021;237
65089;237
65187;237
65257;237
65353;237
65409;237
65464;237
65537;237
65606;237
65664;237
65720;237
65793;237
65875;237
65932;237
65986;236
66044;236
66100;236
66156;236
66214;236
66275;237
66336;237
66394;237
66452;237
66508;237
66572;237
66652;237
66710;237
66777;237
66834;237
66901;237
66957;237
67016;237
67080;237
67138;237
67198;237
67258;237
67317;237
67378;237
67441;237
67496;237
67557;237
67629;237
67689;237
67748;237
67809;237
67870;237
67927;237
67994;237
68056;237
68115;237
68186;237
68251;237
68314;237
68372;237
68447;237
68513;237
68575;237
68640;237
68702;237
68768;237
68849;237
68910;237
68966;237
69021;237
69084;237
69148;237
69217;237
69282;237
69343;237
69400;237
69456;237
69514;237
69581;237
69655;237
69718;237
69777;237
69840;237
69903;237
69989;237
70053;237
70122;237
70180;237
70239;237
70299;237
70357;237
70422;237
70477;237
70547;237
70605;237
70663;237
70724;237
70788;237
70846;236
70906;236
70963;236
71023;236
71089;236
71152;236
71216;236
71286;236
71342;236
71416;236
71480;236
71563;236
71629;236
71688;236
71752;236
71809;236
71916;236
71980;236
72035;236
72091;236
72147;236
72211;236
72285;236
72360;236
72420;236
72485;236
72545;236
72605;236
72659;236
72720;236
72784;236
72847;236
72910;236
72966;236
73024;236
73082;237
73154;237
73210;237
73267;237
73335;236
73408;236
73489;236
73551;236
73608;236
73678;236
73734;236
73794;236
73852;236
73909;237
73966;237
74023;237
74082;237
74155;237
74225;237
74298;237
74430;237
74487;237
74543;237
74603;237
74658;237
74710;237
74766;237
74832;237
74892;237
74949;237
75015;237
75072;237
75128;237
75195;237
75473;237
75817;237
75982;237
76048;237
76118;237
76173;237
76242;237
76306;237
76400;237
76457;237
76535;237
76593;237
76661;237
76718;237
76778;237
76844;236
76901;236
77043;236
77107;236
77167;236
77233;236
77300;236
77364;236
77425;236
77493;236
77564;236
77638;236
77698;236
77754;236
77819;236
77876;236
77933;236
77993;236
78072;236
78308;236
78638;236
78983;236
79051;236
79114;236
79188;236
79244;236
79302;236
79358;236
79430;236
79502;236
79558;236
79632;236
79697;236
79762;236
79827;236
79892;236
79949;236
80006;236
80073;236
80146;236
80252;236
80316;236
80402;236
80466;236
80523;236
80583;236
80643;236
80729;236
80802;236
80862;236
80922;236
80981;236
81041;236
81097;236
81162;236
81221;236
81285;236
81343;236
81400;236
81460;236
81654;236
81818;236
81868;236
81934;236
81997;236
82052;236
82111;236
82169;236
82239;236
82303;236
82373;236
82456;236
82520;236
82585;236
82643;236
82708;236
82765;236
82829;236
82885;236
82942;236
83000;236
83060;236
83117;236
83175;236
83231;236
83289;236
83347;236
83412;236
83478;236
83541;236
83606;236
83664;236
83723;236
83797;236
83863;236
83922;236
83982;236
84041;236
84098;236
84163;236
84222;236
84281;236
84349;236
84409;236
84466;235
84523;235
84591;235
84655;235
84714;235
84771;235
84837;235
84895;235
84952;235
85012;235
85077;235
85149;235
85209;235
85281;235
85341;235
85399;235
85456;235
85513;235
85573;235
85633;235
85705;235
85769;235
85837;235
85902;235
85974;235
86039;235
86107;235
86166;236
86223;236
86284;236
86341;236
86410;236
86469;236
86534;236
86600;235
86659;235
86729;235
86785;235
86852;235
86924;235
86980;235
87051;235
87120;235
87178;235
87242;235
87301;235
87360;235
87419;235
87478;235
87536;235
87595;235
87654;235
87719;235
87800;235
87865;235
87922;235
87978;235
88036;235
88101;235
88160;235
88221;235
88277;235
88349;235
88451;235
88514;235
88574;235
88646;235
88711;235
88770;235
88836;235
88896;235
88968;235
89025;235
89084;235
89150;235
89221;235
89278;235
89335;235
89405;235
89461;235
89527;235
89590;235
89646;235
89701;235
89764;235
89820;235
89876;235
89935;235
90000;235
90060;235
90125;235
90182;235
90242;235
90308;235
90380;235
90443;235
90506;235
90575;235
90637;235
90708;235
90772;235
90829;235
90891;235
90949;235
91005;235
91070;235
91135;235
91191;235
91248;235
91304;235
91363;235
91420;236
91479;236
91540;236
91611;236
91670;236
91729;236
91794;236
91866;236
91932;235
91989;235
92044;235
92106;235
92161;235
92217;235
92277;235
92342;235
92400;235
92462;235
92521;235
92581;235
92646;235
92702;235
92759;235
92818;235
92882;235
92938;235
93008;235
93066;235
93122;235
93192;235
93247;235
93303;235
93368;235
93426;235
93483;235
93543;235
93603;235
93676;235
93745;235
93806;235
93861;235
93931;235
93995;235
94058;235
94125;235
94195;235
94250;235
94306;235
94364;235
94435;235
94499;235
94575;235
94634;235
94700;235
94768;235
94825;235
94887;235
94960;235
95026;235
95094;235
95153;235
95208;235
95271;235
95327;235
95398;235
95462;235
95522;235
95580;235
95635;235
95702;235
95759;235
95815;235
95874;235
95933;235
95994;235
96070;235
96126;235
96194;235
96253;235
96332;235
96388;235
96446;235
96509;235
96570;235
96627;235
96680;235
96736;235
96794;235
96859;235
96923;235
96976;235
97031;235
97087;234
97142;234
97201;234
97260;234
97320;234
97378;234
97434;234
97490;234
97557;234
97617;234
97688;234
97753;234
97823;234
97886;234
97943;234
98001;234
98059;234
98117;234
98186;234
98238;234
98295;234
98354;234
98411;234
98487;234
98546;234
98620;234
98676;234
98731;234
98787;234
98845;234
98901;234
98957;234
99017;234
99076;234
99134;234
99195;234
99268;234
99333;234
99401;234
99464;234
99522;234
99602;234
99660;234
99720;234
99785;234
99845;234
99909;234
99967;234
100038;234
100094;234
100153;234
100209;234
100277;234
100333;234
100388;234
100446;234
100508;234
100568;234
100626;234
100693;234
100751;234
100811;234
100868;234
100924;234
100978;234
101042;234
101098;234
101157;234
101229;234
101287;234
101345;234
101402;234
101459;234
101520;234
101571;234
101628;234
101691;234
101754;234
101819;234
101875;234
101934;234
101990;234
102046;234
102112;234
102180;234
102237;234
102295;234
102362;234
102420;234
102481;234
102548;234
102609;234
102680;234
102740;234
102801;234
102857;234
102912;234
102969;234
103026;234
103085;234
103143;234
103202;234
103262;234
103330;234
103392;234
103449;234
103505;234
103563;234
103632;234
103703;234
103763;234
103826;234
103882;234
103942;234
104013;234
104077;234
104132;234
104187;234
104242;234
104299;234
104358;234
104417;234
104478;234
104546;234
104601;234
104660;234
104719;234
104785;234
104843;234
104909;234
104967;234
105030;234
105085;234
105141;234
105201;234
105262;234
105321;234
105379;234
105439;234
105523;234
105597;234
105679;234
105736;234
105797;234
105856;234
105916;234
105988;234
106046;234
106103;234
106158;234
106213;234
106277;234
106334;234
106391;234
106451;234
106523;234
106585;234
106643;234
106704;234
106772;234
106837;234
106901;234
106962;234
107031;234
107087;234
107143;234
107198;234
107254;234
107326;234
107383;234
107457;234
107516;234
107576;234
107635;234
107695;234
107754;234
107810;234
107872;234
107935;234
107989;234
108045;234
108104;234
108168;234
108240;234
108299;234
108356;234
108412;234
108471;234
108534;234
108600;234
108660;234
108725;234
108786;234
108842;234
108897;234
108961;234
109016;234
109073;234
109130;234
109188;234
109262;234
109318;234
109382;234
109441;234
109500;234
109565;234
109625;234
109682;234
109740;234
109805;234
109882;234
