162;235
253;235
357;235
469;235
604;235
674;235
750;235
821;235
901;235
964;235
1033;235
1102;235
1182;235
1281;235
1365;235
1463;235
1584;235
1656;235
1746;235
1844;235
1922;235
2000;237
2071;237
2147;237
2228;237
2292;237
2353;237
2431;237
2499;237
2561;237
2635;237
2709;237
2780;237
2857;237
2936;237
3032;237
3120;238
3204;238
3286;238
3364;238
3453;238
3550;238
3676;238
3752;238
3811;238
3870;238
3931;238
3990;237
4067;237
4128;237
4212;237
4273;237
4335;237
4396;237
4456;237
4517;237
4584;237
4644;237
4705;237
4770;237
4835;237
4898;237
4961;237
5022;237
5091;237
5150;237
5211;237
5297;237
5351;237
5435;241
5503;241
5566;241
5642;241
5718;241
5806;241
5886;241
5975;241
6038;241
6099;241
6168;241
6230;241
6294;241
6356;241
6418;241
6481;241
6541;241
6612;241
6674;241
6735;241
6794;241
6852;241
6917;241
6979;241
7038;241
7099;241
7158;241
7234;242
7296;242
7354;242
7414;242
7476;242
7556;242
7618;242
7685;241
7745;241
7812;241
7872;241
7932;241
8000;241
8059;241
8126;241
8185;241
8244;241
8330;241
8389;241
8454;237
8513;237
8579;237
8644;237
8703;237
8764;237
8832;237
8892;237
8952;237
9017;238
9076;238
9135;238
9212;238
9279;238
9361;238
9484;238
9552;238
9645;238
9733;238
9794;238
9870;238
9937;238
10005;238
10065;238
10122;238
10186;238
10249;238
10322;238
10380;238
10441;238
10502;238
10561;237
10629;237
10688;237
10749;237
10811;237
10881;237
10942;237
11010;237
11082;235
11143;235
11203;235
11277;235
11333;235
11393;235
11461;235
11529;235
11599;235
11693;237
11766;237
11834;237
11893;237
11955;237
12029;237
12096;236
12155;236
12223;236
12282;236
12344;236
12407;236
12469;236
12536;236
12600;236
12659;236
12719;236
12787;236
12846;236
12913;236
12985;236
13047;236
13105;236
13164;236
13230;236
13288;236
13361;235
13422;235
13480;235
13553;235
13626;235
13707;235
13767;235
13834;235
13907;235
13968;235
14027;235
14088;235
14146;235
14208;235
14267;235
14329;235
14407;235
14493;235
14553;235
14626;235
14695;235
14762;235
14816;235
14884;235
14943;235
15019;235
15078;235
15139;235
15198;235
15265;235
15326;235
15403;235
15462;235
15523;235
15596;235
15673;235
15737;235
15796;235
15856;235
15916;235
15984;235
16052;235
16125;235
16184;235
16246;235
16305;235
16363;235
16430;235
16490;235
16558;235
16630;235
16689;235
16757;235
16828;235
16898;235
16961;235
17037;235
17104;235
17163;235
17240;235
17330;235
17401;235
17466;235
17524;235
17593;235
17664;235
17724;235
17790;235
17847;235
17906;235
17984;235
18048;235
18116;235
18176;235
18238;235
18297;235
18365;235
18426;235
18486;235
18549;235
18628;235
18695;235
18751;235
18809;235
18868;235
18930;235
19002;235
19076;235
19137;235
19207;235
19267;235
19334;235
19393;235
19452;235
19511;235
19580;235
19641;235
19705;235
19788;235
19850;235
19918;235
19976;235
20049;235
20110;235
20169;235
20237;235
20298;235
20363;235
20428;235
20488;235
20547;236
20607;236
20666;236
20726;236
20793;236
20862;236
20930;236
20990;236
21053;236
21111;236
21176;236
21233;236
21302;236
21371;236
21438;236
21497;236
21565;236
21634;236
21706;236
21764;236
21824;236
21896;236
21954;236
22013;236
22072;236
22133;236
22212;236
22280;236
22348;236
22410;236
22481;236
22554;236
22626;236
22682;236
22741;237
22803;237
22863;237
22930;237
22990;237
23056;237
23131;237
23191;237
23250;237
23310;237
23367;237
23434;237
23493;237
23555;237
23619;237
23682;237
23742;237
23800;237
23861;236
23922;236
23979;236
24045;236
24118;236
24179;236
24247;236
24308;236
24367;237
24425;237
24511;237
24568;237
24634;237
24705;237
24783;237
24855;237
24914;237
24972;237
25031;237
25092;237
25154;237
25221;237
25298;237
25358;237
25418;237
25480;237
25541;237
25602;237
25664;237
25733;237
25797;237
25869;237
25931;237
26016;237
26077;237
26138;237
26200;237
26271;237
26328;237
26400;237
26463;238
26531;238
26589;238
26648;238
26708;238
26778;238
26835;238
26892;238
26951;238
27018;238
27075;238
27135;238
27194;238
27262;238
27321;238
27389;238
27446;238
27506;238
27564;238
27632;238
27697;238
27759;238
27816;238
27874;238
27931;238
27989;238
28074;238
28155;238
28217;238
28275;238
28334;238
28397;238
28457;238
28515;238
28592;238
28649;238
28708;238
28768;238
28849;238
28909;238
28969;238
29028;238
29095;238
29155;238
29216;238
29291;238
29352;238
29415;238
29474;238
29532;238
29599;238
29676;238
29750;238
29809;238
29869;238
29945;238
30008;238
30081;238
30141;238
30211;238
30267;238
30334;240
30402;240
30459;240
30520;240
30580;240
30652;239
30710;239
30776;239
30836;239
30904;239
30971;239
31029;240
31105;240
31173;240
31250;240
31318;240
31386;240
31452;240
31520;240
31583;240
31649;240
31708;240
31769;240
31846;240
31905;240
31963;239
32038;239
32105;239
32166;239
32226;239
32285;239
32361;239
32432;239
32493;239
32559;239
32617;239
32676;239
32749;239
32809;239
32876;239
32937;239
33002;239
33061;239
33119;239
33179;239
33240;239
33296;239
33367;239
33427;239
33487;239
33553;239
33627;239
33686;239
33747;239
33815;239
33876;239
33939;239
34006;239
34071;239
34127;238
34199;238
34267;238
34327;238
34389;238
34450;238
34518;238
34577;238
34636;238
34697;238
34769;238
34842;238
34907;238
34967;238
35028;238
35083;238
35143;238
35201;238
35287;238
35345;238
35428;238
35486;238
35543;238
35619;238
35684;238
35745;238
35814;238
35873;239
35940;239
36001;238
36063;238
36134;238
36195;238
36271;238
36331;238
36396;238
36470;238
36528;238
36620;237
36678;237
36738;237
36806;237
36873;237
36951;237
37024;237
37087;237
37164;237
37241;237
37299;237
37382;237
37441;237
37502;237
37577;237
37635;237
37703;237
37765;237
37846;237
37935;237
37992;237
38051;237
38119;237
38186;237
38256;236
38317;236
38379;236
38442;236
38510;236
38572;236
38628;237
38713;237
38789;237
38847;237
38914;237
38992;237
39056;237
39116;237
39182;237
39239;237
39299;237
39376;237
39434;237
39492;237
39552;237
39623;237
39710;237
39793;237
39859;237
39916;237
39979;237
40055;237
40117;237
40208;237
40266;237
40324;238
40392;238
40451;237
40518;237
40587;237
40646;237
40704;237
40779;237
40850;237
40909;237
40969;237
41047;237
41107;237
41165;236
41232;236
41298;236
41383;236
41447;236
41515;236
41577;236
41629;236
41688;236
41745;236
41831;236
41899;236
41971;236
42035;236
42095;236
42154;236
42231;236
42288;236
42348;236
42411;236
42469;236
42532;237
42589;237
42651;237
42713;237
42771;237
42829;237
42886;237
42946;237
43004;237
43067;237
43138;237
43213;237
43281;237
43352;237
43449;237
43513;237
43574;237
43648;237
43713;237
43774;237
43844;237
43915;237
43973;237
44040;237
44111;237
44168;237
44230;237
44292;237
44350;237
44427;237
44487;237
44544;237
44614;237
44673;237
44741;237
44804;237
44870;237
44927;237
44997;236
45055;236
45113;236
45171;236
45229;236
45296;236
45355;236
45415;236
45483;236
45544;236
45617;236
45676;236
45747;236
45856;236
45917;236
45976;236
46035;236
46092;236
46167;236
46238;236
46296;236
46363;236
46425;236
46484;236
46542;236
46603;236
46666;235
46716;235
46778;235
46850;235
46910;235
46987;235
47052;235
47109;235
47167;235
47228;234
47296;234
47363;234
47455;234
47532;234
47597;234
47662;234
47741;234
47808;234
47887;234
47947;234
48029;234
48089;234
48149;234
48218;234
48272;234
48342;234
48411;234
48478;234
48538;234
48603;234
48663;234
48724;234
48791;234
48851;234
48912;234
48986;234
49045;234
49113;234
49181;234
49249;234
49310;234
49367;234
49435;234
49495;234
49557;234
49617;234
49685;234
49748;234
49811;234
49887;234
49954;234
50014;234
50072;234
50130;234
50188;234
50246;234
50321;234
50380;234
50453;234
50520;234
50607;234
50663;234
50740;234
50808;234
50870;234
50941;234
51005;234
51067;234
51124;234
51183;234
51242;234
51318;234
51376;234
51434;234
51508;234
51566;234
51639;234
51706;234
51772;234
51831;234
51907;234
51966;234
52052;234
52111;234
52170;234
52247;234
52317;234
52375;234
52451;234
52530;234
52605;234
52661;234
52734;234
52797;234
52870;234
52930;234
52997;234
53056;234
53114;234
53172;234
53233;234
53300;234
53360;234
53442;234
53509;234
53567;234
53635;234
53691;234
53751;234
53812;234
53883;234
53943;234
54020;234
54078;234
54136;234
54194;234
54261;234
54319;234
54377;234
54436;234
54516;234
54584;234
54651;234
54711;234
54783;234
54842;234
54908;234
54966;234
55026;234
55084;234
55144;234
55209;234
55268;234
55330;234
55391;234
55459;234
55530;234
55598;234
55658;234
55731;234
55790;234
55855;234
55925;234
55983;234
56042;234
56102;234
56170;234
56229;234
56288;234
56348;234
56411;234
56478;235
56535;235
56593;235
56653;235
56711;235
56769;235
56829;235
56900;235
56960;235
57036;235
57104;235
57162;235
57220;235
57278;235
57344;235
57403;235
57465;235
57528;236
57585;236
57647;236
57704;236
57762;235
57823;235
57884;235
57943;235
58004;235
58065;235
58123;235
58184;235
58249;235
58309;234
58367;234
58429;234
58495;234
58552;234
58619;234
58691;234
58757;234
58821;234
58888;234
58956;236
59016;236
59083;236
59151;236
59212;236
59269;236
59340;236
59433;236
59496;236
59568;236
59628;236
59685;236
59743;236
59802;236
59864;236
59937;236
59998;236
60057;236
60143;236
60219;236
60279;236
60337;236
60397;236
60461;236
60521;236
60580;236
60642;236
60709;236
60766;236
60834;236
60901;236
60959;236
61027;236
61086;236
61152;236
61218;236
61276;236
61355;236
61413;236
61483;236
61555;236
61622;236
61699;236
61757;236
61835;236
61895;236
61963;236
62031;236
62098;236
62164;236
62239;236
62309;236
62376;236
62439;236
62506;236
62569;236
62631;236
62692;236
62751;236
62811;236
62883;236
62941;236
63020;236
63077;236
63134;236
63201;236
63277;236
63335;236
63402;236
63469;236
63562;236
63671;240
63733;240
63791;240
63850;240
63919;239
63987;239
64047;239
64105;239
64165;236
64230;236
64291;236
64358;236
64419;236
64478;236
64541;236
64609;236
64692;236
64750;236
64824;236
64901;236
64973;236
65033;236
65100;236
65160;236
65218;236
65276;236
65352;236
65416;236
65476;236
65534;236
65600;235
65661;235
65719;235
65780;235
65838;235
65900;235
65961;235
66046;235
66102;235
66160;235
66218;235
66276;236
66334;236
66406;236
66474;236
66535;236
66594;236
66664;236
66720;236
66795;236
66853;235
66928;235
66987;235
67044;235
67116;235
67177;235
67266;235
67322;235
67383;235
67441;235
67508;235
67578;235
67645;235
67717;235
67774;235
67845;235
67920;235
67993;235
68057;235
68113;235
68172;235
68230;235
68296;235
68356;235
68422;235
68490;235
68548;235
68607;235
68665;235
68723;235
68790;235
68848;235
68917;235
68976;235
69039;235
69101;235
69178;235
69236;235
69308;235
69415;235
69501;235
69568;235
69690;235
69748;235
69808;235
69870;235
69946;235
70005;235
70071;235
70127;235
70209;235
70267;235
70342;235
70405;235
70465;235
70533;237
70601;237
70671;237
70730;237
70790;237
70851;237
70920;237
70980;237
71047;237
71110;237
71167;237
71225;237
71286;237
71343;237
71404;237
71468;237
71535;237
71596;237
71654;237
71720;237
71781;237
71839;237
71906;237
71968;237
72037;237
72097;237
72157;237
72218;237
72276;237
72336;237
72394;237
72461;237
72519;237
72579;237
72642;237
72700;237
72761;237
72828;237
72890;237
72956;238
73013;238
73074;238
73132;238
73198;238
73260;238
73321;238
73382;238
73441;238
73500;238
73558;238
73626;238
73703;238
73772;238
73850;238
73908;236
73983;236
74050;236
74108;236
74170;236
74237;236
74295;236
74371;236
74444;236
74521;236
74585;236
74641;236
74699;236
74757;236
74816;236
74878;236
74937;236
75008;236
75080;236
75141;236
75211;236
75297;236
75359;236
75424;236
75490;236
75551;236
75615;236
75673;236
75732;236
75793;236
75853;236
75911;236
75974;236
76032;236
76103;236
76161;235
76234;235
76295;235
76355;235
76415;235
76476;235
76538;235
76596;235
76657;235
76716;235
76785;235
76845;235
76906;235
76968;235
77026;235
77084;236
77151;236
77213;236
77274;236
77332;236
77392;236
77459;236
77515;236
77575;236
77635;236
77702;236
77762;236
77823;236
77884;236
77958;236
78035;236
78103;236
78159;236
78220;236
78284;236
78351;236
78409;236
78477;236
78535;236
78606;236
78667;236
78739;236
78798;236
78865;236
78932;236
78998;236
79066;236
79124;236
79192;236
79252;236
79314;236
79373;236
79431;236
79492;236
79553;236
79620;236
79677;237
79736;237
79802;237
79869;237
79940;237
80005;236
80072;236
80138;236
80196;236
80259;236
80318;236
80398;236
80453;236
80525;236
80584;236
80642;236
80699;236
80766;236
80825;236
80883;236
80956;236
81022;236
81085;236
81160;236
81220;236
81296;236
81365;236
81433;236
81491;236
81552;236
81616;236
81677;236
81745;236
81803;236
81871;236
81927;236
81996;236
82065;236
82122;236
82180;236
82248;235
82309;235
82381;235
82449;235
82508;235
82566;235
82642;235
82709;235
82783;235
82853;235
82916;235
82976;235
83047;235
83105;235
83163;236
83226;236
83283;236
83342;236
83416;236
83477;236
83544;236
83616;236
83682;236
83746;236
83802;236
83859;236
83918;236
83977;236
84050;236
84108;236
84168;236
84228;236
84286;236
84347;236
84418;236
84486;236
84553;236
84623;236
84679;236
84764;236
84821;236
84879;236
84938;236
84998;236
85066;236
85124;236
85185;236
85251;236
85309;236
85376;236
85448;236
85520;236
85577;236
85635;236
85706;236
85773;236
85836;236
85897;236
85958;236
86020;236
86080;236
86138;236
86197;236
86263;236
86320;236
86385;236
86447;236
86506;236
86582;236
86642;236
86703;236
86763;236
86824;236
86886;236
86958;236
87021;236
87082;236
87147;236
87215;236
87273;236
87333;236
87393;236
87462;236
87521;236
87588;236
87649;236
87711;236
87776;236
87835;236
87907;236
87983;236
88073;236
88134;236
88205;236
88264;236
88322;236
88380;236
88441;236
88521;235
88578;235
88645;235
88708;235
88769;235
88832;235
88891;235
88951;235
89011;235
89072;235
89140;235
89202;235
89267;235
89335;236
89396;236
89457;236
89515;236
89573;236
89631;236
89698;236
89756;236
89821;236
89879;236
89938;236
90008;236
90097;236
90155;236
90216;236
90274;236
90340;236
90402;236
90479;236
90541;236
90604;236
90662;236
90724;236
90784;236
90842;236
90913;236
90971;236
91033;236
91099;236
91160;236
91229;236
91296;236
91363;236
91421;236
91488;236
91548;236
91612;236
91668;236
91741;236
91804;236
91862;236
91921;236
91988;236
92079;236
92154;236
92220;236
92286;236
92363;236
92436;236
92496;236
92564;236
92622;236
92756;236
92814;236
92890;236
92948;236
93011;236
93069;236
93136;236
93194;236
93271;236
93347;236
93410;236
93469;236
93529;236
93603;236
93664;236
93724;236
93781;236
93841;236
93909;236
93972;236
94031;236
94093;236
94155;236
94219;236
94279;236
94337;236
94398;236
94459;236
94518;236
94576;236
94652;236
94720;236
94779;236
94846;236
94903;236
94963;236
95023;236
95084;236
95154;236
95212;236
95271;236
95337;236
95420;236
95486;236
95542;236
95600;236
95658;236
95716;236
95777;236
95835;236
95895;235
95956;235
96037;235
96107;235
96161;235
96219;235
96276;235
96334;235
96403;235
96461;235
96535;235
96597;235
96667;235
96732;235
96791;235
96849;235
96909;235
96967;235
97026;235
97086;235
97146;235
97207;235
97275;235
97330;235
97389;235
97456;235
97516;235
97574;235
97642;235
97710;235
97778;235
97841;235
97894;235
97977;235
98034;235
98099;235
98159;235
98223;235
98283;235
98344;235
98407;235
98468;235
98526;235
98595;235
98659;235
98715;235
98777;235
98838;235
98896;235
98953;235
99017;235
99104;235
99175;235
99243;235
99306;235
99363;235
99436;235
99495;235
99554;235
99621;235
99690;235
99751;235
99812;235
99877;235
99933;235
99995;235
100055;235
100116;235
100174;235
100239;235
100299;235
100376;235
100436;235
100497;235
100557;235
100618;235
100689;235
100749;235
100813;235
100873;235
100940;235
101008;235
101073;235
101139;235
101217;235
101280;235
101339;235
101407;235
101465;235
101524;235
101586;235
101642;235
101702;235
101762;235
101820;235
101878;235
101936;235
102000;235
102080;235
102148;235
102209;235
102276;235
102329;235
102387;235
102448;235
102515;235
102579;235
102650;235
102716;235
102777;235
102835;235
102901;235
102962;235
103020;235
103086;235
103148;235
103221;235
103284;235
103350;235
103417;235
103475;235
103536;235
103604;235
103664;235
103722;235
103786;235
103849;235
103907;235
103967;235
104043;235
104104;235
104162;235
104229;235
104292;235
104360;235
104426;235
104487;235
104544;235
104604;235
104662;235
104719;235
104777;235
104838;235
104898;235
104958;235
105025;235
105089;235
105147;235
105205;235
105267;235
105327;235
105395;235
105463;235
105523;235
105583;235
105645;235
105710;235
105765;235
105825;235
105888;235
105955;235
106013;235
106071;235
106132;235
106191;235
106252;235
106321;235
106387;235
106455;235
106523;235
106581;235
106639;235
106706;235
106766;235
106824;235
106888;235
106954;235
107021;235
107082;235
107143;235
107201;235
107261;235
107319;235
107389;235
107457;235
107514;235
107573;235
107632;235
107699;235
107765;235
107824;235
107890;235
107950;235
108036;235
108092;235
108154;235
