166;83
254;83
321;83
451;83
519;83
585;83
663;83
766;83
855;83
919;83
993;83
1057;83
1129;83
1206;83
1269;83
1336;83
1403;83
1468;83
1540;83
1620;83
1705;83
1784;83
1864;83
1958;83
2029;83
2092;83
2154;83
2215;83
2279;83
2350;83
2422;83
2489;83
2554;83
2625;83
2693;83
2774;83
2837;83
2907;83
2961;83
3018;83
3075;83
3135;83
3219;83
3318;83
3409;83
3502;83
3594;83
3666;83
3740;83
3813;83
3884;83
3955;83
4038;83
4093;83
4151;83
4205;83
4265;83
4323;83
4381;83
4438;83
4494;83
4554;83
4617;83
4672;83
4757;83
4813;83
4869;83
4923;83
4977;83
5033;83
5088;83
5153;83
5216;83
5269;83
5331;83
5385;83
5441;83
5495;83
5549;83
5604;83
5659;83
5715;83
5771;83
5825;83
5883;83
5944;83
5999;83
6053;83
6111;83
6169;83
6223;83
6279;83
6333;83
6399;83
6468;83
6547;83
6616;83
6691;83
6780;83
6837;83
6893;83
6949;83
7006;83
7061;83
7121;83
7177;83
7239;83
7295;83
7349;83
7404;83
7462;83
7529;83
7588;83
7643;83
7700;83
7757;83
7813;83
7871;83
7926;83
7982;83
8038;83
8093;83
8148;83
8206;83
8261;83
8322;83
8376;83
8432;83
8486;83
8541;83
8604;78
8659;78
8713;78
8798;78
8855;78
8914;78
8970;78
9025;78
9079;78
9137;78
9192;78
9247;78
9302;78
9357;78
9412;78
9469;78
9529;78
9585;78
9652;78
9704;78
9760;78
9818;78
9872;78
9926;78
9981;78
10035;78
10091;78
10150;78
10204;78
10261;78
10315;78
10369;78
10425;78
10482;78
10541;78
10602;78
10659;78
10719;78
10799;78
10857;78
10913;78
10969;78
11025;78
11083;78
11141;78
11194;78
11249;78
11313;78
11370;78
11424;78
11478;78
11543;78
11597;78
11651;78
11705;78
11761;78
11814;78
11867;78
11928;78
11981;78
12038;78
12094;78
12160;78
12216;78
12274;78
12328;78
12382;78
12436;78
12499;78
12554;78
12611;78
12664;78
12722;78
12779;78
12835;78
12897;78
12951;78
13004;78
13058;78
13122;78
13176;78
13232;78
13287;78
13344;78
13398;78
13452;78
13507;78
13566;78
13624;78
13678;78
13746;78
13805;78
13859;78
13917;78
13970;78
14025;78
14081;78
14141;78
14195;78
14250;78
14309;78
14364;78
14418;78
14473;78
14530;78
14583;78
14638;78
14692;78
14747;78
14808;78
14866;78
14928;78
14985;78
15046;78
15101;78
15155;78
15208;78
15262;78
15316;78
15374;78
15428;78
15493;83
15550;83
15606;83
15661;83
15715;83
15772;83
15826;83
15881;83
15936;83
15993;83
16051;83
16117;78
16171;78
16231;78
16285;78
16339;78
16405;78
16461;78
16517;78
16571;78
16630;78
16686;78
16744;78
16801;78
16857;78
16913;78
16970;78
17023;78
17079;78
17137;78
17194;78
17249;78
17307;78
17366;78
17422;78
17482;78
17538;78
17592;78
17645;78
17699;78
17753;78
17809;78
17863;78
17926;78
17982;78
18044;78
18098;78
18155;78
18210;78
18264;78
18320;78
18377;78
18435;78
18492;78
18549;78
18605;78
18662;78
18723;78
18778;78
18840;78
18896;78
18953;78
19009;78
19065;78
19128;78
19182;78
19238;78
19296;79
19350;79
19406;79
19462;79
19515;79
19570;79
19624;79
19682;79
19744;79
19801;79
19854;79
19909;79
19962;79
20017;79
20071;79
20127;79
20181;79
20235;79
20298;79
20352;79
20411;79
20466;79
20521;79
20576;79
20634;79
20691;79
20747;79
20804;79
20865;79
20926;79
20983;79
21037;79
21091;79
21150;79
21204;79
21261;79
21316;79
21375;79
21430;78
21489;78
21547;78
21601;78
21658;78
21711;78
21768;78
21826;78
21880;78
21938;78
21996;78
22053;78
22113;78
22167;78
22226;78
22281;78
22334;78
22390;78
22448;78
22505;78
22560;78
22616;78
22671;78
22731;78
22788;78
22872;78
22931;78
22985;78
23040;78
23103;78
23158;78
23211;78
23268;78
23335;78
23389;78
23449;78
23504;78
23562;78
23618;78
23675;78
23729;78
23784;78
23838;78
23905;78
23956;78
24008;78
24061;78
24119;78
24175;78
24232;78
24292;78
24349;78
24407;78
24460;78
24520;78
24574;78
24632;78
24698;78
24749;78
24804;78
24886;78
24943;78
24996;78
25053;78
25114;78
25176;78
25231;78
25286;78
25340;78
25394;78
25452;78
25503;78
25558;78
25611;78
25664;78
25723;78
25777;78
25834;78
25888;78
25942;78
25995;78
26050;78
26107;78
26163;78
26216;78
26270;78
26330;78
26383;78
26437;78
26494;78
26551;78
26607;78
26664;78
26718;78
26772;78
26828;78
26912;78
26968;78
27025;78
27081;78
27135;78
27191;78
27253;78
27310;78
27368;78
27423;78
27494;78
27549;78
27602;78
27659;78
27716;78
27769;78
27824;78
27879;78
27933;78
27988;78
28042;78
28103;78
28159;80
28213;80
28266;80
28321;78
28378;78
28432;78
28486;78
28542;78
28595;78
28653;78
28710;78
28766;78
28827;78
28911;78
28967;78
29020;78
29073;78
29130;78
29185;78
29243;78
29302;78
29356;78
29410;78
29464;78
29518;78
29573;78
29631;78
29687;78
29740;78
29797;78
29849;78
29906;78
29961;78
30014;78
30071;79
30125;79
30181;79
30235;79
30290;79
30342;79
30413;79
30471;79
30531;79
30587;79
30643;79
30696;79
30752;79
30808;79
30860;79
30919;79
30976;79
31029;79
31083;79
31141;79
31195;79
31251;79
31302;79
31356;79
31411;79
31467;79
31520;79
31577;79
31633;79
31695;79
31747;79
31804;79
31858;79
31911;79
31983;79
32037;79
32103;79
32153;79
32206;79
32263;79
32324;79
32376;79
32430;79
32483;79
32538;78
32592;78
32653;78
32706;78
32763;78
32817;78
32874;78
32960;78
33015;78
33069;78
33124;78
33179;78
33236;78
33290;78
33344;78
33440;78
33526;78
33582;78
33635;78
33690;78
33743;78
33801;78
33855;78
33910;78
33967;78
34021;78
34074;78
34133;78
34194;78
34245;78
34299;78
34351;78
34405;78
34458;78
34514;78
34569;78
34626;78
34682;78
34741;78
34798;78
34856;78
34934;78
35015;78
35093;78
35164;78
35226;78
35283;78
35340;78
35397;78
35451;78
35506;78
35560;78
35613;78
35668;78
35723;78
35780;78
35833;78
35887;78
35946;78
36003;78
36056;78
36114;78
36172;78
36228;78
36284;78
36337;78
36391;78
36452;78
36506;78
36564;78
36619;78
36673;78
36727;78
36782;78
36838;78
36892;78
36976;78
37029;78
37085;78
37146;78
37200;78
37253;78
37306;78
37363;78
37420;78
37474;78
37528;78
37584;78
37640;80
37697;80
37761;80
37811;80
37864;80
37918;80
37971;80
38025;80
38080;80
38137;78
38193;78
38249;78
38307;78
38378;78
38431;78
38491;78
38546;78
38600;78
38654;78
38710;78
38768;78
38824;78
38880;78
38966;78
39029;78
39086;78
39151;78
39203;78
39257;78
39310;78
39364;78
39417;78
39471;78
39532;78
39588;78
39647;78
39702;78
39754;78
39809;78
39870;78
39924;78
39978;78
40047;78
40105;78
40159;78
40217;78
40271;78
40324;78
40377;78
40430;78
40485;78
40544;78
40598;78
40652;78
40714;78
40769;78
40822;78
40877;78
40932;78
40993;78
41048;78
41106;78
41162;78
41219;78
41273;78
41332;78
41390;78
41446;78
41502;78
41556;78
41610;78
41663;78
41719;78
41773;78
41827;78
41880;78
41940;78
41993;78
42049;78
42103;78
42164;78
42216;78
42269;78
42322;78
42375;78
42428;78
42485;80
42544;80
42598;80
42658;80
42714;80
42767;80
42823;78
42876;78
42930;78
42989;78
43042;78
43100;78
43167;78
43220;78
43276;78
43333;78
43386;78
43440;78
43494;78
43548;78
43602;78
43658;78
43720;78
43775;78
43828;78
43882;78
43935;78
43990;78
44046;78
44100;78
44162;78
44217;78
44270;78
44331;78
44388;78
44446;78
44501;78
44559;78
44615;78
44675;78
44732;78
44788;78
44842;78
44904;78
44960;78
45019;78
45073;78
45130;78
45184;78
45239;78
45296;78
45353;78
45407;78
45461;78
45522;78
45575;78
45632;78
45689;78
45747;78
45801;78
45857;78
45912;78
45966;78
46021;78
46074;78
46135;78
46188;78
46241;78
46295;78
46350;78
46405;78
46459;78
46512;78
46565;78
46621;78
46676;78
46739;78
46793;78
46851;78
46905;78
46958;78
47015;78
47072;78
47132;78
47186;78
47239;78
47302;78
47358;78
47412;78
47466;78
47521;78
47574;78
47630;78
47686;78
47738;78
47791;78
47851;78
47913;78
47967;78
48020;78
48074;78
48132;78
48187;78
48250;78
48307;78
48368;78
48437;78
48496;78
48549;78
48603;78
48656;78
48712;78
48767;78
48847;78
48904;78
48961;78
49044;78
49104;78
49158;78
49216;78
49272;78
49323;78
49377;78
49432;78
49488;78
49545;78
49602;78
49657;78
49715;78
49771;78
49827;78
49882;78
49944;78
49996;78
50056;78
50109;78
50164;78
50217;78
50273;78
50353;78
50408;78
50461;78
50516;78
50569;78
50631;78
50684;78
50736;78
50791;78
50851;78
50913;78
50974;78
51059;78
51115;78
51169;78
51223;78
51276;78
51335;78
51387;78
51440;78
51496;78
51550;78
51605;78
51661;78
51714;78
51769;78
51823;78
51894;78
51954;78
52006;78
52059;78
52122;78
52175;78
52231;78
52288;78
52344;78
52397;78
52456;78
52516;78
52571;78
52623;78
52677;78
52737;78
52790;78
52846;79
52903;79
52957;79
53017;79
53101;79
53152;79
53205;79
53261;79
53321;79
53375;79
53446;79
53507;79
53560;79
53614;79
53671;79
53726;79
53781;79
53841;79
53900;79
53954;79
54007;79
54063;79
54119;79
54182;79
54233;79
54288;79
54343;79
54401;79
54454;79
54514;79
54567;79
54621;79
54680;79
54733;79
54786;79
54839;79
54894;79
54958;79
55025;79
55105;79
55159;79
55216;79
55271;79
55325;79
55380;79
55433;79
55488;79
55540;79
55596;79
55655;79
55713;79
55767;79
55822;79
55875;79
55930;79
55985;78
56041;78
56095;78
56147;78
56207;78
56262;78
56322;78
56375;78
56428;78
56492;78
56556;78
56610;78
56665;78
56718;78
56772;78
56825;78
56884;78
56940;78
56995;78
57050;78
57107;78
57164;78
57217;78
57275;78
57326;78
57382;78
57435;78
57494;78
57550;78
57607;78
57670;78
57722;78
57778;78
57831;78
57886;78
57942;78
57998;78
58064;78
58121;78
58180;78
58275;78
58382;78
58475;78
58530;78
58587;78
58640;78
58701;78
58766;78
58819;78
58872;78
58927;78
58982;78
59044;78
59101;78
59155;78
59211;78
59266;78
59328;78
59389;78
59442;78
59496;78
59549;78
59606;78
59660;78
59713;78
59769;78
59823;78
59876;78
59934;78
59988;78
60042;78
60095;78
60156;78
60207;78
60264;78
60316;78
60369;78
60425;78
60479;78
60539;78
60595;78
60648;78
60704;78
60757;78
60810;78
60865;78
60925;78
60979;78
61034;78
61092;78
61163;78
61219;78
61272;78
61325;78
61378;78
61432;78
61486;78
61539;78
61594;78
61650;78
61710;78
61783;78
61853;78
61907;78
61963;78
62016;78
62074;78
62129;78
62185;78
62242;78
62300;78
62355;78
62409;78
62465;78
62518;78
62572;78
62629;78
62698;78
62756;78
62808;78
62862;78
62922;78
62977;78
63033;78
63106;78
63172;78
63233;78
63332;78
63398;78
63459;78
63560;78
63614;78
63670;78
63727;78
63779;78
63832;78
63887;78
63943;78
63999;78
64056;78
64122;78
64183;78
64247;78
64303;78
64357;78
64411;78
64473;78
64530;78
64589;78
64641;78
64701;78
64755;78
64808;78
64863;78
64919;78
64974;78
65029;78
65089;78
65166;78
65221;78
65277;78
65337;78
65390;78
65444;78
65501;78
65554;78
65608;78
65661;78
65716;78
65776;80
65832;80
65889;80
65949;80
66017;80
66066;80
66123;80
66177;80
66230;80
66287;80
66349;80
66402;80
66457;80
66523;80
66583;80
66640;80
66696;80
66754;80
66806;80
66860;80
66916;80
66972;80
67028;80
67084;80
67170;80
67227;80
67285;80
67338;80
67393;80
67449;80
67503;80
67559;80
67615;80
67668;80
67727;80
67780;80
67833;80
67890;80
67946;80
67999;80
68055;80
68109;80
68163;80
68219;80
68276;80
68342;80
68395;80
68452;80
68508;80
68564;80
68618;80
68677;80
68731;80
68790;80
68847;80
68905;80
68960;80
69016;80
69073;80
69133;80
69190;80
69248;80
69303;80
69356;80
69412;80
69467;80
69527;80
69582;80
69639;80
69692;80
69747;80
69802;80
69855;80
69909;80
69962;80
70015;80
70070;80
70130;80
70186;80
70241;80
70303;80
70365;80
70417;80
70473;80
70528;80
70583;80
70637;80
70698;80
70753;80
70811;80
70866;80
70920;80
70974;80
71032;80
71086;80
71147;80
71203;80
71260;80
71324;80
71379;80
71433;80
71486;80
71541;80
71596;80
71652;80
71706;80
71764;80
71818;80
71874;80
71934;80
71987;80
72043;80
72097;80
72152;80
72213;80
72269;80
72322;80
72374;80
72428;80
72485;80
72542;80
72597;80
72651;80
72705;80
72760;80
72816;80
72873;80
72927;80
72980;80
73039;80
73095;80
73154;80
73211;80
73265;78
73319;78
73373;78
73428;78
73485;78
73541;78
73593;78
73647;78
73703;78
73757;78
73812;78
73866;78
73921;78
73976;78
74030;78
74089;78
74144;78
74197;78
74250;78
74307;78
74363;78
74417;78
74472;78
74526;78
74579;78
74633;78
74688;78
74741;78
74798;78
74850;78
74912;78
74967;78
75023;78
75079;78
75137;78
75193;78
75250;78
75304;78
75358;78
75412;78
75469;78
75527;78
75579;78
75635;78
75688;78
75742;78
75803;78
75857;78
75911;78
75966;78
76023;78
76089;78
76145;78
76197;78
76252;78
76309;78
76364;78
76419;78
76477;78
76531;78
76585;78
76639;78
76696;78
76750;78
76817;78
76869;78
76925;78
76980;78
77037;78
77090;78
77145;78
77207;78
77264;78
77325;78
77381;78
77436;78
77489;78
77554;78
77607;78
77665;78
77719;78
77781;78
77835;78
77898;78
77952;78
78008;78
78063;78
78128;78
78187;78
78244;78
78305;78
78375;78
78445;78
78508;78
78561;78
78617;78
78674;78
78727;78
78783;78
78837;78
78890;78
78946;78
79002;78
79056;78
79117;78
79172;78
79230;78
79299;78
79351;78
79403;78
79456;78
79519;78
79572;78
79626;78
79679;78
79739;78
79793;78
79846;78
79900;78
79956;78
80012;78
80067;78
80122;78
80182;78
80235;78
80296;78
80349;78
80409;78
80465;78
80522;78
80575;78
80630;78
80684;78
80738;78
80791;78
80845;78
80905;78
80959;78
81021;78
81075;78
81132;78
81190;78
81245;78
81302;78
81356;78
81411;78
81464;78
81526;78
81582;78
81635;78
81689;78
81742;78
81811;78
81864;78
81916;78
81972;78
82025;78
82079;78
82147;78
82202;78
82256;78
82313;78
82369;78
82426;78
82479;78
82535;78
82593;78
82647;78
82706;78
82776;78
82847;78
82901;78
82954;78
83009;78
83063;78
83121;78
83176;78
83232;78
83290;78
83348;78
83402;78
83455;78
83509;78
83561;78
83614;78
83667;78
83721;78
83778;78
83845;78
83904;78
83957;78
84009;78
84064;78
84135;78
84190;78
84246;78
84303;78
84357;78
84414;78
84467;78
84526;78
84582;78
84637;78
84690;78
84743;78
84804;78
84858;78
84911;78
84964;78
85019;78
85075;78
85136;78
85190;78
85249;78
85303;78
85361;78
85415;78
85469;78
85523;78
85575;78
85631;78
85685;78
85749;78
85801;78
85854;78
85910;78
85963;78
86018;78
86071;78
86126;78
86181;78
86237;78
86295;78
86348;78
86402;78
86457;78
86512;78
86568;78
86625;78
86677;78
86730;78
86785;78
86839;78
86896;78
86954;78
87010;78
87067;78
87121;78
87177;78
87248;78
87301;78
87358;78
87414;78
87472;78
87530;78
87583;78
87638;78
87691;78
87749;78
87802;78
87855;78
87910;78
87965;78
88021;78
88078;78
88139;78
88196;78
88255;78
88313;78
88369;78
88425;78
88479;78
88532;78
88584;78
88638;78
88698;78
88755;78
88810;78
88863;78
88918;78
88980;78
89030;78
89089;78
89143;78
89195;78
89253;78
89312;78
89365;78
89423;78
89477;78
89534;78
89590;78
89647;78
89797;78
89844;78
89898;78
89959;78
90015;78
90069;78
90128;78
90185;78
90248;78
90303;78
90359;78
90414;78
90467;78
90527;78
90581;78
90635;78
90696;78
90755;78
90811;78
90868;78
90922;78
90979;78
91036;78
91096;78
91150;78
91203;78
91261;78
91315;78
91369;78
91422;78
91478;78
91537;78
91591;78
91646;78
91700;78
91756;78
91813;78
91866;78
91927;78
91981;78
92034;78
92088;78
92149;78
92203;78
92257;78
92320;78
92372;78
92425;78
92477;78
92530;78
92583;78
92640;78
92696;78
92752;78
92806;78
92863;78
92924;78
92978;78
93034;78
93089;78
93144;78
93201;78
93258;78
93316;78
93370;78
93426;78
93480;78
93538;78
93592;78
93645;78
93698;78
93751;78
93810;78
93862;78
93918;78
93970;78
94023;78
94079;78
94140;78
94193;78
94247;78
94301;78
94355;78
94410;78
94470;78
94521;78
94575;78
94630;78
94685;78
94745;78
94800;78
94855;78
94911;78
94965;78
95018;78
95075;78
95133;78
95185;78
95240;78
95304;78
95358;78
95414;78
95467;78
95520;78
