185;85
296;85
396;85
520;85
586;85
657;85
747;85
834;85
927;85
993;85
1068;85
1144;85
1213;85
1299;85
1362;85
1431;85
1503;85
1585;85
1662;85
1750;85
1836;85
1936;85
2032;85
2122;85
2197;85
2263;85
2328;85
2397;85
2469;85
2541;85
2614;85
2690;85
2759;85
2835;85
2897;85
2958;85
3019;85
3076;85
3133;85
3192;85
3251;85
3313;85
3369;85
3440;85
3531;85
3610;85
3688;85
3767;85
3848;85
3931;85
4011;85
4090;85
4190;85
4244;85
4299;85
4356;85
4414;85
4472;85
4534;85
4594;85
4653;85
4711;85
4770;85
4830;85
4887;85
4944;85
5006;85
5063;85
5124;85
5180;85
5240;85
5298;85
5372;85
5426;85
5481;85
5540;85
5599;85
5659;85
5719;85
5777;85
5835;85
5891;85
5959;85
6024;85
6081;85
6138;85
6196;85
6252;85
6308;85
6368;85
6424;85
6489;85
6554;85
6631;85
6709;85
6789;85
6870;85
6953;85
7021;85
7077;85
7137;85
7194;85
7251;85
7307;85
7365;85
7429;85
7495;85
7555;85
7614;85
7679;85
7736;85
7792;85
7849;85
7909;85
7971;85
8032;85
8092;85
8152;85
8209;85
8266;85
8324;85
8381;85
8440;85
8499;83
8556;83
8612;83
8669;83
8726;83
8783;83
8843;83
8901;83
8960;83
9016;83
9073;83
9130;83
9188;83
9248;83
9306;83
9363;83
9427;83
9483;83
9544;83
9603;83
9660;83
9718;83
9779;83
9841;83
9897;83
9966;83
10022;83
10080;83
10137;83
10194;83
10250;83
10308;83
10365;83
10421;83
10478;83
10536;83
10596;83
10670;83
10728;83
10788;83
10847;83
10903;83
10960;83
11017;83
11075;83
11137;83
11195;83
11252;83
11313;83
11369;83
11433;83
11487;83
11545;83
11610;83
11667;83
11729;83
11786;83
11843;83
11909;83
11971;84
12028;84
12087;84
12143;84
12203;84
12259;84
12315;84
12371;84
12430;84
12488;84
12552;84
12616;84
12678;84
12734;84
12791;84
12848;84
12908;84
12967;84
13029;84
13087;84
13142;84
13198;84
13255;84
13317;84
13377;84
13438;84
13494;84
13556;84
13612;84
13671;84
13741;84
13797;84
13855;84
13916;84
13972;84
14037;84
14097;84
14155;84
14222;84
14278;83
14335;83
14397;83
14454;83
14525;83
14593;83
14652;83
14711;83
14768;83
14827;83
14886;83
14953;83
15012;83
15075;83
15133;83
15188;83
15247;83
15309;83
15366;83
15425;83
15481;83
15541;83
15598;83
15655;83
15723;83
15782;83
15841;83
15897;83
15954;83
16012;83
16069;83
16126;83
16184;83
16241;83
16303;83
16362;83
16418;83
16475;83
16532;83
16594;83
16655;83
16712;83
16770;83
16827;83
16884;83
16949;83
17023;83
17076;83
17135;83
17196;83
17258;83
17315;83
17375;83
17432;83
17494;83
17555;83
17612;83
17669;83
17726;83
17782;83
17842;83
17900;83
17962;83
18020;83
18076;83
18132;83
18191;83
18255;83
18318;83
18374;83
18429;83
18485;83
18543;83
18606;83
18666;83
18726;83
18785;83
18845;83
18903;83
18960;83
19018;83
19074;83
19135;83
19193;83
19249;83
19309;83
19366;83
19429;83
19494;83
19553;83
19608;83
19665;83
19721;83
19778;83
19836;83
19895;83
19952;83
20012;83
20069;83
20125;83
20182;83
20238;83
20299;83
20357;83
20413;83
20469;83
20532;83
20592;83
20650;83
20705;83
20765;83
20820;83
20878;83
20936;83
20992;83
21050;83
21110;83
21167;83
21226;83
21285;83
21341;83
21399;83
21458;83
21519;83
21583;83
21639;83
21694;83
21749;83
21805;83
21866;83
21923;83
21985;83
22042;83
22099;83
22156;83
22214;83
22271;83
22331;83
22387;83
22445;83
22503;83
22571;83
22627;83
22683;83
22740;83
22798;83
22856;83
22914;83
22980;83
23041;83
23099;83
23159;83
23218;83
23274;83
23330;83
23390;83
23449;83
23505;83
23567;83
23623;83
23680;83
23739;83
23799;83
23857;83
23914;83
23981;83
24038;83
24095;83
24153;83
24212;83
24274;83
24333;83
24397;83
24457;83
24516;83
24578;83
24640;83
24701;83
24757;83
24813;83
24868;83
24929;83
24988;83
25044;83
25102;83
25159;83
25217;83
25278;83
25337;83
25399;83
25457;83
25513;83
25571;83
25629;83
25686;83
25746;83
25804;83
25865;83
25929;83
25987;83
26044;83
26103;83
26162;83
26221;83
26276;83
26331;83
26386;83
26448;83
26513;83
26573;83
26641;83
26699;83
26755;83
26812;83
26882;83
26939;83
27005;83
27057;83
27112;83
27169;83
27225;83
27282;83
27339;83
27395;83
27453;83
27513;83
27570;83
27631;83
27686;83
27754;83
27814;83
27868;83
27924;83
27987;83
28044;83
28101;83
28159;83
28217;83
28274;83
28330;83
28390;83
28447;83
28506;83
28563;83
28620;83
28684;83
28743;83
28801;83
28863;83
28926;83
28981;83
29039;83
29096;83
29153;83
29217;83
29270;83
29333;83
29397;83
29456;83
29516;83
29576;83
29634;83
29692;83
29747;83
29806;83
29868;83
29924;83
29982;83
30037;83
30093;83
30149;83
30207;83
30265;83
30322;83
30377;83
30436;83
30501;84
30559;84
30615;84
30675;84
30733;84
30790;84
30851;84
30910;84
30966;84
31025;84
31090;84
31143;84
31199;84
31258;84
31316;84
31374;84
31432;84
31489;84
31548;84
31605;84
31672;84
31726;84
31782;84
31840;84
31895;84
31955;84
32013;84
32071;84
32128;84
32186;84
32248;84
32303;84
32357;84
32413;84
32473;84
32532;84
32598;84
32659;84
32717;84
32781;84
32838;84
32893;84
32948;84
33006;84
33065;84
33120;84
33178;84
33234;84
33296;84
33351;84
33410;84
33465;84
33522;84
33582;84
33638;84
33696;84
33755;84
33810;84
33879;84
33937;84
33996;84
34054;84
34114;84
34172;84
34232;84
34291;84
34349;84
34409;84
34469;84
34527;84
34609;84
34691;84
34759;84
34813;84
34868;84
34930;84
34986;84
35041;84
35098;84
35156;84
35215;84
35272;84
35327;84
35384;84
35439;84
35499;84
35556;84
35620;84
35678;84
35742;84
35796;84
35855;84
35910;84
35970;84
36028;84
36089;84
36150;84
36214;84
36306;84
36386;84
36445;84
36501;84
36560;84
36622;84
36703;84
36773;84
36826;84
36880;84
36944;84
37000;84
37055;84
37111;83
37171;83
37226;83
37290;83
37349;83
37405;83
37460;83
37519;83
37575;83
37634;83
37694;83
37748;83
37806;83
37869;83
37927;83
37982;83
38042;83
38102;83
38159;83
38217;83
38274;83
38331;83
38386;83
38443;83
38499;83
38565;83
38619;83
38689;83
38770;83
38834;83
38891;83
38951;83
39008;83
39067;83
39128;83
39187;83
39243;83
39302;83
39358;83
39418;83
39477;83
39535;83
39594;83
39650;83
39706;83
39762;83
39820;83
39878;83
39936;83
39994;83
40050;83
40109;83
40170;83
40236;83
40292;83
40349;83
40406;83
40464;83
40523;83
40581;83
40642;83
40707;83
40790;83
40846;83
40903;83
40965;83
41021;83
41078;83
41132;83
41191;83
41246;83
41305;83
41362;83
41423;83
41488;83
41551;83
41609;83
41671;83
41727;83
41785;83
41841;83
41898;83
41957;83
42017;83
42075;83
42133;83
42189;83
42244;83
42301;83
42363;83
42416;83
42470;83
42529;83
42585;83
42642;83
42699;83
42762;83
42818;83
42872;83
42929;83
42993;83
43046;83
43098;83
43156;83
43210;83
43272;83
43340;83
43400;83
43456;83
43511;83
43572;83
43634;83
43689;83
43745;83
43800;83
43856;83
43911;83
43967;83
44026;83
44082;83
44140;83
44201;83
44254;83
44311;83
44366;83
44431;83
44486;83
44554;81
44615;81
44673;78
44742;78
44837;78
44891;78
44955;78
45011;78
45066;78
45123;78
45181;78
45240;78
45297;78
45354;78
45413;78
45469;78
45531;78
45588;78
45646;78
45704;78
45760;78
45816;78
45873;78
45931;78
45990;78
46046;78
46104;78
46165;78
46218;78
46276;78
46337;78
46406;78
46466;78
46524;78
46585;78
46644;78
46700;78
46777;78
46847;78
46900;78
46958;78
47012;78
47070;78
47127;78
47185;78
47241;78
47298;78
47357;78
47419;78
47473;78
47526;78
47586;78
47642;78
47702;78
47758;78
47814;78
47878;78
47947;78
48018;78
48071;78
48126;78
48183;78
48237;78
48294;78
48354;78
48410;78
48467;78
48523;78
48590;78
48648;78
48720;78
48797;78
48856;78
48911;78
48966;78
49028;78
49084;78
49143;78
49199;78
49263;78
49322;78
49379;78
49451;78
49509;78
49588;78
49700;78
49793;78
49854;78
49917;78
49976;78
50035;78
50092;78
50151;78
50208;78
50266;78
50324;78
50381;78
50438;78
50495;78
50558;78
50617;78
50676;78
50739;78
50829;78
50882;78
50939;78
51011;78
51078;78
51136;78
51196;79
51253;79
51310;79
51367;79
51423;79
51482;79
51539;79
51613;79
51679;79
51752;79
51807;79
51861;79
51918;79
51975;79
52033;79
52090;79
52148;79
52206;79
52278;79
52383;79
52458;78
52561;78
52653;78
52710;78
52766;78
52852;78
52908;78
52971;78
53051;78
53129;78
53197;78
53251;78
53309;78
53368;78
53426;78
53482;78
53540;78
53597;78
53656;78
53714;78
53771;78
53828;78
53885;78
53945;78
54001;78
54075;78
54131;78
54187;78
54247;78
54308;78
54381;78
54436;78
54497;78
54556;78
54611;78
54670;78
54730;78
54788;78
54848;78
54912;78
54969;78
55028;78
55084;78
55141;78
55201;78
55257;78
55317;78
55377;78
55433;78
55489;78
55555;78
55627;78
55708;78
55787;78
55872;78
55927;78
55990;78
56048;78
56107;78
56165;78
56220;78
56278;78
56335;78
56393;78
56451;78
56511;78
56572;78
56631;78
56687;78
56751;78
56809;78
56867;78
56925;78
56983;78
57041;78
57098;78
57158;78
57231;78
57289;78
57343;78
57399;78
57456;78
57525;78
57586;78
57643;78
57700;78
57758;78
57816;78
57873;78
57932;78
57989;78
58045;78
58108;78
58164;78
58222;78
58278;78
58334;78
58393;78
58451;78
58508;78
58568;78
58637;78
58694;78
58748;78
58803;78
58862;78
58917;78
58975;78
59034;78
59091;78
59149;78
59205;78
59265;78
59321;78
59381;78
59436;78
59492;78
59551;78
59608;78
59668;78
59728;78
59785;78
59845;78
59902;78
59963;78
60036;78
60093;78
60151;78
60212;78
60271;78
60328;78
60387;78
60445;78
60504;78
60563;78
60622;78
60681;78
60739;78
60799;78
60885;78
60943;78
60998;78
61055;78
61112;78
61170;78
61226;78
61282;78
61338;78
61395;78
61456;78
61512;78
61574;78
61631;78
61685;78
61744;78
61800;78
61864;78
61924;78
61987;78
62046;78
62102;78
62162;78
62219;78
62275;78
62331;78
62387;78
62442;78
62501;78
62559;78
62617;78
62675;78
62746;78
62800;78
62870;78
62938;78
62995;78
63051;78
63110;78
63168;78
63228;78
63287;78
63345;78
63402;78
63459;78
63527;78
63587;78
63645;78
63704;78
63759;78
63814;78
63870;78
63934;78
63991;78
64059;78
64112;78
64173;78
64227;78
64284;78
64344;78
64400;78
64460;78
64516;78
64576;78
64635;78
64693;78
64749;78
64808;78
64876;78
64951;78
65010;78
65070;78
65125;78
65184;78
65242;78
65305;78
65361;78
65421;78
65476;78
65532;78
65590;78
65647;78
65705;78
65761;78
65821;78
65878;78
65934;78
65991;78
66053;78
66109;78
66165;78
66221;78
66279;78
66340;78
66395;78
66457;78
66517;78
66575;78
66633;78
66694;78
66752;78
66811;78
66874;78
66954;78
67013;78
67070;78
67128;78
67186;78
67243;78
67301;78
67359;78
67417;78
67474;78
67531;78
67594;78
67649;78
67709;78
67764;78
67819;78
67879;78
67939;78
67996;78
68051;78
68111;78
68167;78
68225;78
68282;78
68339;78
68396;78
68451;78
68507;78
68567;78
68625;78
68681;78
68744;78
68802;78
68861;78
68948;78
69006;78
69062;78
69119;78
69175;78
69236;78
69295;78
69351;78
69411;78
69470;78
69529;78
69587;78
69646;78
69700;78
69754;78
69808;78
69865;78
69922;78
69979;78
70039;78
70095;78
70153;78
70212;78
70270;78
70325;78
70383;78
70438;78
70496;78
70565;78
70619;78
70674;78
70730;78
70786;78
70842;78
70908;78
71007;78
71088;78
71144;78
71200;78
71259;78
71318;78
71378;78
71437;78
71493;78
71558;78
71612;78
71667;78
71725;78
71781;78
71839;78
71895;78
71952;78
72009;78
72066;78
72124;78
72182;78
72236;78
72297;78
72354;78
72424;78
72485;78
72545;78
72604;78
72663;78
72718;78
72777;78
72833;78
72893;78
72979;78
73040;78
73097;78
73155;78
73212;78
73275;78
73332;78
73392;78
73451;78
73512;78
73574;80
73635;80
73693;80
73750;80
73815;80
73871;80
73929;80
73989;80
74050;80
74112;80
74176;80
74231;78
74287;78
74345;78
74406;78
74462;78
74520;78
74578;78
74634;78
74691;78
74746;78
74802;78
74862;78
74918;78
74983;78
75038;78
75094;78
75157;78
75215;78
75273;78
75329;78
75387;78
75444;78
75510;78
75582;78
75638;78
75693;78
75747;78
75801;78
75859;78
75913;78
75969;78
76028;78
76084;78
76139;78
76196;78
76261;78
76316;78
76374;78
76429;78
76486;78
76546;78
76604;78
76662;78
76720;78
76778;78
76834;78
76899;78
76953;78
77009;78
77082;78
77137;78
77193;78
77249;78
77309;78
77364;78
77419;78
77477;78
77545;78
77599;78
77656;78
77710;78
77765;78
77821;78
77878;78
77933;78
77993;78
78047;78
78107;78
78164;78
78225;78
78293;78
78347;78
78400;78
78457;78
78512;78
78584;78
78646;78
78703;78
78762;78
78818;78
78874;78
78929;78
78989;78
79044;78
79104;78
79163;78
79235;78
79292;78
79346;78
79400;78
79457;78
79513;78
79572;78
79627;78
79684;78
79741;78
79796;78
79857;78
79923;78
79979;78
80037;78
80103;78
80171;78
80226;78
80280;78
80337;78
80393;78
80450;78
80506;78
80565;78
80625;78
80685;78
80744;78
80800;78
80857;78
80919;78
80985;78
81045;78
81103;78
81159;78
81216;78
81273;78
81328;78
81386;78
81443;78
81498;78
81556;78
81612;78
81684;78
81746;78
81800;78
81857;78
81913;78
81969;78
82025;78
82081;78
82139;78
82194;78
82253;78
82309;78
82364;78
82421;78
82481;78
82537;78
82593;78
82647;78
82703;78
82760;78
82818;78
82873;78
82930;78
82990;78
83049;78
83107;78
83169;78
83227;78
83281;78
83337;78
83394;78
83453;78
83512;78
83570;78
83629;78
83686;78
83744;78
83800;78
83859;78
83914;78
83972;78
84028;78
84085;78
84141;78
84199;78
84255;78
84315;78
84371;78
84430;78
84498;78
84552;78
84608;78
84666;78
84732;78
84789;78
84847;78
84903;78
84964;78
85029;78
85089;78
85160;78
85213;78
85268;78
85323;78
85378;78
85437;78
85496;78
85555;78
85611;78
85668;78
85724;78
85781;78
85837;78
85905;78
85965;78
86020;78
86078;78
86134;78
86194;78
86256;78
86318;78
86377;78
86434;78
86489;78
86546;78
86606;78
86667;78
86730;78
86787;78
86846;78
86899;78
86958;78
87015;78
87076;78
87133;78
87193;78
87250;78
87306;78
87364;78
87418;78
87475;78
87537;78
87596;78
87658;78
87718;78
87777;78
87836;78
87901;78
87952;78
88006;78
88063;78
88119;78
88179;78
88235;78
88291;78
88345;78
88401;78
88458;78
88516;78
88576;78
88633;78
88690;78
88748;78
88804;78
88859;78
88926;78
88984;78
89042;78
89098;78
89159;78
89215;78
89270;78
89331;78
89386;78
89442;78
89507;78
89565;78
89622;78
89679;78
89738;78
89798;78
89857;78
89921;78
89984;78
90041;78
90096;78
90153;78
90212;78
90268;78
90324;78
90382;78
90441;78
90497;78
90558;78
90616;78
90671;78
90731;78
90789;78
90856;78
90910;78
90970;78
91030;78
91089;78
91146;78
91207;78
91264;78
91319;78
91376;78
91431;78
91486;78
91546;78
91610;78
91667;78
91737;78
91789;78
91845;78
91899;78
91954;78
92010;78
92068;78
92123;78
92178;78
92233;78
92290;78
92345;78
92402;78
92461;78
92517;78
92582;78
92640;78
92695;78
92756;78
92811;78
92874;78
92932;78
92988;78
93048;78
93106;78
93166;78
93222;78
93281;78
93336;78
93405;78
93464;78
93521;78
93581;78
93647;78
93703;78
93766;78
93826;78
93882;78
93942;78
94001;78
94060;78
94121;78
94180;78
94241;78
94299;78
94357;78
94413;78
94472;78
94530;78
94589;78
94645;78
94700;78
94755;78
94812;78
94868;78
94933;78
94985;78
95042;78
95099;78
95156;78
95213;78
95270;78
95325;78
95381;78
95440;78
95505;78
95562;78
95619;78
95683;78
95737;78
95792;78
95848;78
95906;78
95967;78
96023;78
96079;78
96134;78
96194;78
96256;78
96321;78
96376;78
96434;78
96489;78
96545;78
96604;78
96663;78
96721;78
96780;78
96839;78
96896;78
96962;78
97036;78
97095;78
97152;78
97209;78
97265;78
97320;78
97374;78
97432;78
97489;78
97551;78
97612;78
97669;78
97729;78
97790;78
97844;78
97898;78
97956;78
98010;78
98068;78
98124;78
98182;78
98238;78
98302;78
98358;78
98416;78
98471;78
98549;78
98604;78
98659;78
98715;78
98773;78
98829;78
98886;78
98942;78
99002;78
99076;78
99145;78
99205;78
99267;78
99322;78
99378;78
99436;78
