1142;264
1503;264
1831;264
2164;264
2509;264
2820;264
3131;264
3529;264
4005;264
4323;264
4643;264
4971;264
5295;264
5616;264
5928;264
6380;264
6748;264
7057;264
7443;264
7756;264
8063;264
8370;264
8694;264
8993;264
9308;264
9614;264
9920;264
10223;264
10560;264
10856;264
11212;264
11531;264
11846;264
12150;264
12472;264
12876;264
13200;264
13502;264
13794;264
14093;264
14400;264
14693;264
14986;264
15282;264
15578;264
15857;264
16136;264
16439;264
16719;264
17002;264
17299;264
17580;264
17856;264
18140;264
18418;264
18702;264
18960;264
19224;264
19483;264
19752;264
20024;264
20288;264
20550;264
20803;264
21084;264
21362;264
21595;264
21831;264
22057;264
22301;264
22538;264
22825;257
23121;255
23453;246
23668;246
23892;246
24151;244
24380;244
24639;240
24845;240
25104;239
25300;239
25500;239
25761;238
26001;236
26187;236
26439;235
26658;235
26856;235
27066;235
27256;235
27440;235
27633;235
27810;235
27990;235
28179;235
28355;235
28614;235
28796;235
28976;235
29168;235
29376;235
29594;235
29806;235
30004;235
30192;235
30369;235
30558;235
30768;235
30966;235
31155;235
31345;235
31536;235
31726;235
31898;235
32087;235
32273;235
32450;235
32662;235
32836;235
33010;235
33195;235
33375;235
33552;235
33729;235
33906;235
34082;235
34255;235
34440;235
34641;235
34820;235
34996;235
35187;235
35367;235
35545;235
35745;235
35926;235
36110;235
36295;235
36475;235
36744;235
36978;235
37164;235
37342;235
37517;235
37696;235
37871;235
38046;235
38232;235
38411;235
38592;235
38804;235
38983;235
39163;235
39345;235
39523;235
39696;235
39872;235
40063;235
40248;235
40424;235
40598;235
40804;235
40983;235
41170;235
41349;235
41524;235
41703;235
41885;235
42059;235
42237;235
42420;235
42595;235
42799;235
42981;235
43161;235
43343;235
43527;235
43705;235
43880;235
44057;235
44244;235
44419;235
44599;235
44785;235
44967;235
45144;235
45325;235
45501;235
45676;235
45854;235
46038;235
46215;235
46407;235
46597;235
46803;235
46971;235
47161;235
47338;235
47510;235
47689;235
47868;235
48047;235
48226;235
48400;235
48586;235
48765;235
48953;235
49128;235
49316;235
49516;235
49691;235
49867;235
50054;235
50237;235
50414;235
50590;235
50781;235
50972;235
51164;235
51349;235
51523;235
51703;235
51876;235
52054;235
52232;235
52407;235
52590;235
52771;235
52973;235
53158;235
53336;235
53511;235
53689;235
53869;235
54048;235
54234;235
54414;235
54593;235
54767;235
54975;235
55148;235
55325;235
55506;235
55687;235
55861;235
56034;235
56214;235
56395;235
56577;235
56755;235
56964;235
57152;235
57338;235
57525;235
57735;235
57913;235
58095;235
58290;235
58527;235
58704;235
58890;235
59086;235
59354;235
59561;235
59749;235
59931;235
60120;235
60321;235
60497;235
60681;235
60860;235
61049;235
61228;235
61404;235
61588;235
61784;235
62023;234
62205;234
62385;234
62560;234
62746;234
62926;234
63106;234
63289;234
63483;234
63660;234
63839;234
64024;234
64207;234
64388;234
64579;234
64755;234
64951;234
65146;234
65323;234
65494;234
65674;234
65853;234
66030;234
66211;234
66398;234
66585;234
66760;234
66947;234
67132;234
67310;234
67493;234
67673;234
67848;234
68037;234
68227;234
68405;234
68581;234
68776;234
68969;234
69166;234
69344;234
69525;234
69703;234
69880;234
70064;234
70242;234
70428;234
70609;234
70786;234
70964;234
71173;234
71351;234
71524;234
71703;234
71885;234
72064;234
72250;234
72430;234
72618;234
72796;234
72976;234
73164;234
73342;234
73521;234
73695;234
73871;234
74050;234
74235;234
74417;234
74593;234
74781;234
74959;234
75166;234
75350;234
75523;234
75707;234
75881;234
76060;234
76242;234
76420;234
76606;234
76786;234
76971;234
77198;234
77379;234
77559;234
77753;234
77931;234
78111;234
78307;234
78486;234
78664;234
78846;234
79034;234
79215;234
79390;234
79573;234
79749;234
79928;234
80116;234
80309;234
80485;234
80659;234
80840;234
81013;234
81194;234
81367;234
81539;234
81718;234
81903;234
82079;234
82254;234
82425;234
82608;234
82786;234
82963;234
83158;234
83346;234
83527;234
83719;234
83895;234
84074;234
84252;234
84433;234
84614;234
84790;234
84990;234
85180;234
85355;234
85536;234
85712;234
85885;234
86060;234
86242;234
86418;234
86598;234
86779;234
86961;234
87188;234
87381;234
87555;234
87736;234
87921;234
88104;234
88282;234
88463;234
88636;234
88810;234
88992;234
89194;234
89383;234
89577;234
89758;234
89937;234
90120;234
90299;234
90475;234
90652;234
90825;234
91001;234
91182;234
91360;234
91538;234
91719;234
91897;234
92082;234
92263;234
92450;234
92631;234
92809;234
92983;234
93187;234
93456;234
93673;234
93848;234
94022;234
94216;234
94395;234
94568;234
94750;234
94923;234
95098;234
95313;234
95499;234
95673;234
95860;234
96037;234
96217;234
96396;234
96667;234
96944;234
97120;234
97303;234
97492;234
97676;234
97865;234
98054;234
98239;234
98430;234
98619;234
98804;234
99000;234
99183;234
99365;234
99553;234
99732;234
99908;234
100100;234
100294;234
100473;234
100657;234
100833;234
101025;234
101202;234
101402;234
101576;234
101759;234
101949;234
102123;234
102301;234
102479;234
102656;234
102829;234
103015;234
103194;234
103393;234
103577;234
103757;234
103934;234
104110;234
104294;234
104475;234
104650;234
104837;234
105018;234
105200;234
105389;234
105574;234
105751;234
105928;234
106110;234
106294;234
106480;234
106665;234
106843;234
107025;234
107210;234
107395;234
107571;234
107748;234
107930;234
108116;234
108298;234
108483;234
108665;234
108840;234
109020;234
109195;234
109389;234
109596;234
109773;234
109949;234
110135;234
110322;234
110502;234
110684;234
110868;234
111049;234
111227;234
111427;234
111657;234
111836;234
112030;234
112206;234
112385;234
112561;234
112748;234
112924;234
113097;234
113281;234
113491;234
113670;234
113850;234
114022;234
114195;234
114372;234
114551;234
114727;234
114901;234
115086;234
115269;234
115453;234
115642;234
115825;234
116010;234
116189;234
116368;234
116547;234
116735;234
116921;234
117106;234
117291;234
117470;234
117659;234
117838;234
118024;234
118215;234
118472;234
118648;234
118842;234
119021;234
119201;234
119385;234
119577;234
119779;234
119954;234
120150;234
120350;234
120551;234
120734;234
120918;234
121111;234
121299;234
121489;234
121688;234
121884;234
122068;234
122262;234
122453;234
122645;234
122834;234
123020;234
123201;234
123391;234
123574;234
123756;234
123930;234
124109;234
124284;234
124475;234
124650;234
124826;234
125016;234
125193;234
125369;234
125556;234
125756;234
125944;234
126118;234
126305;234
126496;234
126689;234
126878;234
127059;234
127242;234
127418;234
127602;234
127779;234
127957;234
128159;234
128352;234
128536;234
128733;234
128920;234
129110;234
129303;234
129492;234
129698;234
129893;234
130092;234
130285;234
130463;234
130643;234
130833;234
131017;234
131208;234
131395;234
131572;234
131759;234
131942;234
132125;234
132314;234
132496;234
132675;234
132915;234
133166;234
133401;234
133653;234
133850;234
134043;234
134236;234
134430;234
134605;234
134804;234
134982;234
135164;234
135349;234
135535;234
135743;234
135921;234
136108;234
136283;234
136461;234
136639;234
136841;234
137035;234
137221;234
137415;234
137612;234
137790;234
137966;234
138145;234
138321;234
138497;234
138675;234
138846;234
139029;234
139203;234
139397;234
139588;234
139766;234
139939;234
140133;234
140308;234
140492;234
140673;234
140849;234
141025;234
141202;234
141388;234
141561;234
141767;234
141945;234
142138;234
142348;234
142534;234
142714;234
142903;234
143079;234
143255;234
143435;234
143615;234
143795;234
143985;234
144163;234
144340;234
144512;234
144692;234
144885;234
145060;234
145233;234
145415;234
145588;234
145773;234
145961;234
146142;234
146321;234
146501;234
146698;234
146879;234
147061;234
147267;234
147446;234
147639;234
147853;234
148045;234
148240;234
148427;234
148630;234
148810;234
149008;234
149203;234
149390;234
149565;234
149753;234
149935;234
150124;234
150301;234
150481;234
150669;234
150848;234
151026;234
151219;234
151405;234
151582;234
151766;234
151959;234
152140;234
152323;234
152504;234
152693;234
152903;234
153101;234
153279;234
153477;234
153665;234
153858;234
154034;234
154235;234
154430;234
154608;234
154801;234
154984;234
155172;234
155355;234
155548;234
155739;234
155944;234
156149;234
156334;234
156564;234
156849;234
157113;234
157390;234
157656;234
157950;234
158180;234
158377;234
158574;234
158775;234
158979;234
159198;234
159431;234
159638;234
159839;234
160051;234
160260;234
160450;234
160669;234
160853;234
161036;234
161215;234
161398;234
161588;234
161781;234
161998;234
162204;234
162401;234
162607;234
162859;234
163120;234
163365;234
163568;234
163802;234
164016;234
164218;234
164414;234
164591;234
164777;234
164962;234
165149;234
165353;234
165548;234
165726;234
165920;234
166110;234
166299;234
166484;234
166664;234
166862;234
167051;234
167234;234
167420;234
167603;234
167791;234
167977;234
168168;234
168368;234
168546;234
168726;234
168902;234
169080;234
169262;234
169449;234
169628;234
169831;234
170039;234
170222;234
170410;234
170589;234
170770;234
170947;234
171119;234
171301;234
171494;234
171674;234
171856;234
172040;234
172228;234
172415;234
172593;234
172777;234
172968;234
173147;234
173335;234
173520;234
173724;234
173913;234
174138;234
174346;234
174559;234
174783;234
175064;234
175345;234
175613;234
175872;234
176093;234
176311;234
176518;234
176718;234
176921;234
177113;234
177297;234
177486;234
177680;234
177858;234
178049;234
178229;234
178489;234
178713;234
178897;234
179086;234
179267;234
179451;234
179632;234
179815;234
179993;234
180196;234
180378;234
180611;234
180870;234
181193;234
181454;234
181746;234
182152;234
182572;234
182947;234
183168;234
183374;234
183772;234
184183;234
184390;234
184592;234
184823;234
185210;234
185544;234
185797;234
185987;234
186194;234
186398;234
186594;234
186808;234
187008;234
187209;234
187417;234
187614;234
187811;234
188016;234
188217;234
188408;234
188599;234
188799;234
188987;234
189178;234
189369;234
189562;234
189758;234
189940;234
190140;234
190344;234
190542;234
190734;234
190927;234
191139;234
191339;234
191559;234
191770;234
191996;234
192223;234
192428;234
192622;234
192810;234
192995;234
193206;234
193391;234
193575;234
193766;234
193952;234
194140;234
194358;234
194551;234
194765;234
194975;234
195174;234
195374;234
195582;234
195771;234
195952;234
196153;234
196365;234
196553;234
196762;234
196972;234
197185;234
197395;234
197607;234
197812;234
198017;234
198246;234
198486;234
198698;234
198914;234
199121;234
199331;234
199555;234
199756;234
199966;234
200205;234
200456;234
200695;234
200934;234
201150;234
201374;234
201600;234
201826;234
202036;234
202250;234
202520;234
202736;234
202932;234
203142;234
203354;234
203568;234
203776;234
203981;234
204210;234
204420;234
204655;234
204878;234
205095;234
205291;234
205499;234
205723;234
205925;234
206114;234
206319;234
206544;234
206750;234
206946;234
207176;234
207379;234
207646;234
207867;234
208076;234
208275;234
208505;234
208714;234
208912;234
209112;234
209320;234
209513;234
209699;234
209895;234
210091;234
210289;234
210497;234
210695;234
210891;234
211095;234
211295;234
211492;234
211695;234
211901;234
212094;234
212284;234
212486;234
212679;234
212887;234
213088;234
213285;234
213495;234
213683;234
213881;234
214084;234
214284;234
214514;234
214725;234
214945;234
215131;234
215318;234
215503;234
215695;234
215909;234
216096;234
216299;234
216555;234
216819;234
217138;234
217342;234
217539;234
217756;234
217993;234
218215;234
218456;234
218691;234
218892;234
219099;234
219303;234
219522;234
219747;234
219981;234
220193;234
220404;234
220664;234
220891;234
221102;234
221321;234
221520;234
221719;234
221917;234
222111;234
222312;234
222522;234
222742;234
222938;234
223146;234
223349;234
223562;234
223759;234
223946;234
224148;234
224341;234
224554;234
224783;234
224981;234
225203;234
225442;234
225672;234
225884;234
226095;234
226325;234
226536;234
226772;234
226996;234
227224;234
227457;234
227661;234
227872;234
228069;234
228260;234
228453;234
228650;234
228863;234
229072;234
229305;234
229545;234
229747;234
229962;234
230177;234
230426;234
230731;234
230964;234
231173;234
231388;234
231616;234
231865;234
232119;234
232351;234
232549;234
232760;234
232970;234
233170;234
233385;234
233575;234
233807;234
234005;234
234196;234
234386;234
234572;234
234769;234
234976;234
235169;234
235372;234
235566;234
235756;234
235957;234
236148;234
236340;234
236550;234
236737;234
236930;234
237180;234
237668;234
237924;234
238267;234
238734;234
239241;234
239579;234
239783;234
239988;234
240149;234
240310;234
240468;234
240630;234
240788;234
240948;234
241105;234
241270;234
241426;234
241581;234
241737;234
241898;234
242053;234
242210;234
242399;234
242629;234
242857;234
243059;234
243300;234
243462;234
243666;234
243822;234
244052;234
