115;261
221;261
325;261
401;261
472;261
517;261
585;261
663;261
715;261
759;261
799;261
843;261
900;261
958;261
1028;261
1065;261
1106;261
1162;261
1201;261
1239;261
1276;261
1335;261
1377;261
1421;261
1460;261
1501;261
1539;261
1577;261
1619;262
1667;262
1712;262
1778;262
1839;262
1895;262
1946;264
2020;264
2057;264
2098;264
2133;264
2175;264
2218;264
2255;264
2291;264
2331;264
2368;264
2405;264
2441;264
2478;264
2518;264
2569;264
2604;264
2648;264
2707;264
2748;264
2786;264
2825;264
2860;264
2892;264
2931;264
2969;264
3005;264
3038;264
3072;264
3117;264
3158;264
3199;264
3247;264
3294;264
3347;267
3393;267
3442;267
3493;267
3540;267
3575;267
3608;267
3645;267
3680;267
3716;267
3752;267
3783;267
3814;267
3852;267
3887;267
3921;267
3954;267
3989;267
4022;267
4056;267
4089;267
4128;267
4164;265
4198;265
4249;265
4281;265
4325;265
4357;265
4389;265
4422;265
4456;265
4492;265
4525;265
4560;265
4594;265
4627;265
4660;265
4693;265
4726;265
4767;265
4798;265
4830;265
4864;265
4899;265
4932;265
4969;265
5001;265
5032;265
5066;265
5111;265
5150;265
5202;265
5248;264
5298;264
5348;264
5396;264
5444;264
5495;264
5545;264
5597;269
5640;269
5683;269
5732;269
5775;269
5814;269
5854;269
5905;269
5937;269
5969;268
6004;268
6036;268
6069;268
6099;267
6132;267
6168;267
6201;267
6233;267
6265;267
6297;267
6336;267
6372;267
6411;267
6447;267
6481;267
6519;267
6554;267
6588;267
6620;267
6652;267
6684;267
6719;267
6751;267
6783;267
6816;267
6848;267
6881;267
6919;267
6954;267
6986;267
7028;267
7060;267
7099;267
7139;267
7176;267
7208;267
7241;267
7277;267
7314;267
7348;267
7388;270
7424;269
7460;269
7494;269
7525;269
7563;269
7597;269
7632;269
7668;269
7700;269
7732;269
7768;269
7803;269
7837;269
7878;269
7927;269
7964;269
7997;269
8030;269
8068;269
8098;269
8133;269
8170;269
8202;269
8234;269
8270;270
8316;270
8350;270
8394;269
8431;269
8463;269
8494;269
8530;269
8563;269
8596;269
8635;266
8668;266
8700;266
8734;266
8767;266
8800;266
8850;266
8882;266
8914;266
8949;266
8983;266
9015;266
9048;266
9079;266
9110;266
9142;266
9183;266
9215;266
9252;267
9284;267
9316;267
9348;267
9395;267
9430;267
9459;267
9491;267
9529;267
9562;267
9599;267
9633;267
9668;267
9701;267
9738;267
9775;267
9812;267
9847;267
9878;267
9912;267
9946;267
9982;267
10015;267
10052;267
10084;264
10122;264
10154;264
10192;264
10228;264
10261;264
10292;264
10324;264
10358;264
10392;264
10425;264
10458;264
10489;264
10523;264
10558;264
10594;264
10630;264
10665;264
10702;264
10741;264
10771;264
10804;264
10841;264
10877;264
10909;264
10940;264
10973;264
11007;264
11044;264
11077;264
11110;264
11142;264
11174;264
11207;264
11244;264
11278;264
11315;264
11349;264
11381;264
11414;264
11447;264
11480;264
11517;264
11548;264
11579;263
11616;263
11649;263
11685;263
11717;263
11749;263
11791;263
11822;263
11859;263
11898;263
11951;263
11983;263
12016;263
12047;263
12079;263
12126;263
12160;263
12198;263
12233;263
12267;263
12309;263
12342;263
12374;263
12406;263
12438;263
12474;263
12510;263
12543;263
12577;263
12610;263
12642;263
12679;263
12711;263
12748;263
12779;263
12811;263
12842;263
12878;263
12910;263
12945;263
12978;263
13014;263
13051;263
13087;263
13121;263
13154;263
13187;263
13223;263
13255;263
13289;263
13321;263
13353;263
13383;263
13413;263
13450;263
13486;263
13519;263
13552;263
13587;263
13619;263
13651;263
13689;264
13723;264
13758;264
13791;264
13825;264
13858;264
13893;264
13930;264
13964;264
13997;264
14029;264
14060;264
14097;264
14129;264
14162;264
14194;264
14226;264
14259;264
14291;264
14329;264
14359;264
14393;264
14425;264
14458;264
14495;264
14526;264
14561;264
14597;264
14633;264
14665;264
14698;264
14740;264
14783;264
14819;265
14852;265
14883;265
14918;265
14951;265
14985;265
15017;265
15049;264
15083;265
15116;265
15155;265
15189;265
15225;265
15258;265
15290;265
15322;265
15358;265
15390;265
15430;265
15463;265
15497;265
15533;265
15570;265
15605;268
15636;268
15670;268
15701;268
15733;268
15768;268
15801;268
15837;268
15880;268
15914;270
15954;269
15990;269
16025;270
16058;270
16094;270
16125;270
16157;270
16195;270
16226;270
16256;270
16288;267
16319;267
16355;267
16389;267
16421;267
16456;267
16496;267
16537;267
16569;267
16601;267
16634;267
16664;267
16696;267
16738;267
16771;267
16804;267
16836;267
16867;267
16898;267
16933;267
16966;267
17001;267
17033;267
17065;264
17100;264
17135;264
17168;264
17200;264
17231;264
17265;264
17299;264
17333;264
17367;264
17399;264
17433;264
17468;264
17499;264
17531;264
17569;264
17600;264
17632;264
17671;264
17703;264
17743;264
17778;264
17809;264
17844;264
17879;264
17912;264
17979;264
18010;264
18063;264
18094;264
18134;264
18170;264
18205;262
18240;262
18272;262
18303;262
18335;262
18366;262
18400;262
18436;262
18469;262
18502;262
18533;262
18564;262
18602;262
18640;259
18676;259
18708;259
18744;260
18783;260
18816;260
18847;260
18879;260
18913;260
18945;260
18975;260
19010;260
19042;260
19079;260
19109;260
19146;260
19177;260
19208;260
19240;260
19272;260
19302;260
19333;260
19370;260
19402;260
19434;260
19477;260
19511;260
19543;260
19589;260
19629;260
19660;260
19693;260
19725;260
19758;260
19790;260
19822;260
19860;260
19897;260
19931;260
19965;260
20000;259
20031;259
20063;259
20094;259
20125;259
20155;259
20191;259
20222;259
20253;259
20286;259
20317;259
20352;259
20387;259
20425;259
20461;259
20495;259
20525;259
20558;259
20590;259
20622;259
20660;259
20692;259
20722;259
20753;259
20796;259
20860;259
20918;259
20951;259
20983;259
21019;259
21050;259
21081;258
21116;258
21150;258
21185;258
21223;258
21256;258
21289;258
21324;258
21357;258
21391;258
21426;258
21463;258
21492;258
21526;258
21558;258
21592;258
21621;258
21654;258
21686;258
21716;258
21763;258
21824;259
21880;259
21931;259
21969;259
22002;259
22034;259
22065;259
22100;259
22138;259
22173;259
22207;259
22244;259
22279;259
22314;259
22344;259
22380;259
22414;259
22450;259
22482;259
22515;259
22550;259
22586;259
22623;259
22672;259
22712;259
22745;260
22778;260
22813;260
22845;260
22877;260
22909;260
22942;260
22974;260
23005;260
23036;260
23067;260
23099;260
23130;260
23163;260
23194;260
23226;260
23259;260
23292;260
23324;260
23357;260
23388;260
23426;260
23464;260
23502;260
23534;260
23571;260
23605;260
23636;260
23667;260
23698;260
23729;260
23760;260
23795;260
23829;260
23862;260
23896;260
23932;260
23979;260
24024;260
24055;260
24087;260
24119;260
24158;260
24202;260
24241;260
24272;260
24306;260
24336;260
24368;260
24401;260
24435;260
24467;260
24505;260
24536;260
24569;260
24602;260
24636;260
24669;260
24702;260
24736;260
24768;260
24805;260
24838;260
24871;260
24903;260
24939;260
24971;260
25005;260
25040;260
25071;260
25101;260
25135;260
25168;260
25200;259
25242;259
25275;259
25305;259
25340;259
25373;259
25408;259
25441;259
25471;259
25503;259
25534;259
25570;259
25602;259
25636;259
25670;259
25702;259
25735;259
25768;259
25803;259
25834;259
25871;259
25905;259
25937;259
25969;259
26003;259
26034;259
26067;259
26099;259
26132;259
26163;259
26202;259
26233;259
26272;259
26304;259
26336;259
26370;259
26399;259
26430;259
26463;259
26496;259
26532;259
26565;259
26601;259
26633;259
26666;259
26697;260
26729;260
26760;260
26792;260
26830;260
26860;260
26901;260
26932;260
26965;260
26998;260
27030;260
27066;260
27101;260
27134;260
27169;260
27204;260
27239;260
27271;260
27307;260
27338;260
27369;260
27402;260
27434;260
27466;260
27496;260
27528;260
27566;260
27598;260
27629;263
27661;263
27692;263
27730;263
27765;263
27797;263
27827;263
27862;263
27893;263
27926;263
27959;263
27994;263
28030;263
28062;263
28095;263
28130;263
28165;263
28198;263
28231;263
28267;263
28299;263
28334;263
28368;263
28403;263
28435;263
28465;263
28500;263
28531;263
28565;263
28602;263
28632;262
28663;262
28696;262
28732;262
28769;262
28801;262
28835;262
28868;262
28901;262
28940;263
28975;263
29005;263
29035;263
29067;263
29100;260
29133;260
29164;260
29195;260
29227;259
29259;259
29290;259
29320;259
29360;259
29391;259
29422;259
29455;259
29490;259
29522;259
29555;259
29590;259
29629;259
29661;259
29693;259
29724;259
29757;259
29793;259
29825;259
29859;259
29888;259
29921;259
29957;259
29991;259
30027;259
30061;259
30092;259
30128;259
30161;259
30198;259
30235;259
30265;259
30295;259
30328;259
30362;258
30398;258
30431;258
30469;258
30507;258
30539;258
30574;258
30607;258
30636;258
30671;258
30700;258
30733;258
30770;258
30803;258
30835;258
30870;258
30900;258
30935;258
30967;258
31000;258
31032;258
31066;258
31096;258
31131;258
31164;258
31200;258
31232;259
31266;259
31298;259
31330;259
31366;259
31397;259
31432;259
31462;259
31498;259
31531;259
31563;259
31599;259
31634;259
31667;259
31703;259
31740;259
31773;259
31817;259
31849;259
31882;259
31913;259
31946;259
31980;259
32015;259
32052;259
32086;259
32125;259
32158;259
32197;259
32230;259
32262;259
32298;259
32335;259
32366;259
32402;259
32439;259
32472;259
32509;259
32550;259
32589;259
32626;259
32659;259
32690;259
32725;259
32759;259
32790;259
32822;259
32854;259
32892;259
32926;259
32967;259
32999;259
33031;259
33069;260
33100;260
33132;260
33165;260
33202;260
33234;260
33270;260
33302;260
33336;260
33368;260
33401;260
33436;260
33473;259
33506;259
33538;259
33572;259
33608;259
33642;259
33678;259
33710;259
33742;259
33776;259
33809;259
33843;259
33874;259
33907;259
33940;259
33981;259
34019;259
34054;259
34092;259
34125;259
34155;259
34194;259
34226;259
34261;259
34294;259
34326;259
34358;259
34392;259
34428;259
34459;259
34491;259
34522;259
34557;259
34589;259
34622;259
34661;259
34691;259
34721;259
34753;259
34786;259
34824;259
34856;259
34890;259
34923;259
34957;259
34988;259
35022;259
35054;259
35084;259
35116;259
35148;259
35179;259
35214;259
35244;259
35275;259
35312;259
35345;259
35376;259
35407;259
35440;259
35476;259
35508;259
35542;259
35575;259
35614;259
35655;259
35695;259
35737;259
35769;259
35800;259
35832;259
35863;259
35895;259
35930;259
35963;259
35995;259
36030;259
36063;259
36095;259
36131;259
36161;259
36193;259
36227;259
36259;259
36294;259
36327;259
36363;259
36392;259
36423;259
36459;259
36496;259
36527;259
36566;259
36597;259
36629;259
36663;259
36696;259
36728;259
36765;259
36796;259
36827;259
36860;259
36892;259
36920;259
36959;259
36994;259
37028;259
37063;259
37095;259
37127;259
37160;259
37192;259
37224;259
37256;259
37286;259
37320;259
37352;259
37385;259
37416;258
37450;258
37482;258
37522;258
37552;258
37583;258
37617;258
37647;258
37680;258
37712;258
37745;258
37777;258
37811;258
37845;258
37883;258
37916;258
37947;258
37983;258
38019;258
38055;258
38088;258
38120;258
38158;258
38193;258
38232;258
38263;258
38300;258
38331;258
38362;258
38399;258
38431;258
38461;258
38493;258
38525;258
38564;258
38597;258
38628;258
38663;258
38692;258
38724;258
38757;258
38791;258
38821;258
38857;258
38890;258
38920;258
38955;258
38985;258
39020;258
39059;258
39090;258
39122;258
39157;258
39191;258
39228;258
39261;258
39295;258
39335;258
39368;258
39405;258
39437;258
39471;258
39527;258
39570;258
39601;258
39633;258
39670;258
39704;258
39737;258
39768;258
39799;258
39833;258
39864;258
39897;258
39933;258
39970;258
40004;258
40037;258
40071;258
40104;258
40142;258
40174;258
40205;258
40239;258
40275;258
40311;258
40341;258
40371;258
40405;258
40437;258
40469;258
40502;258
40537;258
40567;258
40595;258
40632;258
40665;258
40695;258
40726;258
40769;258
40802;258
40836;258
40871;258
40910;258
40940;258
40973;258
41010;258
41040;258
41089;258
41123;258
41155;258
41195;258
41233;258
41267;258
41298;258
41330;258
41362;258
41400;258
41432;258
41470;258
41501;258
41534;258
41570;259
41603;259
41636;259
41668;259
41701;259
41737;259
41773;259
41811;259
41845;259
41881;259
41914;259
41945;259
41981;259
42014;259
42047;259
42081;260
42115;260
42147;260
42179;260
42212;260
42247;260
42285;260
42316;260
42351;260
42386;260
42426;260
42461;260
42493;260
42524;260
42554;260
42587;260
42624;260
42660;260
42691;260
42732;260
42763;260
42796;260
42829;260
42862;260
42896;260
42933;260
42970;260
43005;260
43040;260
43071;260
43101;260
43135;260
43166;260
43199;260
43234;260
43265;260
43301;260
43338;260
43369;260
43400;260
43431;260
43467;267
43498;267
43530;267
43562;267
43597;267
43637;267
43668;267
43702;267
43732;267
43765;267
43802;267
43836;267
43873;267
43906;267
43937;267
43970;267
44005;267
44041;267
44091;263
44138;263
44172;263
44208;263
44253;263
44284;263
44322;263
44353;263
44383;263
44414;263
44446;263
44480;263
44511;263
44544;263
44580;263
44615;263
44650;263
44681;263
44712;263
44743;263
44775;263
44808;263
44838;263
44868;263
44901;263
44938;263
44970;263
45001;263
45035;263
45066;263
45102;263
45133;263
45171;263
45221;263
45256;263
45289;263
45324;263
45356;263
45388;263
45422;263
45454;263
45490;263
45522;263
45554;263
45585;263
45617;263
45652;263
45686;263
45715;263
45750;263
45783;263
45821;263
45850;263
45880;263
45912;263
45948;263
45989;263
46024;263
46057;263
46107;263
46144;263
46179;263
46214;263
46245;263
46279;263
46311;263
46347;263
46377;263
46411;263
46443;263
46479;263
46515;263
46545;263
46583;263
46617;263
46648;263
46681;263
46715;263
46746;264
46781;264
46814;264
46846;264
46874;264
46906;264
46940;264
46974;264
47005;264
47042;264
47077;264
47107;264
47139;264
47174;264
47217;264
47256;264
47287;264
47317;264
47353;264
47387;264
47418;264
47457;264
47488;264
47519;264
47550;264
47581;264
47613;264
47647;264
47677;264
47707;264
47740;263
47771;263
47802;263
47836;263
47871;263
47906;263
47941;264
47977;264
48009;264
48044;264
48082;264
48119;264
48154;264
48195;264
48230;264
48266;264
48301;264
48333;264
48366;264
48404;264
48440;264
48474;264
48506;264
48548;264
48580;264
48617;264
48649;264
48680;264
48714;264
48751;264
48798;265
48834;265
48863;265
48905;265
48935;265
48970;265
49003;265
49036;265
49068;265
49099;265
49130;265
49172;265
49206;265
49242;263
49277;263
49312;260
49345;260
49377;260
49416;260
49448;260
49481;260
49516;260
49551;260
49581;260
49613;260
49645;260
49681;260
49712;260
49748;260
49781;260
49814;260
49856;260
49886;260
49917;260
49949;260
49981;260
50013;260
50049;260
50085;260
50120;260
50151;260
50187;260
50227;260
50260;260
50292;260
50325;260
50356;260
50388;260
50423;260
50454;260
50488;260
50523;260
50554;260
50586;260
50618;260
50650;260
50680;260
50718;260
50750;260
50783;260
50815;260
50846;260
50878;260
50912;260
50945;260
50983;260
51015;260
51047;260
51083;260
51115;260
51151;260
51185;260
51220;260
51258;260
51287;260
51317;260
51349;260
51384;260
51416;260
51448;260
51480;260
51510;260
51545;260
51577;260
51613;260
51648;260
51679;260
51718;260
51750;260
51785;260
51820;260
51853;260
51889;260
51924;260
51960;260
51991;260
52024;260
52054;261
52087;261
52121;261
52154;260
52187;260
52230;260
52263;260
52303;260
52335;260
52367;260
52399;260
52430;260
52468;260
52500;260
52532;260
52569;260
52602;260
52634;260
52665;260
52698;260
52743;260
52782;260
52816;260
52849;260
52881;260
52919;260
52958;260
52991;260
53024;260
53057;260
53090;260
53126;260
53162;260
53194;260
53229;260
53270;260
53303;260
53336;260
53388;260
53423;260
53455;260
53487;260
53517;260
53552;260
53583;260
53621;260
53652;260
53684;260
53715;260
53752;260
53784;260
53816;260
53850;260
53885;260
53917;260
53948;260
53982;260
54020;260
54055;260
54086;260
54125;260
54181;260
54214;260
54246;260
54282;260
54318;259
54353;259
54384;259
54415;259
54449;259
54481;259
54513;259
54547;259
54580;259
54611;259
54649;259
54681;259
54717;259
54749;259
54783;259
54818;259
54852;259
54909;259
54950;259
54983;259
55024;259
55057;259
55089;259
55123;259
55155;259
55190;259
55228;259
55260;259
55296;259
55332;259
55369;259
55401;259
55436;259
55464;259
55499;259
55532;259
55567;259
55599;259
55630;259
55661;259
55699;259
55730;259
55764;259
55797;259
55832;259
55862;259
55899;259
55931;259
55964;259
56004;259
56060;259
56118;259
56177;259
56220;259
56282;259
56357;259
56430;259
56485;259
56569;259
56603;259
56633;259
56672;259
56705;259
56738;259
56773;259
56807;259
56839;257
56874;257
56906;256
56940;256
56973;256
57004;256
57043;256
57075;256
57111;256
57143;256
57174;256
57208;256
57239;256
57270;256
57302;256
57334;256
57366;256
57405;256
57437;256
57470;256
57501;256
57531;256
57566;256
57601;256
57633;256
57671;256
57703;256
57739;256
57774;256
57804;256
57835;256
57870;256
57901;256
57932;256
57969;256
58003;256
58043;256
58079;256
58107;256
58137;256
58172;256
58207;256
58244;256
58281;256
58313;256
58350;256
58381;256
58413;256
58449;256
