213;83
346;83
470;83
583;83
655;83
741;83
807;83
877;83
953;83
1046;83
1141;83
1204;83
1268;83
1333;83
1399;83
1485;83
1552;83
1624;83
1687;83
1753;83
1816;83
1891;83
1993;83
2103;83
2189;83
2275;83
2337;83
2404;83
2477;83
2542;83
2613;83
2684;83
2752;83
2814;83
2881;83
2946;83
3000;83
3056;83
3120;83
3180;83
3240;83
3298;83
3355;83
3409;83
3471;83
3533;83
3602;83
3673;83
3747;83
3818;83
3920;83
3974;83
4032;83
4088;83
4147;83
4205;83
4267;83
4322;83
4378;83
4435;83
4490;83
4547;83
4603;83
4667;83
4722;83
4778;83
4843;83
4896;83
4951;83
5008;83
5064;83
5119;83
5174;83
5233;83
5292;83
5349;83
5408;83
5468;83
5525;83
5580;83
5636;83
5697;83
5764;83
5838;83
5916;83
5988;83
6061;83
6132;83
6202;83
6277;83
6349;83
6432;83
6486;83
6540;83
6596;83
6652;83
6710;83
6765;83
6820;83
6884;83
6939;83
6998;83
7062;83
7117;83
7172;83
7228;83
7285;83
7341;83
7397;83
7454;83
7510;83
7566;83
7623;83
7684;83
7738;83
7795;83
7858;83
7915;83
7970;83
8026;83
8080;83
8137;83
8196;83
8261;83
8320;83
8376;83
8430;83
8487;83
8546;83
8602;83
8658;83
8713;83
8768;83
8829;83
8885;83
8940;83
8996;83
9052;83
9108;83
9168;78
9222;78
9278;78
9335;78
9391;78
9452;78
9507;78
9565;78
9620;78
9676;78
9733;78
9789;78
9846;78
9902;78
9960;78
10018;78
10084;78
10140;78
10197;78
10252;78
10307;78
10365;78
10421;78
10475;78
10529;78
10584;78
10645;78
10701;78
10756;78
10810;78
10867;78
10926;78
10982;78
11041;78
11097;78
11154;78
11209;78
11271;78
11326;78
11383;78
11441;78
11501;78
11564;78
11623;78
11685;78
11744;78
11798;78
11862;78
11922;78
11980;78
12041;78
12096;78
12151;78
12210;78
12262;78
12318;78
12373;78
12433;78
12489;78
12545;78
12602;78
12658;78
12714;78
12772;78
12828;78
12892;78
12956;78
13015;78
13077;78
13136;78
13195;80
13250;80
13305;80
13360;80
13416;80
13474;80
13536;80
13598;80
13657;80
13711;80
13766;80
13821;80
13876;78
13934;78
13991;78
14046;78
14101;78
14158;78
14215;78
14280;78
14335;78
14390;78
14445;78
14502;78
14557;78
14612;78
14671;78
14730;78
14786;78
14859;78
14911;78
14967;78
15028;78
15082;78
15145;78
15199;78
15254;78
15309;78
15364;78
15425;78
15480;78
15539;78
15595;78
15652;78
15708;78
15764;78
15821;78
15877;78
15934;78
16000;78
16061;78
16122;78
16178;78
16233;78
16288;78
16346;78
16403;78
16459;78
16519;78
16575;78
16634;78
16689;78
16745;78
16804;78
16862;78
16919;78
16974;78
17030;78
17087;78
17145;78
17202;78
17262;78
17320;78
17374;78
17432;78
17487;78
17543;78
17598;78
17654;78
17712;78
17767;78
17824;78
17879;78
17935;78
17995;78
18050;78
18109;78
18165;78
18219;78
18276;78
18331;78
18386;78
18448;78
18501;78
18557;78
18616;78
18672;78
18727;78
18783;78
18839;78
18895;78
18950;78
19006;78
19069;78
19124;78
19179;78
19236;78
19293;78
19348;78
19407;78
19463;78
19521;78
19575;78
19634;78
19690;78
19748;79
19802;79
19859;79
19914;79
19973;79
20030;79
20085;79
20143;79
20197;79
20262;79
20318;79
20373;79
20430;79
20488;79
20548;79
20602;78
20660;79
20715;79
20772;79
20833;79
20894;79
20951;79
21008;79
21063;79
21118;79
21177;79
21233;79
21289;79
21348;79
21404;79
21474;84
21531;84
21586;84
21640;84
21695;84
21751;84
21808;84
21866;84
21920;84
21980;84
22043;84
22098;84
22157;84
22213;84
22268;84
22325;84
22381;84
22444;84
22502;84
22558;84
22615;84
22677;84
22732;84
22787;84
22844;84
22898;84
22953;84
23011;84
23070;84
23129;84
23184;84
23245;84
23302;84
23359;84
23411;84
23466;84
23522;84
23581;84
23638;84
23692;84
23747;84
23802;84
23866;84
23922;84
23979;84
24037;84
24092;84
24146;84
24203;84
24255;84
24310;84
24364;84
24423;84
24479;84
24533;84
24588;84
24643;84
24696;84
24752;84
24806;84
24877;84
24932;84
24992;84
25052;84
25107;84
25163;84
25221;84
25277;84
25330;84
25391;84
25450;84
25505;84
25561;84
25618;84
25677;84
25732;84
25790;84
25852;84
25906;84
25964;84
26022;84
26076;84
26134;84
26190;84
26254;84
26308;84
26362;84
26420;84
26484;84
26534;84
26588;84
26644;84
26698;84
26754;84
26810;84
26870;84
26929;84
26987;84
27041;84
27096;84
27152;84
27211;84
27264;84
27318;84
27372;84
27431;84
27485;84
27544;84
27601;84
27657;84
27710;84
27764;84
27819;83
27878;83
27932;83
27988;83
28052;83
28106;83
28162;83
28216;83
28270;83
28324;83
28385;83
28443;83
28502;83
28557;83
28612;83
28672;83
28730;83
28785;83
28839;83
28895;83
28949;83
29005;83
29059;83
29117;83
29171;83
29229;83
29287;83
29345;83
29400;83
29462;83
29516;83
29572;83
29626;83
29687;83
29739;83
29792;83
29855;83
29913;83
29971;83
30034;83
30092;83
30147;83
30205;83
30266;83
30319;83
30373;83
30433;83
30491;83
30546;83
30602;83
30658;83
30713;83
30777;83
30828;83
30882;83
30937;83
30991;83
31052;83
31107;83
31161;83
31216;83
31270;83
31329;83
31381;83
31436;83
31494;83
31550;83
31605;83
31666;83
31720;83
31784;83
31845;83
31903;83
31957;83
32013;83
32071;83
32127;83
32181;83
32243;83
32297;83
32352;83
32410;83
32462;83
32517;83
32571;83
32627;83
32682;83
32736;83
32791;83
32855;83
32914;84
32978;84
33035;84
33088;84
33143;83
33197;83
33259;83
33317;83
33370;83
33433;83
33488;83
33548;83
33611;83
33675;83
33737;83
33790;83
33844;83
33905;83
33959;83
34015;83
34076;83
34130;83
34185;83
34241;83
34299;83
34353;83
34413;83
34467;83
34521;83
34580;83
34642;83
34696;83
34752;83
34808;83
34867;83
34923;83
34980;83
35039;83
35098;83
35161;83
35236;83
35302;83
35357;83
35413;83
35469;83
35525;83
35581;83
35635;83
35694;83
35751;83
35808;78
35868;78
35933;78
36026;78
36138;78
36193;78
36248;78
36303;78
36358;78
36423;78
36478;78
36533;78
36587;78
36642;78
36697;78
36753;78
36808;78
36863;78
36918;78
36979;78
37034;78
37088;78
37146;78
37201;78
37256;78
37310;78
37364;78
37425;78
37482;78
37543;78
37597;78
37661;78
37717;78
37773;78
37829;78
37889;78
37945;78
38000;78
38086;78
38141;78
38194;78
38254;78
38308;78
38366;78
38420;78
38475;78
38529;78
38583;78
38641;78
38705;78
38755;78
38807;78
38870;78
38924;78
38979;78
39037;78
39091;78
39146;78
39208;79
39269;79
39324;79
39379;79
39439;79
39499;79
39552;79
39607;79
39661;79
39715;79
39770;79
39824;79
39879;79
39935;79
39991;79
40056;79
40115;79
40188;79
40246;79
40299;79
40352;79
40408;79
40464;79
40518;79
40574;79
40634;79
40697;79
40765;79
40821;79
40875;79
40955;79
41055;79
41119;79
41181;79
41291;81
41345;81
41399;81
41454;81
41514;81
41571;81
41625;81
41684;81
41738;81
41793;81
41856;81
41917;81
41971;81
42026;81
42086;81
42143;81
42199;81
42256;81
42310;81
42365;81
42424;81
42479;81
42535;81
42592;81
42648;81
42705;81
42762;81
42814;81
42870;81
42924;81
42983;81
43044;81
43098;81
43152;81
43205;81
43259;81
43313;81
43369;81
43424;81
43486;81
43538;81
43595;81
43662;81
43716;79
43774;79
43831;79
43886;79
43942;79
43998;79
44054;79
44115;79
44169;79
44237;79
44289;79
44342;79
44397;79
44452;79
44508;79
44561;79
44618;79
44674;78
44730;78
44784;78
44853;78
44907;78
44971;78
45024;78
45078;78
45135;78
45189;78
45243;78
45299;78
45355;78
45409;78
45469;78
45524;78
45579;78
45637;78
45689;78
45746;78
45801;78
45857;78
45913;78
45966;78
46024;78
46080;78
46138;78
46194;78
46251;78
46303;78
46358;78
46420;78
46474;78
46531;78
46589;78
46650;78
46705;78
46759;78
46814;78
46877;78
46929;78
46983;78
47038;78
47092;78
47147;78
47204;78
47265;78
47319;78
47373;78
47437;78
47490;78
47543;78
47598;78
47653;78
47707;78
47762;78
47818;78
47875;78
47930;78
47992;78
48047;78
48107;78
48165;78
48224;78
48279;78
48335;78
48393;78
48454;78
48508;78
48567;78
48623;78
48678;78
48733;78
48788;78
48843;78
48899;78
48955;78
49010;78
49074;78
49133;78
49188;78
49243;78
49298;78
49353;78
49407;78
49463;78
49526;78
49581;78
49644;78
49700;78
49754;78
49808;78
49867;78
49942;78
50001;78
50057;78
50128;78
50204;78
50261;78
50314;78
50368;78
50423;78
50477;78
50532;78
50589;78
50645;78
50700;78
50754;78
50811;78
50871;78
50929;78
50982;78
51038;78
51095;78
51153;78
51208;78
51263;78
51320;78
51375;78
51443;78
51506;78
51562;78
51618;78
51674;78
51736;78
51793;78
51848;78
51903;78
51961;78
52016;78
52074;78
52145;78
52214;78
52269;78
52327;78
52382;78
52444;78
52502;78
52557;78
52620;78
52680;78
52733;78
52789;78
52845;78
52900;78
52956;78
53032;78
53087;78
53148;83
53203;83
53264;83
53321;83
53375;83
53439;83
53490;83
53543;83
53599;83
53653;83
53709;83
53763;83
53819;83
53878;83
53936;78
53989;78
54048;78
54102;78
54180;78
54248;78
54301;78
54356;78
54410;78
54470;78
54546;78
54600;78
54655;78
54710;78
54765;78
54822;78
54878;78
54932;78
54996;78
55054;78
55108;78
55164;78
55222;78
55276;78
55330;78
55384;78
55441;78
55497;78
55551;78
55612;78
55674;78
55736;78
55790;78
55845;78
55899;78
55954;78
56009;78
56080;78
56141;78
56225;78
56281;78
56336;78
56392;78
56451;78
56505;78
56561;78
56617;78
56675;78
56729;78
56784;78
56845;78
56901;78
56956;78
57012;78
57074;78
57127;78
57184;78
57238;78
57294;78
57348;78
57402;78
57463;78
57517;78
57573;78
57630;78
57691;78
57743;78
57797;78
57856;78
57911;78
57965;78
58025;78
58082;78
58138;78
58222;78
58277;78
58332;78
58385;78
58444;78
58500;78
58555;78
58609;78
58669;78
58725;78
58780;78
58839;78
58897;78
58951;78
59006;78
59062;78
59117;78
59174;78
59235;78
59291;78
59345;78
59407;78
59458;78
59511;78
59568;78
59622;78
59678;78
59737;80
59793;80
59854;80
59918;80
59970;80
60023;80
60077;80
60132;80
60201;80
60274;80
60331;80
60386;80
60450;80
60504;80
60570;80
60622;80
60678;80
60739;80
60793;80
60849;80
60903;80
60957;80
61013;80
61078;80
61136;80
61191;80
61246;80
61309;80
61361;80
61414;80
61469;80
61525;80
61583;80
61644;80
61699;80
61755;80
61812;80
61870;80
61924;80
61979;80
62036;80
62094;80
62149;80
62223;80
62296;80
62351;78
62408;78
62462;78
62517;78
62572;78
62626;78
62681;78
62735;78
62790;78
62857;78
62910;78
62965;78
63021;78
63077;78
63132;78
63188;78
63245;78
63299;78
63354;78
63408;78
63467;78
63523;78
63578;78
63644;78
63718;78
63785;78
63840;78
63895;78
63949;78
64007;78
64066;78
64122;78
64176;78
64255;78
64314;78
64372;78
64427;78
64482;78
64536;78
64592;78
64663;78
64715;78
64773;78
64828;78
64883;78
64947;78
65007;78
65062;78
65124;78
65179;78
65237;78
65295;78
65350;78
65404;78
65466;78
65518;78
65578;78
65637;78
65693;78
65747;78
65802;78
65863;78
65917;78
65972;78
66029;78
66084;78
66138;78
66194;78
66279;78
66334;78
66389;78
66450;78
66504;78
66559;78
66617;78
66671;78
66725;78
66781;78
66844;78
66900;78
66955;78
67020;78
67076;78
67130;78
67185;78
67240;78
67294;78
67349;78
67406;78
67461;78
67517;78
67571;78
67629;78
67690;78
67746;78
67799;78
67859;78
67914;78
67968;78
68023;78
68080;78
68135;78
68189;78
68265;78
68337;78
68392;78
68451;78
68505;78
68561;78
68617;78
68673;78
68727;78
68785;78
68850;78
68904;78
68960;78
69017;78
69082;78
69136;78
69191;78
69246;78
69300;78
69355;78
69411;78
69473;78
69527;78
69581;78
69637;78
69698;78
69750;78
69804;78
69864;78
69920;78
69974;78
70034;78
70089;78
70145;78
70199;78
70254;78
70318;78
70374;78
70428;78
70482;78
70538;78
70592;78
70657;78
70712;78
70768;78
70822;78
70890;78
70942;78
70996;78
71053;78
71114;78
71170;78
71227;78
71286;80
71341;80
71410;80
71461;80
71517;80
71573;78
71628;78
71682;78
71740;78
71798;78
71862;78
71928;78
71980;78
72034;78
72089;78
72144;78
72200;78
72255;78
72320;78
72376;78
72435;78
72491;78
72546;78
72603;78
72657;78
72712;78
72767;78
72823;78
72878;78
72938;78
72994;78
73055;78
73110;78
73166;78
73220;78
73274;78
73337;78
73389;78
73444;78
73501;78
73556;78
73612;78
73676;78
73729;78
73785;78
73841;78
73895;78
73951;78
74006;78
74070;78
74125;78
74179;78
74238;78
74316;78
74378;78
74434;78
74497;78
74552;78
74606;78
74662;78
74716;78
74772;78
74830;78
74887;78
74961;78
75035;78
75092;78
75146;78
75200;78
75256;78
75310;78
75368;78
75428;78
75485;78
75543;78
75598;78
75660;78
75715;78
75770;78
75824;78
75885;78
75948;78
76007;78
76067;78
76120;78
76174;78
76230;78
76291;78
76367;78
76423;78
76477;78
76532;78
76588;78
76648;78
76703;78
76759;78
76824;78
76879;78
76934;78
76994;78
77051;78
77107;78
77164;78
77220;78
77282;78
77336;78
77391;78
77445;78
77503;78
77560;78
77628;78
77680;78
77734;78
77788;78
77853;78
77907;78
77965;78
78019;78
78074;78
78132;78
78186;78
78242;78
78298;78
78359;78
78423;78
78481;78
78536;78
78601;78
78677;78
78729;78
78785;78
78840;78
78894;78
78950;78
79012;78
79084;78
79139;78
79194;78
79248;78
79303;78
79359;78
79414;78
79473;78
79528;78
79583;78
79643;78
79714;78
79774;78
79827;78
79883;78
79940;78
79994;78
80056;78
80111;78
80167;78
80223;78
80280;78
80337;78
80393;78
80448;78
80503;78
80570;78
80633;78
80688;78
80756;78
80808;78
80867;78
80922;78
80976;78
81030;78
81084;78
81140;78
81196;78
81251;78
81307;78
81361;78
81415;78
81475;78
81529;78
81585;78
81640;78
81705;78
81757;78
81813;78
81869;78
81922;78
81977;78
82035;78
82089;78
82161;78
82216;78
82271;78
82328;78
82388;78
82443;78
82498;78
82556;78
82613;78
82674;78
82729;78
82784;78
82849;78
82922;78
82976;78
83031;78
83092;78
83147;78
83201;78
83262;78
83316;78
83370;78
83424;78
83482;78
83536;78
83590;78
83664;78
83721;78
83776;78
83837;78
83892;78
83947;78
84007;78
84060;78
84113;78
84168;78
84225;78
84279;78
84334;78
84390;78
84454;78
84508;78
84560;78
84616;78
84675;78
84732;78
84786;78
84842;78
84896;78
84950;78
85005;78
85067;78
85119;78
85175;78
85247;78
85301;78
85355;78
85408;78
85462;78
85516;78
85577;78
85635;78
85692;78
85746;78
85803;78
85859;78
85914;78
85976;78
86038;78
86090;78
86144;78
86200;78
86259;78
86313;78
86379;78
86432;78
86487;78
86542;78
86595;78
86650;78
86704;78
86779;78
86839;78
86895;78
86949;78
87009;78
87061;78
87114;78
87169;78
87224;78
87281;78
87335;78
87390;78
87452;78
87514;78
87568;78
87623;78
87678;78
87732;78
87789;78
87848;78
87916;78
87969;78
88023;78
88081;78
88136;78
88202;78
88274;78
88348;78
88410;78
88463;78
88519;78
88576;78
88634;78
88689;78
88746;78
88801;78
88860;78
88912;78
88968;78
89030;78
89085;78
89141;78
89195;78
89259;78
89313;78
89369;78
89423;78
89479;78
89536;78
89591;78
89650;78
89703;78
89757;78
89815;78
89874;78
89928;78
89983;78
90042;78
90096;78
90152;78
90207;78
90267;78
90321;78
90377;78
90445;78
90498;78
90554;78
90610;78
90667;78
90722;78
90777;78
90832;78
90887;78
90941;78
90997;78
91060;78
91115;78
91169;78
91226;78
91280;78
91335;78
91391;78
91446;78
91500;78
91555;78
91610;78
91671;78
91728;78
91783;78
91844;78
91909;78
91961;78
92016;78
92072;78
92127;78
92181;78
92239;78
92294;78
92350;78
92407;78
92464;78
92520;78
92585;78
92636;78
92689;78
92747;78
92801;78
92864;78
92920;78
92974;78
93032;78
93086;78
93142;78
93196;78
93257;78
93311;78
93368;78
93425;78
93486;78
93544;78
93599;78
93653;78
93709;78
93764;78
93818;78
93878;78
93930;78
93983;78
94050;78
94112;78
94166;78
94221;78
94276;78
94331;78
94389;78
94449;78
94510;78
94562;78
94616;78
94675;78
94729;78
94785;78
94839;78
94895;78
94949;78
95006;78
95066;78
95123;78
95177;78
95234;78
95290;78
95345;78
95400;78
95454;78
95508;78
95562;78
95621;78
95680;78
95737;78
95791;78
95853;78
95925;78
96024;78
96115;78
96172;78
96226;78
96279;78
96340;78
96393;78
96455;78
96510;78
