788;292
1010;292
1262;292
1447;292
1637;292
1816;292
2009;292
2316;292
2567;292
2756;292
2932;292
3122;292
3398;292
3736;292
4076;292
4585;292
4799;292
5045;292
5352;292
5575;292
5762;292
6028;292
6368;292
6566;292
6815;292
7082;292
7316;292
7543;292
7909;292
8185;292
8362;292
8569;292
8811;292
8993;292
9170;292
9341;292
9531;292
9706;292
9916;292
10114;292
10281;292
10453;292
10616;292
10816;292
11046;292
11218;292
11381;292
11544;292
11705;292
11867;292
12024;292
12180;292
12335;292
12489;292
12642;292
12803;292
12964;292
13113;292
13257;292
13397;292
13533;292
13670;292
13809;292
13952;292
14096;292
14234;292
14379;292
14535;292
14667;292
14797;292
14930;292
15103;288
15274;285
15436;284
15589;280
15710;280
15858;273
15972;273
16112;269
16248;268
16414;260
16521;260
16647;260
16753;260
16859;260
16986;259
17088;259
17191;259
17293;259
17403;259
17498;259
17594;259
17691;259
17785;259
17878;259
17977;259
18070;259
18163;259
18255;259
18350;259
18449;259
18546;259
18641;259
18755;259
18860;259
18972;259
19065;259
19160;259
19256;259
19350;259
19443;259
19537;259
19631;259
19727;259
19823;259
19916;259
20009;259
20101;259
20194;259
20294;259
20389;259
20481;259
20576;259
20668;259
20761;259
20860;259
20959;259
21050;259
21147;259
21241;259
21336;259
21431;259
21524;259
21627;259
21759;259
21894;259
21988;259
22083;259
22217;259
22351;259
22455;259
22566;259
22698;259
22815;259
22918;259
23012;259
23107;259
23200;259
23297;259
23408;259
23509;259
23612;259
23712;259
23805;259
23899;259
23992;259
24085;259
24179;259
24347;259
24493;259
24664;259
24797;259
24900;259
24999;259
25095;259
25207;259
25368;259
25515;259
25654;259
25763;259
25859;259
25954;259
26046;259
26141;259
26235;259
26339;259
26447;259
26556;259
26654;259
26748;259
26843;259
26939;259
27037;259
27177;259
27316;259
27454;259
27598;259
27710;259
27805;259
27906;259
28029;259
28123;259
28218;259
28312;259
28407;259
28498;259
28625;259
28766;259
28870;259
28970;259
29065;259
29160;259
29251;259
29361;259
29500;259
29643;259
29794;259
29932;259
30072;259
30209;259
30352;259
30488;259
30625;259
30771;259
30904;259
31052;259
31162;259
31255;259
31348;259
31441;259
31535;259
31634;259
31737;259
31852;259
32010;259
32151;259
32285;259
32436;259
32584;259
32753;259
32906;259
33033;259
33126;259
33219;259
33313;259
33406;259
33499;259
33591;259
33685;259
33781;259
33874;259
33974;259
34072;259
34172;259
34278;259
34447;259
34614;259
34732;259
34825;259
34918;259
35024;259
35117;259
35214;259
35314;259
35417;259
35510;259
35612;259
35717;259
35824;259
35928;259
36036;259
36131;259
36234;259
36357;259
36516;259
36697;259
36837;259
36932;259
37070;259
37210;259
37375;259
37556;259
37735;259
37902;259
38045;259
38193;259
38338;259
38501;259
38672;259
38833;259
39046;259
39210;259
39406;259
39640;259
39875;259
40101;259
40289;259
40489;259
40646;259
40845;259
41006;259
41191;259
41402;259
41583;259
41769;259
41950;259
42102;259
42202;259
42296;259
42394;259
42488;259
42619;258
42764;258
42905;258
43048;258
43190;258
43308;258
43401;258
43495;258
43594;258
43688;258
43785;258
43879;258
43972;258
44068;258
44161;258
44254;258
44411;258
44529;258
44659;258
44820;258
44958;258
45102;258
45295;258
45461;258
45559;258
45655;258
45751;258
45882;258
46020;258
46156;258
46298;258
46433;258
46529;258
46657;258
46861;258
47053;258
47223;258
47336;258
47433;258
47530;258
47626;258
47734;258
47884;258
48022;258
48172;258
48398;258
48509;258
48653;258
48805;258
48966;258
49095;258
49228;258
49341;258
49436;258
49531;258
49624;258
49720;258
49817;258
49912;258
50007;258
50100;258
50193;258
50285;258
50383;258
50499;258
50591;258
50683;258
50779;258
50873;258
50966;258
51058;258
51154;258
51252;258
51364;258
51460;258
51554;258
51647;258
51739;258
51832;258
51924;258
52019;258
52112;258
52207;258
52302;258
52398;258
52492;258
52586;258
52678;258
52777;258
52872;258
52969;258
53063;258
53158;258
53266;258
53360;258
53456;258
53601;258
53699;258
53794;258
53927;258
54055;258
54152;258
54253;258
54352;258
54453;258
54555;258
54652;258
54760;258
54893;258
55035;258
55171;258
55319;258
55418;258
55513;258
55608;258
55705;258
55802;258
55960;258
56117;258
56258;258
56405;258
56541;258
56651;258
56745;258
56839;258
56935;258
57029;258
57144;258
57286;258
57403;258
57503;258
57602;258
57699;258
57796;258
57892;258
57988;258
58084;258
58181;258
58281;258
58418;258
58552;258
58649;258
58745;258
58839;258
58933;258
59028;258
59128;258
59223;258
59326;258
59420;258
59515;258
59611;258
59714;258
59810;258
59904;258
59997;258
60091;258
60194;258
60289;258
60387;258
60482;258
60583;258
60681;258
60779;258
60874;258
60970;258
61066;258
61163;258
61263;258
61364;258
61456;258
61550;258
61644;258
61740;258
61836;258
61932;258
62026;258
62125;258
62223;258
62328;258
62433;258
62527;258
62623;258
62715;258
62811;258
62909;258
63002;258
63096;258
63190;258
63286;258
63387;258
63487;258
63583;258
63694;258
63792;258
63889;258
63982;258
64079;258
64173;258
64278;258
64376;258
64470;258
64567;258
64662;258
64755;258
64853;258
64947;258
65042;258
65138;258
65240;258
65344;258
65439;258
65537;258
65632;258
65727;258
65823;258
65920;258
66017;258
66115;258
66210;258
66306;258
66402;258
66496;258
66591;258
66686;258
66786;258
66886;258
66983;258
67080;258
67176;258
67272;258
67381;258
67478;258
67575;258
67670;258
67765;258
67860;258
67954;258
68047;258
68143;258
68238;258
68339;258
68438;258
68545;258
68651;258
68748;258
68850;258
68960;258
69061;258
69155;258
69251;258
69367;258
69470;258
69565;258
69663;258
69765;258
69863;258
69959;258
70052;258
70146;258
70241;258
70338;258
70431;258
70528;258
70623;258
70718;258
70816;258
70913;258
71008;258
71106;258
71203;258
71302;258
71416;258
71513;258
71607;258
71703;258
71798;258
71891;258
71987;258
72081;258
72174;258
72285;258
72431;258
72585;258
72727;258
72856;258
72997;258
73096;258
73191;258
73285;258
73387;258
73483;258
73580;258
73676;258
73774;258
73872;258
73968;258
74083;258
74181;258
74278;258
74375;258
74486;258
74586;258
74683;258
74777;258
74873;258
74968;258
75063;258
75157;258
75255;258
75351;258
75452;258
75552;258
75649;258
75745;258
75842;258
75939;258
76040;258
76140;258
76236;258
76334;258
76433;258
76545;258
76684;258
76787;258
76885;258
76980;258
77075;258
77170;258
77264;258
77362;258
77461;258
77567;258
77664;258
77761;258
77858;258
77953;258
78050;258
78146;258
78242;258
78345;258
78439;258
78533;258
78629;258
78723;258
78822;258
78935;258
79074;258
79220;258
79386;258
79550;258
79699;258
79850;258
79989;258
80125;258
80226;258
80322;258
80416;258
80511;258
80614;258
80712;258
80807;258
80901;258
80995;258
81133;258
81278;258
81377;258
81522;258
81682;258
81867;258
82047;258
82184;258
82308;258
82445;258
82590;258
82719;258
82845;258
82977;258
83129;258
83284;258
83435;258
83601;258
83793;258
83961;258
84130;258
84235;258
84332;258
84449;258
84580;258
84678;258
84775;258
84868;258
84971;258
85081;258
85176;258
85290;258
85411;258
85516;258
85622;258
85731;258
85838;258
85933;258
86026;258
86120;258
86214;258
86309;258
86406;258
86507;258
86608;258
86703;258
86798;258
86898;258
86992;258
87087;258
87184;258
87278;258
87375;258
87471;258
87570;258
87674;258
87805;258
87975;258
88139;258
88237;258
88332;258
88446;258
88540;258
88638;258
88736;258
88837;258
88934;258
89096;258
89238;258
89365;258
89515;258
89676;258
89852;258
90014;258
90180;258
90321;258
90468;258
90619;258
90758;258
90888;258
91034;258
91192;258
91334;258
91498;258
91669;258
91840;258
91981;258
92150;258
92308;258
92470;258
92604;258
92705;258
92837;258
92991;258
93146;258
93280;258
93381;258
93484;258
93581;258
93681;258
93779;258
93874;258
93981;258
94076;258
94172;258
94265;258
94359;258
94506;258
94652;258
94790;258
94938;258
95036;258
95134;258
95228;258
95328;258
95423;258
95519;258
95630;258
95788;258
95927;258
96061;258
96213;258
96312;258
96409;258
96504;258
96616;258
96762;258
96906;258
97042;258
97174;258
97271;258
97367;258
97461;258
97556;258
97703;258
97857;258
98012;258
98221;258
98336;258
98431;258
98527;258
98624;258
98758;258
98896;258
99038;258
99176;258
99311;258
99406;258
99500;258
99594;258
99695;258
99813;258
99959;258
100105;258
100377;258
100554;258
100654;258
100750;258
100864;258
101002;258
101140;258
101272;258
101418;258
101520;258
101615;258
101715;258
101848;258
101992;258
102180;258
102426;258
102534;258
102636;258
102735;258
102837;258
102991;258
103114;258
103208;258
103304;258
103400;258
103494;258
103588;258
103697;258
103807;258
103902;258
104001;258
104097;258
104192;258
104285;258
104424;258
104538;258
104699;258
104794;258
104888;258
104982;258
105076;258
105178;258
105274;258
105371;258
105471;258
105574;258
105669;258
105769;258
105864;258
105959;258
106060;258
106151;258
106248;258
106346;258
106441;258
106537;258
106633;258
106727;258
106850;258
106985;258
107104;258
107198;258
107291;258
107386;258
107488;258
107580;258
107677;258
107776;258
107875;258
107969;258
108062;258
108154;258
108249;258
108343;258
108439;258
108534;258
108651;258
108747;258
108841;258
108935;258
109028;258
109121;258
109215;258
109312;258
109408;258
109503;258
109598;258
109690;258
109791;258
109885;258
109980;258
110076;258
110176;258
110278;258
110417;258
110549;258
110650;258
110745;258
110840;258
110936;258
111031;258
111129;258
111223;258
111321;258
111419;258
111513;258
111607;258
111707;258
111830;258
111924;258
112017;258
112111;258
112205;258
112297;258
112394;258
112489;258
112582;258
112677;258
112770;258
112864;258
112959;258
113054;258
113148;258
113247;258
113342;258
113438;258
113534;258
113628;258
113723;258
113848;258
113942;258
114036;258
114130;258
114223;258
114320;258
114415;258
114511;258
114606;258
114702;258
114803;258
114899;258
115002;258
115109;258
115203;258
115305;258
115402;258
115496;258
115594;258
115689;258
115785;258
115884;258
115977;258
116074;258
116170;258
116266;258
116368;258
116487;258
116583;258
116681;258
116796;258
116903;258
117013;258
117120;258
117218;258
117316;258
117412;258
117539;258
117662;258
117811;258
117930;258
118023;258
118117;258
118211;258
118311;258
118413;258
118516;258
118611;258
118705;258
118814;258
118930;258
119030;258
119151;258
119251;258
119351;258
119450;258
119548;258
119644;258
119746;258
119873;258
119979;258
120073;258
120168;258
120262;258
120368;258
120508;258
120653;258
120774;258
120898;258
121028;258
121133;258
121237;258
121346;258
121452;258
121554;258
121663;258
121771;258
121886;258
122018;258
122173;258
122286;258
122402;258
122513;258
122615;258
122718;258
122817;258
122919;258
123022;258
123124;258
123222;258
123320;258
123451;258
123575;258
123730;258
123845;258
124007;258
124101;258
124196;258
124288;258
124387;258
124487;258
124586;258
124684;258
124779;258
124874;258
124971;258
125064;258
125160;258
125259;258
125356;258
125451;258
125548;258
125648;258
125768;257
125876;257
126011;257
126110;257
126225;257
126347;257
126445;257
126539;257
126635;257
126728;257
126825;257
126919;257
127013;257
127131;257
127226;257
127323;257
127417;257
127530;257
127652;257
127759;257
127874;257
127999;257
128099;257
128195;257
128292;257
128386;257
128482;257
128581;257
128692;257
128787;257
128881;257
128978;257
129072;257
129167;257
129262;257
129366;257
129462;257
129556;257
129650;257
129746;257
129840;257
129965;257
130059;257
130160;257
130266;257
130368;257
130466;257
130560;257
130654;257
130746;257
130849;257
130942;257
131036;257
131132;257
131226;257
131322;257
131417;257
131510;257
131604;257
131700;257
131797;257
131891;257
131991;257
132087;257
132180;257
132276;257
132371;257
132472;257
132567;257
132663;257
132757;257
132855;257
132950;257
133048;257
133142;257
133237;257
133336;257
133430;257
133525;257
133625;257
133720;257
133816;257
133911;257
134009;257
134105;257
134201;257
134314;257
134433;257
134535;257
134633;257
134728;257
134830;257
134931;257
135035;257
135137;257
135239;257
135342;257
135476;257
135572;257
135667;257
135762;257
135872;257
136034;257
136166;257
136279;257
136388;257
136532;257
136691;257
136816;257
136923;257
137064;257
137168;257
137276;257
137380;257
137489;257
137600;257
137705;257
137810;257
137927;257
138036;257
138144;257
138254;257
138376;257
138496;257
138615;257
138712;257
138813;257
138931;257
139041;257
139154;257
139264;257
139383;257
139496;257
139609;257
139741;257
139864;257
139974;257
140094;257
140206;257
