208;235
300;235
405;235
502;235
596;235
713;235
799;235
875;235
952;235
1027;235
1107;235
1190;235
1269;235
1356;235
1455;235
1541;235
1646;235
1739;235
1817;235
1893;235
1969;235
2037;235
2117;235
2185;235
2264;235
2331;235
2403;235
2472;235
2532;235
2593;235
2658;235
2735;235
2796;235
2884;235
2963;235
3052;235
3129;235
3223;235
3307;235
3396;235
3481;235
3540;235
3598;235
3679;235
3758;235
3830;235
3898;235
3961;235
4020;235
4079;235
4138;235
4212;235
4274;235
4343;235
4411;235
4476;235
4545;235
4605;235
4666;235
4733;235
4793;235
4856;235
4918;235
4993;235
5056;235
5125;235
5195;235
5266;235
5337;235
5406;235
5468;235
5527;235
5587;235
5660;235
5741;235
5818;235
5905;237
5981;238
6049;238
6109;238
6197;238
6265;238
6333;238
6395;238
6455;238
6514;238
6583;238
6642;238
6704;238
6769;238
6842;238
6904;238
6978;238
7038;237
7097;237
7157;237
7216;237
7277;237
7339;237
7396;237
7465;237
7535;237
7605;237
7666;237
7727;237
7786;237
7874;237
7932;237
8001;237
8067;237
8126;237
8188;237
8257;237
8317;237
8380;237
8442;237
8504;237
8585;237
8646;237
8709;237
8798;236
8857;236
8917;236
8975;236
9034;236
9095;236
9172;236
9256;236
9315;236
9377;236
9437;236
9506;236
9567;236
9629;236
9689;236
9752;236
9819;236
9882;236
9943;236
10013;236
10073;236
10143;236
10204;236
10265;236
10326;236
10385;236
10457;236
10545;236
10607;236
10688;236
10750;237
10822;237
10891;237
10960;237
11029;237
11093;237
11152;238
11211;238
11271;238
11331;238
11392;238
11452;238
11513;238
11584;238
11649;238
11709;238
11771;238
11833;238
11894;238
11958;238
12031;238
12105;238
12166;238
12226;238
12289;238
12350;238
12410;238
12471;238
12531;238
12590;238
12649;238
12719;238
12785;238
12851;238
12924;238
12983;238
13051;238
13113;238
13175;238
13235;237
13303;237
13362;237
13422;237
13487;237
13549;237
13607;237
13686;237
13748;237
13826;237
13887;237
13949;237
14007;237
14071;237
14146;237
14213;237
14279;237
14348;237
14410;237
14479;237
14547;237
14628;237
14695;237
14757;237
14819;237
14897;237
14957;237
15026;237
15098;237
15161;237
15221;237
15284;237
15352;237
15411;237
15473;237
15534;237
15603;237
15663;237
15726;237
15787;237
15864;237
15934;237
15997;237
16065;237
16125;238
16189;238
16250;238
16313;238
16375;238
16437;238
16501;238
16579;238
16654;238
16730;238
16800;238
16866;238
16931;237
17010;237
17098;237
17163;237
17240;237
17320;237
17409;237
17493;237
17561;237
17628;236
17711;236
17794;236
17861;236
17955;236
18029;235
18094;235
18161;236
18227;236
18308;236
18374;236
18440;236
18510;236
18622;236
18685;236
18749;236
18815;236
18891;236
18949;236
19008;236
19067;236
19126;236
19188;236
19250;236
19311;236
19370;236
19430;236
19493;236
19559;236
19615;236
19687;236
19756;236
19819;236
19888;236
19948;236
20007;236
20071;235
20131;235
20192;235
20254;235
20340;235
20416;235
20481;235
20539;235
20599;235
20666;235
20727;235
20802;235
20884;235
20943;235
21008;235
21075;235
21142;235
21201;235
21269;235
21329;235
21388;235
21467;235
21545;235
21604;235
21673;235
21744;235
21806;235
21880;235
21949;235
22008;235
22069;235
22130;235
22198;235
22283;235
22358;235
22448;235
22506;235
22565;235
22624;235
22692;235
22753;235
22853;235
22941;235
23005;235
23081;235
23142;235
23201;235
23261;235
23323;235
23382;235
23441;235
23515;235
23588;235
23661;235
23723;235
23818;235
23880;235
23939;235
24018;235
24086;235
24181;235
24250;235
24318;235
24386;235
24445;235
24510;235
24569;235
24628;235
24689;235
24752;235
24814;235
24882;235
24950;235
25012;235
25073;235
25143;235
25228;235
25287;235
25363;235
25424;235
25496;235
25556;235
25617;235
25681;235
25772;235
25829;235
25890;235
25948;236
26010;236
26084;236
26142;236
26217;236
26277;236
26339;236
26399;236
26468;236
26537;236
26606;236
26674;236
26753;236
26863;236
26985;236
27059;236
27117;236
27182;236
27245;236
27304;236
27379;236
27439;236
27507;236
27572;236
27633;236
27698;236
27786;236
27864;236
27924;236
27982;236
28054;236
28117;236
28174;236
28232;236
28291;236
28349;236
28424;236
28499;236
28567;236
28627;236
28696;236
28772;236
28845;236
28908;236
28979;236
29053;236
29113;236
29173;236
29231;236
29289;236
29364;236
29422;236
29479;236
29539;236
29599;236
29667;236
29736;235
29798;235
29872;235
29967;235
30036;236
30093;236
30153;236
30212;236
30294;236
30354;236
30416;236
30477;236
30545;236
30618;236
30687;236
30753;236
30813;236
30879;236
30947;236
31015;236
31083;236
31141;236
31201;236
31260;236
31327;236
31390;236
31465;236
31542;236
31601;236
31658;236
31718;236
31777;236
31846;236
31904;236
31971;236
32029;236
32106;236
32164;236
32222;236
32286;236
32347;236
32419;236
32479;236
32549;236
32604;236
32668;236
32742;236
32801;236
32896;236
32959;236
33020;236
33091;236
33169;236
33227;236
33294;236
33355;236
33409;236
33483;236
33550;236
33635;236
33701;236
33761;236
33819;236
33883;236
33941;236
33998;237
34071;237
34129;237
34201;237
34259;237
34317;237
34375;237
34445;237
34505;237
34566;237
34626;237
34699;237
34791;237
34879;237
34938;237
34996;237
35056;237
35114;237
35175;237
35233;237
35306;237
35364;237
35422;237
35480;237
35539;237
35601;237
35667;237
35726;237
35783;237
35841;237
35901;237
35961;237
36030;237
36106;237
36163;237
36220;237
36282;236
36343;236
36401;236
36468;235
36535;236
36603;236
36665;236
36725;236
36798;236
36878;236
36938;236
36996;236
37064;236
37123;236
37184;236
37242;236
37313;236
37399;236
37463;236
37520;236
37580;236
37656;236
37729;236
37797;236
37870;236
37929;236
37987;236
38051;236
38112;236
38190;236
38258;236
38317;236
38389;236
38459;236
38520;236
38589;236
38653;236
38716;236
38785;236
38856;236
38938;236
38996;236
39074;236
39143;236
39203;236
39277;236
39335;236
39392;236
39466;236
39524;236
39583;236
39660;236
39734;236
39802;236
39868;236
39926;236
39984;236
40050;236
40107;236
40166;236
40254;236
40324;236
40405;236
40480;236
40541;236
40614;236
40683;236
40745;236
40804;236
40864;236
40926;236
40985;236
41065;236
41126;236
41188;236
41249;236
41316;236
41383;236
41442;236
41500;236
41560;236
41632;236
41695;236
41754;236
41812;236
41899;236
41961;236
42033;236
42093;236
42160;236
42231;236
42294;236
42355;236
42423;236
42487;236
42546;236
42606;236
42664;236
42723;236
42783;236
42845;236
42908;236
42971;236
43032;236
43093;236
43152;236
43210;236
43278;236
43345;236
43403;236
43471;236
43542;236
43600;236
43658;236
43720;236
43788;236
43855;236
43914;236
43986;236
44049;236
44107;236
44175;236
44233;236
44294;236
44361;236
44419;237
44487;237
44549;237
44608;237
44696;237
44806;237
44909;237
44973;237
45031;237
45098;237
45158;237
45226;237
45289;237
45352;237
45425;237
45486;237
45553;237
45630;237
45685;237
45753;237
45811;237
45876;237
45937;237
45997;237
46057;237
46124;237
46183;237
46251;239
46318;239
46377;239
46435;239
46499;239
46566;239
46624;239
46710;239
46778;239
46839;239
46899;239
46974;239
47032;239
47097;239
47157;239
47215;239
47274;239
47342;239
47400;239
47468;239
47527;239
47594;239
47664;239
47734;239
47793;239
47854;239
47912;239
47979;239
48047;239
48115;239
48193;239
48267;239
48326;239
48393;239
48450;239
48510;239
48582;239
48640;239
48701;239
48770;239
48829;239
48891;239
48952;239
49015;239
49084;239
49144;239
49215;239
49272;239
49346;239
49404;239
49470;239
49542;239
49610;239
49672;239
49732;239
49801;239
49859;239
49921;239
49983;239
50045;239
50102;239
50160;239
50220;239
50283;238
50343;238
50402;238
50475;238
50536;238
50598;238
50719;238
50795;238
50863;238
50966;238
51038;238
51096;238
51154;238
51213;238
51279;238
51340;238
51409;238
51479;238
51549;238
51606;238
51675;238
51733;238
51794;238
51855;238
51916;238
51977;238
52045;238
52105;238
52170;238
52236;238
52302;238
52360;238
52421;238
52485;238
52554;238
52615;238
52679;238
52756;238
52823;238
52877;238
52964;237
53054;237
53112;237
53173;237
53246;237
53308;237
53363;237
53427;237
53500;237
53560;237
53617;237
53683;237
53760;237
53821;237
53899;237
53961;237
54029;237
54094;237
54161;237
54228;237
54304;237
54362;237
54430;237
54500;237
54567;237
54627;237
54692;237
54758;237
54826;237
54887;237
54966;237
55030;237
55088;237
55147;237
55215;237
55278;237
55335;237
55393;237
55456;237
55517;237
55575;237
55636;237
55698;237
55761;237
55818;237
55886;237
55954;237
56030;236
56093;236
56152;236
56220;236
56276;236
56333;237
56393;237
56461;237
56549;237
56609;237
56684;237
56751;237
56829;237
56891;237
56950;237
57028;237
57123;237
57199;237
57264;237
57334;237
57402;237
57463;237
57528;237
57590;236
57650;236
57713;236
57775;236
57834;236
57896;236
57964;236
58054;236
58120;236
58192;236
58253;236
58323;236
58383;236
58455;236
58514;236
58576;236
58642;236
58705;236
58763;236
58822;236
58909;236
58967;236
59057;238
59119;238
59176;238
59249;238
59307;238
59366;238
59426;238
59486;238
59561;238
59626;238
59688;238
59756;238
59815;238
59883;238
59941;238
60017;238
60081;238
60141;238
60201;238
60265;238
60324;238
60391;238
60448;238
60507;238
60576;238
60645;238
60705;238
60762;238
60821;238
60885;238
60962;238
61052;238
61118;238
61176;239
61243;239
61300;239
61359;239
61419;239
61507;239
61566;239
61624;239
61685;239
61745;239
61803;239
61864;239
61922;239
61981;239
62045;239
62104;237
62165;237
62233;237
62293;237
62366;237
62433;237
62491;237
62552;237
62610;237
62676;237
62750;237
62809;237
62867;237
62928;237
62987;237
63099;237
63166;237
63224;237
63297;237
63365;237
63437;237
63496;237
63564;237
63622;237
63684;237
63753;237
63812;237
63875;237
63963;237
64019;237
64077;237
64134;237
64195;237
64253;237
64325;237
64385;237
64455;237
64513;237
64573;237
64661;237
64722;237
64784;237
64843;237
64902;237
64964;237
65026;237
65122;237
65184;237
65243;237
65322;237
65389;237
65450;237
65508;237
65580;237
65657;237
65715;237
65774;236
65835;236
65896;236
65955;236
66013;236
66081;236
66141;236
66199;236
66262;236
66321;236
66386;236
66445;236
66506;236
66565;236
66624;236
66686;236
66749;236
66821;236
66894;236
66961;236
67022;236
67094;236
67169;236
67228;236
67286;236
67344;236
67402;236
67484;236
67554;236
67621;236
67691;236
67750;236
67837;236
67908;236
67964;236
68022;236
68085;236
68153;236
68232;236
68292;236
68350;236
68413;236
68480;236
68552;236
68613;236
68677;236
68735;236
68795;236
68854;236
68912;236
68970;236
69037;236
69102;236
69161;236
69231;236
69292;236
69358;236
69425;236
69486;236
69544;236
69604;236
69677;236
69749;236
69819;236
69895;236
69954;236
70012;236
70071;236
70144;236
70202;236
70262;236
70320;236
70381;236
70446;236
70507;236
70579;236
70647;236
70719;236
70796;236
70858;236
70919;236
70979;236
71054;236
71134;236
71192;236
71261;236
71326;236
71398;236
71463;236
71542;236
71605;236
71667;236
71727;236
71786;236
71845;236
71913;236
71971;236
72031;236
72094;236
72160;236
72226;236
72290;236
72349;236
72408;236
72469;236
72527;236
72598;236
72656;236
72715;236
72776;236
72841;236
72909;236
72982;236
73040;236
73118;236
73175;236
73235;236
73295;236
73354;236
73412;236
73484;236
73557;236
73635;236
73690;236
73748;236
73821;236
73879;236
73937;236
74004;236
74067;236
74125;236
74184;236
74252;236
74331;236
74399;236
74471;236
74528;236
74586;236
74649;236
74711;236
74779;236
74848;236
74915;236
74973;236
75031;236
75093;236
75161;236
75228;236
75289;236
75347;236
75416;236
75473;236
75534;236
75592;236
75652;236
75714;236
75781;236
75845;236
75907;236
75968;236
76034;236
76091;236
76149;236
76207;236
76264;236
76332;236
76397;236
76457;236
76517;236
76576;236
76649;236
76731;236
76786;236
76858;236
76914;236
76981;236
77044;236
77106;236
77177;236
77231;236
77289;236
77348;236
77417;236
77479;236
77540;236
77612;236
77698;236
77777;236
77834;237
77893;237
77951;237
78038;237
78099;237
78166;237
78226;237
78297;237
78355;237
78422;237
78491;237
78551;237
78618;237
78678;237
78747;237
78813;237
78884;237
78943;237
79014;237
79072;237
79133;237
79192;237
79253;237
79311;237
79370;237
79446;237
79505;237
79572;237
79630;237
79699;237
79765;237
79843;237
79919;237
80005;237
80067;237
80124;237
80182;237
80255;237
80315;237
80382;237
80450;237
80513;237
80571;237
80630;237
80702;237
80759;237
80818;237
80881;237
80940;237
81000;237
81073;237
81150;237
81207;237
81281;237
81355;237
81426;237
81486;236
81544;236
81602;236
81672;236
81730;236
81788;236
81872;236
81932;236
81990;236
82051;236
82118;236
82183;236
82249;236
82310;236
82368;236
82436;236
82498;236
82571;236
82631;236
82696;236
82758;236
82816;236
82870;236
82944;236
83021;236
83092;236
83196;236
83264;236
83320;236
83377;236
83445;236
83504;236
83580;236
83638;236
83712;236
83789;236
83850;236
83937;236
83995;237
84064;237
84132;237
84204;237
84293;237
84356;237
84415;237
84487;237
84545;237
84604;237
84677;237
84749;237
84817;237
84881;237
84938;237
84998;237
85060;237
85120;237
85206;237
85270;237
85330;237
85402;237
85475;237
85533;237
85602;237
85670;237
85731;237
85789;237
85850;237
85907;237
85964;237
86046;237
86104;237
86179;237
86244;237
86302;237
86360;237
86419;237
86477;237
86536;237
86598;237
86667;237
86727;237
86800;237
86861;237
86919;237
86985;237
87043;237
87103;237
87177;237
87242;237
87306;236
87374;236
87431;236
87504;236
87562;236
87630;236
87718;236
87777;236
87842;235
87900;235
87959;235
88017;235
88085;235
88159;235
88220;235
88278;234
88340;234
88398;234
88472;234
88540;234
88612;234
88671;234
88740;234
88800;234
88859;234
88918;234
88976;234
89040;234
89100;234
89166;234
89243;234
89330;234
89386;234
89445;234
89521;234
89581;234
89644;234
89707;234
89767;234
89825;234
89883;234
89941;234
89999;234
90061;234
90117;234
90184;234
90255;234
90313;236
90371;236
90438;237
90496;237
90564;237
90624;237
90697;237
90754;237
90831;237
90893;237
90950;237
91011;237
91079;237
91147;237
91209;237
91272;237
91347;237
91404;237
91482;237
91542;237
91601;237
91662;237
91720;237
91778;236
91865;236
91925;236
91987;236
92058;236
92117;236
92195;236
92253;236
92314;236
92375;236
92433;236
92500;236
92560;236
92618;236
92681;236
92742;236
92802;236
92862;236
92922;236
92982;236
93040;236
93108;236
93174;236
93260;236
93320;236
93381;236
93438;236
93506;236
93573;236
93638;236
93698;236
93757;234
93825;234
93886;234
93946;234
94004;234
94072;234
94144;234
94203;234
94263;234
94322;234
94400;234
94465;234
94523;234
94583;234
94642;234
94712;234
94779;234
94837;234
94895;234
94953;234
95011;234
95079;234
95136;234
95204;234
95296;234
95354;234
95413;234
95470;234
95535;234
95592;234
95657;234
95718;234
95782;234
95852;234
95910;234
95973;234
96029;234
96100;234
96172;234
96248;234
96306;234
96383;234
96468;234
96526;234
96593;234
96651;234
96714;234
96778;234
96836;234
96898;234
96956;234
97016;234
97076;234
97141;234
97197;234
97267;234
97347;234
97416;234
97480;234
97540;234
97608;234
97674;234
97753;234
97810;234
97879;234
97939;234
98000;234
98063;234
98123;234
98189;234
98247;234
98305;234
98363;234
98424;234
98485;234
98543;234
98616;234
98681;234
98740;234
98849;234
98910;234
98970;234
99028;234
99092;234
99149;234
99218;234
99285;234
99346;234
99404;234
99464;234
99524;234
99603;234
99670;234
99730;234
99788;234
99850;234
99919;234
99976;234
100037;234
100094;234
100163;234
100223;234
100281;234
100349;234
100412;234
100475;234
100548;234
100624;234
100695;234
100754;234
100815;234
100883;234
100951;234
101009;234
101072;234
101130;234
101188;234
101262;234
101334;234
101399;234
101457;234
101530;234
101588;234
101651;234
101713;234
101780;234
101842;234
101905;234
101978;234
102047;234
102107;234
102166;234
102227;234
102287;234
102355;234
102413;234
102471;234
102533;234
102591;234
102651;234
102713;234
102782;234
102843;234
102904;234
102969;234
103027;234
103085;234
103143;234
103202;234
103275;234
103341;234
103402;234
103492;234
103560;234
103620;234
103681;234
103744;234
103801;234
103861;234
103921;234
103983;234
104044;234
104105;234
104166;234
104238;234
104298;234
104356;234
104418;234
104485;234
104543;234
104603;234
104671;234
104739;234
104826;234
104896;234
105019;234
105104;234
105182;234
105268;234
105328;234
105400;234
105458;234
105526;234
105584;234
105653;234
105713;234
105775;234
105846;234
105911;234
105969;234
106030;234
106088;234
106146;234
106213;234
106287;234
106348;234
106407;234
106471;234
106532;234
106634;234
106694;234
106753;234
106811;234
106872;234
106932;234
106993;234
107055;234
107120;234
107178;234
107236;234
107317;234
107375;234
107443;234
107503;234
107577;234
107649;234
107713;234
107772;234
107830;234
107890;234
107949;234
108007;234
108085;234
108175;234
108246;234
108304;234
108363;234
108423;234
108482;234
108543;234
108603;234
108676;234
108746;234
108817;234
108880;234
108946;234
109004;234
109063;234
109120;234
109180;234
109238;234
109317;234
109396;234
109457;234
