234;63
370;64
512;64
654;64
794;64
973;64
1103;64
1242;64
1412;64
1566;64
1824;64
1947;64
2088;64
2218;64
2349;64
2478;64
2604;64
2720;64
2828;64
2961;62
3085;62
3205;62
3354;62
3528;62
3707;62
3858;62
4008;62
4123;62
4248;62
4360;62
4474;62
4593;62
4708;62
4823;62
4934;62
5073;62
5274;62
5388;62
5501;61
5619;61
5738;61
5859;61
5973;61
6084;61
6200;61
6320;61
6439;61
6578;61
6733;61
6885;61
7012;61
7160;61
7281;61
7414;61
7527;61
7634;61
7798;61
7917;61
8032;61
8143;61
8257;61
8376;61
8521;61
8628;61
8738;61
8854;61
8966;61
9090;61
9240;61
9371;61
9483;61
9600;61
9713;61
9826;61
9938;61
10064;61
10176;61
10303;61
10440;61
10575;61
10692;61
10833;61
10955;61
11101;61
11236;61
11353;61
11471;61
11590;61
11732;61
11855;61
11965;61
12072;61
12185;61
12295;61
12442;61
12570;61
12705;61
12818;61
12932;61
13046;61
13197;61
13336;61
13447;61
13557;61
13666;61
13778;61
13892;61
14005;61
14143;61
14255;61
14376;61
14503;62
14637;62
14746;62
14870;62
14987;62
15113;62
15270;62
15386;62
15508;62
15646;62
15756;62
15866;62
15980;62
16114;62
16282;62
16415;62
16555;62
16677;62
16784;62
16893;62
17021;62
17146;62
17305;64
17419;63
17531;63
17644;63
17759;63
17884;63
17994;63
18126;63
18274;63
18401;63
18555;63
18664;63
18780;63
18893;63
19005;63
19115;63
19257;64
19388;64
19502;64
19621;64
19740;64
19858;64
19969;64
20085;64
20198;64
20328;64
20533;64
20646;64
20756;64
20865;64
20991;64
21104;64
21253;64
21381;64
21488;64
21600;64
21710;64
21826;64
21946;64
22056;64
22168;64
22287;64
22417;64
22525;64
22635;64
22763;64
22870;64
22977;64
23090;64
23212;64
23332;64
23446;64
23575;64
23691;64
23804;64
23927;64
24037;64
24147;64
24277;64
24389;64
24500;64
24610;64
24723;64
24837;64
24947;64
25059;64
25181;64
25299;64
25414;64
25525;64
25638;64
25752;64
25874;64
25984;64
26093;63
26209;63
26327;63
26444;63
26557;63
26675;63
26799;63
26908;63
27023;63
27134;63
27277;63
27388;63
27502;63
27623;63
27732;63
27844;63
27959;63
28084;63
28202;63
28313;63
28438;63
28558;63
28672;63
28815;63
28919;63
29038;63
29148;63
29258;63
29383;63
29563;63
29700;63
29856;63
29970;63
30089;63
30198;63
30308;63
30421;63
30533;63
30640;63
30757;63
30872;63
31000;63
31119;63
31245;63
31367;63
31479;63
31591;63
31709;63
31823;63
31943;63
32050;63
32156;63
32270;63
32408;64
32521;64
32635;63
32751;63
32867;63
32978;63
33095;63
33205;63
33331;63
33441;63
33559;63
33685;63
33812;63
33931;63
34041;63
34168;63
34285;63
34400;63
34515;63
34638;63
34742;63
34856;63
34977;63
35094;63
35205;63
35329;63
35460;63
35574;63
35694;63
35811;63
35935;63
36070;63
36177;63
36293;63
36409;63
36526;63
36645;63
36764;63
36878;63
37011;63
37136;63
37247;63
37388;63
37496;63
37610;63
37736;63
37846;63
37957;63
38079;63
38192;63
38309;63
38437;63
38558;63
38674;63
38801;63
38930;63
39042;63
39160;63
39277;63
39399;63
39514;63
39624;63
39731;63
39844;63
39963;63
40074;63
40214;63
40337;63
40457;63
40567;63
40685;63
40793;63
40914;63
41040;63
41154;63
41266;63
41395;63
41511;63
41629;63
41744;63
41862;63
41979;63
42096;63
42204;63
42335;63
42441;63
42556;63
42663;63
42771;63
42929;63
43039;63
43153;63
43285;63
43400;63
43511;63
43618;63
43730;63
43849;63
43961;63
44088;63
44193;63
44301;63
44411;63
44520;63
44633;63
44745;63
44867;63
44974;63
45092;63
45221;64
45331;64
45455;64
45567;64
45685;64
45796;64
45902;64
46014;64
46141;64
46252;64
46384;64
46490;64
46597;64
46709;64
46821;64
46935;64
47045;64
47153;64
47288;64
47399;64
47511;64
47617;64
47750;64
47864;64
47973;64
48106;64
48232;64
48345;62
48565;62
48696;62
48802;62
48916;62
49031;62
49140;62
49267;62
49411;62
49534;62
49642;62
49771;62
49878;62
50012;62
50121;62
50232;62
50361;62
50472;62
50580;62
50689;62
50801;62
50913;62
51087;62
51192;62
51306;62
51437;62
51544;62
51660;62
51771;62
51880;62
51999;62
52110;62
52225;62
52339;62
52487;62
52601;62
52715;62
52852;62
53017;62
53131;62
53248;62
53364;62
53495;62
53613;62
53727;62
53863;64
53987;64
54146;64
54265;64
54377;64
54485;64
54595;64
54704;64
54817;64
54941;62
55059;62
55176;62
55288;62
55401;62
55515;62
55629;62
55742;62
55911;62
56026;62
56142;62
56249;62
56373;62
56513;62
56629;62
56738;62
56850;62
56979;62
57096;62
57211;62
57354;61
57465;61
57587;61
57701;61
57815;61
57926;61
58065;61
58208;61
58330;61
58465;61
58578;61
58685;61
58798;61
58915;61
59037;61
59178;61
59315;61
59439;61
59564;61
59676;61
59799;61
59912;61
60027;61
60136;61
60267;61
60378;61
60520;61
60627;61
60739;61
60844;61
60963;61
61077;61
61197;61
61321;61
61440;61
61567;61
61678;61
61803;61
61919;61
62052;61
62160;61
62268;61
62382;61
62497;61
62618;61
62732;61
62844;61
62980;61
63094;61
63206;61
63325;61
63450;61
63561;61
63671;61
63783;61
63916;61
64051;61
64189;61
64299;61
64419;61
64558;61
64673;61
64783;61
64903;61
65034;61
65143;61
65249;61
65358;61
65470;61
65586;61
65731;61
65839;61
65960;61
66080;61
66193;61
66306;61
66420;61
66537;61
66661;61
66775;61
66888;61
67000;61
67128;61
67247;61
67353;61
67489;61
67645;61
67762;61
67888;61
68001;61
68142;61
68253;61
68369;61
68485;61
68595;61
68715;61
68843;61
68985;61
69101;61
69215;61
69334;61
69453;61
69596;61
69719;61
69833;61
69972;61
70089;61
70203;61
70332;61
70443;61
70557;61
70673;61
70806;61
70919;61
71045;61
71165;61
71277;61
71386;61
71502;61
71673;61
71784;61
71949;61
72068;61
72185;61
72336;61
72510;61
72650;61
72758;61
72877;61
73006;61
73120;61
73227;61
73342;61
73479;61
73635;61
73764;61
73873;61
73996;61
74110;61
74219;61
74330;61
74468;61
74584;61
74699;61
74825;61
74957;61
75082;61
75186;61
75304;61
75423;61
75536;61
75677;61
75802;61
75918;61
76037;61
76150;61
76264;61
76399;61
76523;61
76636;61
76764;61
76883;61
77010;61
77120;61
77236;61
77353;61
77480;61
77606;61
77744;61
77850;61
77956;61
78062;61
78185;61
78301;61
78445;61
78565;61
78683;61
78796;61
78945;61
79062;61
79167;61
79283;61
79392;61
79519;61
79692;61
79824;61
79940;61
80087;61
80204;61
80327;61
80503;61
80697;61
80804;61
80917;61
81029;61
81165;61
81280;61
81401;61
81542;61
81698;62
81808;62
81937;62
82110;62
82222;62
82331;62
82459;62
82575;62
82695;62
82801;62
82911;62
83021;62
83147;62
83275;62
83391;62
83509;62
83628;62
83782;62
83895;62
84005;62
84115;62
84250;62
84367;62
84482;62
84590;62
84725;62
84830;62
84939;62
85056;62
85175;62
85296;62
85439;62
85548;62
85703;62
85824;62
85940;62
86058;62
86189;62
86304;62
86422;62
86541;62
86676;62
86804;62
86923;62
87040;62
87157;62
87273;62
87386;62
87519;62
87636;62
87786;62
87900;62
88016;62
88138;62
88254;62
88396;62
88517;62
88632;62
88754;62
88863;62
88978;62
89102;62
89238;62
89350;62
89461;62
89587;62
89713;62
89850;62
90018;62
90187;62
90298;62
90415;62
90529;62
90646;62
90797;62
90906;62
91017;62
91126;62
91236;62
91362;62
91490;62
91605;62
91729;62
91866;62
91986;62
92100;62
92219;62
92329;62
92449;62
92568;62
92689;62
92806;62
92927;62
93049;62
93167;62
93275;62
93415;62
93526;62
93650;62
93789;62
93912;62
94034;62
94151;62
94274;62
94389;62
94495;62
94619;62
94730;62
94852;62
94967;62
95078;62
95213;62
95321;62
95436;62
95545;62
95666;62
95826;62
95943;62
96062;62
96194;62
96317;62
96430;62
96547;62
96654;62
96766;62
96892;62
97013;62
97136;62
97275;62
97400;62
97508;62
97622;62
97736;62
97898;62
98012;62
98131;62
98244;62
98361;62
98477;62
98599;62
98759;62
98872;62
98981;62
99090;62
99199;62
99318;62
99433;62
99547;62
99663;62
99797;62
99931;62
100063;62
100187;62
100302;62
100413;62
100539;62
100657;62
100771;62
100899;62
101024;62
101146;62
101258;61
101410;61
101616;61
101723;61
101867;61
101982;61
102092;61
102203;61
102342;61
102457;61
102577;61
102714;61
102826;61
102943;61
103052;61
103178;61
103293;61
103410;61
103572;61
103686;61
103797;61
103950;61
104070;61
104245;61
104360;61
104476;61
104593;61
104707;61
104846;61
104959;61
105082;61
105190;61
105296;61
105411;61
105532;61
105658;61
105773;61
105915;61
106039;61
106162;61
106275;61
106414;61
106531;61
106644;61
106781;61
106889;61
107001;61
107112;61
107225;61
107357;61
107483;61
107598;61
107715;61
107830;61
107946;61
108082;61
108189;61
108315;61
108431;61
108543;61
108661;61
108770;61
108883;61
108995;61
109136;61
109254;61
109377;61
109512;61
109646;61
109762;61
109889;61
110007;61
110144;61
110262;61
110374;61
110484;61
110613;61
110751;61
110859;61
110975;61
111119;65
111230;65
111352;65
111461;65
111568;65
111684;65
111798;65
111952;65
112080;65
112201;65
112338;65
112451;65
112564;65
112704;65
112828;65
112943;65
113055;65
113160;65
113281;65
113405;65
113523;65
113642;65
113753;65
113860;65
114009;65
114122;65
114225;65
114336;65
114453;65
114559;65
114689;65
114798;65
114914;65
115024;65
115136;65
115253;65
115372;65
115490;66
115598;66
115710;66
115827;66
115951;66
116075;66
116182;66
116293;66
116440;66
116548;66
116659;66
116785;65
116894;65
117004;65
117130;65
117231;65
117342;65
117452;65
117560;65
117674;65
117786;65
117910;65
118033;65
118153;65
118265;65
118388;65
118510;65
118615;65
118724;65
118832;65
118946;65
119057;65
119179;62
119305;62
119416;62
119526;62
119650;61
119762;61
119871;61
119985;61
120093;61
120219;61
120347;61
120456;61
120574;61
120686;61
120797;61
120909;61
121040;61
121159;61
121269;61
121378;61
121490;61
121602;61
121715;61
121827;61
121953;61
122074;61
122191;61
122316;61
122433;61
122551;61
122671;61
122786;61
122916;61
123050;61
123158;61
123268;61
123385;61
123496;61
123621;61
123728;61
123836;61
123950;61
124062;61
124168;61
124285;61
124406;61
124519;61
124635;61
124746;61
124863;61
125025;61
125141;61
125286;61
125403;61
125508;61
125638;61
125755;61
125882;61
125995;61
126114;61
126230;61
126344;61
126486;61
126592;61
126714;61
126820;61
126928;61
127054;61
127171;61
127295;61
127440;61
127553;61
127665;61
127798;61
127911;61
128047;61
128172;61
128290;61
128406;61
128532;61
128643;61
128753;61
128880;61
128987;61
129116;61
129222;61
129341;61
129467;61
129595;61
129728;61
129844;61
129971;61
130087;61
130221;61
130341;61
130455;61
130568;61
130701;61
130830;61
130940;61
131079;61
131182;61
131292;61
131402;61
131510;61
131629;61
131753;61
131878;62
131989;62
132171;62
132281;62
132396;62
132504;62
132652;62
132766;62
132886;62
133000;62
133133;62
133274;62
133383;62
133501;62
133614;62
133732;62
133844;62
133952;62
134074;62
134189;62
134317;62
134425;62
134534;62
134645;62
134761;62
134877;62
135000;62
135135;62
135244;62
135355;62
135480;62
135595;62
135709;62
135817;62
135945;62
136068;62
136184;62
136321;62
136445;63
136554;63
136669;62
136783;62
136916;62
137027;62
137142;62
137270;62
137399;62
137509;62
137614;62
137749;62
137862;62
137980;62
138104;62
138213;62
138335;62
138454;62
138573;62
138698;62
138828;62
138938;62
139054;62
139169;62
139289;62
139399;62
139509;62
139630;62
139743;62
139856;62
139971;62
140094;62
140211;62
140317;62
140486;62
140628;62
140747;62
140865;62
140982;62
141092;62
141222;62
141348;62
141477;62
141592;62
141708;62
141931;62
142039;62
142149;62
142279;62
142392;62
142512;62
142621;62
142736;62
142855;62
142998;62
143113;62
143226;62
143356;62
143475;62
143608;62
143717;62
143827;62
143943;62
144083;62
144263;62
144376;62
144490;62
144609;62
144773;62
144903;62
145015;62
145128;62
145255;62
145393;62
145502;62
145610;62
145746;62
145884;62
145996;62
146123;62
146320;62
146445;62
146568;62
146677;62
146792;62
146917;62
147024;62
147140;62
147255;62
147387;62
147500;62
147636;62
147751;62
147860;62
147977;62
148093;62
148243;62
148357;62
148481;62
148593;62
148714;62
148823;62
148939;62
149050;62
149160;62
149270;62
149381;62
149501;62
149612;62
149728;62
149869;62
150040;62
150251;62
150365;62
150481;62
150602;62
150720;62
150844;62
150959;62
151069;62
151202;62
151314;62
151430;62
151610;62
151720;62
151834;62
151961;62
152087;62
152231;62
152346;62
152489;62
152602;62
152720;62
152838;62
152952;62
153060;62
153173;62
153290;62
153404;62
153541;62
153649;62
153757;61
153862;61
153973;61
154096;61
154211;61
154328;61
154449;61
154589;61
154699;61
154835;61
154949;61
155063;61
155219;61
155332;61
155469;61
155574;61
155691;61
155804;61
155918;61
156036;61
156144;61
156261;61
156397;61
156512;61
156619;61
156745;61
156864;61
156984;61
157090;61
157200;61
157311;61
157454;61
157563;61
157689;61
157796;61
157936;61
158050;61
158183;61
158295;61
158407;61
158530;61
158640;61
158754;61
158861;61
158985;61
159092;61
159204;61
159338;61
159451;61
159566;61
159677;61
159787;61
159910;61
160029;61
160139;61
160249;61
160374;61
160482;61
160622;61
160729;61
160893;61
161010;61
161185;61
161293;61
161407;61
161532;61
161642;61
161771;61
161936;61
162044;61
162153;61
162268;61
162383;61
162496;61
162612;61
162741;61
162859;61
163001;61
163113;61
163234;61
163347;61
163462;61
163566;61
163698;61
163810;61
163919;61
164031;61
164158;61
164273;61
164413;61
164524;61
164644;61
164768;61
164890;61
165011;61
165126;61
165238;61
165350;61
165459;61
165573;61
165684;61
165797;61
165933;61
166042;61
166164;61
166272;61
166399;61
166513;61
166629;61
166754;61
166861;61
166973;61
167111;61
167227;61
167338;61
167465;61
167587;61
167702;61
167839;61
167946;61
168058;61
168185;61
168298;61
168427;61
168540;61
168655;61
168765;61
168894;61
169005;61
169112;61
169220;61
169328;61
169449;61
169576;61
169717;61
169879;61
169991;61
170119;61
170226;61
170347;61
170462;61
170571;61
170691;61
170799;61
170932;61
171046;61
171163;61
171277;61
171393;61
171521;61
171626;61
171749;61
171859;61
171976;61
172086;61
172221;61
172345;61
172464;61
172572;61
172678;61
172798;61
172931;61
173059;61
173172;61
173284;61
173402;61
173535;61
173646;61
173795;61
173900;61
174009;61
174119;61
174226;61
174343;61
174453;61
174583;61
174691;61
174802;61
174917;61
175029;61
175148;61
175265;61
175381;61
175491;61
175598;61
175734;61
175841;61
175955;61
176070;61
176188;61
176328;61
176449;61
176559;61
176683;61
176788;61
176902;61
177011;61
177122;61
177251;61
177365;61
177481;61
177591;61
177719;61
177832;61
177946;61
178062;61
178177;61
178292;61
178412;61
178524;61
178641;61
178756;61
178865;61
178992;61
179103;61
179223;61
179352;61
179477;61
179586;61
179702;61
179828;61
179940;61
180074;61
180185;61
180309;61
180432;61
180544;61
180657;61
180781;61
180893;61
181012;61
181126;61
181248;61
181379;61
181510;61
181642;61
181755;61
181868;61
182007;61
182118;61
182229;61
182359;61
182496;61
182616;61
182754;61
182868;61
182995;61
183111;61
183239;61
183369;61
183479;61
183590;61
183710;61
183841;61
183973;61
184097;61
184217;61
184348;61
184530;61
184656;61
184798;61
184916;61
185038;61
185167;61
185285;61
185406;61
185532;61
185674;61
185795;61
185905;61
186011;61
186130;61
186248;61
186364;61
186479;61
186597;61
186707;61
186817;61
186947;61
187079;61
187194;61
187319;61
187427;61
187536;61
187658;61
187764;61
187884;61
187992;61
188102;61
188231;61
188340;61
188476;61
188591;61
188706;61
188813;61
188926;61
189035;61
189161;61
189270;61
189402;61
189506;61
189615;61
189723;61
189833;61
189976;61
190087;61
190225;61
190338;61
190542;61
190647;61
190755;61
190864;61
190987;61
191123;61
191293;61
191405;61
191523;61
191634;61
191750;61
191865;61
191994;61
192107;61
192229;61
192342;61
192460;61
192576;61
192688;61
192806;61
192920;61
193091;61
193200;61
193347;61
193453;61
193562;61
193686;61
193794;61
193927;61
194035;61
194152;61
194278;61
194466;61
194817;61
194966;61
195079;61
195185;61
195300;61
195416;61
195542;61
195652;61
195780;61
195893;61
196027;61
196144;61
196257;61
196436;61
196549;61
196677;61
196784;61
196897;61
197015;61
197121;61
197234;61
197359;61
197484;61
197608;61
197719;61
197878;61
198214;61
198325;61
198434;61
198571;61
198685;61
198797;61
198912;61
199030;61
199151;61
199269;61
199387;61
199505;61
199613;61
199726;61
199864;61
199982;61
200122;61
200239;61
200374;61
200605;61
200717;61
200833;61
200969;61
201088;61
201221;61
201335;61
201447;61
201574;61
201698;61
201810;61
201937;61
