547;1681
848;1680
987;1583
1145;1507
1430;1464
1668;1373
1843;1237
2001;1087
2145;974
2321;974
2586;974
2748;974
2885;974
3025;974
3156;937
3304;889
3471;823
3654;730
3795;643
4010;643
4122;643
4265;643
4396;640
4969;563
5545;563
6100;563
6476;563
7049;472
7161;472
7268;472
7387;376
7517;376
7629;376
7744;376
7861;376
7980;294
8101;294
8231;294
8395;294
8500;294
8610;294
8717;294
8830;294
8940;294
9065;294
9179;294
9292;294
9414;294
9526;239
9813;239
10119;239
10534;239
10644;173
10756;173
10864;173
11013;165
11141;165
11248;165
11357;165
11462;165
11572;165
11679;165
11796;165
11952;148
12162;148
12324;148
12483;148
12591;148
12713;142
12825;142
12945;142
13058;142
13167;142
13274;142
13390;142
13516;142
13638;142
13901;142
14049;126
14153;126
14262;126
14400;126
14512;126
14710;126
14843;126
14957;126
15078;79
15187;79
15294;79
15482;79
15697;79
15816;79
15922;79
16026;79
16143;81
16271;81
16411;81
16569;81
16710;82
16823;82
16940;82
17051;82
17822;82
17929;82
18039;82
18145;82
18255;82
18373;82
18486;82
18600;82
18705;82
18824;82
18942;82
19058;82
19167;82
19378;82
19559;82
19684;82
19803;82
19921;82
20045;82
20256;82
20384;82
20508;81
20628;81
20752;81
20864;81
20989;81
21113;81
21214;81
21325;81
21432;81
21550;81
21668;81
21836;81
21949;81
22057;79
22178;79
22286;79
22403;79
22518;79
22733;79
22848;79
22951;79
23059;79
23167;79
23275;79
23386;79
23497;79
23606;78
23715;78
23839;78
24035;78
24143;78
24264;78
24417;78
24669;78
24869;78
25000;77
25119;77
25228;77
25334;77
25452;77
25599;77
25713;65
25820;65
25958;65
26142;65
26246;65
26357;65
26472;65
26579;65
26702;65
26815;65
26922;65
27035;65
27143;65
27251;65
27523;65
27741;65
27955;65
28150;65
28337;65
28450;64
28554;64
28698;64
28898;64
29100;64
29209;64
29319;64
29428;64
29539;64
29660;64
29870;64
30045;64
30151;64
30255;64
30363;64
30484;64
30591;64
30766;64
30987;64
31108;64
31229;63
31342;63
31459;63
31612;63
31720;63
31824;63
31926;63
32028;63
32134;63
32262;63
32377;63
32483;63
32600;63
32719;63
32832;63
32992;63
33099;63
33214;63
33346;63
33521;63
33686;63
33848;63
33987;63
34093;63
34208;63
34319;63
34431;63
34538;63
34651;63
34817;63
34969;63
35117;63
35265;63
35380;63
35500;63
35606;63
35727;63
35903;63
36049;63
36197;63
36326;63
36435;63
36572;63
36691;63
36808;63
36913;63
37047;63
37341;63
37463;63
37577;63
37772;63
37888;63
38011;63
38123;63
38242;63
38351;63
38476;63
38584;63
38698;63
38805;63
38909;63
39019;63
39137;63
39244;63
39371;63
39495;63
39609;63
39719;63
39835;63
39958;63
40077;63
40200;63
40322;63
40428;63
40553;63
40664;63
40784;63
40901;63
41007;63
41120;63
41274;63
41553;63
41750;63
41881;63
41984;63
42126;63
42276;63
42488;63
42601;63
42754;63
42865;63
42971;63
43079;63
43190;63
43398;63
43509;63
43626;63
43731;63
43836;63
43950;63
44062;63
44170;63
44295;63
44512;63
44662;63
44811;63
44925;63
45048;63
45171;63
45279;63
45385;63
45528;63
45635;63
45742;63
45846;63
45960;63
46142;63
46300;63
46458;63
46612;64
46730;64
46846;64
46950;64
47057;64
47168;64
47279;64
47451;64
47606;63
47768;63
47894;63
48000;63
48128;63
48238;63
48376;63
48497;63
48609;63
48711;63
48821;63
48925;63
49068;63
49235;63
49388;63
49535;63
49672;63
49777;63
49888;63
49997;63
50139;63
50318;63
50490;63
50637;63
50762;63
50871;63
50975;63
51082;63
51201;63
51339;63
51444;63
51561;63
51667;63
51801;63
51913;63
52062;63
52207;63
52358;63
52536;63
52642;63
52752;63
52861;63
52993;63
53118;63
53257;63
53366;63
53506;63
53615;63
53725;63
53832;63
53941;63
54052;63
54170;63
54305;63
54411;63
54521;63
54644;63
54755;63
54875;63
55042;63
55146;63
55265;63
55380;63
55595;63
55731;63
55838;63
55988;63
56102;63
56213;63
56322;63
56431;63
56537;63
56646;63
56754;63
56861;63
56964;63
57086;63
57192;64
57298;64
57405;64
57512;64
57621;64
57729;64
57833;64
57935;64
58065;64
58168;64
58271;64
58393;64
58497;64
58597;64
58702;64
58818;64
58925;64
59052;64
59173;64
59413;64
59524;64
59629;64
59742;64
59853;64
59973;64
60080;64
60191;64
60317;64
60432;64
60550;64
60650;64
60782;64
60891;64
61073;64
61239;64
61420;64
61537;64
61658;64
61782;64
61973;64
62171;64
62335;64
62448;64
62565;64
62670;64
62796;64
62900;64
63009;64
63136;65
63273;65
63384;64
63506;63
63623;63
63735;63
63841;63
63956;63
64079;63
64277;63
64454;63
64590;63
64690;63
64799;63
64903;63
65014;63
65128;63
65237;63
65351;62
65465;62
65572;62
65680;62
65785;62
65883;62
65992;62
66113;62
66218;62
66335;62
66447;62
66584;62
66696;62
66824;62
66936;62
67062;62
67179;63
67289;63
67395;63
67496;63
67606;63
67739;63
67851;63
67958;63
68080;63
68191;63
68302;63
68409;63
68602;63
68793;63
68970;63
69090;63
69215;63
69331;63
69446;63
69552;63
69676;63
69791;63
69905;63
70077;63
70236;63
70381;63
70489;63
70589;63
70707;63
70812;63
70918;63
71029;63
71148;63
71269;63
71384;63
71637;63
71778;62
71899;62
71998;62
72101;62
72209;62
72313;62
72429;62
72594;62
72715;62
72826;62
72928;62
73037;62
73147;62
73257;62
73368;62
73500;62
73612;62
73717;62
73844;62
73951;62
74055;62
74174;62
74294;62
74407;62
74521;62
74626;62
74744;62
74845;62
74979;62
75162;62
75360;62
75556;62
75666;62
75784;62
75912;62
76029;62
76159;62
76268;62
76372;62
76499;62
76612;62
76719;62
76831;62
76950;62
77051;62
77158;62
77258;62
77382;62
77487;62
77599;62
77718;62
77830;62
77945;62
78043;63
78143;63
78247;63
78355;63
78464;63
78584;63
78685;63
78798;63
78936;63
79044;63
79146;63
79249;63
79356;63
79462;63
79597;63
79707;63
79849;63
79987;63
80096;63
80207;63
80307;63
80417;63
80524;63
80629;63
80740;63
80846;62
81016;62
81123;62
81223;62
81327;62
81432;62
81551;62
81657;62
81771;62
81900;62
82044;62
82147;62
82270;62
82380;62
82491;61
82600;61
82706;61
82809;61
82917;61
83040;61
83148;61
83267;61
83418;61
83551;61
83655;61
83767;61
83879;61
83988;61
84109;62
84220;62
84344;62
84448;62
84549;62
84693;62
84801;62
84908;62
85078;62
85181;62
85289;62
85402;62
85506;62
85616;62
85900;62
86027;62
86127;62
86229;62
86329;62
86435;62
86558;62
86661;62
86763;62
86870;62
87003;62
87117;62
87301;62
87428;62
87536;62
87634;62
87743;62
87851;62
87957;62
88101;62
88204;62
88309;62
88416;62
88523;62
88627;62
88838;62
89095;62
89212;62
89330;62
89453;62
89612;62
89732;62
89851;62
89965;62
90096;62
90219;62
90347;62
90454;62
90582;62
90693;62
90840;62
90973;62
91083;62
91208;62
91314;62
91435;62
91567;62
91671;62
91777;62
91885;62
92000;62
92107;62
92261;62
92379;62
92480;62
92601;62
92710;62
92818;62
92955;62
93105;62
93212;62
93326;62
93438;62
93546;62
93655;62
93777;62
93880;62
93988;62
94096;62
94205;62
94313;62
94433;63
94536;63
94644;63
94759;63
94890;63
95004;63
95109;63
95213;63
95370;63
95476;63
95603;63
95719;63
95835;63
95965;63
96069;63
96235;63
96435;63
96607;63
96715;63
96826;63
96933;63
97168;63
97373;63
97552;63
97666;63
97769;63
97885;63
98009;63
98129;63
98244;63
98355;63
98478;63
98590;63
98693;63
98815;63
98927;63
99028;63
99128;63
99233;63
99345;62
99451;62
99570;62
99675;62
99784;62
99889;62
99995;62
100106;62
100212;62
100332;62
100435;62
100539;62
100639;62
100740;62
100858;62
100962;62
101068;62
101171;62
101280;62
101406;62
101509;62
101616;62
101754;62
101857;62
101964;62
102079;62
102179;62
102296;62
102399;62
102505;62
102608;62
102720;62
102839;62
102960;62
103078;62
103215;62
103313;62
103444;62
103576;62
103679;62
103799;62
103902;62
104007;62
104110;62
104229;62
104335;62
104438;62
104573;62
104691;62
104791;62
104906;62
105025;62
105125;62
105228;62
105331;62
105443;62
105564;62
105668;62
105773;62
105997;62
106166;62
106366;62
106491;62
106620;62
106730;62
106848;62
106957;62
107070;62
107178;62
107286;62
107401;62
107509;62
107613;62
107732;62
107837;62
107947;62
108049;62
108167;62
108272;62
108394;62
108513;62
108619;62
108748;62
108869;62
108976;62
109081;62
109213;62
109332;62
109447;62
109556;62
109661;62
109783;62
109913;62
110027;62
110133;62
110261;62
110381;62
110491;62
110598;62
110714;62
110819;62
111034;62
111172;62
111277;62
111383;62
111493;62
111606;62
111740;62
111963;62
112089;62
112196;62
112311;62
112425;62
112540;62
112645;62
112769;62
112870;62
112979;62
113084;62
113204;62
113314;62
113421;62
113540;62
113649;62
113760;62
113868;62
113976;62
114083;62
114211;63
114314;63
114415;63
114536;63
114643;63
114759;63
114876;63
115036;63
115155;63
115267;63
115375;63
115489;63
115623;63
115741;63
115853;63
115999;63
116258;63
116485;63
116631;63
116763;63
116887;63
117002;63
117107;63
117228;63
117342;63
117464;63
117575;63
117676;63
117830;63
118037;63
118158;63
118268;63
118497;63
118724;63
118864;63
118969;63
119074;63
119187;63
119341;63
119446;63
119553;63
119678;63
119794;63
119907;63
120019;62
120141;62
120250;62
120361;62
120474;62
120574;62
120683;62
120801;62
120915;62
121025;62
121145;62
121254;62
121368;62
121498;62
121611;62
121714;62
121821;62
121933;62
122035;62
122140;62
122252;62
122374;62
122534;62
122663;62
122776;62
122878;62
122985;62
123097;62
123201;62
123304;62
123417;62
123534;62
123685;62
123810;62
123929;62
124040;62
124142;62
124258;62
124369;62
124496;62
124609;62
124719;62
124829;62
124943;62
125048;62
125158;62
125274;62
125388;62
125506;62
125617;62
125724;62
125832;62
125937;62
126049;62
126160;62
126264;62
126419;62
126528;62
126642;62
126774;62
126886;62
126989;62
127090;62
127194;62
127299;62
127407;62
127511;62
127619;62
127725;62
127834;62
127940;62
128059;62
128165;62
128284;62
128448;62
128709;62
128824;62
128992;62
129097;62
129197;62
129317;62
129431;62
129544;62
129658;62
129782;62
129881;62
129993;62
130185;62
130329;62
130437;62
130594;62
130720;62
130828;62
130936;62
131098;62
131337;62
131501;62
131653;62
131780;62
131890;62
132002;62
132111;62
132238;62
132347;62
132459;62
132573;62
132720;62
132832;62
132936;62
133073;62
133185;62
133288;62
133400;62
133509;62
133634;62
133766;62
133896;62
134102;62
134271;62
134373;62
134477;62
134597;62
134705;62
134812;61
134919;61
135023;61
135127;61
135242;61
135347;61
135474;61
135601;61
135727;61
135832;61
135966;61
136075;61
136178;61
136283;61
136401;61
136536;61
136640;61
136748;61
136859;61
136986;61
137093;61
137197;61
137305;61
137407;61
137519;61
137622;61
137729;61
137856;61
137968;61
138073;61
138181;61
138310;61
138414;61
138519;61
138620;61
138732;61
138843;61
138956;61
139062;61
139171;61
139281;61
139514;61
139766;61
139866;61
139976;61
140086;61
140281;61
140465;61
140577;61
140680;61
140795;61
140916;61
141051;61
141185;61
141301;61
141425;61
141543;61
141657;61
141766;61
141878;61
141990;61
142100;61
142220;61
142366;61
142581;61
142785;61
142912;61
143017;61
143126;61
143237;61
143346;61
143455;61
143569;61
143676;61
143796;61
143921;61
144017;61
144124;61
144225;61
144328;61
144434;61
144561;61
144666;61
144770;61
144890;61
145006;61
145118;61
145226;61
145341;61
145440;61
145565;61
145676;61
145789;61
145917;61
146052;61
146172;61
146284;61
146408;61
146526;61
146775;61
146877;61
146993;61
147094;61
147198;61
147321;61
147440;61
147563;61
147675;61
147797;61
147925;61
148046;61
148210;61
148384;61
148533;61
148671;61
148774;61
148878;61
149006;61
149113;61
149222;61
149326;61
149435;61
149540;61
149656;61
149759;61
149869;61
149992;61
150124;61
150251;61
150358;61
150470;61
150581;61
150687;61
150808;61
150919;61
151020;61
151126;61
151231;61
151359;61
151468;61
151589;61
151693;61
151800;61
151913;61
152030;61
152174;61
152310;61
152444;61
152556;61
152671;61
152777;61
152890;61
153087;61
153250;61
153418;61
153533;61
153666;61
153776;61
153880;61
153994;61
154104;61
154218;61
154327;61
154450;61
154587;61
154711;61
154817;61
154937;61
155047;61
155171;61
155295;61
155416;61
155526;61
155675;61
155784;61
155943;61
156113;61
156258;61
156424;61
156554;61
156658;61
156771;61
156907;61
157010;61
157115;61
157221;61
157334;61
157449;61
157566;61
157693;61
157810;61
157962;61
158076;61
158177;61
158278;61
158431;61
158681;61
158859;61
158978;61
159104;61
159214;61
159324;61
159427;61
159543;61
159652;61
159783;61
159890;61
159994;61
160098;61
160206;61
160317;61
160425;61
160551;61
160666;61
160791;61
160895;61
161011;61
161117;61
161222;61
161330;61
161441;61
161542;61
161644;61
161747;61
161852;61
161962;61
162074;61
162191;61
162295;61
162418;61
162534;61
162640;61
162753;61
162863;61
162971;61
163075;61
163179;61
163283;61
163395;61
163524;61
163631;61
163786;61
163965;61
164146;61
164320;61
164479;61
164624;61
164845;61
164975;61
165086;61
165232;61
165333;61
165505;61
165635;61
165757;61
165859;61
165972;61
166109;61
166314;61
166505;61
166770;61
166920;61
167029;61
167167;61
167275;61
167382;61
167491;61
167603;61
167824;61
167949;61
168077;61
168213;61
168319;61
168456;61
168588;61
168806;61
169048;61
169218;61
169329;61
169472;61
169701;61
