317;235
479;235
639;235
800;235
964;235
1116;235
1243;235
1361;235
1436;235
1506;235
1610;235
1724;235
1804;235
1895;235
1972;235
2310;235
2595;235
2653;235
2716;235
2783;235
2842;235
2909;235
2994;235
3056;235
3174;235
3233;235
3298;235
3373;235
3435;235
3496;235
3566;235
3629;235
3720;235
4122;235
4442;235
4821;235
5199;235
5490;235
5816;235
6071;235
6227;235
6290;235
6348;235
6409;235
6469;235
6529;235
6597;235
6655;235
6715;235
6778;235
6840;236
6913;236
6977;236
7045;236
7113;236
7182;236
7292;236
7353;236
7435;236
7495;236
7555;236
7618;236
7680;236
7741;236
7809;236
7873;236
7932;235
7999;235
8066;235
8133;235
8192;235
8260;235
8406;235
8716;235
8997;235
9323;235
9676;235
9742;235
9802;235
9870;235
9928;235
9986;235
10053;235
10114;235
10173;235
10233;235
10301;235
10384;235
10447;235
10507;235
10566;235
10628;235
10702;235
10768;235
10832;235
10895;235
10958;235
11041;235
11108;235
11165;235
11225;235
11290;235
11351;235
11414;235
11486;235
11550;235
11641;235
11743;235
11827;235
11904;235
11968;235
12027;235
12090;235
12148;235
12208;235
12267;235
12328;235
12390;235
12450;235
12507;235
12573;235
12634;235
12707;235
12770;235
12833;235
12893;235
12952;235
13015;235
13089;235
13150;235
13210;235
13270;235
13329;235
13388;235
13450;235
13513;235
13581;235
13648;235
13717;235
13783;235
13849;235
13906;235
13965;235
14032;235
14094;235
14153;235
14212;235
14269;235
14329;235
14396;235
14455;235
14515;235
14574;235
14649;235
14709;236
14769;236
14831;235
14906;235
14964;235
15034;235
15093;235
15173;235
15232;235
15297;235
15355;235
15426;235
15487;235
15549;235
15615;235
15677;235
15743;235
15801;235
15860;235
15918;235
15976;235
16039;235
16105;235
16164;235
16230;235
16297;235
16370;235
16435;235
16499;235
16558;235
16620;235
16683;235
16741;235
16803;235
16865;235
16933;235
16991;235
17063;235
17123;235
17182;235
17242;235
17309;235
17368;235
17435;235
17502;235
17576;233
17645;234
17710;234
17769;234
17836;234
17896;234
17967;234
18029;234
18103;234
18165;234
18231;234
18289;234
18377;234
18487;236
18561;236
18646;236
18736;236
18797;236
18862;236
18933;236
18996;236
19062;236
19128;236
19185;236
19251;236
19318;236
19385;236
19446;236
19505;236
19564;236
19628;236
19697;236
19755;236
19814;236
19890;236
19957;236
20019;236
20079;236
20146;236
20208;236
20275;236
20337;236
20402;236
20466;236
20525;236
20583;236
20644;236
20703;236
20761;236
20824;236
20885;236
20953;236
21028;236
21089;236
21163;236
21224;236
21291;236
21351;236
21417;236
21492;236
21562;236
21619;236
21680;236
21753;236
21813;236
21875;236
21943;236
22010;236
22083;236
22146;236
22205;236
22273;236
22339;236
22400;236
22459;236
22519;237
22579;237
22644;237
22705;237
22766;237
22833;237
22892;237
22953;237
23021;237
23080;237
23141;237
23201;237
23267;237
23326;237
23400;237
23462;237
23528;237
23587;237
23647;237
23711;237
23768;237
23825;237
23883;238
23948;238
24007;238
24078;238
24145;238
24205;238
24273;238
24341;238
24402;238
24463;238
24529;238
24601;238
24677;238
24740;238
24798;238
24862;238
24920;238
24985;238
25048;238
25107;238
25168;238
25235;238
25293;238
25355;238
25421;238
25493;238
25559;238
25618;238
25710;238
25767;238
25850;238
25907;238
25976;237
26037;237
26096;237
26163;237
26234;237
26292;237
26358;237
26420;237
26481;237
26543;237
26602;237
26665;237
26728;237
26788;237
26849;237
26920;237
26981;237
27043;237
27106;237
27180;237
27241;237
27315;237
27387;237
27455;237
27514;237
27577;237
27651;237
27714;237
27779;237
27842;237
27911;237
27979;237
28043;237
28108;237
28184;237
28246;237
28312;237
28371;237
28436;237
28493;237
28549;237
28615;237
28672;237
28731;237
28792;237
28858;237
28927;237
28986;237
29045;237
29106;237
29168;237
29236;237
29301;237
29366;237
29425;237
29494;237
29572;237
29639;237
29698;237
29764;237
29824;237
29886;237
29953;237
30023;237
30085;237
30144;237
30212;237
30270;237
30328;237
30401;237
30459;237
30521;237
30582;237
30644;237
30717;237
30772;237
30830;237
30889;238
30948;238
31009;238
31067;238
31134;238
31194;238
31252;238
31313;238
31372;238
31434;238
31494;238
31552;238
31611;238
31671;238
31730;238
31788;238
31855;238
31924;238
31983;238
32047;238
32110;238
32166;238
32225;238
32288;238
32347;238
32405;238
32471;238
32529;238
32595;238
32676;238
32741;238
32800;238
32880;238
32954;238
33018;238
33085;238
33151;238
33211;238
33278;238
33339;238
33408;238
33485;238
33546;238
33610;238
33684;238
33742;238
33814;238
33872;238
33936;238
33994;237
34072;237
34143;237
34200;237
34259;237
34342;237
34412;237
34484;237
34546;237
34610;237
34673;237
34738;237
34797;237
34860;237
34956;237
35014;237
35091;237
35148;237
35212;237
35280;237
35340;237
35397;237
35455;239
35513;239
35583;239
35641;239
35698;239
35765;239
35821;239
35881;239
35947;239
36004;239
36067;239
36132;239
36198;239
36254;239
36313;239
36378;239
36445;239
36513;238
36574;238
36631;238
36695;238
36755;238
36815;238
36878;238
36954;238
37013;238
37071;238
37128;238
37188;238
37245;238
37303;238
37369;238
37430;238
37491;238
37551;238
37608;238
37665;238
37722;238
37783;238
37854;238
37928;238
38001;238
38061;238
38120;238
38179;238
38239;238
38297;238
38356;238
38418;238
38475;238
38537;238
38600;238
38657;238
38720;238
38780;238
38836;238
38895;238
38964;238
39023;239
39096;239
39172;239
39240;239
39297;239
39356;239
39416;239
39476;239
39533;239
39603;239
39664;239
39730;239
39791;239
39849;239
39920;239
39978;239
40039;239
40104;239
40164;239
40238;239
40302;239
40364;238
40422;238
40478;238
40536;238
40622;238
40684;238
40746;238
40805;238
40863;238
40933;238
40991;238
41052;238
41118;238
41191;238
41275;238
41335;238
41401;238
41459;238
41529;238
41588;238
41659;238
41719;238
41780;238
41838;238
41903;238
41969;238
42035;238
42163;238
42231;238
42290;238
42347;238
42404;238
42461;238
42520;238
42580;238
42641;238
42702;238
42762;238
42820;238
42881;238
42959;238
43052;238
43123;238
43192;238
43251;238
43323;238
43380;238
43453;238
43511;238
43573;238
43634;238
43692;238
43759;238
43824;238
43883;238
43943;238
44000;238
44061;238
44133;238
44289;238
44349;238
44406;238
44465;238
44522;238
44581;238
44641;238
44701;237
44769;237
44828;237
44895;237
44971;237
45029;237
45090;237
45151;237
45216;237
45314;237
45548;237
45755;237
45949;237
46005;237
46062;237
46131;237
46202;237
46271;237
46347;237
46408;237
46465;237
46526;237
46588;237
46647;237
46707;237
46767;237
46832;237
46891;237
46951;237
47016;237
47113;237
47223;237
47283;237
47345;237
47410;237
47469;237
47531;237
47589;237
47647;237
47708;237
47770;237
47828;238
47895;238
47957;238
48024;238
48103;238
48185;238
48244;238
48302;238
48361;238
48439;238
48590;238
48790;238
48847;238
48920;238
48979;238
49038;237
49097;237
49165;237
49232;237
49298;237
49356;237
49414;237
49474;237
49549;237
49608;235
49673;235
49735;235
49792;235
49854;235
49914;235
49972;235
50038;235
50104;235
50160;235
50217;235
50273;235
50331;235
50392;235
50449;235
50507;235
50567;235
50633;235
50691;235
50757;235
50828;235
50903;235
50962;235
51023;235
51081;235
51139;235
51205;235
51271;235
51372;235
51428;235
51497;235
51555;235
51613;235
51671;235
51729;235
51787;235
51852;235
51911;235
51970;235
52028;235
52089;235
52149;235
52215;235
52273;235
52347;235
52407;236
52472;236
52534;236
52591;236
52666;236
52738;236
52793;236
52852;236
52910;236
52975;236
53058;236
53116;235
53182;235
53243;235
53305;235
53378;235
53439;235
53497;235
53567;235
53637;235
53699;235
53758;235
53818;235
53876;235
53941;235
54007;235
54064;235
54136;235
54193;235
54274;235
54332;235
54394;235
54455;235
54516;235
54590;235
54650;235
54708;235
54782;235
54841;235
54919;235
54986;235
55061;235
55123;235
55181;235
55239;235
55298;235
55357;235
55413;235
55473;235
55530;235
55587;235
55652;235
55720;235
55780;235
55838;237
55900;237
55969;237
56027;237
56087;237
56147;237
56212;237
56271;237
56330;237
56401;237
56461;237
56521;237
56596;237
56652;237
56711;237
56789;237
56849;237
56906;237
56973;237
57043;237
57104;237
57165;237
57226;237
57287;237
57345;237
57405;237
57470;237
57529;237
57587;237
57658;237
57740;237
57801;237
57867;237
57930;237
57996;237
58052;237
58113;236
58171;236
58238;236
58298;236
58364;236
58423;236
58483;236
58556;236
58614;236
58680;236
58738;236
58795;236
58855;236
58915;236
58999;236
59062;236
59128;236
59189;236
59247;236
59304;236
59368;236
59427;236
59485;236
59546;236
59605;237
59665;237
59726;237
59794;237
59854;237
59920;237
59983;237
60051;237
60112;237
60170;237
60236;238
60295;238
60357;238
60428;238
60484;238
60545;238
60603;238
60661;238
60727;238
60792;238
60852;238
60918;238
60978;238
61038;238
61108;238
61166;238
61226;238
61286;238
61345;238
61406;238
61481;238
61539;238
61595;238
61660;238
61717;238
61776;238
61834;238
61895;238
61954;238
62013;238
62075;238
62133;238
62193;238
62264;238
62330;238
62392;238
62452;238
62512;238
62569;238
62630;238
62688;238
62745;238
62804;238
62870;238
62928;238
63003;238
63074;238
63132;238
63207;238
63265;238
63332;238
63390;238
63451;238
63510;238
63568;238
63627;238
63684;238
63740;238
63799;238
63858;238
63925;238
63983;238
64057;238
64124;238
64182;238
64242;238
64315;238
64374;238
64440;238
64501;238
64566;238
64623;238
64687;238
64757;238
64815;238
64873;238
64940;238
64998;238
65059;238
65126;238
65192;238
65266;238
65326;238
65392;238
65447;238
65504;238
65569;238
65634;238
65693;238
65768;238
65826;238
65886;238
65953;238
66014;238
66073;238
66146;238
66205;238
66273;238
66336;238
66392;238
66458;238
66527;238
66586;238
66652;238
66710;238
66769;238
66841;238
66901;238
66959;237
67025;237
67109;237
67178;237
67253;237
67323;237
67382;237
67439;237
67521;237
67581;237
67646;237
67706;237
67766;237
67828;237
67888;237
67947;237
68006;237
68061;237
68118;237
68187;237
68250;237
68317;237
68384;237
68450;237
68509;238
68571;238
68629;238
68688;238
68767;238
68823;238
68888;238
68944;238
69004;238
69066;238
69127;238
69199;238
69256;238
69329;238
69389;238
69463;238
69518;238
69574;238
69637;238
69703;238
69769;238
69835;238
69897;238
69957;238
70018;238
70078;238
70136;238
70206;238
70268;238
70320;238
70379;238
70439;238
70497;238
70556;238
70622;238
70681;238
70742;238
70808;238
70864;238
70928;238
70986;238
71044;238
71105;238
71166;238
71232;238
71298;238
71366;238
71426;238
71506;238
71564;238
71654;238
71733;238
71820;238
71894;238
71956;238
72014;238
72081;238
72146;238
72202;238
72258;238
72317;238
72374;238
72440;238
72498;238
72566;238
72627;238
72695;238
72768;238
72825;238
72886;236
72942;236
73001;236
73059;236
73145;236
73204;236
73262;236
73346;236
73403;236
73460;236
73528;236
73596;236
73655;236
73714;236
73775;236
73840;236
73903;236
73968;236
74025;236
74084;236
74143;236
74200;236
74256;236
74315;236
74376;236
74442;236
74502;236
74562;236
74623;236
74683;236
74752;236
74808;236
74883;236
74948;236
75011;236
75072;236
75161;236
75221;236
75281;236
75347;236
75407;236
75465;236
75522;236
75593;236
75657;236
75716;236
75778;236
75836;236
75915;236
75973;236
76029;236
76090;236
76151;236
76218;236
76278;236
76345;236
76419;237
76486;237
76546;237
76611;237
76682;237
76738;237
76801;237
76861;237
76924;237
76990;237
77047;237
77116;237
77197;237
77255;237
77328;237
77386;237
77459;237
77518;237
77584;237
77642;237
77698;237
77768;237
77833;237
77893;237
77970;237
78044;236
78117;236
78178;236
78238;236
78296;236
78374;236
78490;236
78582;236
78678;236
78763;236
78820;236
78887;236
78953;236
79025;236
79084;236
79178;236
79247;236
79312;236
79378;236
79435;236
79517;236
79607;236
79677;236
79733;236
79792;236
79856;236
79914;236
79970;236
80037;236
80096;236
80158;235
80216;235
80274;235
80334;235
80393;235
80451;235
80522;235
80580;235
80643;235
80701;235
80758;235
80810;235
80869;235
80930;235
80989;235
81049;235
81117;235
81180;235
81241;235
81307;235
81373;235
81431;235
81498;235
81553;235
81618;235
81674;235
81731;235
81789;235
81849;235
81911;235
81978;235
82038;235
82104;235
82161;235
82228;235
82285;235
82361;235
82415;236
82471;236
82531;236
82591;236
82648;236
82716;236
82791;236
82849;236
82922;236
82981;236
83047;236
83107;236
83184;236
83258;236
83323;236
83379;236
83443;236
83499;236
83566;236
83639;236
83696;236
83762;236
83824;236
83886;236
83957;236
84024;236
84080;236
84139;236
84195;236
84254;236
84311;236
84378;236
84437;236
84495;236
84557;236
84615;236
84674;236
84733;236
84797;236
84857;235
84921;237
84988;237
85054;237
85115;236
85184;236
85244;236
85305;236
85365;236
85424;236
85495;236
85561;236
85628;236
85687;236
85744;236
85803;236
85864;236
85925;236
85985;236
86046;236
86107;236
86172;236
86229;236
86285;236
86342;236
86399;236
86470;236
86532;236
86593;236
86660;236
86718;236
86778;236
86839;236
86904;236
86964;236
87028;236
87088;236
87149;236
87216;236
87283;236
87365;235
87423;235
87487;235
87549;235
87608;235
87667;235
87724;235
87807;235
87874;235
87935;235
87996;235
88072;235
88131;235
88188;235
88247;235
88327;235
88386;235
88445;235
88504;235
88563;235
88633;235
88685;235
88747;235
88803;235
88869;235
88926;235
88988;235
89054;235
89115;235
89181;235
89241;235
89305;235
89362;236
89421;236
89487;236
89547;236
89610;236
89684;236
89745;236
89802;236
89858;236
89914;236
89971;236
90053;236
90112;236
90173;236
90240;236
90300;236
90359;236
90428;236
90493;236
90552;236
90618;236
90676;236
90743;236
90810;236
90873;236
90941;236
90997;236
91053;236
91115;236
91175;236
91241;236
91301;236
91369;236
91437;236
91507;236
91572;236
91633;236
91702;236
91763;236
91822;236
91889;236
91955;236
92016;236
92088;236
92145;236
92204;236
92266;236
92335;236
92390;236
92448;236
92505;236
92577;236
92644;236
92711;236
92778;236
92836;236
92908;236
92965;236
93024;236
93082;236
93139;236
93197;236
93267;236
93343;236
93401;236
93462;236
93541;236
93599;236
93663;236
93719;236
93783;236
93843;236
93910;236
93969;236
94026;236
94088;236
94146;236
94206;236
94264;236
94329;236
94385;236
94444;236
94500;236
94560;236
94621;236
94681;236
94741;236
94807;236
94868;236
94934;236
94992;236
95053;236
95129;236
95184;236
95251;236
95310;236
95367;236
95428;236
95496;236
95562;236
95620;236
95679;236
95738;236
95798;236
95864;236
95927;236
95983;236
96040;236
96095;236
96151;236
96209;236
96276;236
96334;236
96403;236
96471;236
96529;236
96600;236
96671;236
96728;236
96784;236
96843;236
96899;236
96960;236
97020;236
97079;236
97137;236
97195;236
97257;236
97316;236
97381;236
97437;236
97492;236
97554;236
97611;236
97675;236
97733;236
97807;236
97874;236
97949;236
98010;236
98069;236
98146;236
98204;236
98262;236
98329;236
98394;236
98451;236
98509;236
98569;236
98631;236
98697;236
98763;236
98821;236
98889;236
98947;236
99005;236
99061;236
99124;236
99194;236
99272;236
99333;235
99417;235
99477;235
99539;235
99624;235
99681;235
99738;235
99803;235
99870;235
99928;235
99989;235
100051;235
100109;235
100174;235
100240;235
100296;235
100353;235
100411;235
100467;235
100537;235
100606;235
100664;235
100723;235
100785;235
100859;235
100923;235
100985;235
101042;235
101100;235
101159;235
101226;235
101297;235
101356;235
101423;235
101495;235
101554;235
101609;235
101672;235
101736;235
101802;235
101861;235
101919;235
101984;235
102049;235
102116;235
102175;235
102234;235
102292;235
102350;235
102407;235
102474;235
102527;235
102593;235
102652;235
102708;235
102776;235
102835;235
102903;235
102963;235
103021;235
103077;235
103146;235
103202;235
103260;235
103324;235
103386;235
103452;235
103517;235
103580;235
103637;235
103696;235
103778;235
103850;235
103910;235
103978;235
104039;235
104096;235
104157;235
104231;235
104302;235
104390;235
104453;235
104518;235
104577;235
104645;235
104706;235
104764;235
104822;235
104894;235
104958;235
105008;235
105066;235
105125;235
105181;235
105264;235
105333;235
105391;235
105463;234
105551;234
105617;234
105676;234
105751;234
105808;234
105872;234
105944;234
106009;234
106070;234
106131;234
106197;234
106260;234
106328;234
106388;234
106444;234
106501;234
106559;234
106617;234
106684;234
106746;234
106807;234
106865;234
106932;234
107002;234
107085;234
107158;234
107214;234
107290;234
107349;234
107419;234
107486;234
107546;234
107605;234
107665;234
107737;234
107801;234
107864;234
107920;234
107983;234
108044;234
108101;234
108167;234
108225;234
108283;234
108348;234
108414;234
108471;234
108535;234
108844;234
108903;234
108967;234
109030;234
109086;234
109143;234
109201;234
109259;234
109324;234
109391;234
109458;234
109515;234
109576;234
109642;234
109704;234
109807;234
109866;234
109929;234
109999;234
110067;234
110126;234
110181;234
110246;234
110306;234
110372;234
110446;234
110507;234
110564;234
110625;234
110687;234
111022;234
111341;234
111515;234
111574;234
111645;234
111704;234
111768;234
111840;234
111906;234
111988;234
112059;234
112120;234
