246;83
337;83
408;83
501;83
582;83
665;83
749;83
835;83
916;83
979;83
1055;83
1119;83
1183;83
1264;83
1329;83
1395;83
1464;83
1528;83
1603;83
1686;83
1767;83
1852;83
1940;83
2019;83
2082;83
2144;83
2222;83
2295;83
2357;83
2423;83
2498;83
2565;83
2626;83
2699;83
2760;83
2821;83
2882;83
2943;83
3000;83
3056;83
3117;83
3176;83
3232;83
3295;83
3369;83
3446;83
3518;83
3591;83
3675;83
3756;83
3830;83
3904;83
4002;83
4052;83
4106;83
4163;83
4219;83
4278;83
4331;83
4392;83
4445;83
4508;83
4564;83
4618;83
4674;83
4727;83
4780;83
4839;83
4905;83
4960;83
5013;83
5071;83
5137;83
5194;83
5253;83
5309;83
5363;83
5424;83
5483;83
5538;83
5593;83
5647;83
5701;83
5755;83
5809;83
5874;83
5928;83
5990;83
6044;83
6110;83
6164;83
6222;83
6277;83
6347;83
6425;83
6504;83
6579;83
6653;83
6717;83
6773;83
6829;83
6889;83
6944;83
6998;83
7052;83
7117;83
7171;83
7226;83
7289;83
7343;83
7397;83
7450;83
7504;83
7559;83
7614;83
7672;83
7725;83
7782;83
7837;83
7896;83
7950;83
8007;83
8061;83
8123;83
8175;83
8229;83
8287;83
8342;83
8399;83
8453;83
8545;83
8603;83
8658;83
8713;83
8767;83
8820;83
8877;83
8930;83
8983;83
9037;83
9100;83
9154;83
9208;83
9262;83
9318;83
9375;83
9429;83
9484;83
9548;83
9600;83
9652;83
9712;83
9767;83
9823;83
9877;83
9930;83
9984;83
10038;83
10092;83
10145;83
10201;78
10255;78
10312;78
10370;78
10428;78
10484;78
10561;78
10620;78
10677;78
10730;78
10783;78
10837;78
10895;78
10950;78
11005;78
11056;78
11117;78
11172;78
11227;78
11280;78
11336;78
11392;78
11445;78
11505;78
11558;78
11612;78
11667;78
11721;78
11774;78
11831;78
11885;78
11942;78
11995;78
12048;78
12108;78
12163;78
12220;78
12273;78
12327;78
12383;78
12435;78
12487;78
12554;78
12624;78
12688;78
12747;78
12801;78
12856;78
12915;78
12968;78
13023;78
13082;78
13134;78
13189;78
13245;78
13306;78
13360;78
13417;78
13472;78
13526;78
13581;78
13635;78
13688;78
13752;78
13806;78
13862;78
13919;78
13973;78
14027;78
14082;78
14136;78
14190;78
14243;78
14297;78
14350;78
14408;78
14466;78
14521;78
14579;78
14633;78
14692;78
14750;78
14805;78
14858;78
14912;78
14969;78
15032;78
15089;78
15141;78
15197;78
15252;78
15312;78
15367;78
15424;78
15479;78
15536;78
15590;78
15645;78
15708;78
15768;78
15822;78
15876;78
15940;78
15995;78
16058;78
16112;78
16165;78
16222;78
16287;78
16338;78
16394;78
16448;78
16502;78
16556;78
16613;78
16668;78
16721;78
16778;78
16830;78
16892;78
16949;78
17002;78
17059;78
17117;78
17202;78
17289;78
17350;78
17404;78
17460;78
17529;78
17580;78
17636;78
17689;78
17743;78
17797;78
17851;78
17906;78
17959;78
18019;83
18079;83
18138;83
18193;83
18248;83
18302;83
18356;83
18410;83
18464;83
18518;83
18573;83
18636;83
18695;83
18749;83
18805;83
18862;83
18916;83
18971;83
19029;83
19086;83
19143;83
19198;83
19252;83
19310;83
19363;83
19417;83
19470;83
19523;83
19578;83
19635;83
19695;83
19746;83
19799;83
19853;83
19912;83
19967;83
20023;83
20077;83
20131;83
20185;83
20239;83
20295;83
20354;83
20408;83
20467;83
20521;83
20578;83
20638;83
20703;83
20753;83
20805;83
20861;83
20918;83
20973;83
21026;83
21089;83
21141;83
21194;83
21250;83
21304;83
21358;83
21415;83
21468;83
21523;83
21576;83
21630;83
21695;83
21783;83
21882;83
21984;83
22067;83
22143;83
22206;83
22261;83
22320;83
22374;83
22431;83
22483;83
22539;83
22606;83
22673;83
22727;83
22787;83
22840;83
22902;83
22960;83
23015;83
23068;83
23121;83
23174;83
23228;83
23281;83
23334;83
23390;83
23446;83
23505;83
23559;83
23616;83
23675;83
23726;83
23782;83
23834;83
23888;83
23940;83
23994;83
24048;83
24110;83
24164;83
24218;83
24271;83
24325;83
24378;83
24431;83
24489;83
24540;83
24593;83
24653;83
24712;83
24766;83
24818;83
24871;83
24923;83
24976;83
25029;83
25086;83
25143;83
25197;83
25251;83
25315;83
25366;83
25419;83
25473;83
25525;83
25578;83
25631;83
25684;83
25737;83
25790;83
25843;83
25903;83
25956;83
26015;83
26066;83
26118;83
26172;83
26226;83
26281;83
26333;83
26388;83
26442;83
26503;83
26555;83
26619;83
26694;83
26757;83
26807;83
26860;83
26913;83
26966;83
27021;83
27082;83
27142;83
27197;83
27251;83
27303;83
27360;83
27414;83
27475;83
27527;83
27584;83
27638;83
27699;83
27753;83
27807;83
27860;83
27913;83
27967;83
28020;83
28074;83
28134;83
28189;83
28250;83
28310;83
28363;83
28417;83
28471;83
28525;83
28578;83
28646;83
28715;83
28778;83
28827;83
28886;83
28943;83
28996;83
29048;83
29103;83
29157;83
29213;83
29266;83
29319;83
29381;83
29434;83
29494;83
29548;83
29602;83
29660;83
29721;83
29789;83
29843;83
29896;83
29950;83
30008;83
30063;83
30119;83
30173;83
30226;83
30280;83
30334;83
30387;83
30441;83
30495;83
30549;83
30600;83
30678;83
30741;83
30796;83
30852;83
30905;83
30958;83
31010;83
31071;83
31123;83
31182;83
31242;83
31317;83
31370;83
31425;83
31479;83
31533;83
31593;83
31651;83
31704;83
31757;83
31810;83
31867;83
31921;83
31975;83
32028;83
32082;83
32137;83
32191;83
32247;83
32299;83
32352;83
32408;83
32473;83
32526;83
32582;83
32634;83
32715;83
32768;83
32841;83
32897;83
32947;83
33000;83
33056;83
33115;83
33167;83
33265;83
33340;83
33393;83
33446;83
33504;83
33555;83
33608;83
33667;83
33719;83
33772;83
33825;83
33877;83
33930;83
33985;83
34043;83
34094;83
34147;83
34202;83
34257;83
34315;83
34388;83
34442;83
34502;83
34556;83
34615;83
34676;83
34749;83
34820;83
34892;83
34960;83
35018;83
35073;83
35126;83
35183;83
35235;83
35289;83
35342;83
35398;83
35453;83
35512;83
35566;83
35624;83
35686;83
35745;83
35798;83
35851;83
35908;83
35965;83
36024;83
36088;85
36144;85
36195;85
36252;85
36312;85
36365;85
36418;85
36472;85
36525;85
36583;85
36641;85
36707;85
36760;85
36815;85
36869;85
36923;85
36977;85
37034;85
37097;85
37151;85
37206;85
37267;85
37320;85
37380;85
37437;85
37490;85
37547;85
37598;85
37653;85
37707;85
37760;85
37814;85
37873;85
37926;85
37985;85
38044;85
38097;85
38151;85
38211;85
38263;85
38316;85
38370;85
38423;85
38483;85
38542;85
38594;85
38650;85
38712;85
38782;85
38843;85
38897;85
38967;85
39034;85
39089;85
39172;85
39259;85
39348;85
39426;85
39509;85
39592;85
39660;85
39714;85
39769;85
39848;85
39941;85
40006;85
40059;85
40136;85
40230;85
40334;85
40420;85
40552;85
40642;85
40696;85
40754;85
40807;85
40863;85
40924;85
40977;85
41040;85
41097;85
41155;85
41233;85
41347;85
41459;85
41533;85
41587;85
41643;85
41707;85
41760;85
41815;85
41872;85
41930;85
41985;85
42037;85
42101;85
42157;85
42214;85
42268;85
42321;85
42374;85
42431;85
42494;85
42597;85
42695;85
42798;85
42865;85
42924;85
42990;85
43055;85
43111;85
43171;85
43230;85
43302;85
43362;85
43424;85
43479;85
43534;85
43588;85
43653;85
43707;85
43760;85
43823;85
43884;85
43949;85
44015;85
44076;85
44136;85
44190;85
44259;85
44313;85
44367;85
44429;85
44484;85
44547;85
44605;85
44666;85
44737;85
44818;83
44869;83
44927;83
44987;83
45039;83
45100;83
45162;78
45225;78
45278;78
45336;78
45398;78
45458;78
45510;78
45577;78
45629;78
45691;78
45746;78
45804;78
45861;78
45915;78
45974;78
46028;78
46089;78
46141;78
46200;78
46253;78
46307;78
46368;78
46423;78
46481;78
46537;78
46603;78
46676;78
46748;78
46828;78
46889;78
46943;78
47007;78
47066;78
47120;78
47183;78
47241;78
47304;78
47357;78
47412;78
47465;78
47524;78
47578;78
47639;78
47696;78
47749;78
47807;78
47859;78
47912;78
47965;78
48019;78
48072;78
48126;78
48179;78
48240;78
48304;78
48359;78
48411;78
48474;78
48528;78
48600;78
48655;78
48713;78
48775;78
48847;78
48898;78
48952;78
49006;78
49060;78
49114;78
49168;78
49222;78
49279;78
49341;78
49402;78
49461;78
49526;78
49584;78
49637;78
49693;78
49760;78
49813;78
49870;78
49931;78
49992;78
50062;78
50118;78
50174;78
50235;78
50298;78
50360;78
50437;78
50501;78
50561;78
50628;78
50690;78
50753;78
50824;78
50880;78
50952;78
51017;78
51073;78
51130;78
51199;78
51254;78
51310;78
51366;78
51425;78
51482;78
51535;78
51599;78
51658;78
51710;78
51772;78
51832;78
51889;78
51952;78
52006;78
52071;78
52131;78
52184;78
52278;78
52337;78
52397;78
52458;78
52516;78
52576;78
52629;78
52682;78
52734;78
52790;78
52849;78
52905;78
52959;78
53024;78
53081;78
53134;78
53195;78
53250;78
53303;78
53356;78
53409;78
53465;78
53518;78
53573;78
53634;78
53690;78
53744;78
53807;78
53864;78
53922;78
53995;78
54077;78
54162;78
54258;78
54358;78
54465;78
54545;78
54627;78
54692;78
54757;78
54840;78
54906;78
54979;78
55038;78
55099;78
55165;78
55226;78
55301;78
55358;78
55429;78
55496;78
55555;78
55620;78
55692;78
55758;78
55824;78
55908;78
55996;78
56068;78
56138;78
56198;78
56278;78
56338;78
56403;78
56474;78
56532;78
56593;78
56660;78
56720;78
56802;78
56893;78
56953;78
57020;78
57111;78
57168;78
57223;78
57277;78
57333;78
57389;78
57446;78
57503;78
57561;78
57616;78
57674;78
57741;78
57795;78
57848;78
57904;78
57958;78
58013;78
58068;78
58122;78
58177;78
58231;78
58290;78
58355;78
58411;78
58478;78
58533;78
58587;78
58647;78
58699;78
58756;78
58812;78
58886;78
58963;78
59023;78
59078;78
59133;78
59189;78
59244;78
59296;78
59352;78
59413;78
59473;78
59543;78
59631;78
59724;78
59811;80
59868;80
59939;80
60001;80
60069;80
60123;80
60187;80
60242;80
60306;80
60373;80
60440;80
60517;80
60577;80
60640;80
60712;80
60767;80
60821;80
60902;80
60956;80
61007;80
61070;80
61123;80
61187;80
61241;80
61305;80
61358;80
61421;80
61474;80
61535;80
61593;80
61653;80
61714;80
61778;80
61832;80
61889;80
61952;80
62035;80
62128;80
62229;81
62302;81
62357;81
62417;81
62478;81
62533;81
62585;81
62649;81
62704;81
62767;81
62823;81
62881;81
62935;81
62997;81
63067;80
63132;80
63192;80
63247;80
63314;80
63380;80
63434;80
63492;80
63570;80
63644;80
63707;80
63761;80
63826;80
63884;80
63945;80
63999;80
64061;80
64131;80
64188;80
64246;80
64301;80
64356;80
64418;80
64475;80
64533;80
64606;80
64660;80
64714;80
64777;80
64847;80
64921;80
65030;80
65133;80
65247;80
65314;80
65396;80
65463;80
65535;80
65597;80
65663;80
65724;80
65792;80
65865;80
65937;80
66000;80
66070;80
66130;80
66190;80
66250;80
66309;80
66383;80
66476;80
66535;80
66594;80
66657;80
66746;80
66849;78
66950;78
67092;78
67154;78
67213;78
67270;78
67328;78
67387;78
67447;78
67515;78
67650;78
67780;78
67908;78
68040;78
68172;78
68316;78
68406;78
68501;78
68592;78
68690;78
68813;78
68943;78
69023;78
69084;78
69139;78
69203;78
69302;78
69386;78
69476;78
69557;78
69647;78
69731;78
69806;78
69868;78
69924;78
69977;78
70086;78
70213;78
70293;78
70351;78
70414;78
70479;78
70560;78
70659;78
70742;78
70828;78
70919;78
71010;78
71097;78
71175;78
71267;78
71375;78
71462;78
71718;78
71771;78
71826;78
71882;78
71936;78
71989;78
72044;78
72098;78
72152;78
72209;78
72291;78
72381;78
72468;78
72551;78
72632;78
72715;78
72798;78
72871;78
72988;78
73080;78
73135;78
73195;78
73251;78
73304;78
73364;78
73452;78
73508;78
73558;78
73612;78
73666;78
73719;78
73775;78
73832;78
73887;78
73942;78
73997;80
74058;80
74112;80
74166;80
74219;80
74271;80
74326;80
74380;80
74433;80
74488;80
74540;80
74594;80
74649;80
74703;80
74756;80
74810;80
74884;80
74934;80
74990;80
75048;80
75105;80
75158;80
75211;80
75273;80
75326;80
75379;80
75431;80
75485;80
75538;80
75595;80
75649;80
75703;80
75756;80
75811;80
75870;80
75923;80
75979;80
76032;78
76085;78
76138;78
76190;78
76246;78
76308;78
76362;78
76419;78
76480;78
76536;79
76590;79
76645;79
76699;79
76751;79
76805;79
76860;79
76913;79
76971;79
77025;79
77085;79
77160;79
77240;79
77336;79
77391;79
77444;79
77504;79
77558;79
77611;79
77670;79
77723;79
77776;79
77832;79
77885;79
77938;79
77992;79
78049;79
78102;79
78155;78
78210;78
78273;78
78327;78
78381;78
78434;78
78487;78
78541;78
78595;78
78652;78
78709;78
78763;78
78818;78
78876;78
78930;78
78987;78
79042;78
79096;78
79149;78
79211;78
79264;78
79316;78
79372;78
79427;78
79486;78
79540;78
79596;78
79649;78
79704;78
79758;78
79811;78
79865;78
79918;78
79971;78
80025;78
80087;78
80147;78
80200;78
80254;78
80307;78
80363;78
80415;78
80467;78
80520;78
80575;78
80633;78
80688;78
80742;78
80801;78
80857;78
80914;78
80968;78
81023;78
81078;78
81131;78
81183;78
81238;78
81296;78
81348;78
81403;78
81458;78
81510;78
81566;78
81619;78
81671;78
81737;78
81846;78
81915;78
81976;78
82110;78
82162;78
82217;78
82272;78
82328;78
82383;78
82440;78
82497;78
82552;78
82606;78
82659;78
82711;78
82764;78
82816;78
82869;78
82922;78
82978;78
83033;78
83094;78
83148;78
83203;78
83259;78
83313;78
83365;78
83417;78
83474;78
83531;78
83582;78
83637;78
83698;78
83750;78
83803;78
83855;78
83911;78
83965;78
84022;78
84078;78
84130;78
84183;78
84236;78
84294;78
84349;78
84401;78
84457;78
84511;78
84563;78
84616;78
84669;78
84722;78
84773;78
84830;78
84887;78
84939;78
84996;78
85056;78
85112;80
85167;80
85223;78
85277;78
85331;78
85387;78
85444;78
85499;78
85555;78
85611;78
85666;78
85719;78
85774;78
85827;78
85881;78
85936;78
85989;78
86042;78
86105;78
86156;78
86209;78
86262;78
86315;78
86368;78
86422;78
86474;78
86527;78
86581;78
86636;78
86692;78
86749;78
86804;78
86856;78
86910;78
86966;78
87024;78
87080;78
87133;78
87185;78
87238;78
87304;78
87356;78
87409;78
87462;78
87518;78
87578;78
87632;78
87687;78
87740;78
87793;78
87852;78
87907;78
87961;78
88013;78
88066;78
88119;78
88174;78
88233;78
88300;78
88354;78
88406;78
88471;78
88521;78
88582;78
88634;78
88687;78
88748;78
88802;78
88854;78
88906;78
88967;78
89035;78
89093;78
89146;78
89201;78
89254;78
89306;78
89358;78
89414;78
89466;78
89519;78
89576;78
89628;78
89688;78
89741;78
89818;78
89872;78
89925;78
89978;78
90035;78
90089;78
90141;78
90194;78
90252;78
90304;78
90357;78
90409;78
90462;78
90515;78
90570;78
90626;78
90677;78
90730;78
90789;78
90843;78
90906;78
90960;78
91018;78
91076;78
91131;78
91185;78
91239;78
91293;78
91361;78
91414;78
91476;78
91529;78
91583;78
91640;78
91690;78
91750;78
91803;78
91858;78
91911;78
91964;78
92017;78
92077;78
92130;78
92182;78
92236;78
92291;78
92344;78
92398;78
92451;78
92504;78
92566;78
92616;78
92673;78
92725;78
92782;78
92836;78
92905;78
92958;78
93011;78
93069;78
93122;78
93179;78
93236;78
93292;78
93348;78
93402;78
93455;78
93511;78
93562;78
93615;78
93667;78
93719;78
93771;78
93825;78
93886;78
93938;78
93995;78
94049;78
94102;78
94154;78
94211;78
94266;78
94331;78
94381;78
94454;78
94514;78
94570;78
94623;78
94676;78
94729;78
94781;78
94834;78
94888;78
94940;78
94993;78
95056;78
95111;78
95174;78
95227;78
95279;78
95335;78
95388;78
95442;78
95494;78
95546;78
95599;78
95660;78
95713;78
95768;78
95821;78
95874;78
95927;78
96009;78
96061;78
96114;78
96166;78
96219;78
96278;78
96332;78
96383;78
96437;78
96491;78
96544;78
96596;78
96650;78
96712;78
96762;78
96813;78
96874;78
96927;78
96979;78
97034;78
97097;78
97149;78
97203;78
97258;78
97311;78
97363;78
97417;78
97479;78
97536;78
97588;78
97641;78
97695;78
97748;78
97804;78
97859;78
97912;78
97969;78
98027;78
98087;78
98145;78
98196;78
98249;78
98301;78
98354;78
98406;78
98459;78
98513;78
98565;78
98618;78
98677;78
98731;78
98787;78
98838;78
98891;78
98943;78
98996;78
99053;78
99113;78
99165;78
99220;78
99278;78
99331;78
99391;78
99441;78
99492;78
99545;78
99597;78
99650;78
99702;78
99755;78
99808;78
99866;78
99918;78
99977;78
