1175;68
1547;68
1923;68
2278;68
2838;68
3189;68
3566;68
3886;68
4358;68
6232;68
7268;68
7659;68
8062;68
8472;68
8796;68
9120;68
9439;68
9772;68
10095;68
10494;68
10849;68
11167;68
11480;68
11808;68
12129;68
12443;68
12766;68
13075;68
13396;68
13706;68
14011;68
14318;68
14629;68
14945;68
15252;68
15578;68
15875;68
16171;68
16477;68
16818;68
17118;68
17405;68
17716;68
18026;68
18301;68
18565;68
18836;68
19084;68
19343;68
19599;68
19852;68
20100;68
20337;68
20568;68
20802;68
21036;68
21258;68
21482;68
21704;68
21922;68
22126;68
22325;68
22531;68
22730;68
23024;67
23297;66
23492;66
23675;66
23856;66
24038;66
24297;64
24469;64
24715;63
24875;63
25146;62
25337;62
25496;62
25687;62
25841;62
25997;62
26153;62
26294;62
26443;62
26588;62
26779;62
26941;62
27078;62
27229;62
27389;62
27533;62
27670;62
27800;62
27935;62
28115;62
28324;62
28491;62
28626;62
28847;62
29021;62
29156;62
29296;62
29426;62
29559;62
29693;62
29841;62
29978;62
30111;62
30245;62
30387;62
30535;62
30677;62
30815;62
30960;62
31095;62
31225;62
31362;62
31508;62
31654;62
31800;62
31940;62
32073;62
32209;62
32352;62
32488;62
32625;62
32765;62
32899;62
33040;62
33179;62
33324;62
33461;62
33600;62
33758;62
33900;62
34040;62
34188;62
34327;62
34461;62
34594;62
34731;62
34873;62
35006;62
35139;62
35282;62
35459;62
35634;62
35768;62
35901;62
36038;62
36171;62
36305;62
36441;62
36574;62
36708;62
36840;62
37006;62
37146;62
37294;62
37429;62
37578;62
37744;62
37970;62
38114;62
38248;62
38387;62
38529;62
38672;62
38842;62
39016;62
39190;62
39334;62
39496;62
39642;62
39789;62
39929;62
40066;62
40198;62
40329;62
40509;62
40723;62
40859;62
40996;62
41154;62
41284;62
41419;62
41613;62
41753;62
41893;62
42069;62
42222;62
42357;62
42491;62
42631;62
42766;62
42905;62
43040;62
43174;62
43357;62
43546;62
43687;62
43827;62
43967;62
44106;62
44245;62
44383;62
44517;62
44657;62
44803;62
44993;62
45126;62
45264;62
45423;62
45576;62
45731;62
45889;62
46024;62
46160;62
46296;62
46448;62
46619;62
46783;62
46929;62
47061;62
47213;62
47347;62
47481;62
47618;62
47819;62
47990;62
48128;62
48265;62
48401;62
48570;62
48743;62
48890;62
49037;62
49176;62
49312;62
49447;62
49596;62
49767;62
49990;62
50147;62
50290;62
50430;62
50603;62
50737;62
50866;62
51012;62
51140;62
51274;62
51467;62
51607;62
51740;62
51886;62
52038;62
52180;62
52314;62
52452;62
52586;62
52743;62
52894;62
53041;62
53179;62
53323;62
53459;62
53593;62
53747;62
53939;62
54087;62
54245;62
54466;62
54620;62
54783;62
54922;62
55078;62
55269;62
55434;62
55593;62
55769;62
55911;62
56057;62
56230;62
56388;62
56564;62
56703;62
56834;62
56974;62
57105;62
57244;62
57441;62
57631;62
57771;62
57902;62
58048;62
58239;62
58397;62
58547;62
58808;62
58953;62
59093;62
59231;62
59363;62
59551;62
59719;62
59852;62
59998;62
60134;62
60271;62
60404;62
60539;62
60724;62
60854;62
60987;62
61127;62
61295;62
61428;62
61567;62
61735;62
61904;62
62040;62
62186;62
62343;62
62489;62
62640;62
62780;62
62919;62
63053;62
63197;62
63337;62
63472;62
63607;62
63749;62
63883;62
64017;62
64154;62
64289;62
64419;62
64558;62
64697;62
64833;62
64966;62
65099;62
65237;62
65383;62
65519;62
65655;62
65808;62
65987;62
66121;62
66254;62
66386;62
66539;62
66693;62
66837;62
66978;62
67112;62
67259;62
67413;62
67560;62
67718;62
67851;62
67983;62
68123;62
68259;62
68445;62
68580;62
68733;62
68873;62
69046;62
69219;62
69373;62
69506;62
69648;62
69793;62
69928;62
70068;62
70209;62
70353;62
70501;62
70676;62
70835;62
70977;62
71132;62
71278;62
71409;62
71543;62
71677;62
71842;62
71999;62
72132;62
72270;62
72425;62
72559;62
72692;62
72825;62
72961;62
73107;62
73292;62
73426;62
73563;62
73754;62
73941;62
74129;62
74316;62
74489;62
74643;62
74785;62
74925;62
75064;62
75196;62
75376;62
75510;62
75643;62
75780;62
75979;62
76128;62
76262;62
76402;62
76535;62
76677;62
76868;62
77021;62
77170;62
77322;62
77469;62
77626;62
77762;62
77900;62
78048;62
78201;62
78341;62
78503;62
78641;62
78788;62
78918;62
79058;62
79215;62
79360;62
79502;62
79647;62
79791;62
79927;62
80060;62
80198;62
80353;62
80532;62
80687;62
80827;62
80960;62
81095;62
81263;62
81402;62
81544;62
81700;62
81847;62
81984;62
82125;62
82274;62
82504;62
82675;62
82831;62
83009;62
83168;62
83323;62
83477;62
83626;62
83789;62
83978;62
84166;62
84303;62
84438;62
84572;62
84783;62
84934;62
85076;62
85214;62
85349;62
85483;62
85632;62
85814;62
85955;62
86111;62
86248;62
86382;62
86517;62
86678;62
86834;62
86978;62
87143;62
87280;62
87418;62
87557;62
87732;62
87865;62
88005;62
88138;62
88360;62
88508;62
88661;62
88806;62
88941;62
89075;62
89208;62
89343;62
89485;62
89617;62
89746;62
89880;62
90079;62
90223;62
90362;62
90504;62
90642;62
90777;62
90909;62
91043;62
91192;62
91326;62
91460;62
91595;62
91742;62
91882;62
92025;62
92217;62
92365;62
92516;62
92654;62
92787;62
92927;62
93060;62
93205;62
93379;62
93529;62
93671;62
93807;62
93990;62
94125;62
94258;62
94393;62
94527;62
94659;62
94810;62
94976;62
95107;62
95249;62
95380;62
95526;62
95742;62
95920;62
96120;62
96298;62
96450;62
96583;62
96741;62
96889;62
97025;62
97175;62
97307;62
97442;62
97639;62
97788;62
97929;62
98061;62
98215;62
98409;62
98575;62
98722;62
98861;62
99013;62
99147;62
99302;62
99505;62
99639;62
99775;62
99926;62
100085;62
100220;62
100354;62
100487;62
100619;62
100753;62
100883;62
101029;62
101161;62
101300;62
101433;62
101590;62
101747;62
101880;62
102017;62
102152;62
102285;62
102423;62
102588;62
102724;62
102869;62
103008;62
103152;62
103319;62
103459;62
103611;62
103753;62
103890;62
104079;62
104223;62
104362;62
104520;62
104652;62
104794;62
104981;62
105126;62
105282;62
105422;62
105554;62
105724;62
105890;62
106026;62
106169;62
106308;62
106441;62
106575;62
106708;62
106849;62
106985;62
107125;62
107314;62
107538;62
107786;62
108018;62
108246;62
108475;62
108684;62
108853;62
109083;62
109274;62
109433;62
109575;62
109740;62
109960;62
110200;62
110376;62
110510;62
110686;62
110842;62
110992;62
111128;62
111261;62
111402;62
111557;62
111698;62
111859;62
111990;62
112123;62
112257;62
112391;62
112524;62
112657;62
112805;62
112980;62
113146;62
113291;62
113441;62
113576;62
113713;62
113847;62
113981;62
114111;62
114245;62
114377;62
114521;62
114680;62
114871;62
115052;62
115201;62
115357;62
115505;62
115646;62
115785;62
115931;62
116063;62
116197;62
116337;62
116519;62
116665;62
116804;62
116940;62
117074;62
117207;62
117347;62
117489;62
117629;62
117791;62
117996;62
118248;62
118466;62
118658;62
118877;62
119022;62
119205;62
119350;62
119485;62
119628;62
119766;62
119903;62
120038;62
120174;62
120312;62
120449;62
120663;62
120807;62
120974;62
121114;62
121249;62
121380;62
121512;62
121649;62
121782;62
121913;62
122080;62
122238;62
122391;62
122541;62
122678;62
122811;62
122948;62
123080;62
123209;62
123345;62
123477;62
123625;62
123761;62
123912;62
124060;62
124200;62
124343;62
124477;62
124607;62
124756;62
124924;62
125095;62
125236;62
125374;62
125515;62
125654;62
125797;62
125933;62
126103;62
126272;62
126419;62
126574;62
126731;62
126895;62
127061;62
127220;62
127388;62
127548;62
127701;62
127866;62
128066;62
128253;62
128434;62
128590;62
128729;62
128895;62
129055;62
129214;62
129385;62
129553;62
129691;62
129824;62
130006;62
130174;62
130306;62
130451;62
130583;62
130718;62
130851;62
131002;62
131155;62
131334;62
131558;62
131722;62
131893;62
132049;62
132188;62
132333;62
132523;62
132659;62
132795;62
132930;62
133078;62
133210;62
133345;62
133511;62
133676;62
133832;62
133986;62
134148;62
134318;62
134518;62
134676;62
134839;62
135040;62
135271;62
135448;62
135592;62
135743;62
135887;62
136020;62
136152;62
136285;62
136416;62
136550;62
136687;62
136834;62
136975;62
137108;62
137244;62
137386;62
137528;62
137663;62
137793;62
137926;62
138056;62
138190;62
138320;62
138450;62
138582;62
138717;62
138849;62
138986;62
139117;62
139259;62
139400;62
139538;62
139687;62
139817;62
139979;62
140123;62
140309;62
140466;62
140607;62
140745;62
140880;62
141014;62
141150;62
141279;62
141418;62
141564;62
141780;62
141923;62
142069;62
142210;62
142342;62
142471;62
142603;62
142744;62
142880;62
143028;62
143210;62
143397;62
143579;62
143730;62
143904;62
144037;62
144232;62
144425;62
144590;62
144723;62
144856;62
144986;62
145133;62
145329;62
145526;62
145658;62
145796;62
145929;62
146063;62
146194;62
146326;62
146458;62
146594;62
146726;62
146855;62
146994;62
147125;62
147292;62
147430;62
147580;62
147718;62
147850;62
147981;62
148124;62
148268;62
148451;62
148603;62
148755;62
148921;62
149058;62
149194;62
149331;62
149500;62
149709;62
149880;62
150081;62
150237;62
150393;62
150576;62
150726;62
150888;62
151063;62
151256;62
151421;62
151559;62
151693;62
151837;62
152026;62
152171;62
152307;62
152438;62
152600;62
152777;62
152961;62
153119;62
153259;62
153398;62
153550;62
153752;62
153904;62
154043;62
154179;62
154313;62
154462;62
154618;62
154815;62
155012;62
155171;62
155326;62
155483;62
155648;62
155810;62
155992;62
156149;62
156336;62
156508;62
156650;62
156782;62
156924;62
157066;62
157198;62
157361;62
157557;62
157753;62
157950;62
158148;62
158349;62
158544;62
158713;62
158908;62
159089;62
159244;62
159391;62
159538;62
159724;62
159872;62
160001;62
160133;62
160262;62
160401;62
160533;62
160672;62
160817;62
160998;62
161207;62
161358;62
161497;62
161636;62
161770;62
161905;62
162038;62
162228;62
162397;62
162543;62
162681;62
162824;62
162961;62
163092;62
163226;62
163356;62
163490;62
163622;62
163800;62
163978;62
164149;62
164329;62
164465;62
164596;62
164732;62
164867;62
165014;62
165164;62
165328;62
165476;62
165605;62
165745;62
165890;62
166042;62
166206;62
166336;62
166468;62
166601;62
166734;62
166867;62
167000;62
167128;62
167267;62
167416;62
167556;62
167700;62
167842;62
167988;62
168135;62
168330;62
168486;62
168625;62
168818;62
168980;62
169114;62
169259;62
169403;62
169541;62
169678;62
169896;62
170097;62
170246;62
170394;62
170559;62
170726;62
170886;62
171051;62
171216;62
171378;62
171579;62
171763;62
171955;62
172104;62
172249;62
172391;62
172534;62
172702;62
172862;62
173018;62
173162;62
173316;62
173478;62
173634;62
173773;62
173910;62
174042;62
174175;62
174309;62
174485;62
174630;62
174773;62
174907;62
175071;62
175212;62
175366;62
175503;62
175643;62
175799;62
175934;62
176076;62
176209;62
176343;62
176485;62
176663;62
176847;62
177075;62
177233;62
177389;62
177553;62
177724;62
177873;62
178011;62
178182;62
178359;62
178513;62
178651;62
178782;62
178918;62
179066;62
179238;62
179436;62
179606;62
179768;62
179977;62
180133;62
180294;62
180500;62
180665;62
180843;62
181036;62
181263;62
181441;62
181629;62
181835;62
181994;62
182133;62
182291;62
182451;62
182611;62
182756;62
182889;62
183026;62
183160;62
183294;62
183425;62
183554;62
183696;62
183831;62
183970;62
184106;62
184243;62
184381;62
184514;62
184647;62
184779;62
184940;62
185075;62
185206;62
185349;62
185488;62
185618;62
185761;62
185926;62
186081;62
186215;62
186349;62
186491;62
186622;62
186765;62
186934;62
187091;62
187224;62
187364;62
187495;62
187633;62
187781;62
187972;62
188136;62
188286;62
188422;62
188573;62
188717;62
188887;62
189050;62
189194;62
189335;62
189477;62
189615;62
189758;62
189891;62
190026;62
190158;62
190288;62
190419;62
190559;62
190717;62
190924;62
191074;62
191221;62
191355;62
191495;62
191632;62
191773;62
191919;62
192058;62
192189;62
192369;62
192540;62
192687;62
192841;62
192974;62
193107;62
193236;62
193368;62
193499;62
193641;62
193775;62
193918;62
194066;62
194201;62
194351;62
194495;62
194655;62
194833;62
195005;62
195158;62
