1671;274
2048;274
2362;274
2699;274
2966;274
3174;274
3516;274
3731;274
3942;274
4148;274
4396;274
4647;274
4997;274
5421;274
5884;274
6166;274
6427;274
6673;274
6878;274
7074;274
7288;274
7488;274
7678;274
7879;274
8081;274
8280;274
8517;274
8791;274
9054;274
9256;274
9460;274
9663;274
9860;274
10048;274
10239;274
10427;274
10622;274
10803;274
10998;274
11190;274
11369;274
11552;274
11729;274
11905;274
12087;274
12267;274
12445;274
12622;274
12795;274
12981;274
13163;274
13345;274
13541;274
13737;274
13902;274
14064;274
14226;274
14453;274
14615;274
14778;274
14939;274
15103;274
15258;274
15408;274
15558;274
15707;274
15853;274
16011;274
16155;274
16303;274
16446;274
16588;274
16729;274
16874;274
17070;271
17213;271
17341;271
17466;271
17592;271
17717;271
17840;271
17995;267
18151;263
18276;263
18419;262
18563;260
18679;260
18814;259
18930;259
19047;259
19213;256
19350;256
19465;256
19569;256
19684;256
19782;256
19884;256
19983;256
20088;256
20189;256
20365;256
20463;256
20561;256
20662;256
20761;256
20864;256
20971;256
21088;256
21230;254
21341;254
21438;254
21535;254
21639;254
21741;254
21843;254
21940;254
22043;254
22142;254
22263;254
22414;254
22538;254
22643;254
22744;254
22842;254
22963;254
23091;254
23201;254
23302;254
23400;254
23607;254
23706;254
23802;254
23902;254
24000;254
24103;254
24201;254
24306;254
24403;254
24499;254
24602;254
24700;254
24800;254
24896;254
24993;254
25099;254
25203;254
25300;254
25399;254
25499;254
25599;254
25704;254
25810;254
25907;254
26005;254
26108;254
26209;254
26309;254
26406;254
26509;254
26606;254
26712;254
26808;254
26909;254
27006;254
27134;254
27242;254
27360;254
27457;254
27561;254
27657;254
27762;254
27860;254
27960;254
28061;254
28165;254
28269;254
28372;254
28470;254
28570;254
28672;254
28772;254
28877;254
28991;254
29119;254
29222;254
29321;254
29418;254
29521;254
29621;254
29725;254
29821;254
29924;254
30024;254
30128;254
30227;254
30330;254
30440;254
30545;254
30642;254
30743;254
30845;254
30948;254
31047;254
31176;254
31275;254
31373;254
31471;254
31566;254
31676;254
31810;254
31940;254
32085;254
32213;254
32315;254
32412;254
32509;254
32609;254
32706;254
32809;254
32908;254
33008;254
33106;254
33212;254
33311;254
33411;254
33511;254
33618;254
33714;254
33812;254
33912;254
34011;254
34112;254
34214;254
34318;254
34415;254
34516;254
34613;254
34717;254
34813;254
34917;254
35017;254
35134;254
35253;254
35354;254
35454;254
35552;254
35654;254
35752;254
35855;254
35952;254
36055;254
36151;254
36258;254
36357;254
36460;254
36560;254
36668;254
36765;254
36867;254
36963;254
37067;254
37176;254
37278;254
37375;254
37475;254
37574;254
37676;254
37774;254
37869;254
37969;254
38068;254
38188;254
38290;254
38387;254
38490;254
38589;254
38691;254
38788;254
38886;254
38989;254
39087;254
39193;254
39294;254
39397;254
39499;254
39597;254
39694;254
39797;254
39896;254
39995;254
40090;254
40195;254
40295;254
40391;254
40491;254
40589;254
40690;254
40787;254
40888;254
40988;254
41091;254
41195;254
41305;254
41403;254
41506;254
41604;254
41707;254
41805;254
41909;254
42007;254
42110;254
42210;254
42311;254
42408;254
42509;254
42609;254
42705;254
42815;254
42917;254
43015;254
43113;254
43217;254
43321;254
43419;254
43523;254
43618;254
43717;254
43818;254
43915;254
44015;254
44112;254
44212;254
44312;254
44415;254
44514;254
44614;254
44716;254
44815;254
44916;254
45013;254
45118;254
45220;254
45324;254
45425;254
45527;254
45625;254
45727;254
45825;254
45934;254
46031;254
46132;254
46229;254
46330;254
46428;254
46524;254
46625;254
46721;254
46825;254
46923;254
47025;254
47123;254
47241;254
47352;254
47472;254
47571;254
47675;254
47771;254
47876;254
47973;254
48075;254
48174;254
48275;254
48376;254
48472;254
48575;254
48672;254
48775;254
48874;254
48978;254
49076;254
49179;254
49284;254
49386;254
49485;254
49587;254
49686;254
49788;254
49887;254
49989;254
50093;254
50196;254
50303;254
50400;254
50507;254
50608;254
50710;254
50810;254
50912;254
51017;254
51119;254
51219;254
51326;254
51422;254
51526;254
51624;254
51728;254
51827;254
51928;254
52029;254
52136;254
52236;254
52337;254
52434;254
52539;254
52636;254
52751;254
52848;254
52952;254
53050;254
53150;254
53250;254
53357;254
53455;254
53558;254
53659;254
53763;254
53860;254
53963;254
54061;254
54164;254
54262;254
54361;254
54459;254
54556;254
54656;254
54752;254
54852;254
54949;254
55047;254
55150;254
55253;254
55377;254
55472;254
55569;254
55669;254
55766;254
55864;254
55963;254
56061;254
56163;254
56262;254
56364;254
56467;254
56568;254
56685;254
56784;254
56887;254
56986;254
57089;254
57187;254
57295;254
57415;254
57511;254
57610;254
57713;254
57811;254
57914;254
58013;254
58113;254
58232;254
58330;254
58433;254
58533;254
58634;254
58731;254
58833;254
58933;254
59061;254
59166;254
59262;254
59389;254
59496;254
59594;254
59698;254
59803;254
59903;254
60004;254
60106;254
60203;254
60303;254
60400;254
60503;254
60600;254
60701;254
60800;254
60899;254
60999;254
61095;254
61200;254
61303;254
61410;254
61512;254
61612;254
61714;254
61815;254
61920;254
62065;254
62202;254
62305;254
62418;254
62547;254
62663;254
62761;254
62893;254
63025;254
63166;254
63350;254
63507;254
63625;254
63753;254
63878;254
63991;254
64132;254
64319;254
64479;254
64616;254
64756;254
64887;254
64991;254
65094;254
65228;254
65420;254
65567;254
65712;254
65890;254
66031;254
66180;254
66287;254
66389;254
66487;254
66590;254
66693;254
66794;254
66897;254
67004;254
67103;254
67205;254
67305;254
67404;254
67512;254
67609;254
67709;254
67806;254
67908;254
68007;254
68110;254
68208;254
68305;254
68414;254
68554;254
68699;254
68807;254
68903;254
69006;254
69108;254
69215;254
69312;254
69414;254
69516;254
69621;254
69719;254
69824;254
69922;254
70023;254
70120;254
70229;254
70342;254
70448;254
70565;254
70670;254
70781;254
70887;254
70984;254
71087;254
71186;254
71288;254
71384;254
71490;254
71589;254
71692;254
71789;254
71941;254
72127;254
72261;254
72400;254
72573;254
72747;254
72885;254
73055;254
73203;254
73376;254
73525;254
73686;254
73877;254
74083;254
74247;254
74439;254
74620;254
74795;254
74978;254
75152;254
75274;254
75382;254
75495;254
75611;254
75709;254
75817;254
75944;254
76055;254
76158;254
76263;254
76360;254
76462;254
76559;254
76661;254
76762;254
76871;254
76973;254
77075;254
77175;254
77277;254
77377;254
77483;254
77601;254
77716;254
77831;254
77969;254
78086;254
78185;254
78289;254
78406;254
78505;254
78602;254
78701;254
78802;254
78907;254
79003;254
79105;254
79204;254
79305;254
79437;254
79589;254
79723;254
79863;254
79994;254
80112;254
80263;254
80486;254
80703;254
80881;254
81071;254
81223;254
81338;254
81458;254
81583;254
81680;254
81778;254
81880;254
81977;254
82079;254
82182;254
82283;254
82379;254
82480;254
82577;254
82680;254
82778;254
82880;254
82988;254
83095;254
83194;254
83295;254
83392;254
83496;254
83599;254
83700;254
83796;254
83904;254
84048;254
84193;254
84316;254
84429;254
84529;254
84636;254
84732;254
84842;254
84942;254
85046;254
85147;254
85254;254
85356;254
85459;254
85571;254
85676;254
85782;254
85881;254
85990;254
86107;254
86212;254
86310;254
86412;254
86520;254
86622;254
86718;254
86815;254
86916;254
87014;254
87115;254
87218;254
87327;254
87428;254
87525;254
87629;254
87737;254
87841;254
87938;254
88041;254
88136;254
88237;254
88337;254
88438;254
88540;254
88637;254
88740;254
88838;254
88944;254
89044;254
89148;254
89250;254
89362;254
89471;254
89569;254
89676;254
89775;254
89877;254
89975;254
90081;254
90185;254
90287;254
90387;254
90489;254
90589;254
90688;254
90803;254
90900;254
91000;254
91100;254
91201;254
91306;254
91408;254
91505;254
91607;254
91727;254
91880;254
92001;254
92150;254
92249;254
92355;254
92453;254
92556;254
92659;254
92765;254
92863;254
92965;254
93063;254
93165;254
93266;254
93368;254
93464;254
93568;254
93670;254
93772;254
93873;254
93978;254
94078;254
94180;254
94284;254
94420;254
94559;254
94668;254
94767;254
94869;254
94968;254
95071;254
95169;254
95272;254
95372;254
95474;254
95574;254
95681;254
95779;254
95880;254
95978;254
96079;254
96178;254
96277;254
96376;254
96473;254
96576;254
96672;254
96774;254
96880;254
96987;254
97082;254
97185;254
97280;254
97387;254
97483;254
97587;254
97695;254
97802;254
97905;254
98008;254
98110;254
98219;254
98319;254
98423;254
98536;254
98634;254
98744;254
98849;254
98976;254
99072;254
99175;254
99271;254
99369;254
99469;254
99566;254
99665;254
99766;254
99867;254
99972;254
100080;254
100182;254
100341;254
100500;254
100625;254
100780;254
100913;254
101093;254
101287;254
101442;254
101609;254
101788;254
101978;254
102095;254
102256;254
102450;254
102623;254
102738;254
102840;254
102943;254
103043;254
103198;254
103339;254
103493;254
103692;254
103911;254
104033;254
104143;254
104244;254
104347;254
104444;254
104546;254
104648;254
104769;254
104870;254
104967;254
105069;254
105175;254
105310;254
105434;254
105541;254
105664;254
105785;254
105929;254
106130;254
106299;254
106447;254
106571;254
106694;254
106794;254
106918;254
107058;254
107184;254
107291;254
107398;254
107505;254
107643;254
107799;254
107938;254
108049;254
108179;254
108327;254
108455;254
108559;254
108659;254
108758;254
108859;254
108963;254
109106;254
109246;254
109385;254
109549;254
109702;254
109852;254
109976;254
110125;254
110274;254
110382;254
110504;254
110646;254
110767;254
110872;254
111013;254
111178;254
111308;254
111418;254
111518;254
111622;254
111722;254
111827;254
111928;254
112041;254
112160;254
112284;254
112395;254
112531;254
112646;254
112750;254
112869;254
113015;254
113166;254
113320;254
113476;254
113603;254
113730;254
113870;254
114037;254
114171;254
114323;254
114482;254
114620;254
114767;254
114911;254
115060;254
115211;254
115354;254
115490;254
115633;254
115777;254
115918;254
116053;254
116175;254
116290;254
116437;254
116558;254
116675;254
116791;254
116910;254
117047;254
117193;254
117311;254
117424;254
117527;254
117629;254
117727;254
117828;254
117933;254
118036;254
118134;254
118237;254
118350;254
118457;254
118559;254
118671;254
118774;254
118882;254
119008;254
119139;254
119272;254
119391;254
119500;254
119615;254
119762;254
119891;254
120018;254
120133;254
120263;254
120368;254
120468;254
120572;254
120670;254
120770;254
120865;254
120963;254
121066;254
121168;254
121322;254
121474;254
121612;254
121758;254
122017;254
122244;254
122425;254
122655;254
122863;254
123041;254
123232;254
123369;254
123484;254
123594;254
123704;254
123804;254
123920;254
124043;254
124143;254
124244;254
124344;254
124443;254
124557;254
124698;254
124833;254
124932;254
125040;254
125142;254
125242;254
125345;254
125444;254
125545;254
125647;254
125744;254
125848;254
125953;254
126077;254
126178;254
126278;254
126381;254
126493;254
126591;254
126687;254
126788;254
126886;254
126987;254
127089;254
127201;254
127312;254
127409;254
127511;254
127609;254
127711;254
127810;254
127914;254
128046;254
128149;254
128251;254
128353;254
128451;254
128554;254
128654;254
128754;254
128856;254
128972;254
129088;254
129203;254
129308;254
129415;254
129531;254
129632;254
129734;254
129852;254
129952;254
130074;254
130200;254
130320;254
130439;254
130561;254
130680;254
130807;254
130940;254
131084;254
131224;254
131376;254
131552;254
131717;254
131854;254
132021;254
132178;254
132343;254
132492;254
132633;254
132749;254
132861;254
133012;254
133171;254
133313;254
133457;254
133614;254
133788;254
133966;254
134176;254
134347;254
134560;254
134751;254
134982;254
135207;254
135424;254
135615;254
135830;254
136018;254
136244;254
136457;254
136657;254
136882;254
137057;254
137299;254
137513;254
137695;254
137876;254
138021;254
138150;254
138284;254
138446;254
138617;254
138750;254
138879;254
139062;254
139206;254
139319;254
139444;254
139583;254
139695;254
139798;254
139897;254
139994;254
140094;254
140195;254
140297;254
140403;254
140546;254
140679;254
140783;254
140891;254
140999;254
141096;254
141200;254
141299;254
141430;254
141559;254
141657;254
141766;254
141908;254
142052;254
142175;254
142352;254
142540;254
142682;254
142831;254
142952;254
143060;254
143194;254
143330;254
143441;254
143545;254
143647;254
143750;254
143846;254
143957;254
144073;254
144184;254
144317;254
144455;254
144609;254
144887;254
145040;254
145168;254
145278;254
145376;254
145474;254
145573;254
145671;254
145771;254
145868;254
145968;254
146064;254
146167;254
146270;254
146373;254
146471;254
146574;254
