1115;294
1427;294
1710;294
1929;294
2204;294
2428;294
2673;294
2929;294
3123;294
3317;294
3528;294
3775;294
4053;294
4315;294
4616;294
4906;294
5105;294
5296;294
5507;294
5697;294
5892;294
6093;294
6288;294
6482;294
6669;294
6859;294
7068;294
7327;294
7630;294
7845;294
8041;294
8239;294
8446;294
8650;294
8842;294
9055;294
9264;294
9456;294
9642;294
9826;294
10016;294
10194;294
10373;294
10551;294
10722;294
10893;294
11088;294
11254;294
11421;294
11590;294
11766;294
11932;294
12093;294
12256;294
12421;294
12587;294
12747;294
12911;294
13076;294
13242;294
13401;294
13556;294
13706;294
13854;294
14009;294
14162;294
14313;294
14575;292
14782;292
14934;292
15086;292
15231;292
15437;285
15610;282
15756;282
15888;282
16058;277
16185;277
16383;266
16572;263
16701;263
16819;263
16967;259
17089;259
17200;259
17344;259
17488;259
17630;259
17744;259
17887;259
18022;259
18163;259
18317;259
18467;259
18613;259
18791;259
18963;259
19104;259
19250;259
19393;259
19545;259
19684;259
19832;259
19967;259
20189;259
20338;259
20455;259
20566;259
20667;259
20776;259
20885;259
20990;259
21100;259
21204;259
21307;259
21413;259
21513;259
21620;259
21724;259
21828;259
21936;259
22037;259
22146;259
22248;259
22356;259
22470;259
22575;259
22681;259
22787;259
22890;259
23002;259
23124;259
23239;259
23340;259
23450;259
23552;259
23658;259
23764;259
23863;259
23970;259
24091;259
24190;259
24293;259
24392;259
24496;259
24596;259
24698;259
24797;259
24901;259
25004;259
25122;259
25243;259
25350;259
25454;259
25572;259
25678;259
25775;259
25875;259
25980;259
26085;259
26185;259
26294;259
26397;259
26505;259
26607;259
26766;259
26925;259
27057;259
27231;259
27398;259
27545;259
27694;259
27852;259
27975;259
28083;259
28185;259
28289;259
28387;259
28491;259
28590;259
28716;259
28829;259
28939;259
29084;259
29200;259
29306;259
29409;259
29513;259
29617;259
29719;259
29822;259
29924;259
30033;259
30134;259
30249;259
30358;259
30461;259
30569;259
30676;259
30781;259
30891;259
30997;259
31103;259
31216;259
31325;259
31426;259
31533;259
31634;259
31742;259
31847;259
31954;259
32061;259
32163;259
32271;259
32371;259
32475;259
32580;259
32683;259
32791;259
32918;259
33018;259
33120;259
33242;259
33379;259
33502;259
33623;259
33740;259
33841;259
33946;259
34053;259
34172;259
34301;259
34423;259
34538;259
34661;259
34773;259
34878;259
34984;259
35088;259
35196;259
35305;259
35404;259
35509;259
35610;259
35714;259
35816;259
35923;259
36025;259
36132;259
36236;259
36335;259
36444;259
36546;259
36650;259
36751;259
36858;259
36965;259
37065;259
37171;259
37303;259
37428;259
37549;259
37669;259
37793;259
37913;259
38025;259
38131;259
38247;259
38351;259
38450;259
38554;259
38655;259
38760;259
38860;259
38977;259
39098;259
39222;259
39349;259
39491;259
39613;259
39726;259
39843;259
39954;259
40061;259
40164;259
40270;259
40379;259
40501;259
40714;259
40884;259
41077;259
41243;259
41378;259
41578;259
41754;259
41951;259
42114;259
42266;259
42436;259
42691;259
42910;259
43133;259
43332;259
43538;259
43735;259
43921;259
44054;259
44168;259
44293;259
44399;259
44497;259
44619;259
44756;259
44863;259
44970;259
45070;259
45176;259
45277;259
45406;259
45510;259
45608;259
45734;259
45881;259
46030;259
46189;259
46395;259
46524;259
46633;259
46733;259
46836;259
46937;259
47082;259
47240;259
47407;259
47555;259
47672;259
47778;259
47878;259
48017;259
48156;259
48339;259
48492;259
48673;259
48890;259
49095;259
49335;259
49496;259
49655;259
49802;259
49918;259
50033;259
50176;259
50326;259
50439;259
50546;259
50646;259
50751;259
50860;259
51018;259
51168;259
51284;259
51391;259
51502;259
51602;259
51706;259
51805;259
51910;259
52019;259
52121;259
52226;259
52325;259
52430;259
52531;259
52634;259
52733;259
52836;259
52937;259
53042;259
53144;259
53246;259
53347;259
53497;259
53613;259
53716;259
53822;259
53928;259
54037;259
54142;259
54242;259
54345;259
54447;259
54556;259
54657;259
54764;259
54871;259
54979;259
55087;259
55193;259
55294;259
55400;259
55534;259
55643;259
55757;259
55859;259
55972;259
56075;259
56182;259
56293;259
56397;259
56514;259
56634;259
56739;259
56856;259
56986;259
57134;259
57284;259
57441;259
57604;259
57739;259
57880;259
58003;259
58101;259
58224;259
58329;259
58432;259
58569;259
58733;259
58943;259
59082;259
59185;259
59291;259
59391;259
59515;259
59634;259
59741;259
59848;259
59948;259
60055;259
60154;259
60259;259
60358;259
60463;259
60570;259
60671;259
60776;259
60875;259
60981;259
61080;259
61185;259
61289;259
61393;259
61495;259
61604;259
61710;259
61812;259
61918;259
62019;259
62127;259
62229;259
62331;259
62435;259
62537;259
62642;259
62743;259
62851;259
62951;259
63056;259
63155;259
63262;259
63361;259
63469;259
63631;259
63802;259
63982;259
64092;259
64197;259
64315;259
64446;259
64572;259
64689;259
64791;259
64907;259
65018;259
65126;259
65226;259
65340;259
65461;259
65585;259
65692;259
65795;259
65907;259
66012;259
66118;259
66223;259
66332;259
66437;259
66536;259
66642;259
66787;259
66905;259
67027;259
67130;259
67234;259
67359;259
67498;259
67616;259
67732;259
67835;259
67939;259
68057;259
68217;259
68341;259
68493;259
68668;259
68866;259
69050;259
69230;259
69391;259
69673;259
69905;259
70130;259
70310;259
70458;259
70573;259
70682;259
70789;259
70890;259
71001;259
71135;259
71285;259
71396;259
71506;259
71616;259
71774;259
71916;259
72145;259
72306;259
72433;259
72604;259
72809;259
73020;259
73239;257
73473;257
73699;257
73913;257
74087;257
74209;257
74329;257
74449;257
74563;257
74674;257
74775;257
74879;257
74985;257
75090;257
75193;257
75298;257
75403;257
75511;257
75613;257
75718;257
75830;257
75933;257
76042;257
76142;257
76250;257
76358;257
76464;257
76569;257
76673;257
76777;257
76881;257
76994;257
77098;257
77219;257
77328;257
77427;257
77539;257
77650;257
77759;257
77866;257
77973;257
78074;257
78181;257
78279;257
78397;257
78501;257
78602;257
78705;257
78809;257
78913;257
79014;257
79118;257
79217;257
79321;257
79423;257
79528;257
79627;257
79735;257
79844;257
79948;257
80052;257
80151;257
80255;257
80353;257
80459;257
80568;257
80683;257
80790;257
80908;257
81011;257
81130;257
81242;257
81352;257
81460;257
81570;257
81680;257
81796;257
81925;257
82037;257
82137;257
82242;257
82349;257
82474;257
82581;257
82700;257
82801;257
82906;257
83013;257
83113;257
83213;257
83317;257
83416;257
83517;257
83617;257
83720;257
83832;257
83936;257
84044;257
84163;257
84282;257
84382;257
84493;257
84601;257
84703;257
84806;257
84905;257
85015;257
85118;257
85224;257
85331;257
85430;257
85538;257
85638;257
85746;257
85850;257
85957;257
86063;257
86168;257
86279;257
86387;257
86493;257
86612;257
86717;257
86817;257
86919;257
87026;257
87184;257
87321;257
87447;257
87559;257
87717;257
87912;257
88086;257
88253;257
88419;257
88612;257
88799;257
89002;257
89198;257
89423;257
89652;257
89785;257
89900;257
90010;257
90114;257
90219;257
90329;257
90435;257
90542;257
90650;257
90758;257
90922;257
91084;257
91225;257
91420;257
91622;257
91796;257
91933;257
92069;257
92215;257
92365;257
92488;257
92604;257
92739;257
92885;257
93000;257
93106;257
93211;257
93313;257
93417;257
93522;257
93629;257
93735;257
93853;257
93969;257
94074;257
94180;257
94311;257
94451;257
94557;257
94664;257
94765;257
94885;257
95024;257
95156;257
95268;257
95403;257
95507;257
95611;257
95710;257
95817;257
95940;257
96060;257
96190;257
96328;257
96434;257
96537;257
96638;257
96747;257
96851;257
96961;257
97073;257
97184;257
97291;257
97406;257
97518;257
97636;257
97751;257
97863;257
97994;257
98137;257
98269;257
98374;257
98488;257
98589;257
98691;257
98790;257
98896;257
99000;257
99108;257
99215;257
99347;257
99489;257
99606;257
99710;257
99816;257
99947;257
100105;257
100208;257
100322;257
100463;257
100624;257
100785;257
100953;257
101076;257
101206;257
101353;257
101469;257
101598;257
101738;257
101880;257
102003;257
102121;257
102227;257
102329;257
102436;257
102537;257
102646;257
102750;257
102849;257
102957;257
103059;257
103173;257
103278;257
103380;257
103487;257
103588;257
103694;257
103796;257
103903;257
104015;257
104131;257
104233;257
104338;257
104437;257
104540;257
104644;257
104750;257
104852;257
104955;257
105062;257
105166;257
105270;257
105371;257
105474;257
105573;257
105680;257
105793;257
105908;257
106032;257
106170;257
106321;257
106440;257
106545;257
106644;257
106753;257
106857;257
106967;257
107089;257
107197;257
107302;257
107409;257
107518;257
107624;257
107738;257
107850;257
107959;257
108073;257
108183;257
108284;257
108386;257
108491;257
108593;257
108693;257
108799;257
108904;257
109010;257
109119;257
109220;257
109340;257
109442;257
109550;257
109652;257
109757;257
109860;257
109970;257
110077;257
110183;257
110288;257
110388;257
110493;257
110592;257
110697;257
110796;257
110918;257
111031;257
111134;257
111241;257
111348;257
111450;257
111560;257
111668;257
111770;257
111877;257
111981;257
112102;257
112217;257
112322;257
112434;257
112533;257
112633;257
112734;257
112833;257
112938;257
113042;257
113142;257
113248;257
113349;257
113456;257
113554;257
113657;257
113757;257
113862;257
113970;257
114070;257
114179;257
114276;257
114383;257
114484;257
114588;257
114689;257
114806;257
114912;257
115012;257
115117;257
115218;257
115335;257
115440;257
115544;257
115651;257
115756;257
115859;257
115980;257
116093;257
116208;257
116357;257
116503;257
116642;257
116786;257
116935;257
117093;257
117236;257
117418;257
117584;257
117743;257
117880;257
117984;257
118085;257
118203;257
118313;257
118414;257
118521;257
118629;257
118795;257
118916;257
119044;257
119196;257
119297;257
119405;257
119537;257
119690;257
119834;257
119977;257
120121;257
120357;257
120516;257
120624;257
120730;257
120832;257
120940;257
121044;257
121149;257
121251;257
121357;257
121468;257
121575;257
121677;257
121790;257
121895;257
122000;257
122106;257
122237;257
122340;257
122446;257
122548;257
122650;257
122752;257
122857;257
122969;257
123077;257
123180;257
123292;257
123401;257
123541;257
123712;257
123872;257
124025;257
124170;257
124287;257
124396;257
124518;257
124620;257
124721;257
124840;257
124943;257
125045;257
125145;257
125251;257
125351;257
125455;257
125558;257
125660;257
125769;257
125868;257
125977;257
126078;257
126221;257
126380;257
126484;257
126591;257
126693;257
126806;257
126926;257
127031;257
127133;257
127240;257
127349;257
127454;257
127558;257
127658;257
127761;257
127861;257
127970;257
128070;257
128173;257
128305;257
128411;257
128509;257
128611;257
128709;257
128812;257
128911;257
129014;257
129114;257
129217;257
129319;257
129425;257
129536;257
129647;257
129756;257
129868;257
129966;257
130070;257
130175;257
130298;257
130412;257
130515;257
130618;257
130724;257
130826;257
130932;257
131051;257
131152;257
131292;257
131439;257
131553;257
131658;257
131757;257
131863;257
131973;257
132071;257
132173;257
132282;257
132393;257
132504;257
132623;257
132725;257
132831;257
132934;257
133040;257
133148;257
133251;257
133360;257
133460;257
133567;257
133672;257
133774;257
133875;257
133977;257
134087;257
134185;257
134295;257
134400;257
134505;257
134614;257
134715;257
134822;257
134925;257
135031;257
135137;257
135238;257
135344;257
135446;257
135551;257
135661;257
135770;257
135878;257
135986;257
136086;257
136188;257
136294;257
136404;257
136507;257
136630;257
136742;257
136855;257
136966;257
137071;257
137181;257
137300;257
137401;257
137507;257
137614;257
137715;257
137823;257
137968;257
138140;257
138277;257
138426;257
138608;257
138811;257
138969;257
139124;257
139268;257
139461;257
139627;257
139784;257
139960;257
140098;257
140300;257
140602;257
140729;257
140883;257
141017;257
141130;257
141299;257
141478;257
141637;257
141781;257
141925;257
142073;257
142192;257
142296;257
142404;257
142516;257
142622;257
142726;257
142844;257
143012;257
143154;257
143309;257
143568;257
143782;257
143970;257
144110;257
144232;257
144377;257
144520;257
144640;257
144761;257
144897;257
145025;257
145149;257
145259;257
145399;257
145544;257
145682;257
145830;257
145992;257
146112;257
146219;257
146336;257
146480;257
146656;257
146790;257
146907;257
147031;257
147165;257
147304;257
147416;257
147524;257
147667;257
147811;257
147928;257
148036;257
148148;257
148296;257
148448;257
148686;257
148851;257
148968;257
149078;257
149228;257
149390;257
149505;257
149608;257
149718;257
149818;257
149933;257
150074;257
150206;257
150323;257
150431;257
150547;257
150665;257
150807;257
150949;257
151066;257
151195;257
