114;3578
215;3497
293;3391
347;3391
434;3152
505;3069
558;3012
650;2894
686;2858
726;2858
775;2699
839;2627
888;2555
926;2506
982;2476
1027;2448
1066;2448
1106;2448
1144;2398
1179;2398
1214;2183
1281;2183
1327;2130
1381;2122
1423;2078
1462;2078
1510;1935
1555;1813
1591;1751
1639;1615
1680;1473
1721;1308
1758;1308
1796;1246
1831;1246
1883;1246
1917;1246
1953;1215
1998;1177
2034;1177
2075;1113
2112;1113
2147;1113
2183;1113
2217;1113
2259;1113
2294;1113
2329;1080
2365;1080
2400;1075
2440;1075
2475;1075
2514;1026
2557;1026
2601;1001
2639;1001
2681;1001
2716;947
2751;947
2786;947
2842;947
2879;948
2917;948
2953;948
2992;948
3028;948
3067;948
3107;948
3152;948
3203;948
3260;881
3313;881
3364;881
3417;881
3463;881
3509;881
3561;881
3607;821
3659;821
3693;821
3725;821
3760;821
3797;764
3828;764
3867;764
3900;764
3932;764
3968;674
4000;674
4031;674
4061;674
4093;673
4124;673
4157;673
4189;673
4229;613
4261;613
4293;613
4325;613
4379;613
4412;613
4445;613
4479;613
4518;612
4551;612
4583;612
4617;612
4656;612
4687;548
4720;548
4752;548
4783;548
4814;548
4845;548
4876;548
4922;548
4978;548
5027;548
5074;548
5120;548
5155;548
5189;548
5239;504
5285;504
5324;504
5357;504
5392;504
5429;504
5461;504
5494;504
5529;504
5561;504
5593;504
5626;504
5658;504
5693;504
5734;504
5780;504
5827;437
5881;437
5931;437
5982;379
6038;379
6092;379
6123;365
6155;365
6185;365
6216;365
6247;365
6278;365
6308;365
6344;365
6375;365
6406;365
6447;365
6478;365
6514;365
6546;365
6577;365
6609;365
6644;365
6676;365
6708;365
6739;365
6774;365
6806;365
6843;365
6877;365
6909;365
6942;365
6974;365
7009;365
7040;365
7078;365
7110;365
7142;365
7178;365
7209;365
7241;365
7276;365
7320;365
7354;365
7386;365
7417;365
7450;365
7482;365
7514;365
7544;365
7575;365
7606;365
7636;365
7667;365
7698;365
7728;365
7762;357
7794;357
7824;357
7856;357
7897;357
7928;357
7959;357
7994;357
8025;357
8058;357
8089;357
8126;357
8157;357
8189;357
8224;351
8255;351
8291;272
8322;272
8354;272
8387;272
8423;272
8455;271
8493;271
8524;271
8559;271
8593;271
8624;271
8656;271
8697;271
8728;271
8762;271
8796;271
8830;271
8860;271
8893;270
8929;270
8963;270
8995;270
9027;270
9059;267
9090;267
9121;267
9153;267
9185;267
9218;266
9260;265
9291;265
9324;265
9356;265
9389;265
9420;265
9451;266
9483;266
9514;267
9550;268
9583;268
9618;268
9652;268
9690;268
9725;268
9759;268
9794;268
9831;268
9862;268
9894;268
9928;268
9958;268
9993;268
10023;268
10056;268
10087;268
10121;268
10153;268
10183;268
10225;268
10257;268
10288;268
10320;268
10351;268
10383;268
10416;268
10449;268
10481;268
10518;268
10554;268
10586;268
10617;268
10648;268
10686;268
10721;268
10752;268
10784;268
10815;268
10852;268
10886;268
10921;268
10952;268
10983;263
11013;262
11046;262
11081;262
11112;262
11150;262
11184;262
11215;262
11249;262
11284;262
11314;262
11346;262
11377;262
11411;262
11442;262
11476;262
11507;262
11539;262
11576;262
11621;262
11659;262
11693;262
11726;262
11757;262
11789;262
11821;262
11855;262
11888;262
11920;262
11962;261
11992;261
12024;261
12062;261
12093;261
12123;261
12155;261
12188;261
12222;261
12252;261
12283;261
12313;261
12343;261
12380;261
12410;261
12444;261
12477;261
12509;261
12539;261
12570;261
12601;261
12632;261
12664;261
12696;263
12736;263
12770;263
12801;263
12832;263
12864;263
12896;263
12930;263
12963;261
13000;261
13030;261
13062;261
13092;261
13123;261
13153;261
13184;261
13217;261
13253;261
13286;261
13317;261
13348;261
13379;260
13413;260
13444;260
13474;260
13504;260
13543;260
13577;260
13610;260
13642;260
13674;260
13708;261
13739;261
13771;261
13805;261
13838;261
13871;261
13905;261
13938;261
13972;261
14022;261
14052;261
14082;261
14114;261
14151;261
14182;261
14214;261
14245;261
14278;261
14308;261
14339;261
14369;261
14397;261
14428;261
14462;261
14492;261
14525;261
14559;261
14593;261
14624;261
14656;261
14688;261
14721;261
14753;261
14784;261
14818;261
14853;261
14885;261
14922;261
14955;261
14989;261
15023;261
15054;261
15087;261
15118;261
15151;261
15183;261
15213;261
15245;261
15285;261
15318;261
15349;261
15382;261
15413;261
15442;261
15472;261
15502;261
15534;261
15564;261
15601;261
15633;261
15669;261
15700;261
15732;261
15770;261
15801;261
15835;261
15866;261
15897;261
15927;261
15957;261
15987;261
16017;261
16047;261
16078;261
16108;261
16139;261
16168;261
16198;261
16228;261
16259;261
16293;261
16325;261
16355;261
16389;261
16423;261
16455;261
16486;261
16524;261
16554;261
16588;261
16624;261
16668;261
16704;261
16738;261
16767;261
16797;261
16834;261
16865;261
16899;261
16928;261
16958;261
16996;261
17026;261
17058;261
17089;261
17120;261
17153;261
17183;261
17213;261
17243;261
17274;261
17308;261
17340;261
17372;261
17403;261
17434;261
17469;261
17503;261
17534;261
17565;261
17595;261
17625;261
17658;261
17689;261
17724;261
17754;261
17788;261
17819;261
17850;261
17891;261
17923;261
17958;261
17989;261
18021;261
18052;261
18088;261
18120;261
18177;261
18210;261
18243;260
18278;260
18309;260
18339;260
18380;260
18413;260
18443;260
18480;260
18510;260
18540;260
18573;260
18604;260
18632;260
18663;260
18694;260
18725;260
18753;260
18786;260
18818;260
18845;260
18877;260
18912;260
18944;260
18975;260
19009;260
19038;260
19069;260
19099;260
19129;260
19158;260
19192;260
19226;260
19256;260
19285;260
19316;260
19347;260
19378;260
19408;260
19438;260
19471;260
19501;260
19531;260
19565;260
19596;260
19623;260
19661;260
19703;260
19742;260
19774;260
19805;259
19836;259
19866;259
19903;259
19936;259
19973;259
20009;259
20044;261
20086;261
20123;261
20173;261
20211;261
20243;261
20273;261
20304;261
20338;261
20368;261
20406;261
20437;261
20470;261
20501;261
20531;261
20563;261
20597;261
20626;261
20657;261
20688;261
20718;261
20749;261
20779;261
20808;261
20839;261
20872;261
20906;261
20946;261
20981;261
21016;261
21052;261
21082;261
21112;258
21142;258
21174;258
21204;258
21247;258
21286;258
21322;259
21364;259
21394;259
21425;259
21455;259
21485;259
21515;259
21546;259
21580;259
21610;259
21644;259
21678;259
21708;259
21742;259
21773;259
21806;259
21837;259
21867;259
21897;259
21931;259
21961;259
21991;259
22021;259
22055;259
22085;259
22116;259
22149;259
22186;259
22217;259
22251;259
22282;259
22313;259
22347;259
22377;259
22411;259
22441;259
22472;259
22505;259
22542;259
22573;259
22606;259
22636;259
22670;259
22706;259
22740;259
22780;259
22815;257
22848;260
22878;260
22909;260
22940;260
22971;260
23002;260
23033;260
23063;260
23095;260
23125;260
23157;259
23187;259
23220;259
23255;259
23286;259
23324;259
23353;259
23384;259
23414;259
23447;259
23487;259
23517;259
23547;259
23580;259
23610;259
23640;259
23670;259
23700;259
23736;259
23773;259
23803;259
23843;259
23878;259
23908;259
23938;259
23973;259
24003;259
24033;259
24068;259
24103;259
24137;259
24167;259
24198;259
24229;259
24259;259
24290;259
24338;259
24373;259
24404;259
24436;259
24469;259
24502;259
24531;259
24562;259
24600;259
24630;259
24661;259
24692;259
24722;259
24753;259
24784;259
24817;259
24853;259
24887;259
24921;259
24952;259
24987;259
25018;259
25048;256
25080;256
25110;256
25139;256
25169;256
25205;256
25238;256
25271;256
25301;256
25332;256
25362;256
25392;256
25425;256
25456;256
25491;256
25521;256
25561;256
25591;256
25621;257
25656;257
25686;257
25715;257
25745;257
25775;257
25806;257
25840;257
25876;257
25917;257
25950;257
25980;257
26011;257
26043;257
26077;257
26107;257
26137;257
26167;257
26198;257
26228;257
26259;257
26289;257
26319;257
26355;257
26389;257
26420;257
26460;257
26490;257
26520;257
26550;257
26584;257
26616;257
26647;257
26678;257
26709;257
26738;257
26768;257
26803;257
26844;257
26874;257
26911;257
26945;257
26977;257
27010;257
27040;257
27073;257
27105;257
27139;257
27169;257
27205;257
27236;257
27266;257
27306;257
27337;257
27367;257
27400;257
27433;257
27466;257
27499;257
27537;257
27567;257
27597;257
27638;257
27675;257
27708;257
27742;257
27773;257
27807;257
27840;257
27878;258
27911;258
27944;258
27975;258
28005;258
28039;258
28072;258
28114;258
28144;258
28176;258
28212;258
28242;258
28271;258
28305;261
28334;261
28367;261
28403;261
28433;261
28464;261
28500;261
28530;261
28560;261
28589;261
28619;261
28650;261
28686;261
28716;261
28746;261
28781;261
28812;261
28841;261
28877;261
28908;261
28943;261
28977;261
29007;261
29038;261
29069;261
29106;261
29139;261
29171;261
29205;261
29247;261
29291;261
29328;261
29358;261
29388;261
29418;261
29453;261
29484;261
29515;261
29548;261
29585;261
29618;261
29648;261
29682;261
29712;261
29742;261
29772;261
29803;261
29833;261
29866;261
29897;261
29927;261
29958;261
29991;261
30026;261
30059;261
30088;261
30125;261
30155;261
30188;261
30217;261
30248;261
30278;261
30308;261
30340;261
30370;261
30405;261
30440;261
30471;261
30502;261
30536;261
30571;261
30604;261
30637;261
30668;261
30698;261
30734;261
30768;261
30798;260
30831;260
30862;260
30899;260
30931;260
30962;260
30991;260
31022;260
31053;260
31086;260
31119;260
31150;260
31180;260
31211;260
31240;260
31270;260
31305;260
31335;260
31369;260
31399;260
31429;260
31464;260
31501;260
31531;260
31568;260
31601;260
31638;260
31671;260
31701;260
31734;260
31764;260
31794;260
31824;260
31854;260
31884;260
31916;260
31949;260
31982;260
32010;260
32043;260
32076;260
32106;260
32136;260
32166;260
32196;260
32226;260
32257;260
32288;260
32321;260
32352;260
32382;260
32415;260
32448;260
32482;260
32512;260
32548;260
32578;260
32608;260
32640;260
32673;260
32704;260
32734;260
32762;260
32796;260
32826;260
32857;260
32888;260
32925;260
32956;260
32993;260
33026;260
33056;260
33089;260
33122;260
33153;260
33183;260
33223;260
33253;260
33283;260
33313;260
33346;260
33383;260
33416;260
33449;260
33479;260
33512;260
33549;260
33579;260
33612;260
33641;260
33672;260
33703;260
33733;260
33763;260
33798;260
33833;260
33866;260
33897;260
33932;257
33966;257
33997;257
34036;257
34067;257
34100;257
34131;257
34161;257
34194;257
34223;257
34263;257
34293;257
34326;257
34359;257
34389;257
34419;257
34449;257
34486;257
34519;257
34557;257
34587;257
34617;257
34648;257
34678;257
34710;257
34741;257
34770;257
34807;257
34839;257
34871;257
34901;257
34942;257
34975;257
35005;257
35038;257
35069;257
35099;257
35129;257
35160;257
35191;257
35227;257
35260;257
35290;257
35320;257
35354;257
35384;257
35417;257
35450;257
35484;257
35514;257
35548;257
35581;257
35611;257
35642;257
35673;257
35703;257
35734;257
35771;257
35804;257
35834;257
35867;257
35902;257
35932;257
35963;257
35999;257
36032;257
36062;257
36092;257
36122;257
36152;257
36185;257
36222;257
36259;257
36288;257
36321;257
36356;257
36390;257
36419;257
36454;257
36484;257
36516;257
36546;257
36582;257
36617;257
36648;257
36678;257
36710;257
36740;257
36775;257
36808;257
36849;257
36879;257
36916;257
36946;257
36977;257
37008;257
37037;257
37068;257
37106;257
37136;257
37166;257
37197;257
37227;257
37262;257
37296;257
37329;257
37362;257
37392;257
37427;257
37461;257
37492;257
37527;257
37557;257
37588;257
37617;257
37648;257
37684;257
37718;257
37748;257
37778;257
37818;257
37851;257
37882;257
37915;257
37952;257
37982;257
38014;257
38047;257
38082;257
38120;257
38156;257
38187;257
38226;257
38257;257
38290;257
38320;257
38349;257
38379;257
38409;257
38440;257
38474;257
38505;257
38535;257
38568;257
38599;257
38629;257
38660;257
38691;257
38725;257
38759;257
38795;257
38825;257
38856;257
38887;257
38914;257
38951;257
38979;257
39009;257
39043;257
39075;257
39105;257
39136;257
39166;257
39196;257
39227;257
39258;257
39291;257
39321;257
39352;257
39382;257
39416;257
39447;257
39477;257
39508;257
39543;257
39576;257
39613;257
39645;257
39677;257
39707;257
39744;257
39774;257
39803;257
39834;257
39871;257
39902;257
39933;257
39964;257
39994;257
40023;257
40056;257
40088;257
40118;257
40151;257
40181;257
40218;257
40251;257
40286;257
40315;257
40344;257
40385;257
40415;257
40445;257
40476;257
40506;257
40537;257
40576;257
40613;257
40642;257
40676;257
40713;257
40752;257
40782;257
40812;257
40842;257
40876;257
40906;257
40937;257
40974;257
41005;257
41034;257
41067;257
41103;257
41135;257
41168;257
41206;257
41239;257
41269;257
41304;257
41333;257
41369;257
41403;257
41435;257
41465;257
41504;257
41535;257
41565;257
41596;257
41629;257
41660;257
41695;257
41725;257
41755;257
41785;257
41818;257
41849;257
41884;257
41917;257
41951;257
41981;257
42011;257
42041;257
42071;257
42100;257
42130;257
42161;257
42192;257
42219;257
42249;257
42283;257
42321;257
42351;257
42384;257
42417;257
42448;257
42477;257
42513;257
42549;257
42579;257
42611;257
42642;257
42672;257
42705;257
42746;257
42783;257
42815;257
42850;257
42880;257
42912;257
42943;257
42980;257
43010;257
43040;257
43076;257
43107;257
43140;257
43167;257
43201;257
43231;257
43261;257
43294;257
43323;257
43360;257
43395;257
43427;257
43460;257
43490;257
43524;257
43554;257
43588;257
43623;257
43654;257
43687;257
43717;257
43746;257
43779;257
43810;257
43847;257
43880;257
43910;257
43950;257
43981;257
44014;257
44044;257
44074;257
44107;257
44137;257
44167;257
44203;257
44236;257
44268;257
44301;257
44334;257
44365;257
44398;257
44433;257
44467;257
44499;257
44529;257
44563;257
44596;257
44631;257
44660;257
44691;257
