172;3744
257;3476
322;3398
378;3282
432;2984
481;2739
518;2591
575;2564
623;2485
679;2334
737;2334
821;2195
867;2185
920;2103
983;2105
1023;1953
1062;1953
1100;1953
1136;1953
1175;1927
1212;1927
1258;1927
1293;1906
1331;1906
1382;1842
1422;1842
1466;1842
1506;1805
1542;1805
1581;1805
1619;1805
1661;1805
1714;1731
1752;1731
1792;1731
1828;1731
1877;1731
1914;1713
1950;1713
1987;1713
2024;1713
2063;1713
2100;1713
2138;1713
2172;1713
2209;1713
2244;1713
2293;1713
2333;1552
2368;1552
2411;1552
2459;1496
2494;1407
2532;1351
2569;1351
2607;1278
2644;1239
2679;1239
2714;1239
2751;1081
2794;1080
2832;1080
2867;1080
2902;1080
2939;1018
2975;1018
3012;1018
3051;1018
3103;1018
3160;1018
3208;1004
3257;1004
3319;1004
3368;1004
3424;968
3478;968
3523;968
3568;951
3617;951
3667;951
3699;951
3733;951
3766;951
3799;951
3841;951
3886;924
3923;923
3966;923
3996;923
4029;923
4065;884
4096;884
4126;884
4159;884
4198;884
4230;884
4259;884
4290;884
4325;884
4359;884
4390;883
4425;883
4467;883
4499;883
4533;883
4567;883
4600;883
4634;883
4674;883
4709;883
4744;883
4778;883
4812;883
4844;883
4876;795
4906;795
4939;795
4971;795
5004;795
5038;795
5072;795
5105;795
5135;795
5166;795
5200;706
5234;706
5265;706
5299;706
5333;650
5371;650
5404;650
5438;651
5472;651
5503;651
5541;651
5582;651
5614;651
5657;651
5707;648
5754;648
5799;648
5845;648
5893;648
5937;591
5986;591
6034;591
6072;591
6110;591
6143;591
6175;591
6205;509
6237;433
6271;433
6303;433
6333;433
6365;433
6395;433
6427;433
6459;433
6491;433
6524;433
6558;366
6592;366
6625;366
6659;366
6692;366
6722;366
6755;366
6787;366
6818;366
6853;366
6892;366
6925;366
6958;366
6993;366
7032;366
7066;366
7098;366
7132;366
7167;366
7197;366
7238;366
7274;365
7305;365
7335;365
7369;365
7399;365
7437;358
7468;358
7500;358
7530;358
7560;358
7603;358
7635;358
7669;358
7701;358
7733;358
7773;358
7808;358
7840;358
7874;358
7905;358
7938;358
7972;358
8003;358
8049;358
8082;358
8119;358
8149;358
8181;358
8212;358
8246;358
8280;358
8315;358
8347;358
8378;358
8410;357
8442;357
8486;357
8516;345
8546;345
8583;345
8614;345
8645;345
8678;345
8715;345
8751;345
8784;345
8826;344
8858;344
8891;344
8923;344
8953;342
8983;342
9022;342
9055;342
9089;342
9127;342
9158;342
9191;342
9222;342
9256;342
9294;342
9325;342
9356;342
9391;342
9424;342
9454;342
9489;342
9519;342
9554;342
9588;342
9619;342
9653;342
9691;342
9727;342
9760;325
9794;325
9826;325
9856;325
9886;325
9919;328
9959;324
9993;324
10030;324
10060;324
10090;324
10123;324
10157;324
10187;324
10217;324
10247;324
10278;324
10308;324
10341;324
10374;324
10405;324
10437;324
10470;324
10501;324
10531;324
10562;324
10601;324
10632;324
10664;324
10697;324
10734;324
10768;324
10802;261
10834;261
10869;261
10902;260
10935;260
10975;260
11007;260
11040;260
11078;260
11111;260
11141;260
11173;260
11203;260
11247;260
11279;260
11312;260
11351;260
11381;260
11411;260
11444;260
11475;260
11509;260
11542;260
11575;261
11606;261
11636;262
11670;262
11703;262
11735;262
11769;262
11804;262
11837;262
11867;262
11898;262
11929;262
11959;262
11990;262
12027;262
12061;262
12091;262
12124;262
12154;262
12187;262
12217;262
12250;262
12282;262
12314;262
12351;262
12385;262
12418;262
12450;262
12480;262
12510;262
12542;262
12575;262
12615;262
12644;262
12677;262
12710;262
12741;267
12776;267
12811;267
12841;267
12873;267
12906;267
12940;267
12973;267
13005;267
13038;262
13072;262
13105;262
13139;262
13169;262
13201;262
13236;262
13267;262
13299;262
13332;262
13362;262
13396;262
13426;262
13458;262
13488;262
13521;262
13551;262
13586;262
13619;262
13651;262
13681;262
13711;262
13744;262
13775;262
13810;262
13847;262
13880;261
13920;261
13958;261
13989;261
14024;261
14059;261
14093;261
14131;261
14165;261
14198;261
14229;261
14261;261
14297;261
14335;261
14368;261
14405;261
14438;261
14477;261
14507;261
14536;261
14571;261
14603;261
14635;261
14665;261
14698;261
14728;261
14758;261
14792;261
14822;261
14858;261
14889;261
14919;261
14953;261
14985;261
15019;261
15048;261
15082;261
15112;261
15145;261
15178;261
15211;261
15251;261
15288;261
15320;261
15359;261
15392;261
15424;261
15460;261
15490;261
15520;261
15549;261
15582;261
15615;261
15647;261
15677;261
15706;261
15738;261
15769;261
15802;261
15831;261
15867;261
15901;261
15934;261
15974;261
16002;261
16035;261
16066;261
16104;260
16139;260
16173;260
16203;260
16237;260
16268;260
16300;260
16331;260
16363;260
16400;260
16436;260
16470;260
16499;260
16537;260
16569;260
16598;260
16630;260
16666;260
16698;260
16727;260
16756;260
16788;260
16818;260
16850;260
16883;260
16913;260
16943;260
16973;260
17005;260
17038;260
17068;260
17102;260
17137;260
17168;260
17205;260
17235;260
17278;260
17309;260
17341;260
17374;260
17403;260
17434;260
17464;260
17494;260
17527;261
17560;261
17591;261
17623;261
17653;261
17682;261
17713;261
17746;261
17780;261
17812;261
17844;261
17876;261
17906;261
17936;262
17968;262
18003;262
18035;262
18070;262
18102;262
18139;262
18168;262
18198;262
18227;261
18258;260
18295;260
18334;260
18367;260
18399;261
18429;261
18458;261
18494;261
18527;261
18560;261
18593;261
18624;261
18656;261
18686;261
18719;261
18756;261
18787;261
18821;261
18850;261
18880;261
18913;261
18946;261
18982;261
19011;261
19040;261
19073;261
19104;261
19135;261
19166;261
19196;261
19232;261
19261;261
19293;261
19323;261
19352;261
19386;261
19414;261
19444;261
19478;261
19511;261
19544;261
19578;261
19610;261
19649;261
19679;261
19712;261
19743;261
19778;261
19807;261
19837;261
19875;261
19907;261
19942;261
19980;261
20014;261
20051;261
20081;260
20119;260
20151;260
20184;260
20217;260
20250;260
20280;260
20314;260
20347;260
20376;260
20408;260
20441;260
20472;260
20509;260
20542;260
20572;260
20604;260
20636;260
20678;260
20719;260
20751;260
20784;260
20821;260
20855;260
20891;260
20924;260
20955;260
20988;260
21025;260
21058;260
21094;260
21126;260
21162;261
21192;261
21228;261
21260;261
21292;261
21325;261
21360;261
21390;261
21419;261
21450;261
21479;261
21515;261
21544;261
21577;261
21610;261
21640;261
21673;261
21706;261
21744;261
21774;261
21806;261
21835;261
21864;261
21898;261
21927;261
21956;261
21989;261
22018;261
22051;261
22082;261
22111;261
22141;261
22170;261
22205;261
22238;261
22270;261
22302;261
22333;261
22366;261
22398;261
22428;261
22461;261
22491;261
22524;261
22563;261
22595;261
22626;261
22663;261
22692;261
22722;261
22758;261
22789;261
22821;261
22852;261
22882;261
22919;261
22950;261
22987;261
23027;261
23060;261
23093;261
23129;261
23160;261
23197;261
23231;261
23260;261
23290;260
23319;260
23355;260
23385;260
23419;260
23450;260
23482;260
23515;260
23548;260
23580;260
23613;260
23659;260
23689;260
23730;260
23774;260
23806;260
23842;260
23875;260
23904;260
23934;260
23965;260
23996;260
24025;260
24058;260
24089;260
24121;260
24150;260
24184;261
24220;261
24252;261
24285;261
24316;261
24348;261
24380;261
24413;261
24445;261
24478;261
24509;261
24540;261
24584;261
24638;261
24688;261
24718;261
24748;261
24781;261
24813;261
24845;261
24878;261
24918;261
24950;261
24986;261
25024;261
25056;261
25086;261
25119;261
25151;261
25180;261
25210;261
25242;261
25273;261
25310;261
25342;261
25372;261
25401;261
25436;261
25469;261
25501;261
25532;261
25561;261
25594;261
25627;261
25656;261
25689;261
25721;261
25750;261
25789;260
25818;259
25849;259
25883;259
25913;259
25943;259
25975;259
26007;259
26036;259
26069;259
26099;259
26128;259
26159;259
26188;259
26221;259
26253;259
26286;259
26318;259
26350;259
26387;259
26416;259
26448;260
26478;260
26507;260
26540;260
26569;260
26598;260
26630;260
26662;261
26699;261
26735;261
26771;261
26825;261
26860;261
26893;261
26931;261
26961;261
26991;261
27023;261
27055;261
27087;261
27119;261
27160;261
27193;261
27222;261
27253;261
27285;261
27315;261
27344;261
27376;261
27408;261
27441;257
27476;258
27508;258
27539;258
27572;258
27604;258
27636;258
27666;258
27695;258
27724;258
27753;258
27786;258
27821;258
27854;258
27886;258
27925;258
27964;258
27997;258
28026;257
28056;257
28085;257
28114;257
28145;257
28177;257
28214;257
28245;257
28277;257
28307;257
28346;257
28390;257
28423;257
28453;257
28484;257
28516;257
28547;257
28579;257
28611;257
28643;257
28674;257
28707;257
28738;257
28770;257
28799;257
28828;257
28866;257
28899;257
28929;257
28965;257
29003;257
29038;257
29070;257
29100;257
29132;257
29164;257
29202;257
29234;257
29266;257
29296;257
29328;257
29357;257
29394;257
29424;257
29456;257
29486;257
29522;257
29554;257
29585;257
29625;257
29657;257
29686;257
29718;257
29747;257
29782;257
29811;257
29847;257
29880;257
29927;257
29957;257
29988;257
30020;257
30049;257
30082;257
30113;257
30144;257
30176;257
30208;257
30241;257
30279;257
30314;257
30340;257
30372;257
30415;257
30446;257
30475;257
30507;257
30539;257
30575;257
30612;257
30648;257
30686;257
30724;257
30756;257
30794;257
30826;257
30856;257
30887;257
30918;257
30947;257
30984;257
31016;257
31045;257
31074;257
31109;257
31141;257
31174;257
31206;257
31243;257
31273;257
31305;257
31337;257
31369;257
31401;257
31450;257
31487;257
31517;257
31546;257
31579;257
31608;257
31640;257
31671;257
31707;257
31740;257
31771;257
31803;257
31834;257
31864;257
31896;257
31925;257
31957;257
31989;257
32022;257
32054;257
32086;257
32118;257
32150;257
32180;257
32212;257
32244;257
32276;257
32309;257
32341;257
32373;257
32404;257
32436;257
32468;257
32502;257
32534;257
32566;257
32595;257
32626;257
32657;257
32690;257
32719;257
32751;257
32789;257
32818;257
32848;257
32882;257
32916;257
32948;257
32993;257
33036;257
33067;257
33097;257
33128;257
33160;257
33189;257
33221;257
33254;257
33291;257
33323;257
33355;257
33385;257
33414;257
33445;257
33476;257
33507;257
33537;257
33569;257
33605;257
33635;257
33668;257
33697;257
33729;257
33762;257
33799;257
33832;257
33861;257
33891;257
33922;257
33958;257
33995;257
34033;257
34090;257
34135;257
34206;257
34283;257
34321;257
34353;257
34392;257
34420;257
34453;257
34485;257
34516;257
34554;257
34583;257
34622;257
34653;257
34686;257
34719;257
34751;257
34781;257
34812;257
34841;257
34874;257
34910;257
34938;257
34970;257
35002;257
35035;257
35068;257
35103;257
35142;257
35179;257
35211;257
35243;257
35280;257
35316;257
35345;257
35376;257
35407;257
35449;257
35478;256
35510;256
35549;256
35581;256
35614;256
35646;256
35676;256
35707;256
35738;256
35781;256
35814;256
35843;256
35883;256
35916;256
35945;256
35977;256
36009;256
36041;256
36082;256
36118;256
36149;256
36182;256
36214;256
36246;256
36282;256
36314;256
36346;256
36375;256
36408;256
36440;256
36471;256
36503;256
36536;256
36565;256
36597;256
36629;256
36659;256
36689;256
36722;256
36758;256
36789;256
36820;256
36852;256
36885;256
36914;256
36949;256
36982;256
37014;256
37050;256
37081;256
37110;256
37142;256
37171;256
37204;256
37236;256
37273;257
37308;257
37338;257
37370;256
37402;256
37432;256
37466;256
37495;256
37524;256
37556;256
37590;256
37622;256
37656;256
37686;256
37715;256
37748;256
37780;256
37812;256
37841;256
37871;256
37901;256
37938;256
37970;256
38005;256
38042;256
38074;256
38106;256
38138;256
38167;256
38200;256
38233;256
38266;256
38299;256
38331;256
38360;256
38390;256
38420;256
38452;256
38485;256
38519;256
38552;256
38583;256
38614;256
38646;256
38678;256
38723;256
38760;256
38805;256
38859;256
38914;256
38979;256
39033;256
39086;256
39142;256
39202;256
39257;256
39309;256
39361;256
39415;256
39464;256
39506;256
39555;256
39597;256
39635;256
39675;256
39715;256
39748;256
39789;256
39825;256
39854;256
39886;256
39922;256
39961;256
39992;256
40021;256
40053;256
40083;256
40115;256
40144;256
40176;256
40205;256
40237;256
40270;256
40302;256
40334;256
40365;256
40394;256
40430;256
40466;256
40498;256
40531;256
40563;256
40595;256
40627;256
40661;256
40694;256
40723;256
40752;256
40782;256
40814;256
40845;256
40881;256
40912;256
40942;256
40978;256
41010;256
41044;256
41075;256
41107;256
41138;256
41170;256
41203;256
41233;256
41263;256
41293;256
41329;256
41358;256
41390;256
41420;256
41456;256
41498;256
41527;256
41556;256
41593;256
41622;256
41654;256
41690;256
41721;256
41753;256
41783;256
41812;256
41844;256
41880;256
41909;256
41940;256
41971;256
42006;256
42035;256
42071;256
42100;256
42129;256
42161;256
42193;256
42224;256
42254;256
42286;256
42316;256
42353;256
42384;256
42420;256
42453;256
42483;256
42521;256
42553;256
42584;256
42614;256
42643;256
42679;256
42708;256
42737;256
42767;256
42800;256
42829;256
42865;256
42898;256
42930;256
42963;256
42994;256
43029;256
43060;256
43090;256
43123;256
43155;256
43188;256
43218;256
43252;256
43282;256
43320;256
43350;256
43388;256
43419;256
43449;256
43483;256
43512;256
43541;256
43573;256
43602;256
43634;256
43672;256
43702;256
43735;256
43770;256
43803;256
43832;256
43861;256
43892;256
43925;256
43957;256
43987;256
44020;256
44060;256
44095;256
44130;256
44162;256
44191;256
44227;256
44259;256
44291;256
44322;256
44353;256
44384;256
44417;256
44449;256
44479;256
44508;256
44539;256
44570;256
44601;256
44633;256
44665;256
44701;256
44735;256
44771;256
44803;256
44841;256
44872;256
44901;256
44930;256
44962;256
44993;256
45022;256
45055;256
45087;256
45116;256
45148;256
45178;256
45207;256
45234;256
