260;3939
488;3889
586;3850
687;3631
765;3460
857;3233
1009;3109
1089;3072
1156;3060
1239;2925
1310;2887
1408;2714
1472;2714
1557;2689
1642;2492
1706;2479
1794;2336
1897;2336
1988;2206
2084;2116
2178;2112
2265;2112
2342;2110
2407;2110
2470;2110
2532;2110
2596;2027
2681;1981
2742;1981
2805;1981
2867;1981
2930;1920
3003;1898
3064;1898
3140;1763
3209;1564
3298;1503
3379;1503
3484;1399
3577;1399
3660;1399
3743;1399
3848;1386
3927;1315
3991;1315
4080;1260
4139;1260
4198;1260
4258;1219
4313;1219
4379;1219
4444;1215
4502;1215
4568;1085
4632;1085
4693;1046
4753;1046
4814;1045
4873;1045
4936;1045
5002;980
5061;980
5120;980
5177;980
5236;980
5295;980
5350;961
5407;961
5467;902
5533;865
5599;865
5658;865
5717;865
5783;788
5856;713
5920;713
6011;711
6097;711
6179;711
6262;711
6321;711
6396;700
6470;700
6549;700
6606;700
6672;700
6728;700
6786;700
6843;700
6901;623
6959;623
7032;590
7092;590
7152;590
7211;590
7272;590
7332;590
7390;590
7448;590
7507;590
7569;590
7625;590
7683;590
7741;590
7799;590
7857;555
7932;476
7988;476
8052;476
8108;476
8175;476
8237;476
8303;474
8368;474
8426;398
8487;398
8545;398
8602;398
8675;398
8732;398
8797;398
8856;398
8914;398
8970;398
9027;398
9083;398
9139;398
9197;398
9252;398
9309;398
9374;398
9436;398
9496;398
9553;398
9611;398
9671;398
9736;398
9795;398
9854;398
9936;396
9996;396
10056;396
10119;396
10174;396
10232;396
10330;329
10385;329
10441;329
10497;329
10561;329
10620;329
10680;329
10740;329
10805;329
10875;329
10937;329
10998;329
11063;326
11123;326
11188;326
11251;269
11313;270
11369;270
11427;270
11484;270
11540;270
11594;268
11649;268
11707;268
11763;268
11833;236
11892;236
11959;236
12028;236
12085;237
12144;237
12217;237
12282;237
12340;237
12414;237
12472;237
12544;237
12602;237
12657;237
12715;237
12778;237
12833;237
12889;237
12962;237
13020;237
13080;237
13140;237
13200;237
13267;236
13326;236
13384;236
13452;236
13509;236
13579;236
13635;236
13698;236
13757;236
13827;236
13891;236
13950;236
14021;236
14080;236
14137;236
14203;236
14262;236
14327;236
14384;236
14468;236
14533;236
14588;236
14643;236
14698;236
14769;236
14824;236
14887;236
14945;236
15001;236
15057;236
15118;236
15188;238
15259;238
15316;238
15382;238
15442;238
15512;238
15576;238
15635;238
15698;238
15756;238
15819;238
15882;238
15945;238
16003;238
16067;238
16136;238
16194;238
16252;238
16312;238
16377;238
16438;238
16500;238
16555;238
16613;238
16668;238
16723;238
16787;238
16842;238
16898;238
16957;238
17014;238
17077;238
17137;237
17208;237
17272;237
17340;237
17402;237
17462;237
17517;237
17595;237
17666;237
17721;237
17784;237
17839;237
17900;237
17965;237
18030;237
18096;237
18156;237
18223;237
18278;237
18336;237
18392;238
18451;238
18509;238
18568;238
18629;238
18685;238
18764;238
18834;238
18891;238
18951;238
19012;238
19072;238
19129;238
19187;238
19244;238
19299;239
19354;239
19412;239
19471;239
19529;239
19594;239
19664;239
19722;239
19780;239
19841;239
19898;239
19955;239
20011;239
20073;239
20138;239
20196;239
20254;239
20312;239
20376;239
20437;239
20496;238
20558;238
20616;238
20671;238
20736;238
20795;238
20850;238
20906;238
20974;238
21030;238
21111;238
21170;238
21235;238
21292;238
21349;238
21405;237
21484;237
21547;237
21610;237
21668;237
21747;237
21811;237
21871;237
21943;237
22014;237
22069;237
22124;237
22187;237
22242;237
22300;237
22357;237
22413;237
22470;237
22527;237
22591;237
22654;237
22712;237
22770;237
22827;237
22886;237
22940;237
22998;237
23062;237
23120;237
23181;237
23238;237
23297;237
23359;237
23417;237
23475;237
23537;237
23595;237
23658;238
23717;238
23784;238
23840;239
23904;239
23961;239
24018;239
24074;239
24131;239
24194;239
24253;239
24322;239
24379;239
24435;239
24494;239
24550;239
24607;239
24666;239
24723;239
24787;239
24851;239
24909;239
24966;239
25022;239
25078;239
25129;239
25184;239
25263;239
25325;239
25394;239
25457;239
25514;239
25571;239
25625;239
25679;239
25736;236
25796;236
25852;236
25921;236
25976;236
26032;236
26086;236
26143;236
26206;236
26269;236
26320;236
26389;236
26446;236
26503;236
26557;236
26614;236
26673;236
26736;236
26792;236
26854;236
26909;236
26963;236
27020;236
27088;236
27148;238
27204;238
27261;238
27316;238
27373;238
27434;238
27490;238
27546;238
27606;238
27660;238
27716;238
27775;238
27835;238
27889;238
27944;238
28011;238
28066;238
28124;238
28180;238
28235;238
28291;238
28347;238
28404;238
28470;238
28525;238
28585;238
28647;238
28705;238
28761;238
28818;238
28873;238
28927;238
29007;238
29059;238
29115;238
29165;238
29222;238
29284;238
29353;238
29415;238
29471;238
29534;238
29593;238
29655;238
29717;238
29771;238
29826;238
29896;238
29951;236
30005;236
30063;236
30128;236
30187;236
30256;236
30309;236
30371;236
30434;236
30500;236
30555;236
30610;236
30667;236
30725;236
30788;236
30853;236
30915;236
30975;236
31034;236
31107;236
31160;236
31215;236
31278;236
31340;236
31397;236
31452;236
31515;236
31577;236
31640;236
31702;236
31758;236
31819;236
31875;236
31940;236
32004;236
32066;236
32130;236
32186;236
32242;236
32296;236
32351;236
32416;236
32474;236
32532;236
32588;236
32644;236
32724;236
32788;236
32847;236
32907;236
32965;236
33020;236
33077;236
33132;236
33188;236
33243;236
33298;236
33352;236
33407;236
33467;236
33523;236
33580;236
33639;236
33701;236
33758;236
33812;236
33869;236
33926;235
33984;235
34039;235
34093;235
34148;235
34204;235
34286;235
34346;235
34410;235
34474;235
34531;235
34600;235
34657;235
34719;235
34782;235
34843;235
34901;235
34959;235
35037;235
35094;235
35150;236
35207;236
35267;236
35326;236
35382;236
35443;236
35522;236
35580;236
35637;236
35694;236
35752;236
35816;236
35872;236
35929;236
35992;236
36046;236
36101;236
36158;236
36214;236
36281;236
36335;236
36391;236
36454;236
36526;236
36591;236
36657;236
36713;236
36770;236
36824;236
36880;236
36941;236
36999;236
37057;236
37112;236
37167;236
37230;236
37287;236
37353;236
37415;236
37483;236
37551;236
37610;236
37665;236
37726;236
37783;236
37838;236
37897;236
37968;236
38024;236
38081;236
38151;236
38213;236
38268;236
38322;236
38377;236
38431;236
38490;236
38566;236
38627;236
38691;236
38753;236
38807;236
38863;236
38917;236
38976;236
39033;236
39091;236
39153;236
39210;236
39266;236
39322;236
39383;236
39464;236
39543;236
39613;236
39670;236
39725;236
39787;236
39844;236
39901;236
39956;236
40013;236
40072;236
40151;236
40213;236
40276;236
40333;236
40388;237
40447;237
40502;237
40558;237
40613;237
40681;237
40761;237
40841;237
40907;237
40970;237
41043;237
41105;237
41174;237
41230;237
41285;237
41342;237
41410;237
41468;237
41535;237
41599;237
41676;237
41745;237
41807;237
41864;236
41932;236
41995;236
42063;236
42119;236
42189;236
42250;236
42311;236
42366;236
42428;236
42486;236
42540;236
42604;236
42681;236
42741;236
42805;236
42861;236
42917;236
42982;236
43044;236
43098;236
43160;236
43218;236
43272;236
43326;236
43380;236
43443;236
43502;236
43561;236
43626;236
43693;236
43749;236
43822;236
43885;236
43939;236
43996;236
44058;236
44112;236
44168;236
44225;236
44279;236
44335;236
44401;236
44461;236
44517;236
44584;236
44648;236
44707;236
44776;236
44833;236
44890;236
44954;236
45017;236
45074;236
45127;236
45182;236
45237;236
45300;236
45364;236
45421;236
45487;236
45543;236
45607;236
45666;236
45753;236
45832;236
45889;236
45944;236
46001;236
46067;236
46125;236
46179;236
46237;236
46297;236
46352;236
46411;236
46476;236
46532;236
46588;236
46657;236
46712;236
46770;236
46830;236
46904;236
46966;236
47021;236
47074;236
47145;236
47215;236
47282;236
47336;237
47391;237
47449;237
47513;237
47570;237
47638;237
47706;237
47763;237
47830;236
47904;236
47960;236
48025;236
48079;236
48146;236
48200;236
48255;236
48311;236
48373;236
48429;236
48490;236
48554;236
48612;236
48669;236
48733;236
48797;236
48866;236
48920;236
48982;236
49036;236
49102;236
49180;236
49236;236
49297;236
49374;236
49443;236
49502;236
49559;236
49618;236
49674;236
49730;236
49807;236
49863;236
49930;236
50001;236
50055;236
50117;236
50172;236
50228;236
50298;236
50356;236
50421;236
50486;236
50544;236
50601;236
50657;235
50715;235
50778;235
50836;235
50906;235
50967;235
51045;235
51099;235
51166;235
51220;235
51291;235
51346;235
51403;235
51459;235
51517;235
51573;235
51633;235
51690;235
51758;235
51816;235
51887;235
51944;235
52016;235
52074;235
52130;235
52185;235
52252;235
52301;235
52363;235
52420;235
52476;235
52532;235
52595;235
52653;235
52709;235
52765;235
52829;235
52881;235
52945;235
53007;235
53072;235
53141;235
53212;235
53275;235
53339;235
53400;235
53468;235
53524;235
53601;235
53666;235
53753;235
53824;235
53881;235
53957;235
54030;235
54085;235
54147;235
54204;235
54263;235
54325;235
54386;235
54445;235
54521;235
54585;235
54643;235
54704;235
54764;235
54828;235
54893;236
54986;236
55061;236
55162;236
55226;236
55285;236
55342;236
55401;236
55461;236
55521;236
55581;236
55643;236
55704;236
55764;236
55822;236
55879;236
55952;236
56008;236
56068;236
56140;236
56209;236
56272;236
56326;235
56383;235
56446;235
56500;235
56570;235
56626;235
56693;235
56783;235
56876;235
56978;235
57045;235
57104;235
57170;235
57226;235
57282;235
57338;235
57415;235
57500;235
57567;235
57634;235
57701;235
57778;235
57831;236
57888;236
57945;236
58007;236
58078;236
58142;236
58227;236
58327;236
58428;236
58529;236
58603;236
58671;236
58727;236
58786;236
58844;236
58908;236
58974;236
59031;236
59085;236
59140;236
59196;236
59274;236
59328;236
59383;236
59440;236
59499;236
59560;236
59625;236
59695;236
59764;236
59837;236
59930;236
60022;236
60146;236
60218;236
60287;235
60350;235
60404;235
60461;235
60515;235
60572;235
60626;235
60703;235
60759;235
60815;235
60873;235
60929;235
60986;235
61043;235
61099;235
61157;235
61222;235
61312;235
61412;235
61530;235
61615;235
61692;235
61752;235
61852;235
61946;235
62034;235
62143;235
62227;235
62284;235
62342;235
62397;235
62463;235
62543;235
62602;235
62659;235
62724;235
62781;235
62836;235
62892;235
62948;235
63015;235
63070;235
63124;235
63180;235
63246;235
63305;235
63371;235
63434;235
63490;235
63548;235
63607;235
63666;235
63737;235
63796;235
63860;235
63919;235
63976;235
64040;235
64098;235
64155;235
64209;235
64266;235
64320;235
64376;235
64433;235
64495;235
64550;235
64606;235
64666;235
64738;235
64800;235
64873;235
64930;235
64987;235
65046;235
65112;235
65170;235
65227;235
65289;235
65351;235
65412;235
65471;235
65528;235
65583;235
65640;235
65711;235
65776;235
65832;235
65893;235
65952;235
66004;235
66065;235
66120;235
66181;235
66237;235
66296;235
66350;235
66403;235
66458;235
66521;235
66579;235
66635;235
66692;235
66751;235
66822;235
66878;235
66944;235
66997;235
67052;235
67113;235
67179;235
67233;235
67303;235
67357;235
67411;235
67466;235
67545;235
67608;235
67664;235
67722;235
67783;235
67851;235
67905;235
67969;235
68024;235
68090;235
68152;235
68206;235
68260;235
68319;235
68369;235
68429;235
68488;235
68547;235
68606;235
68669;235
68725;235
68788;235
68844;235
68914;236
68971;236
69034;236
69091;236
69145;236
69226;236
69326;236
69421;236
69517;236
69596;237
69712;237
69810;237
69888;237
69988;237
70087;237
70194;237
70283;235
70366;235
70440;235
70520;235
70635;235
70738;235
70804;235
70891;235
70975;235
71070;235
71175;235
71254;235
71334;234
71417;234
71481;234
71548;234
71636;234
71705;234
71776;234
71853;234
71944;234
72008;234
72081;234
72195;234
72310;234
72428;234
72524;234
72605;234
72710;234
72795;234
72852;234
72914;234
72969;234
73033;234
73098;234
73155;234
73212;234
73281;234
73344;234
73402;234
73463;234
73545;234
73652;234
73750;234
73872;234
74024;234
74163;234
74276;234
74401;234
74497;234
74637;234
74758;234
74894;234
75015;234
75132;234
75240;234
75328;234
75390;234
75462;234
75536;234
75623;234
75684;234
75762;234
75834;234
75906;234
75984;234
76048;234
76133;234
76199;234
76261;234
76322;234
76398;234
76484;234
76566;234
76649;234
76763;234
76944;234
77087;234
77211;234
77286;234
77377;234
77455;234
77538;234
77616;234
77694;234
77766;234
77846;234
77927;234
77997;234
78068;234
78137;234
78212;234
78286;234
78340;234
78409;234
78491;234
78554;234
78611;234
78693;234
78760;234
78852;234
78925;234
78998;234
79123;234
79253;234
79361;234
79468;234
79547;234
79624;234
79721;234
79814;234
79882;234
79950;234
80026;234
80139;234
80277;234
80369;234
80487;234
80575;234
80672;234
80779;234
80878;234
80982;234
81103;234
81191;234
81254;234
81323;234
81379;234
81447;234
81502;234
81557;234
81613;234
81670;234
81725;234
81815;234
81890;234
81952;234
82007;234
82065;234
82121;234
82198;234
82305;234
82384;234
82477;234
82568;234
82691;234
82839;234
82967;234
83082;234
83180;234
83270;234
83405;234
83538;234
83671;234
83752;234
83873;234
83999;234
84138;234
84260;234
84374;234
84507;234
84631;234
84707;234
84765;234
84823;234
84879;234
84938;234
85003;234
85059;234
85124;234
85189;234
85255;234
85327;234
85407;234
85504;234
85614;234
85676;234
85734;234
85796;234
85854;234
85912;234
85981;234
86038;234
86095;234
86154;234
86211;234
86270;234
86335;234
86389;234
86447;234
86504;234
86561;234
86617;234
86687;234
86743;234
86805;234
86862;234
86921;234
86980;234
87039;234
87104;234
87161;234
87218;234
87282;234
87359;234
87413;234
87467;234
87521;234
87577;234
87631;234
87693;234
87747;234
87802;234
87865;234
87924;234
87986;234
88044;234
88099;234
