155;261
241;261
319;261
385;261
491;261
562;261
601;261
647;261
706;261
770;261
858;261
920;261
958;261
996;261
1034;261
1073;261
1114;261
1156;261
1201;261
1272;261
1310;261
1346;261
1383;261
1421;261
1458;261
1498;261
1539;261
1591;261
1647;261
1698;261
1749;261
1805;261
1858;261
1917;261
1952;261
1986;261
2026;261
2061;261
2098;261
2135;261
2175;261
2216;261
2252;261
2290;261
2327;261
2366;261
2402;261
2455;261
2491;261
2527;261
2563;261
2599;261
2635;261
2672;261
2709;261
2745;261
2788;261
2830;261
2874;261
2911;261
2949;261
2983;261
3021;261
3062;261
3111;261
3157;261
3207;261
3259;261
3306;261
3353;261
3403;261
3458;261
3512;261
3570;261
3619;262
3665;262
3714;262
3747;262
3779;262
3810;262
3846;262
3879;262
3923;262
3957;262
3991;262
4025;262
4058;262
4101;262
4132;262
4166;262
4201;262
4236;262
4270;262
4302;262
4333;262
4368;262
4403;262
4438;262
4470;262
4504;262
4535;262
4572;262
4604;262
4638;262
4671;262
4714;262
4747;262
4781;262
4815;262
4852;262
4887;262
4923;262
4956;262
4988;262
5022;262
5057;262
5091;262
5125;262
5161;262
5194;262
5238;262
5272;262
5316;262
5348;262
5382;262
5418;261
5452;261
5484;261
5517;261
5549;261
5582;261
5615;261
5647;261
5683;261
5721;261
5768;261
5814;261
5865;261
5911;261
5958;261
6004;261
6056;261
6093;261
6125;261
6156;261
6189;261
6221;261
6254;261
6289;261
6322;261
6366;261
6408;261
6441;261
6473;261
6509;261
6542;261
6574;261
6609;264
6642;264
6678;264
6710;264
6746;263
6783;263
6819;263
6863;263
6900;263
6931;263
6966;263
6999;263
7039;263
7071;263
7104;263
7135;263
7168;263
7205;263
7238;263
7270;263
7301;263
7334;263
7373;263
7406;263
7446;263
7479;263
7512;263
7549;263
7581;263
7624;263
7662;260
7696;260
7730;260
7763;260
7796;260
7827;260
7863;260
7896;260
7927;260
7956;260
7992;261
8025;261
8062;261
8094;261
8127;261
8163;264
8196;264
8233;264
8280;264
8312;264
8350;264
8382;264
8415;264
8455;264
8488;264
8519;264
8561;264
8594;264
8630;264
8675;264
8708;264
8741;264
8777;264
8812;264
8844;264
8883;264
8923;264
8957;264
8991;264
9024;264
9058;264
9091;264
9124;264
9157;264
9193;268
9226;268
9258;268
9294;268
9326;268
9364;268
9401;268
9439;268
9482;268
9525;268
9560;268
9594;268
9622;268
9662;268
9697;268
9729;268
9765;268
9802;268
9835;268
9870;267
9905;267
9938;267
9978;267
10018;263
10057;263
10090;263
10124;263
10157;263
10189;263
10222;263
10254;263
10287;263
10320;263
10350;263
10383;263
10416;263
10450;263
10482;263
10517;263
10548;263
10581;263
10615;263
10646;263
10679;263
10711;263
10743;263
10779;263
10816;263
10857;263
10892;263
10924;263
10958;263
10988;263
11021;263
11055;263
11087;263
11121;263
11153;263
11186;263
11222;263
11258;263
11290;263
11328;263
11366;263
11405;263
11439;263
11472;263
11506;263
11539;263
11576;263
11608;263
11640;263
11675;263
11711;263
11744;263
11776;263
11807;263
11845;263
11881;263
11913;263
11949;263
11982;263
12015;263
12046;263
12079;263
12111;263
12143;263
12174;263
12206;263
12241;263
12273;262
12309;262
12355;262
12388;262
12427;262
12458;262
12490;262
12525;262
12558;262
12603;262
12635;262
12666;262
12698;262
12731;262
12764;262
12796;262
12826;262
12863;262
12899;262
12931;262
12964;262
13000;262
13035;262
13066;262
13103;262
13143;262
13180;263
13216;263
13248;263
13280;263
13312;263
13348;263
13386;263
13425;263
13458;263
13491;263
13523;263
13555;263
13590;263
13622;263
13653;263
13682;263
13714;263
13748;263
13782;263
13818;263
13856;263
13891;263
13923;263
13955;263
13987;263
14023;263
14056;263
14087;263
14119;263
14151;263
14184;263
14217;263
14248;263
14282;263
14325;260
14359;260
14397;260
14429;260
14464;260
14496;260
14528;260
14560;260
14592;260
14631;260
14672;260
14702;260
14737;260
14777;260
14812;261
14845;261
14878;261
14917;261
14947;261
14979;261
15014;261
15047;261
15083;261
15116;261
15149;261
15186;261
15224;261
15256;261
15288;261
15325;261
15359;261
15392;261
15429;261
15460;261
15489;261
15521;261
15557;261
15587;261
15619;261
15655;261
15688;261
15727;261
15757;261
15789;261
15832;261
15866;261
15901;261
15937;261
15968;261
16000;261
16031;261
16064;261
16097;261
16129;261
16162;261
16194;261
16230;261
16264;261
16296;261
16328;261
16360;261
16393;261
16425;261
16458;261
16496;261
16529;261
16561;261
16594;261
16625;261
16658;261
16697;261
16730;261
16760;261
16793;261
16827;261
16860;261
16893;261
16927;261
16963;261
16996;261
17033;261
17066;261
17105;261
17136;261
17167;261
17200;261
17233;261
17268;261
17303;261
17338;261
17374;261
17403;261
17435;261
17473;261
17511;261
17543;261
17578;261
17610;261
17646;261
17679;260
17715;260
17750;260
17782;260
17814;260
17848;260
17883;260
17916;260
17951;260
17985;260
18019;260
18052;260
18085;260
18118;260
18150;260
18188;260
18220;260
18256;260
18289;260
18324;260
18357;260
18390;260
18423;260
18455;260
18490;260
18521;260
18554;260
18593;260
18626;260
18659;260
18690;260
18724;260
18759;260
18791;260
18824;260
18860;260
18895;260
18930;260
18966;260
18998;260
19031;260
19064;260
19096;260
19132;260
19164;260
19203;260
19242;260
19275;260
19308;260
19341;260
19372;260
19417;260
19447;260
19477;260
19513;260
19546;260
19577;260
19608;260
19641;260
19673;261
19707;261
19739;261
19769;261
19801;261
19833;261
19865;261
19897;261
19928;261
19966;262
19999;262
20038;262
20071;262
20105;262
20136;262
20169;262
20204;262
20239;262
20274;262
20310;262
20346;262
20378;262
20411;262
20449;262
20482;262
20514;262
20558;262
20589;262
20623;262
20659;262
20690;261
20722;261
20775;261
20806;261
20842;261
20897;261
20950;261
20983;261
21018;261
21054;261
21090;261
21134;261
21169;261
21202;261
21237;261
21268;261
21301;261
21334;261
21370;261
21406;261
21438;261
21470;261
21503;261
21536;261
21569;261
21600;261
21641;261
21705;261
21747;261
21780;261
21813;261
21845;261
21878;261
21914;261
21945;261
21977;261
22008;261
22040;261
22073;261
22106;261
22143;261
22174;261
22205;261
22237;261
22279;261
22323;261
22356;261
22390;261
22422;261
22455;261
22485;261
22522;261
22554;261
22603;261
22635;261
22667;261
22698;261
22730;261
22766;261
22799;261
22831;261
22863;261
22899;261
22954;264
23003;264
23039;264
23076;264
23110;264
23147;264
23185;264
23222;264
23254;264
23291;264
23324;264
23358;264
23391;264
23422;264
23458;264
23499;261
23532;261
23566;261
23598;261
23629;261
23657;261
23690;261
23723;261
23754;261
23785;261
23818;261
23858;261
23897;262
23929;262
23963;262
23995;262
24025;262
24057;262
24090;262
24125;262
24157;262
24190;262
24224;262
24258;262
24293;262
24325;261
24369;261
24404;261
24438;261
24471;261
24507;261
24546;261
24580;260
24611;260
24645;260
24677;260
24706;260
24739;260
24770;260
24802;260
24837;260
24875;260
24908;260
24946;260
24978;260
25008;260
25041;260
25089;260
25122;260
25158;260
25189;260
25217;260
25247;260
25285;260
25318;260
25350;260
25383;260
25416;260
25451;261
25486;260
25522;260
25556;260
25591;260
25622;260
25654;260
25685;260
25724;260
25757;260
25787;260
25818;260
25849;260
25884;260
25916;260
25949;260
25981;260
26016;260
26055;260
26091;260
26123;260
26156;260
26189;260
26223;260
26262;260
26294;260
26325;260
26356;260
26395;260
26426;260
26458;260
26491;260
26530;260
26562;260
26593;260
26626;260
26656;260
26692;260
26727;260
26764;260
26804;260
26833;260
26865;260
26899;260
26942;260
26996;260
27031;260
27070;260
27105;260
27141;260
27174;260
27209;260
27241;260
27273;260
27311;260
27339;260
27374;260
27406;260
27443;260
27475;260
27507;260
27543;260
27575;260
27612;260
27643;260
27678;260
27721;260
27752;260
27785;260
27818;260
27848;260
27880;260
27914;260
27947;260
27982;260
28018;260
28050;260
28104;260
28158;260
28197;260
28229;260
28264;260
28294;260
28325;260
28358;260
28389;260
28426;260
28458;260
28494;260
28527;260
28563;260
28599;260
28631;260
28662;260
28695;260
28727;260
28758;260
28793;260
28846;260
28877;259
28909;259
28946;259
28999;259
29035;259
29066;259
29106;259
29141;259
29173;259
29204;259
29236;259
29267;259
29313;259
29344;259
29377;259
29412;259
29445;259
29476;259
29508;259
29542;259
29578;259
29612;259
29648;259
29680;259
29711;259
29744;259
29778;259
29809;259
29844;259
29876;259
29916;259
29952;259
29987;259
30020;259
30053;259
30084;259
30115;259
30149;259
30185;259
30217;259
30249;259
30287;259
30318;259
30350;259
30383;259
30421;259
30452;259
30496;259
30530;259
30566;259
30599;259
30634;259
30667;259
30698;259
30726;259
30759;259
30791;259
30823;259
30853;259
30886;259
30922;259
30964;259
31004;259
31039;259
31070;259
31101;259
31138;259
31170;259
31203;259
31236;259
31268;259
31300;259
31332;259
31368;259
31402;259
31432;259
31462;261
31500;261
31535;261
31567;261
31602;261
31633;261
31668;261
31701;261
31733;261
31768;261
31800;261
31831;261
31867;261
31899;261
31933;261
31964;261
31995;261
32027;261
32062;261
32094;261
32126;261
32158;259
32191;259
32224;259
32258;259
32290;259
32327;259
32358;259
32392;259
32424;259
32463;259
32496;259
32527;259
32565;259
32604;259
32637;259
32669;259
32702;259
32735;259
32773;259
32814;259
32844;259
32878;259
32912;259
32945;259
32989;259
33044;259
33075;259
33109;259
33144;259
33176;259
33208;259
33243;260
33279;260
33311;260
33346;260
33379;260
33415;260
33449;260
33484;260
33517;260
33551;260
33583;260
33614;260
33654;260
33692;260
33729;260
33762;260
33798;260
33832;260
33865;260
33898;260
33931;260
33966;260
33999;260
34033;260
34064;260
34108;260
34141;260
34173;260
34213;260
34253;260
34300;260
34332;260
34364;260
34396;260
34428;260
34460;260
34494;260
34530;260
34578;260
34613;260
34652;260
34684;260
34715;260
34748;260
34783;260
34817;260
34853;260
34886;260
34919;260
34953;260
34986;260
35022;260
35061;260
35107;260
35138;260
35168;260
35199;260
35246;260
35278;260
35313;260
35345;260
35375;260
35407;260
35449;260
35480;260
35512;260
35544;260
35576;260
35609;260
35640;260
35676;260
35708;260
35742;260
35772;260
35804;260
35835;260
35868;260
35903;260
35939;260
35973;260
36008;260
36041;260
36074;260
36127;260
36159;260
36192;260
36224;260
36256;260
36291;260
36327;260
36367;260
36399;260
36437;260
36472;260
36503;260
36538;260
36571;260
36602;260
36637;260
36672;260
36704;260
36745;260
36777;260
36809;260
36842;260
36879;260
36910;260
36945;260
36977;260
37019;260
37059;260
37091;260
37126;260
37157;260
37189;260
37222;260
37261;260
37294;260
37331;260
37367;260
37401;260
37435;260
37467;260
37500;260
37535;261
37567;261
37598;261
37632;261
37685;261
37715;261
37748;261
37785;261
37817;261
37851;261
37881;261
37914;261
37947;261
37984;261
38018;261
38055;261
38086;261
38130;261
38164;261
38197;261
38230;261
38263;261
38304;261
38336;261
38368;261
38409;261
38449;261
38480;261
38512;261
38544;261
38575;261
38607;261
38642;261
38678;261
38714;261
38750;261
38782;261
38814;261
38850;261
38882;261
38924;261
38957;261
38990;261
39023;261
39057;261
39090;261
39123;261
39161;261
39196;261
39227;261
39259;261
39291;262
39324;262
39356;262
39387;262
39420;262
39453;262
39489;262
39532;262
39565;262
39601;262
39645;262
39676;262
39708;262
39747;262
39779;262
39811;262
39846;262
39878;262
39909;262
39943;262
39976;262
40010;262
40044;262
40076;262
40118;262
40151;262
40189;262
40222;262
40255;262
40286;262
40318;262
40355;262
40390;262
40427;262
40461;262
40500;262
40533;262
40568;262
40599;262
40634;262
40663;262
40695;262
40729;262
40761;262
40797;262
40838;262
40871;262
40907;262
40939;262
40974;262
41009;262
41060;262
41101;262
41133;262
41173;262
41218;262
41253;262
41285;262
41317;262
41348;262
41381;262
41414;262
41457;262
41491;262
41523;262
41554;262
41586;262
41616;262
41649;262
41681;262
41713;262
41753;262
41784;262
41819;262
41856;262
41888;262
41920;262
41952;262
41987;262
42018;262
42050;262
42083;262
42114;262
42147;262
42179;262
42211;262
42247;262
42279;262
42317;262
42351;262
42385;262
42420;262
42451;262
42483;262
42516;262
42550;262
42583;262
42617;262
42651;262
42691;262
42725;262
42759;262
42791;262
42825;262
42861;262
42893;262
42924;262
42956;262
42991;258
43022;258
43072;258
43113;258
43155;258
43190;258
43222;258
43259;258
43291;258
43321;260
43354;260
43391;260
43426;260
43460;260
43498;260
43533;260
43565;260
43599;260
43635;260
43668;260
43701;260
43732;260
43764;260
43801;260
43834;260
43865;260
43905;260
43936;260
43967;260
43999;260
44035;260
44066;260
44096;260
44127;260
44160;260
44192;260
44224;260
44260;260
44292;260
44326;260
44364;260
44396;260
44431;260
44462;260
44515;260
44572;260
44611;260
44647;260
44679;260
44717;260
44749;260
44784;260
44816;260
44851;260
44889;260
44925;260
44959;260
44992;260
45023;260
45063;260
45115;260
45147;260
45180;260
45213;260
45245;260
45277;260
45311;260
45346;260
45381;260
45413;260
45446;260
45478;260
45510;260
45547;260
45580;260
45613;260
45645;260
45677;260
45709;260
45747;260
45778;260
45815;260
45845;260
45878;260
45910;260
45943;260
45981;260
46012;260
46047;260
46082;260
46115;260
46150;260
46182;260
46216;260
46247;260
46279;260
46311;260
46343;260
46375;259
46409;259
46441;259
46473;259
46511;259
46540;259
46576;259
46608;259
46642;259
46674;259
46717;259
46750;259
46789;259
46820;259
46854;259
46889;259
46926;259
46960;259
46991;259
47021;259
47053;259
47091;259
47124;259
47168;259
47201;259
47244;259
47275;259
47308;259
47341;259
47376;259
47410;259
47445;259
47477;259
47513;259
47552;259
47588;259
47620;259
47653;259
47693;259
47726;259
47756;259
47791;259
47824;259
47858;259
47895;259
47927;259
47966;259
47998;259
48031;259
48064;259
48097;259
48129;259
48161;259
48197;259
48229;259
48263;259
48292;259
48330;259
48367;259
48416;259
48447;259
48479;259
48514;259
48546;259
48577;259
48609;259
48641;259
48676;259
48709;259
48744;259
48775;259
48809;259
48839;259
48871;259
48902;259
48941;259
48971;259
49007;259
49039;259
49072;259
49109;259
49141;259
49173;259
49204;259
49236;259
49269;259
49300;258
49333;258
49369;258
49404;258
49437;258
49470;258
49502;258
49534;258
49568;258
49603;258
49640;258
49672;258
49703;258
49740;258
49774;258
49808;258
49841;258
49879;258
49913;258
49949;258
49981;258
50014;258
50046;258
50082;258
50120;258
50152;258
50189;258
50226;258
50257;258
50290;258
50321;258
50356;258
50388;258
50421;258
50471;258
50506;258
50544;258
50576;258
50609;258
50639;258
50671;258
50703;258
50739;258
50774;258
50806;258
50840;258
50877;258
50916;258
50951;258
50989;258
51021;256
51055;256
51086;256
51135;256
51169;256
51201;256
51237;256
51272;256
51304;256
51335;256
51366;256
51399;256
51432;256
51465;256
51506;256
51537;256
51568;257
51603;257
51636;257
51669;257
51704;257
51735;257
51772;257
51805;257
51837;257
51869;257
51901;257
51937;257
51969;257
52002;257
52039;257
52075;257
52110;257
52150;257
52181;257
52218;257
52251;257
52289;257
52321;257
52354;257
52387;257
52431;257
52462;257
52494;257
52529;257
52562;257
52592;257
52624;257
52660;257
52692;257
52732;257
52764;257
52796;257
52828;257
52859;257
52898;257
52936;257
52969;257
53008;257
53042;257
53078;257
53114;257
53150;257
53183;257
53228;257
53287;257
53344;257
53402;257
53460;257
53549;257
53607;257
53676;257
53747;257
53811;257
53858;257
53902;257
53942;257
53979;257
54012;257
54044;257
54077;257
54113;257
54152;257
54189;257
54227;257
54275;257
54312;257
54349;257
54383;257
54417;257
54451;257
54482;257
54517;257
54565;257
54602;257
54638;257
54671;257
54705;257
54746;257
54775;257
54809;257
54843;257
54877;257
54911;257
54944;257
54978;257
55013;257
55049;257
55083;257
55118;257
55154;257
55190;257
55231;257
55264;257
55297;257
55333;257
55366;257
55403;257
55435;257
55472;257
55506;257
55544;257
55580;257
55616;257
55650;257
55684;257
55717;257
55754;257
55786;257
55821;257
55855;257
55892;257
55927;257
55960;257
55994;257
56031;257
56064;257
56101;257
56140;257
56173;257
56213;257
56261;257
56298;257
56336;257
56368;257
56401;257
56436;257
56472;257
56506;257
56539;257
56576;257
56608;257
56638;257
56671;257
56708;257
56745;257
56781;257
56813;257
56845;257
56879;257
56915;257
56947;257
56983;257
57020;257
57051;257
57083;257
57121;257
57160;257
57193;257
57228;257
57261;257
57292;257
57328;257
57361;257
57398;257
57431;257
57464;257
57497;257
57532;257
57592;257
57624;257
57657;257
57688;257
57721;257
57754;257
57791;257
57822;257
57854;257
57887;257
57922;257
57955;257
57986;257
58017;257
58050;257
58081;257
58112;257
58143;257
58181;257
58214;257
58246;257
58282;257
58316;257
58359;257
58394;257
58429;257
58460;257
58496;257
58531;257
58565;257
58599;257
58630;257
58665;257
58701;257
58732;257
