136;2091
272;1792
377;1791
447;1688
546;1512
621;1512
695;1271
760;1259
829;1258
914;1258
983;1223
1058;1133
1128;1133
1197;1133
1280;1101
1364;1101
1431;1101
1496;1101
1559;1074
1638;893
1714;878
1795;858
1863;858
1954;793
2048;793
2116;745
2181;745
2244;745
2318;745
2386;675
2453;601
2531;495
2597;424
2661;411
2739;411
2808;411
2875;411
2938;411
3002;411
3063;411
3133;411
3200;330
3267;309
3323;309
3389;309
3468;309
3554;309
3631;250
3715;250
3794;250
3874;250
3952;250
4030;250
4129;250
4184;213
4246;213
4303;213
4364;213
4421;213
4477;213
4534;213
4592;213
4651;213
4716;213
4773;213
4832;213
4888;213
4948;213
5007;213
5070;213
5126;213
5186;213
5244;213
5317;213
5378;213
5434;213
5488;213
5543;213
5598;213
5659;213
5715;213
5770;213
5834;213
5911;213
5966;213
6022;213
6082;213
6139;213
6197;213
6257;213
6314;213
6370;213
6429;213
6496;213
6583;142
6659;142
6747;142
6827;142
6912;142
6966;142
7020;142
7079;142
7135;142
7200;78
7255;78
7308;78
7366;78
7443;78
7497;78
7553;78
7618;78
7698;78
7756;78
7811;78
7868;78
7924;78
7981;78
8038;78
8094;78
8151;78
8206;78
8263;78
8325;78
8397;80
8450;80
8506;80
8561;80
8616;80
8672;80
8729;80
8783;80
8840;80
8908;80
8966;80
9028;80
9085;80
9141;80
9203;80
9259;80
9316;80
9373;80
9429;80
9490;80
9547;80
9606;80
9665;80
9724;80
9780;80
9837;80
9895;80
9950;80
10005;80
10067;80
10126;80
10179;80
10233;80
10286;80
10341;80
10401;80
10459;80
10518;80
10573;80
10630;80
10692;80
10748;80
10803;80
10860;80
10919;80
10980;80
11035;80
11098;80
11153;80
11209;80
11266;78
11333;78
11388;78
11443;78
11498;78
11552;78
11607;78
11662;78
11718;78
11774;78
11829;78
11889;78
11945;78
12004;78
12059;78
12116;78
12179;78
12234;78
12289;78
12346;78
12401;78
12456;78
12521;78
12576;78
12632;78
12691;78
12757;78
12812;78
12866;78
12921;78
12977;78
13032;78
13100;78
13154;78
13208;78
13263;78
13319;78
13377;78
13432;78
13488;78
13549;78
13606;78
13662;78
13729;78
13785;78
13842;78
13899;78
13955;78
14012;78
14067;78
14139;78
14194;78
14248;78
14309;78
14365;78
14421;78
14475;78
14531;78
14587;78
14644;78
14701;78
14758;78
14817;78
14878;78
14935;78
14999;78
15058;78
15116;78
15175;78
15236;78
15292;78
15349;78
15405;78
15480;78
15535;78
15594;80
15648;80
15704;80
15760;80
15814;80
15868;80
15925;80
15981;80
16037;80
16102;80
16162;80
16219;80
16276;80
16334;80
16390;80
16449;80
16508;80
16570;80
16632;80
16695;80
16756;80
16815;80
16870;78
16926;78
16982;78
17040;78
17095;78
17150;78
17205;78
17264;78
17322;78
17379;78
17436;78
17492;78
17549;78
17606;78
17663;78
17721;78
17777;78
17833;78
17895;78
17956;78
18012;78
18067;78
18124;78
18183;78
18237;78
18293;78
18347;78
18403;78
18459;78
18520;78
18576;78
18632;78
18691;78
18751;78
18807;78
18865;78
18921;78
18976;78
19033;78
19104;78
19158;78
19214;78
19268;78
19324;78
19377;78
19431;78
19485;78
19542;78
19597;78
19655;78
19720;78
19780;78
19837;78
19892;78
19948;78
20004;78
20060;78
20117;78
20176;78
20230;78
20289;78
20346;78
20407;78
20462;78
20517;78
20572;78
20630;78
20684;78
20739;78
20795;78
20851;78
20913;78
20969;78
21031;78
21091;78
21147;78
21209;78
21265;78
21319;78
21374;78
21428;78
21490;78
21544;78
21598;78
21651;78
21715;83
21771;83
21832;83
21889;83
21946;83
22002;83
22057;83
22121;83
22183;83
22238;83
22292;83
22347;83
22400;83
22454;83
22508;83
22562;83
22619;83
22677;83
22735;83
22790;83
22848;83
22904;83
22961;83
23024;78
23087;78
23140;78
23195;78
23264;78
23336;78
23389;78
23443;78
23498;78
23558;78
23613;78
23670;78
23727;78
23786;78
23852;78
23916;78
23972;78
24032;78
24085;78
24138;78
24193;78
24251;78
24304;78
24362;78
24415;78
24470;78
24531;78
24585;78
24641;78
24699;78
24756;78
24811;78
24871;78
24930;78
25018;78
25112;78
25210;78
25265;78
25319;78
25374;78
25427;78
25480;78
25534;78
25588;78
25643;78
25705;78
25770;78
25824;78
25877;78
25934;78
25987;78
26040;78
26093;78
26147;78
26202;78
26256;78
26316;78
26374;78
26429;78
26486;78
26544;78
26599;78
26654;78
26709;78
26763;78
26817;78
26878;78
26934;78
26987;78
27041;78
27095;78
27149;78
27205;78
27266;78
27342;78
27397;78
27450;78
27509;78
27564;78
27619;78
27674;78
27730;78
27787;78
27845;78
27906;78
27971;78
28022;78
28078;78
28134;78
28191;78
28245;78
28300;78
28358;78
28412;78
28468;78
28526;78
28585;78
28649;78
28708;78
28762;78
28815;78
28888;78
28944;78
28997;78
29052;78
29106;78
29159;78
29214;78
29271;78
29332;78
29389;78
29445;78
29499;78
29552;78
29607;78
29660;78
29717;78
29771;78
29827;78
29888;79
29953;79
30008;79
30065;79
30121;79
30175;79
30229;79
30283;79
30338;79
30404;79
30468;79
30530;79
30583;79
30637;79
30691;79
30745;79
30800;79
30855;79
30910;79
30966;79
31020;79
31081;79
31135;79
31189;79
31244;78
31298;78
31352;78
31407;78
31465;78
31518;78
31574;78
31633;78
31691;78
31745;78
31800;78
31855;78
31912;78
31987;78
32041;78
32095;78
32152;78
32205;78
32259;78
32317;78
32371;78
32424;78
32485;78
32542;78
32604;78
32657;78
32712;78
32769;78
32822;78
32879;78
32932;78
32985;78
33040;78
33096;78
33149;78
33212;78
33269;78
33323;78
33376;78
33429;78
33490;78
33554;78
33608;78
33661;78
33716;78
33770;78
33840;78
33904;78
33957;78
34014;78
34069;78
34129;78
34182;78
34236;78
34289;78
34345;78
34403;78
34458;78
34511;78
34564;78
34622;78
34679;78
34734;78
34788;78
34843;78
34899;78
34960;78
35014;78
35070;78
35130;78
35182;78
35237;78
35297;78
35371;78
35448;78
35519;78
35580;78
35636;78
35696;78
35752;78
35805;78
35861;78
35919;78
35974;78
36029;78
36083;78
36145;78
36198;78
36253;78
36306;78
36360;78
36413;78
36469;78
36527;78
36601;78
36658;78
36717;78
36778;78
36831;78
36884;78
36937;78
36995;78
37052;78
37112;78
37169;78
37225;78
37278;78
37335;78
37392;78
37451;78
37505;78
37559;78
37612;78
37666;78
37730;78
37786;78
37839;78
37894;78
37947;78
38006;78
38060;78
38123;78
38179;78
38232;78
38293;78
38347;78
38400;78
38454;78
38508;78
38562;78
38614;78
38671;78
38734;78
38788;78
38848;78
38912;78
38965;78
39019;78
39079;78
39132;78
39187;78
39239;78
39293;78
39357;78
39412;78
39466;78
39524;78
39580;78
39637;78
39693;78
39749;78
39804;78
39858;78
39912;78
39969;78
40023;78
40080;78
40133;78
40190;78
40245;78
40301;78
40360;78
40414;78
40467;78
40523;78
40578;78
40631;78
40692;78
40748;78
40803;78
40856;78
40909;78
40963;78
41021;78
41077;78
41132;78
41188;78
41243;78
41306;78
41359;78
41413;78
41466;78
41527;78
41579;78
41634;78
41691;78
41745;78
41802;78
41855;78
41915;78
41971;78
42032;78
42084;78
42138;78
42191;78
42243;78
42301;78
42354;78
42411;78
42474;78
42535;78
42592;78
42645;78
42702;78
42758;78
42811;78
42867;78
42933;78
42990;78
43043;78
43104;78
43159;78
43213;78
43267;78
43326;78
43384;78
43439;78
43492;78
43546;78
43600;78
43654;78
43716;78
43774;78
43827;78
43884;78
43937;78
43994;78
44046;78
44099;78
44157;78
44212;78
44288;78
44344;78
44399;78
44453;78
44506;78
44571;78
44628;78
44682;78
44737;78
44793;78
44847;78
44915;78
44968;78
45026;78
45080;78
45134;78
45191;78
45245;78
45301;78
45362;78
45420;78
45479;78
45535;78
45589;78
45647;78
45705;78
45761;78
45832;78
45896;78
45947;78
46001;78
46054;78
46113;78
46166;78
46220;78
46273;78
46326;78
46380;78
46434;78
46490;78
46548;78
46601;78
46654;78
46719;78
46777;78
46831;78
46898;78
46967;78
47021;78
47077;78
47131;78
47189;78
47245;78
47317;78
47384;78
47437;78
47491;78
47545;78
47599;78
47654;78
47708;78
47761;78
47816;78
47872;78
47929;78
47985;78
48039;78
48095;78
48153;78
48207;78
48261;78
48315;78
48370;78
48423;78
48483;78
48537;78
48591;78
48644;78
48699;78
48754;78
48812;78
48884;78
48943;78
48997;78
49051;78
49110;78
49164;78
49217;78
49273;78
49334;78
49389;78
49444;78
49499;78
49566;78
49623;78
49688;78
49744;78
49799;78
49854;78
49912;78
49971;78
50026;78
50080;78
50133;78
50188;78
50244;78
50305;78
50361;78
50426;78
50480;78
50535;78
50591;78
50645;78
50701;78
50755;78
50810;78
50865;78
50922;78
50979;78
51037;78
51096;78
51151;78
51205;78
51259;78
51313;78
51370;78
51424;78
51482;78
51536;78
51590;78
51644;78
51700;78
51760;78
51817;78
51873;78
51927;78
51987;78
52041;78
52102;78
52155;78
52208;78
52262;78
52317;78
52375;78
52430;78
52485;78
52540;78
52593;78
52646;78
52711;78
52766;78
52819;78
52874;78
52937;78
52991;78
53048;78
53105;78
53159;78
53212;78
53266;78
53328;78
53382;78
53435;78
53491;78
53551;78
53606;78
53662;78
53717;78
53774;78
53828;78
53890;78
53945;78
53999;78
54058;78
54112;78
54165;78
54219;78
54273;78
54328;78
54386;78
54439;78
54503;78
54556;78
54612;78
54665;78
54724;78
54781;78
54836;78
54889;78
54943;78
54998;78
55053;78
55120;78
55174;78
55228;78
55281;78
55335;78
55389;78
55441;78
55495;78
55552;78
55606;78
55666;78
55723;78
55777;78
55830;78
55883;78
55936;78
55996;78
56049;78
56102;78
56158;78
56211;78
56266;78
56330;78
56393;78
56447;78
56501;78
56560;78
56617;78
56671;78
56726;78
56778;78
56831;78
56889;78
56944;78
57001;78
57057;78
57113;78
57166;78
57219;78
57272;78
57326;78
57380;78
57434;78
57492;78
57547;78
57601;78
57656;78
57718;78
57781;78
57835;78
57890;78
57942;78
57996;78
58049;78
58113;78
58166;78
58222;78
58277;78
58330;78
58386;78
58445;78
58499;78
58553;78
58610;78
58663;78
58724;78
58776;78
58829;78
58884;78
58936;78
58990;78
59050;78
59102;78
59156;78
59208;78
59263;78
59323;78
59377;78
59433;78
59485;78
59542;78
59600;78
59671;78
59729;78
59782;78
59836;78
59896;78
59953;78
60006;78
60060;78
60116;78
60169;78
60227;78
60281;78
60336;78
60392;78
60445;78
60503;78
60557;78
60610;78
60667;78
60722;78
60782;78
60836;78
60893;78
60948;78
61002;78
61055;78
61113;78
61186;78
61239;78
61297;78
61353;78
61406;78
61459;78
61512;78
61564;78
61624;78
61685;78
61742;78
61799;78
61852;78
61905;78
61962;78
62018;78
62071;78
62124;78
62179;78
62234;78
62295;78
62348;78
62405;78
62458;78
62511;78
62564;78
62618;78
62672;78
62749;78
62802;78
62857;78
62919;78
62971;78
63025;78
63084;78
63141;78
63197;78
63251;78
63305;78
63358;78
63415;78
63471;78
63531;79
63589;79
63643;79
63696;79
63752;79
63808;79
63861;79
63918;79
63983;79
64036;78
64093;78
64147;78
64200;78
64272;78
64327;78
64382;78
64436;78
64495;78
64548;78
64601;78
64656;78
64718;78
64771;78
64825;78
64878;78
64932;78
64986;78
65055;78
65107;78
65162;78
65216;78
65270;78
65332;78
65385;78
65438;78
65491;78
65548;78
65600;78
65662;78
65717;78
65771;78
65842;78
65902;78
65959;78
66012;78
66072;78
66129;78
66182;78
66237;78
66297;78
66351;78
66404;78
66458;78
66517;78
66574;78
66629;78
66681;78
66737;78
66791;78
66845;78
66912;78
67002;78
67054;78
67115;78
67169;78
67226;78
67280;78
67337;78
67391;78
67444;78
67499;78
67554;78
67609;78
67664;78
67732;78
67786;78
67843;78
67898;78
67951;78
68025;78
68100;78
68239;78
68301;78
68354;78
68409;78
68464;78
68535;78
68609;78
68737;78
68908;78
68962;78
69043;78
69152;78
69266;78
69400;78
69479;78
69532;78
69589;78
69642;78
69697;78
69756;78
69820;78
69875;78
69933;78
69990;78
70061;78
70115;78
70172;78
70225;78
70278;78
70332;78
70386;78
70458;78
70511;78
70563;78
70621;78
70684;78
70743;78
70798;78
70854;78
70915;78
70996;78
71075;78
71151;78
71207;78
71262;78
71317;78
71373;78
71430;78
71485;78
71538;78
71591;78
71644;78
71703;78
71758;78
71815;78
71870;78
71926;78
72000;78
72057;78
72112;78
72177;78
72230;78
72284;78
72341;78
72397;78
72460;78
72515;78
72568;78
72625;78
72680;78
72736;78
72791;78
72845;78
72900;78
72956;78
73012;78
73068;78
73123;78
73184;78
73261;78
73339;78
73416;78
73531;78
73598;78
73653;78
73710;78
73767;78
73821;78
73877;78
73930;78
73983;78
74037;78
74090;78
74144;78
74198;78
74257;78
74314;78
74371;78
74426;78
74481;78
74537;78
74591;78
74646;78
74703;78
74841;78
74940;78
75023;78
75109;78
75197;78
75291;78
75386;78
75478;78
75533;78
75586;78
75639;78
75700;78
75760;78
75818;78
75874;78
75932;78
75987;78
76042;78
76106;78
76162;78
76217;78
76272;78
76326;78
76395;78
76475;78
76556;78
76634;78
76688;78
76746;78
76799;78
76852;78
76906;78
76959;78
77013;78
77065;78
77118;78
77177;78
77234;78
77291;78
77345;78
77399;78
77454;78
77511;78
77568;78
77623;78
77679;78
77737;78
77791;78
77846;78
77901;78
77959;78
