265;4442
371;4429
514;4361
606;4240
689;4240
804;4029
900;3808
994;3789
1082;3559
1146;3551
1222;3551
1337;3462
1415;3364
1497;3139
1565;3139
1633;3139
1715;3077
1790;2988
1886;2889
1985;2850
2048;2850
2116;2830
2197;2778
2277;2778
2345;2679
2408;2679
2494;2525
2576;2527
2650;2436
2722;2373
2816;2362
2882;2362
2954;2296
3035;2200
3102;2116
3171;2082
3240;2082
3316;2016
3403;2016
3480;2016
3568;2006
3651;2006
3731;2006
3803;2006
3861;2006
3946;2006
4012;1956
4072;1956
4132;1956
4189;1956
4251;1956
4318;1926
4375;1924
4433;1924
4500;1924
4567;1912
4624;1912
4686;1912
4747;1912
4814;1912
4871;1912
4928;1860
4994;1860
5068;1735
5134;1735
5193;1735
5259;1735
5318;1735
5375;1735
5442;1705
5502;1646
5569;1646
5631;1646
5705;1582
5779;1582
5858;1510
5931;1481
6009;1481
6095;1481
6184;1481
6241;1481
6304;1481
6369;1481
6425;1481
6493;1481
6549;1481
6606;1481
6667;1481
6727;1399
6784;1399
6844;1399
6903;1399
6969;1399
7027;1399
7093;1320
7159;1241
7237;1195
7303;1100
7389;980
7450;980
7509;980
7581;840
7647;749
7703;749
7759;749
7833;749
7893;749
7953;749
8011;749
8068;749
8130;735
8192;735
8258;735
8315;735
8389;735
8450;735
8508;735
8583;678
8644;678
8706;678
8766;678
8822;678
8887;678
8943;678
8999;678
9061;676
9128;676
9184;676
9256;603
9313;603
9389;603
9463;603
9524;603
9586;603
9643;603
9704;603
9769;603
9827;603
9900;600
9958;600
10023;600
10083;600
10149;600
10205;600
10270;600
10326;600
10391;600
10447;600
10513;524
10574;524
10642;524
10707;524
10782;524
10844;524
10906;524
10967;524
11025;524
11086;524
11139;524
11214;524
11274;524
11332;524
11388;524
11444;524
11503;524
11559;524
11615;524
11688;524
11762;441
11821;441
11888;371
11957;371
12031;371
12088;371
12146;371
12203;371
12262;371
12319;371
12383;371
12443;371
12502;371
12560;371
12616;371
12673;371
12729;371
12790;371
12869;371
12925;371
12995;371
13053;371
13113;371
13175;370
13232;370
13294;370
13369;368
13437;368
13497;368
13570;368
13626;368
13699;368
13759;368
13815;368
13881;368
13939;368
14000;368
14073;368
14131;368
14189;368
14251;368
14308;368
14370;368
14427;368
14493;368
14550;368
14606;368
14666;368
14722;368
14782;368
14842;368
14908;308
14967;308
15033;308
15101;308
15159;308
15220;308
15278;308
15339;308
15400;308
15461;308
15522;308
15582;308
15641;308
15702;308
15763;308
15820;308
15899;308
15970;308
16036;308
16098;308
16156;308
16214;308
16272;309
16339;309
16410;309
16470;309
16526;309
16582;309
16656;309
16716;309
16783;309
16843;309
16905;309
16963;309
17022;310
17080;310
17139;310
17202;310
17259;310
17318;310
17383;310
17445;310
17516;310
17576;310
17636;310
17692;310
17758;310
17815;311
17872;311
17931;311
17991;311
18054;311
18120;311
18175;311
18231;311
18296;311
18356;311
18421;311
18493;311
18567;311
18624;311
18691;311
18748;311
18806;311
18873;311
18933;310
19015;310
19071;310
19127;310
19192;310
19252;310
19308;310
19381;310
19438;310
19521;310
19578;309
19635;309
19703;309
19767;309
19833;309
19893;309
19953;309
20018;309
20088;309
20154;309
20214;309
20275;309
20341;309
20398;309
20466;309
20549;309
20609;309
20673;309
20733;309
20789;309
20845;309
20904;309
20987;265
21045;265
21102;265
21163;265
21237;265
21303;265
21368;265
21423;265
21488;265
21543;265
21603;265
21674;265
21731;265
21792;265
21858;265
21917;265
21986;265
22070;265
22153;265
22209;265
22269;265
22324;265
22384;265
22441;265
22499;265
22556;265
22616;265
22699;265
22755;265
22815;265
22870;265
22941;264
23002;264
23062;264
23120;264
23180;264
23244;264
23301;264
23360;264
23416;264
23481;264
23541;264
23618;264
23674;264
23736;264
23808;264
23864;264
23923;264
23981;264
24037;264
24120;264
24180;264
24245;264
24302;264
24368;264
24425;264
24482;264
24539;264
24596;264
24655;264
24716;264
24773;264
24833;264
24914;264
24972;264
25038;264
25126;264
25203;264
25260;264
25319;264
25375;264
25444;264
25498;264
25564;264
25623;264
25686;264
25743;264
25804;264
25867;264
25923;264
25999;265
26056;265
26120;265
26176;265
26240;265
26295;265
26350;265
26414;265
26478;264
26560;264
26617;263
26686;263
26771;263
26829;264
26887;264
26950;264
27009;264
27080;237
27152;237
27207;237
27262;237
27334;237
27393;237
27450;237
27506;237
27563;237
27626;237
27689;237
27744;237
27817;237
27876;237
27932;237
27991;237
28056;237
28115;237
28172;237
28231;237
28305;237
28366;237
28443;237
28498;237
28554;237
28619;237
28674;237
28738;237
28798;237
28853;237
28913;237
28971;237
29028;237
29093;237
29146;237
29219;237
29283;237
29338;237
29394;237
29449;237
29507;237
29572;236
29646;236
29703;236
29776;236
29828;236
29886;236
29958;236
30013;236
30068;236
30124;236
30183;236
30239;236
30296;236
30352;236
30413;236
30470;236
30536;236
30596;236
30660;236
30719;236
30775;236
30831;236
30887;236
30958;236
31032;236
31092;236
31152;236
31213;236
31292;236
31374;236
31434;236
31497;236
31551;236
31610;236
31669;236
31733;236
31797;236
31861;236
31920;236
31979;236
32050;236
32116;236
32172;236
32233;236
32290;236
32352;236
32409;236
32464;236
32520;236
32579;236
32634;236
32693;236
32766;236
32823;236
32883;236
32955;236
33020;236
33080;236
33143;236
33214;236
33270;236
33328;236
33401;236
33456;236
33515;236
33589;236
33644;236
33710;236
33767;236
33828;236
33885;236
33960;236
34020;236
34077;236
34149;235
34224;235
34304;235
34450;235
34516;235
34577;235
34642;235
34702;235
34763;235
34840;236
34910;236
34982;236
35040;236
35099;236
35154;236
35225;236
35280;236
35338;236
35395;236
35456;236
35546;236
35601;236
35656;236
35711;236
35776;236
35835;236
35890;236
35965;236
36027;236
36085;236
36142;236
36212;236
36271;236
36330;236
36385;236
36440;236
36522;236
36581;236
36635;236
36714;236
36785;236
36859;236
36919;236
36983;236
37039;236
37094;236
37159;236
37218;236
37283;236
37342;236
37411;236
37478;236
37540;237
37605;237
37661;237
37717;237
37781;237
37845;237
37909;237
37974;237
38035;237
38120;237
38176;237
38231;237
38295;237
38355;237
38420;237
38499;237
38571;237
38629;237
38698;237
38766;237
38822;237
38880;237
38940;237
38995;237
39072;237
39131;237
39191;237
39266;237
39337;237
39393;237
39448;237
39504;237
39559;237
39614;237
39669;237
39731;237
39789;237
39845;237
39904;237
39970;237
40025;237
40081;237
40140;237
40200;237
40264;237
40324;237
40379;237
40438;237
40493;237
40570;237
40635;237
40689;237
40770;237
40829;237
40886;237
40941;237
40998;237
41054;237
41110;237
41184;237
41255;237
41320;237
41379;237
41438;237
41511;237
41570;237
41629;237
41685;237
41741;237
41797;237
41863;237
41927;237
41988;237
42044;237
42112;237
42171;237
42258;237
42316;237
42376;237
42436;237
42509;237
42566;237
42629;237
42693;237
42764;237
42828;237
42909;237
42976;237
43031;237
43087;237
43144;237
43204;237
43264;237
43328;237
43383;237
43442;237
43501;237
43560;237
43621;237
43681;237
43742;237
43814;237
43871;237
43929;237
43986;237
44050;237
44131;237
44186;237
44242;237
44298;237
44358;237
44417;237
44473;237
44528;237
44584;237
44653;237
44718;235
44773;235
44847;235
44904;235
44964;235
45019;235
45074;235
45130;235
45188;235
45258;235
45314;235
45366;235
45431;235
45500;235
45554;235
45613;235
45668;235
45738;235
45803;235
45858;235
45931;236
45987;236
46042;236
46097;236
46153;236
46208;236
46263;236
46318;236
46379;236
46440;236
46510;236
46565;236
46629;236
46690;236
46755;236
46810;236
46874;236
46930;236
46996;236
47052;236
47118;236
47183;236
47248;236
47307;236
47365;236
47421;236
47485;236
47549;236
47620;236
47676;236
47733;236
47826;236
47885;236
47940;236
47998;236
48062;236
48126;236
48181;236
48243;236
48303;236
48355;236
48410;236
48477;236
48543;236
48608;236
48667;236
48722;236
48786;236
48842;236
48898;236
48970;236
49037;236
49094;236
49160;236
49218;236
49288;236
49355;236
49424;236
49481;236
49537;236
49593;236
49670;236
49798;236
49889;236
50024;236
50118;236
50203;236
50278;236
50347;236
50412;236
50470;236
50530;236
50611;236
50675;236
50731;236
50786;236
50844;236
50901;236
50964;236
51030;236
51098;236
51154;237
51213;237
51274;237
51334;237
51393;237
51457;237
51513;237
51570;237
51627;237
51685;237
51745;237
51802;237
51874;237
51958;237
52030;237
52085;237
52144;237
52203;237
52262;237
52317;237
52373;237
52438;237
52504;237
52588;237
52646;237
52712;237
52770;237
52835;237
52910;237
52971;237
53026;237
53085;237
53141;237
53196;237
53261;237
53316;237
53382;237
53443;237
53518;237
53585;236
53651;236
53709;236
53788;236
53845;236
53901;236
53957;236
54030;236
54094;236
54152;236
54216;236
54276;236
54340;236
54400;236
54458;236
54518;236
54586;238
54659;238
54715;238
54774;238
54845;238
54905;238
54961;238
55017;238
55073;238
55130;238
55186;238
55247;238
55305;238
55362;238
55423;238
55478;238
55533;238
55598;238
55657;238
55728;238
55786;238
55845;238
55906;238
55973;238
56034;238
56101;238
56165;238
56220;238
56278;238
56337;238
56401;238
56465;238
56520;238
56575;238
56636;238
56695;238
56754;237
56894;237
56949;237
57004;237
57060;237
57116;237
57171;237
57235;237
57290;237
57350;237
57425;237
57487;237
57547;237
57610;237
57670;237
57728;237
57787;237
57869;237
57933;237
57993;237
58052;237
58118;237
58183;237
58255;237
58314;237
58369;237
58428;237
58483;237
58538;237
58593;237
58648;237
58714;237
58771;237
58841;237
58919;237
58978;237
59060;237
59132;237
59206;237
59269;237
59334;237
59390;237
59447;237
59526;237
59590;237
59649;237
59708;237
59773;237
59828;237
59910;237
59967;237
60024;237
60099;237
60152;237
60208;236
60267;236
60325;236
60382;236
60437;236
60511;236
60571;236
60637;236
60694;236
60760;236
60820;236
60880;236
60936;235
61001;235
61060;235
61116;235
61172;235
61231;235
61296;235
61353;235
61419;235
61477;235
61534;235
61612;235
61676;235
61749;235
61804;235
61865;235
61920;235
61979;235
62053;235
62110;235
62166;235
62222;235
62282;235
62339;236
62414;236
62473;236
62528;236
62587;236
62647;236
62711;236
62770;236
62841;236
62907;236
62990;236
63047;236
63104;236
63170;236
63236;236
63314;236
63386;236
63442;236
63498;236
63568;236
63642;236
63705;236
63764;236
63820;236
63877;236
63936;236
63997;236
64054;236
64111;236
64184;236
64249;236
64309;236
64374;236
64445;236
64501;236
64560;236
64624;236
64679;236
64743;236
64800;236
64860;236
64933;236
64995;236
65055;236
65114;236
65173;236
65231;236
65287;236
65342;236
65397;236
65453;236
65513;236
65573;236
65633;236
65693;236
65754;236
65811;236
65872;236
65939;236
65996;236
66055;236
66119;236
66190;236
66249;236
66304;236
66360;236
66417;236
66477;236
66538;236
66603;236
66677;236
66736;236
66792;236
66849;236
66909;236
66972;236
67036;236
67092;236
67151;236
67224;236
67284;236
67341;236
67407;236
67468;236
67549;236
67609;236
67665;236
67721;236
67776;236
67831;236
67890;236
67948;236
68014;236
68071;236
68132;236
68208;236
68267;236
68339;236
68398;236
68462;236
68517;236
68586;236
68642;236
68702;236
68758;236
68832;236
68889;236
68947;236
69012;236
69075;236
69139;236
69210;236
69270;236
69334;236
69393;236
69452;236
69512;236
69573;236
69646;236
69708;236
69767;236
69823;236
69882;236
69952;236
70017;236
70076;236
70141;236
70200;236
70272;236
70328;236
70393;236
70449;236
70506;236
70578;236
70635;236
70696;236
70761;236
70818;236
70889;236
70945;236
71004;236
71063;236
71119;236
71173;236
71236;236
71318;236
71378;236
71438;236
71504;236
71580;236
71633;236
71693;236
71752;236
71811;236
71868;236
71927;236
71987;236
72043;236
72104;236
72164;236
72216;236
72282;236
72345;236
72404;236
72460;236
72523;236
72588;236
72644;236
72699;236
72755;236
72824;236
72882;236
72948;236
73017;236
73081;236
73140;236
73196;236
73251;236
73324;236
73388;236
73447;236
73512;236
73578;236
73633;236
73691;236
73751;236
73807;236
73862;236
73918;236
73974;236
74033;236
74093;236
74151;236
74208;236
74268;236
74331;236
74398;236
74462;236
74521;236
74580;236
74635;236
74699;236
74758;236
74817;236
74876;236
74938;236
75001;236
75060;236
75127;236
75188;236
75252;236
75310;236
75368;236
75442;236
75514;236
75572;236
75643;236
75699;236
75754;236
75809;236
75877;236
75929;236
75985;236
76044;236
76101;236
76161;236
76229;236
76285;236
76340;236
76399;236
76455;236
76511;236
76566;236
76622;236
76682;236
76749;236
76808;236
76867;236
76926;236
76998;236
77057;236
77115;236
77180;236
77242;236
77322;236
77384;236
77445;236
77506;236
77566;236
77627;236
77688;236
77753;236
77829;236
77900;236
77964;236
78030;236
78093;236
78154;236
78225;236
78297;236
78367;236
78428;236
78480;236
78541;236
78611;236
78675;236
78738;236
78804;236
78870;236
78940;236
79010;236
79073;236
79137;236
79199;236
79292;236
79355;236
79417;236
79479;236
79539;236
79602;236
79687;236
79752;236
79817;236
79879;236
79950;236
80029;236
80091;236
80162;236
80229;236
80291;236
80358;236
80432;236
80523;236
80591;236
80651;236
80710;236
80766;236
80830;236
80895;236
80953;236
81014;236
81074;236
81149;236
81214;236
81284;236
81344;236
81399;236
81470;236
81525;236
81589;236
81648;236
81707;236
81763;236
81819;236
81880;236
81941;236
82006;236
82091;236
82731;236
82790;236
82886;236
83011;236
83105;236
83180;236
83242;236
83310;236
83378;236
83444;236
83508;236
83570;236
83632;236
83693;236
83789;236
83850;236
83911;236
83971;236
84042;236
84106;236
84184;236
84244;236
84306;236
84386;236
84458;236
84524;236
84596;236
84661;236
84726;236
84813;236
84909;236
85002;236
85066;236
85137;236
85198;236
85269;236
