237;62
390;62
542;62
679;62
795;62
967;62
1091;62
1217;62
1340;62
1741;62
2540;62
2656;62
2788;62
2888;62
2997;62
3104;62
3325;62
3460;62
3571;62
3676;62
3781;62
3890;62
4396;62
4997;62
5503;62
6076;62
6682;62
6820;62
6927;62
7031;62
7138;61
7249;61
7356;61
7468;61
7573;61
7678;61
7790;61
7953;61
8054;61
8159;61
8279;61
8381;61
8500;61
8606;61
8710;61
8823;61
8935;61
9051;61
9394;61
9805;61
10049;61
10153;61
10256;61
10373;61
10485;61
10592;61
10694;61
10823;61
10930;61
11046;61
11152;61
11263;61
11370;61
11511;61
11616;61
11721;61
11827;61
11947;61
12053;61
12154;61
12288;61
12394;61
12502;61
12623;61
12729;61
12842;61
12999;61
13111;61
13214;61
13317;61
13443;63
13555;63
13673;63
13780;63
13892;63
13994;63
14106;63
14222;63
14336;63
14455;63
14556;63
14659;63
14770;63
14878;63
14990;63
15105;63
15208;63
15326;64
15430;64
15590;64
15694;63
15856;63
15973;63
16073;63
16182;63
16281;63
16384;63
16486;63
16590;63
16700;63
16806;63
16935;63
17039;63
17154;63
17268;63
17391;63
17495;63
17595;63
17700;63
17804;63
17909;63
18056;63
18159;63
18270;63
18387;63
18514;62
18627;62
18735;62
18879;62
18984;62
19093;62
19197;62
19303;62
19414;62
19523;62
19627;62
19737;62
19843;62
19950;62
20057;62
20161;62
20302;62
20400;62
20536;62
20651;62
20763;62
20876;62
20981;62
21097;62
21205;62
21317;62
21423;62
21535;62
21639;62
21805;62
21912;62
22019;62
22134;62
22240;62
22368;62
22485;62
22604;62
22725;62
22830;62
22934;62
23040;62
23155;62
23308;62
23411;62
23517;62
23680;62
23782;62
23895;62
24001;62
24111;62
24214;62
24320;62
24425;62
24543;62
24650;62
24759;62
24889;62
24994;62
25113;62
25230;62
25338;62
25473;62
25593;62
25721;62
25831;62
25935;62
26042;62
26150;62
26260;62
26365;62
26468;62
26585;62
26689;62
26795;62
26901;62
27021;62
27127;62
27240;62
27344;62
27472;62
27584;62
27704;62
27817;62
27919;62
28020;62
28139;62
28250;62
28353;62
28454;62
28561;62
28688;62
28826;62
28929;62
29032;62
29146;62
29265;62
29374;62
29474;62
29574;62
29680;62
29796;62
29901;62
30026;64
30177;64
30296;64
30402;64
30506;64
30613;64
30751;64
30863;63
30966;63
31085;63
31214;63
31321;63
31425;63
31528;63
31649;63
31757;63
31862;63
31968;63
32088;63
32197;63
32309;63
32412;63
32515;63
32622;63
32761;63
32872;63
32980;63
33092;63
33199;63
33308;63
33412;63
33518;63
33624;63
33738;63
33843;63
33954;63
34059;63
34177;63
34308;63
34419;63
34529;63
34637;63
34754;63
34872;63
34976;63
35083;63
35207;63
35309;63
35414;63
35524;63
35635;63
35747;63
35858;63
36012;63
36119;63
36240;63
36347;63
36454;63
36565;63
36673;63
36790;63
36893;63
37007;63
37118;63
37230;63
37357;63
37470;63
37575;63
37727;63
37852;63
37951;63
38058;63
38160;63
38276;63
38401;63
38508;63
38620;63
38722;63
38828;63
38939;63
39054;63
39165;63
39278;63
39377;63
39478;63
39584;63
39690;63
39804;63
39912;63
40016;63
40120;63
40244;63
40346;63
40455;63
40562;63
40667;63
40777;63
40889;63
40995;63
41097;63
41205;63
41316;63
41428;63
41534;63
41640;63
41751;63
41860;63
41999;63
42104;63
42216;63
42343;63
42445;63
42552;63
42653;63
42756;63
42868;63
42971;63
43100;63
43208;63
43338;63
43445;63
43569;63
43670;63
43784;63
43907;63
44011;63
44120;63
44224;63
44370;63
44473;63
44577;63
44680;63
44796;63
44905;63
45030;63
45139;63
45269;63
45367;63
45477;63
45584;63
45684;63
45815;63
45925;63
46030;63
46155;63
46305;63
46409;63
46511;63
46636;63
46756;63
46862;63
46966;63
47093;63
47208;63
47334;63
47438;63
47542;63
47640;63
47747;63
47849;63
47951;63
48058;63
48163;63
48302;63
48402;63
48516;63
48615;63
48742;63
48869;63
48989;63
49095;63
49222;63
49336;63
49442;63
49573;63
49727;63
49828;63
49936;63
50041;63
50146;63
50247;63
50356;63
50461;63
50571;63
50677;63
50782;63
50964;63
51113;63
51225;63
51336;63
51438;63
51552;63
51654;63
51795;63
51905;63
52015;63
52122;63
52232;63
52619;63
52982;63
53095;61
53196;61
53299;61
53409;61
53524;61
53629;61
53762;61
53873;61
54004;61
54111;61
54235;61
54364;61
54530;61
54634;61
54746;61
54854;61
54956;61
55075;61
55182;61
55293;61
55429;65
55540;65
55671;65
55787;65
55888;65
55998;65
56109;65
56212;65
56319;65
56435;65
56542;65
56650;65
56759;65
56928;65
57049;65
57161;66
57268;66
57392;66
57496;66
57610;66
57709;66
57815;66
57922;66
58024;66
58129;66
58235;66
58338;66
58445;66
58574;66
58678;66
58784;66
58908;66
59015;66
59123;66
59221;66
59370;65
59499;65
59606;65
59708;65
59841;65
59944;65
60045;65
60149;65
60260;65
60361;65
60470;65
60580;65
60677;65
60780;65
60884;65
61000;65
61107;65
61209;65
61324;65
61470;65
61577;65
61679;65
61782;65
61888;65
61992;65
62116;65
62213;65
62314;65
62421;65
62531;65
62636;65
62739;65
62852;65
62958;65
63101;65
63205;65
63311;65
63446;65
63562;65
63660;65
63769;65
63877;63
63976;63
64083;63
64184;63
64286;63
64389;63
64516;63
64621;63
64733;63
64838;63
64943;63
65089;63
65186;63
65286;63
65432;63
65541;63
65646;63
65756;63
65865;63
65970;63
66076;63
66186;63
66292;63
66398;63
66521;63
66620;63
66727;63
66884;63
67039;63
67185;63
67289;63
67396;63
67504;63
67611;63
67718;63
67858;63
67961;63
68122;63
68233;63
68337;63
68436;63
68553;63
68683;63
68789;63
68895;63
69004;63
69116;63
69246;63
69353;63
69462;63
69581;63
69702;63
69822;63
69929;63
70029;63
70140;63
70258;63
70366;63
70489;63
70594;63
70734;63
70837;63
70942;63
71045;63
71151;63
71262;63
71358;63
71497;63
71603;63
71709;63
71817;63
71922;63
72080;63
72194;63
72299;63
72404;63
72507;63
72608;63
72750;67
72866;67
72968;67
73069;67
73186;67
73291;67
73394;67
73534;67
73638;66
73741;66
73861;66
73967;66
74113;65
74231;65
74330;65
74453;65
74556;65
74661;65
74764;65
74890;65
75023;65
75138;65
75246;65
75350;65
75488;65
75643;65
75743;65
75847;65
75946;65
76053;65
76154;65
76260;65
76366;65
76493;65
76598;65
76716;65
76825;65
76931;65
77036;65
77160;65
77265;65
77367;65
77492;65
77620;65
77729;65
77833;65
77954;65
78055;65
78160;65
78264;65
78366;65
78466;65
78636;65
78764;65
78867;65
78969;65
79069;65
79187;65
79295;65
79405;65
79542;65
79660;65
79788;65
79894;65
79997;65
80106;65
80207;65
80307;65
80436;65
80553;65
80656;65
80762;65
80869;65
80986;65
81091;65
81204;65
81323;65
81426;65
81623;65
81723;65
81837;65
81938;65
82040;65
82142;65
82254;65
82355;65
82461;65
82571;65
82694;65
82806;65
82917;65
83024;65
83136;65
83239;65
83344;65
83447;65
83559;65
83672;65
83780;65
83888;65
83994;65
84102;65
84206;65
84314;65
84448;65
84567;65
84668;65
84775;65
84883;65
84985;65
85094;65
85198;65
85325;65
85427;65
85545;63
85653;63
85766;63
85873;63
85979;63
86088;63
86195;63
86293;63
86395;63
86502;63
86622;63
86727;63
86837;63
86966;63
87070;63
87189;63
87293;63
87394;63
87531;63
87630;63
87748;63
87851;63
87951;63
88058;63
88170;63
88276;63
88391;63
88508;63
88614;63
88725;63
88829;63
88931;63
89042;63
89139;63
89237;63
89384;63
89492;63
89604;63
89711;63
89834;63
89945;63
90048;63
90149;63
90250;63
90353;63
90456;63
90580;63
90695;63
90799;63
90901;63
91003;63
91114;63
91224;63
91351;63
91457;63
91569;63
91674;63
91800;63
91897;63
91998;63
92111;63
92213;63
92320;63
92428;63
92541;63
92654;63
92759;63
92862;63
92985;63
93096;66
93212;66
93327;65
93427;65
93528;65
93636;65
93738;65
93848;65
93954;65
94057;65
94161;65
94297;65
94401;65
94502;65
94605;65
94707;65
94813;65
94930;66
95037;66
95139;66
95245;66
95359;66
95467;66
95573;66
95704;66
95806;66
95913;66
96017;66
96126;66
96267;65
96375;65
96485;65
96593;65
96699;65
96803;65
96925;65
97033;65
97160;65
97271;65
97379;65
97499;65
97623;65
97723;65
97838;65
97940;65
98064;65
98170;65
98270;65
98389;65
98490;65
98607;65
98733;65
98837;65
98944;65
99061;65
99169;65
99277;65
99395;65
99498;65
99611;65
99730;65
99833;65
99944;65
100053;65
100175;65
100294;65
100404;65
100524;65
100626;65
100727;65
100828;65
100938;65
101055;65
101156;65
101261;65
101383;65
101498;65
101621;65
101739;65
101854;65
101966;65
102070;65
102189;65
102305;65
102415;65
102516;65
102620;65
102731;65
102862;65
102960;65
103074;65
103174;65
103282;65
103404;65
103507;65
103620;65
103727;65
103831;65
103936;65
104040;65
104205;65
104316;65
104426;64
104530;64
104643;64
104768;64
104880;64
104987;64
105102;64
105208;64
105309;64
105439;64
105641;64
106068;64
106239;64
106348;64
106463;64
106562;64
106693;64
106804;64
106927;64
107037;64
107162;64
107266;64
107371;64
107492;64
107618;64
107740;64
107853;65
107961;65
108063;65
108173;65
108288;65
108392;65
108501;65
108613;65
108719;65
108825;65
108931;65
109037;65
109144;65
109250;65
109356;65
109475;65
109579;65
109691;65
109802;65
109906;65
110012;65
110117;65
110219;65
110322;65
110431;65
110551;65
110680;65
110805;65
110914;65
111033;65
111149;65
111269;65
111407;65
111514;65
111624;65
111732;65
111838;65
111943;65
112046;65
112157;65
112280;65
112391;65
112493;65
112610;65
112714;65
112825;65
112927;65
113032;65
113142;65
113263;65
113375;65
113484;65
113587;65
113717;66
113828;66
113927;66
114031;66
114146;66
114251;66
114357;66
114460;66
114566;66
114670;66
114774;66
114882;66
114982;66
115093;66
115238;66
115341;66
115444;66
115552;66
115663;66
115774;66
115878;66
116010;66
116115;66
116217;66
116320;66
116428;66
116534;66
116699;66
116844;66
116993;66
117096;66
117229;66
117334;66
117451;65
117555;65
117665;65
117783;65
117888;65
117995;65
118095;65
118201;65
118321;65
118420;65
118532;65
118641;65
118756;65
118862;65
118962;65
119068;65
119172;65
119273;65
119385;65
119489;65
119596;65
119716;65
119826;65
119928;65
120034;65
120149;65
120270;65
120380;65
120487;65
120641;65
120750;65
120859;65
120970;65
121072;65
121202;65
121310;65
121414;65
121517;65
121627;65
121756;65
121866;65
121967;65
122070;65
122180;65
122282;65
122386;65
122493;65
122611;65
122735;65
122839;65
122944;65
123055;65
123156;65
123270;65
123372;65
123478;65
123620;65
123766;65
123899;65
124004;65
124109;65
124244;65
124348;65
124462;65
124566;65
124715;65
124827;65
124927;65
125055;65
125162;65
125273;65
125399;65
125508;65
125638;65
125743;65
125876;65
125983;65
126090;65
126191;65
126302;65
126409;65
126549;65
126653;65
126765;65
126935;65
127085;65
127234;65
127332;65
127440;65
127539;65
127638;65
127753;65
127895;65
128021;65
128126;65
128227;65
128333;65
128441;65
128546;65
128654;65
128793;65
128898;65
129032;65
129144;65
129252;65
129364;65
129466;65
129572;65
129683;65
129819;65
129969;61
130070;61
130197;61
130333;61
130442;61
130570;61
130689;61
130797;61
130943;61
131047;61
131154;61
131259;61
131374;61
131485;61
131596;61
131729;61
131905;61
132019;61
132125;61
132227;61
132329;61
132432;61
132551;61
132670;61
132775;61
132899;61
133010;61
133112;61
133219;61
133329;61
133454;61
133580;61
133707;61
133834;61
133973;61
134091;61
134200;61
134304;61
134422;61
134578;61
134705;61
134813;61
134916;61
135029;61
135132;61
135254;61
135352;61
135452;61
135562;61
135684;61
135793;61
135914;61
136058;61
136162;61
136270;61
136376;61
136496;61
136592;61
136693;61
136792;61
136894;61
137001;61
137106;61
137230;61
137365;61
137473;61
137577;61
137695;61
137816;61
137935;61
138085;61
138184;61
138284;61
138405;61
138523;61
138629;61
138740;61
138842;61
138947;61
139049;61
139155;61
139265;61
139369;61
139487;61
139604;61
139716;61
139821;61
139967;61
140092;61
140195;61
140329;61
140434;61
140538;61
140649;61
140772;61
140883;61
141009;61
141126;61
141225;61
141330;61
141433;61
141540;61
141645;61
141774;61
141879;61
141994;61
142123;61
142237;61
142359;61
142492;61
142595;61
142699;61
142799;61
142898;61
143009;61
143118;61
143282;61
143389;61
143528;61
143659;61
143767;61
143875;61
143980;61
144152;61
144261;61
144363;61
144461;61
144568;61
144673;61
144840;61
144976;61
145098;61
145224;61
145342;62
145448;62
145557;62
145671;62
145774;62
145888;62
146015;62
146133;62
146247;62
146355;62
146465;62
146586;62
146716;62
146819;62
146933;62
147036;62
147154;62
147259;62
147361;62
147463;62
147565;62
147673;62
147782;62
147887;62
147994;62
148108;62
148217;62
148324;62
148427;62
148546;62
148667;62
148823;62
148930;62
149033;62
149161;62
149269;62
149377;62
149485;62
149610;62
149717;62
149825;62
149929;62
150041;62
150161;62
150264;62
150365;62
150467;62
150571;62
150673;62
150782;62
150907;62
151017;62
151135;62
151261;62
151367;62
151471;62
151576;62
151681;62
151786;62
151925;62
152050;62
152164;62
152265;62
152385;62
152491;62
152591;62
152698;62
152803;62
152915;62
153032;62
153140;62
153240;62
153351;62
153451;62
153553;62
153664;62
153774;62
153882;62
154000;62
154108;62
154233;62
154343;62
154452;62
154555;62
154656;62
154767;62
154872;62
154976;62
155078;62
155180;62
155281;62
155393;62
155500;62
155622;62
155750;62
155850;62
155975;62
156087;62
156214;62
156315;62
156418;62
156523;62
156648;62
156757;62
156861;62
156976;62
157081;62
157195;62
157292;62
157395;62
157530;62
157647;62
157753;62
157871;62
157977;62
158090;62
158196;62
158309;62
158415;62
158521;62
158632;62
158741;62
158857;62
158970;62
159092;62
159209;62
159333;62
159437;62
159540;62
159642;62
159763;62
159880;62
160001;62
160132;62
160256;62
160558;62
160666;62
160771;62
160874;62
160993;62
161112;62
161221;62
161330;62
161437;62
161547;62
161655;62
161788;62
161890;62
162013;62
162126;62
162241;62
162344;62
162448;62
162558;62
162663;62
162768;62
162881;62
162986;62
163099;62
163294;62
163407;62
163515;62
163624;62
163730;62
163857;63
163960;63
164063;63
164199;63
164308;63
164410;63
164521;63
164646;63
164950;63
165051;63
165152;63
165252;63
165356;63
165463;63
165565;63
165673;63
165785;63
165888;63
165995;63
166107;63
166242;63
166395;63
166498;63
166602;63
166710;63
166848;63
166956;63
167061;63
167166;63
167269;63
167379;63
167485;63
167609;63
167740;63
167875;63
167985;63
168083;63
168186;63
168288;63
168388;63
168494;63
168627;63
168733;63
168839;63
168940;63
169041;63
169150;63
169269;63
169389;63
169498;63
169604;63
169729;63
169831;63
169937;63
170054;63
170163;63
170274;63
170384;63
170496;63
170602;63
170708;63
170815;63
170924;63
171027;63
171126;63
171224;63
171333;63
171440;63
171545;63
171653;63
171790;63
171935;64
172047;64
172189;64
172356;64
172468;64
172570;64
172677;64
172784;64
172895;64
172997;64
173103;64
173204;64
173330;64
173450;64
173552;64
173662;64
173769;64
173897;64
174019;64
174121;64
174227;64
174341;64
174446;63
174555;63
174657;63
174770;63
174891;63
174992;63
175099;63
175209;63
175314;63
175426;63
175550;63
175655;63
175763;63
175867;63
175973;63
176079;63
176186;63
176292;63
176395;63
176501;63
176614;63
176721;63
176921;63
177070;63
177181;63
177289;63
177389;63
177499;63
177604;63
177709;63
177820;63
177944;63
178046;63
178151;63
178265;63
178398;63
178501;63
178607;63
178714;63
178824;63
178926;63
179035;63
179147;63
179257;63
179362;63
179471;63
179585;63
179695;63
179861;63
179963;63
180063;63
180180;63
180294;63
180399;63
180508;63
180613;63
180719;63
180828;63
180937;63
181044;63
181169;63
181346;63
181452;63
181554;63
181653;63
181756;63
181860;63
181960;63
182063;63
182166;63
182277;63
182389;63
182490;63
182596;63
182703;63
182847;63
182967;63
183073;63
183177;63
183288;63
183391;63
183494;63
183608;63
183715;63
183822;63
183928;63
184040;63
184145;63
184290;63
184387;63
184488;63
184605;63
184705;63
184839;63
184942;63
185061;63
185167;63
185277;63
185388;63
185489;63
185603;63
185708;63
185822;63
185929;63
186045;63
186146;63
186251;63
186360;63
186466;63
186579;63
186681;63
186806;63
186967;63
187119;63
187269;63
187390;63
187496;63
187599;63
187706;63
187807;63
187909;63
188011;63
188121;63
188221;63
188329;63
188433;63
188553;63
188658;63
188765;63
188885;63
188983;63
189082;63
189188;63
189289;63
189407;63
189507;63
189627;63
189745;63
189852;63
189959;63
190071;63
190172;63
190295;63
190397;63
190496;63
190596;63
190700;63
190814;63
190920;63
191021;63
191127;63
191231;63
191358;63
191463;63
191575;63
191681;63
191800;63
191907;63
192005;63
192107;63
192217;63
192330;63
192431;63
192533;63
192639;63
