796;258
1183;258
1514;258
1855;258
2185;258
2497;258
2829;258
3150;258
3813;258
5231;258
5544;258
6001;258
6331;258
6709;258
7023;258
7335;258
7739;258
9516;258
9838;258
10160;258
10503;258
10819;258
11139;258
11538;258
11895;258
12204;258
12513;258
12818;258
13137;258
13461;258
13804;258
14131;258
14442;258
14757;258
15064;258
15391;258
15706;258
16016;258
16314;258
16625;258
16925;258
17227;258
17518;258
17834;258
18163;258
18453;258
18758;258
19049;258
19335;258
19631;258
19922;258
20199;258
20478;258
20752;258
21019;258
21304;258
21577;258
21849;258
22112;258
22384;258
22639;258
22909;258
23172;258
23437;258
23685;258
23940;258
24186;258
24423;258
24664;258
25100;255
25409;250
25731;249
25999;249
26237;249
26577;249
26903;243
27128;243
27392;243
27654;241
27875;241
28180;241
28510;238
28713;238
28965;237
29217;235
29413;235
29654;235
29856;235
30058;235
30256;235
30503;233
31055;233
31237;233
31421;233
31603;233
31838;232
32029;232
32228;232
32415;232
32595;232
32782;232
32968;232
33148;232
33352;232
33621;231
33799;231
34009;231
34194;231
34381;231
34595;231
34789;231
34971;231
35156;231
35342;231
35518;231
35740;231
35923;231
36129;231
36312;231
36494;231
36677;231
36856;231
37043;231
37220;231
37405;231
37597;231
37781;231
37983;231
38199;231
38394;231
38597;231
38791;231
38982;231
39176;231
39359;231
39552;231
39741;231
39938;231
40169;231
40356;231
40541;231
40717;231
40902;231
41080;231
41272;231
41475;231
41671;231
41864;231
42066;231
42249;231
42433;231
42635;231
42823;231
43003;231
43192;231
43380;231
43568;231
43749;231
43930;231
44109;231
44286;231
44479;231
44658;231
44834;231
45012;231
45193;231
45369;231
45550;231
45730;231
45920;231
46101;231
46285;231
46465;231
46678;231
46868;231
47044;231
47222;231
47400;231
47586;231
47766;231
47948;231
48152;231
48341;231
48523;231
48704;231
48886;231
49065;231
49255;231
49432;231
49612;231
49790;231
49965;231
50157;231
50345;231
50529;231
50757;231
50983;231
51184;231
51361;231
51570;231
51787;231
51968;231
52211;231
52422;231
52605;231
52787;231
52991;231
53195;231
53375;231
53569;231
53772;231
54000;231
54191;231
54392;231
54611;231
54796;231
54985;231
55188;231
55368;231
55554;231
55729;231
55904;231
56139;231
56351;231
56619;231
56809;231
57003;231
57202;231
57387;231
57572;231
57783;231
58034;231
58289;231
58515;231
58724;231
58905;231
59090;231
59272;231
59449;231
59686;231
59881;231
60166;231
60366;231
60549;231
60729;231
60906;231
61089;231
61271;231
61452;231
61628;231
61818;231
62010;231
62195;231
62402;231
62579;231
62799;231
63032;231
63224;231
63424;231
63624;231
63813;231
63991;231
64165;231
64375;231
64563;231
64756;231
64983;231
65162;231
65346;231
65556;231
65827;231
66095;231
66340;231
66526;231
66705;231
66892;231
67162;231
67393;231
67582;231
67791;231
68072;231
68258;231
68488;231
68741;231
68976;231
69215;231
69441;231
69742;231
69951;231
70147;231
70378;231
70592;231
70836;231
71239;231
71637;231
71957;231
72355;231
72733;231
73130;231
73570;231
73837;231
74120;231
74321;231
74517;231
74730;231
75150;231
75401;231
75589;231
75781;231
75971;231
76156;231
76351;231
76983;230
77385;230
77677;230
77994;230
78305;230
78514;230
78680;230
78837;230
78999;230
79157;230
79357;229
79540;229
79766;229
79988;229
80178;229
80348;229
80622;229
80855;229
81197;229
81394;229
81555;229
81727;229
81884;229
82084;229
82355;229
82642;229
82978;229
83190;229
83469;229
83772;229
83960;229
84135;229
84316;229
84514;229
84690;229
85255;229
85417;229
85568;229
85728;229
86042;228
86214;228
86466;228
86707;228
87041;228
87304;228
87463;228
87635;228
87918;228
88073;228
88237;228
88399;228
88559;228
88722;228
88878;228
89038;228
89192;228
89349;228
89504;228
89671;228
89874;228
90053;228
90229;228
90437;228
90600;228
90757;228
90933;228
91088;228
91239;228
91397;228
91558;228
91715;228
91869;228
92023;228
92183;228
92345;228
92504;228
92684;228
92846;228
93010;228
93175;228
93340;228
93504;228
93671;228
93873;227
94048;227
94211;227
94416;227
94576;227
94737;227
94892;227
95047;227
95209;227
95390;227
95548;227
95709;227
95862;227
96017;227
96178;227
96349;227
96504;227
96661;227
96825;227
96990;227
97154;227
97323;227
97478;227
97632;227
97787;227
97949;227
98113;227
98287;227
98447;227
98611;227
98805;227
98960;227
99127;227
99292;227
99457;227
99613;227
99783;227
99939;227
100134;227
100296;227
100469;227
100642;227
100820;227
100973;227
101140;227
101310;227
101471;227
101638;227
101811;227
101967;227
102128;227
102290;227
102454;227
102623;227
102791;227
102947;227
103120;227
103277;227
103440;227
103601;227
103766;227
103933;227
104097;227
104260;227
104416;227
104571;227
104741;227
104913;227
105068;227
105238;227
105435;227
105596;227
105761;227
105916;227
106121;227
106326;227
106482;227
106637;227
106828;227
107037;227
107272;227
107490;227
107724;227
107982;227
108136;227
108330;227
108521;227
108743;227
108970;227
109158;227
109415;227
109647;227
109880;227
110160;227
110396;227
110619;227
110778;227
110971;227
111149;227
111396;227
111603;227
111820;227
112002;227
112241;227
112417;227
112637;227
112821;227
112987;227
113151;227
113306;227
113463;227
113629;227
113781;227
113936;227
114106;227
114266;227
114421;227
114577;227
114729;227
114894;227
115049;227
115204;227
115362;227
115540;227
115692;227
115845;227
115998;227
116158;227
116313;227
116467;227
116628;227
116781;227
116945;227
117116;227
117275;227
117432;227
117588;227
117743;227
117905;227
118084;227
118259;227
118419;227
118578;227
118753;227
119010;227
119262;227
119453;227
119621;227
119850;227
120040;227
120274;227
120451;227
120607;227
120763;227
120932;227
121089;227
121245;227
121401;227
121566;227
121729;227
121883;227
122038;227
122196;227
122361;227
122521;227
122685;227
122848;227
123048;227
123232;227
123418;227
123605;227
123781;227
123942;227
124106;227
124274;227
124433;227
124609;227
124776;227
124947;227
125115;227
125281;227
125447;227
125662;227
125910;227
126076;227
126238;227
126405;227
126576;227
126736;227
126900;227
127060;227
127234;227
127401;227
127576;227
127739;227
127904;227
128066;227
128227;227
128387;227
128547;227
128711;227
128865;227
129050;227
129212;227
129373;227
129530;227
129693;227
129850;227
130014;227
130173;227
130335;227
130500;227
130669;227
130829;227
131004;227
131232;227
131391;227
131557;227
131744;227
132012;227
132260;227
132509;227
132744;227
132985;227
133245;227
133403;227
133594;227
133748;227
133907;227
134081;227
134258;227
134485;227
134720;227
134921;227
135080;227
135275;227
135433;227
135592;227
135755;227
135910;227
136065;227
136254;227
136412;227
136568;227
136725;227
136879;227
137048;227
137206;227
137403;227
137622;227
137859;227
138083;227
138305;227
138537;227
138709;227
138897;227
139062;227
139239;227
139446;227
139661;227
139892;227
140106;227
140400;227
140695;227
140964;227
141220;227
141413;227
141572;227
141732;227
141895;227
142052;227
142208;227
142369;227
142573;227
142730;227
142913;227
143221;227
143440;227
143600;227
143761;227
143917;227
144073;227
144235;227
144392;227
144548;227
144706;227
144872;227
145029;227
145214;227
145374;227
145545;227
145703;227
145871;227
146133;227
146294;227
146557;227
146750;227
146909;227
147070;227
147307;227
147527;227
147737;227
147980;227
148136;227
148340;227
148496;227
148651;227
148809;227
148964;227
149121;227
149309;227
149482;227
149640;227
149796;227
149953;227
150110;227
150267;227
150426;227
150626;227
150889;227
151079;227
151238;227
151394;227
151549;227
151702;227
151861;227
152101;227
152275;227
152492;227
152759;227
153034;227
153227;227
153394;227
153549;227
153710;227
153871;227
154030;227
154193;227
154354;227
154525;227
154721;227
154909;227
155071;227
155234;227
155413;227
155568;227
155729;227
155892;227
156057;227
156277;227
156450;227
156618;227
156771;227
156929;227
157088;227
157252;227
157418;227
157576;227
157739;227
157903;227
158063;227
158222;227
158377;227
158535;227
158694;227
158848;227
159004;227
159160;227
159345;227
159501;227
159658;227
159813;227
159968;227
160123;227
160287;227
160444;227
160599;227
160753;227
160909;227
161066;227
161218;227
161387;227
161541;227
161698;227
161854;227
162014;227
162175;227
162337;227
162492;227
162648;227
162805;227
162966;227
163124;227
163285;227
163449;227
163605;227
163761;227
163916;227
164071;227
164226;227
164384;227
164540;227
164697;227
164856;227
165011;227
165168;227
165326;227
165488;227
165645;227
165801;227
165956;227
166111;227
166268;227
166440;227
166595;227
166752;227
166910;227
167069;227
167230;227
167395;227
167550;227
167707;227
167869;227
168024;227
168184;227
168345;227
168506;227
168670;227
168832;227
168988;227
169197;227
169426;227
169581;227
169740;227
169902;227
170054;227
170210;227
170369;227
170524;227
170679;227
170836;227
170994;227
171150;227
171307;227
171491;227
171646;227
171804;227
171960;227
172115;227
172271;227
172431;227
172589;227
172747;227
172903;227
173059;227
173218;227
173380;227
173561;227
173724;227
173879;227
174037;227
174196;227
174353;227
174510;227
174666;227
174824;227
174981;227
175138;227
175295;227
175477;227
175642;227
175799;227
175955;227
176128;227
176289;227
176447;227
176607;227
176765;227
176922;227
177084;227
177242;227
177401;227
177569;227
177740;227
178002;227
178175;227
178420;227
178657;227
178819;227
179045;227
179232;227
179397;227
179606;227
179762;227
179917;227
180073;227
180233;227
180390;227
180551;227
180717;227
180908;227
181087;227
181243;227
181418;227
181607;227
181769;227
181923;227
182078;227
182235;227
182397;227
182553;227
182710;227
182869;227
183024;227
183184;227
183345;227
183504;227
183661;227
183814;227
183971;227
184130;227
184284;227
184443;227
184605;227
184775;227
184938;227
185092;227
185249;227
185406;227
185596;227
185878;227
186150;227
186365;227
186524;227
186741;227
186965;227
187191;227
187420;227
187673;227
187842;227
188108;227
188320;227
188504;227
188736;227
188893;227
189096;227
189280;227
189527;227
189759;227
189921;227
190143;227
190398;227
190585;227
190816;227
191035;227
191203;227
191364;227
191520;227
191682;227
191932;227
192094;227
192258;227
192437;227
192605;227
192761;227
192918;227
193073;227
193228;227
193384;227
193624;227
193873;227
194036;227
194193;227
194349;227
194506;227
194661;227
194817;227
194975;227
195134;227
195289;227
195447;227
195654;227
195868;227
196034;227
196199;227
196367;227
196539;227
196694;227
196851;227
197018;227
197177;227
197337;227
197538;227
197764;227
197939;227
198112;227
198273;227
198432;227
198585;227
198756;227
198908;227
199062;227
199228;227
199475;227
199666;227
199868;227
200027;227
200195;227
200360;227
200516;227
200679;227
200847;227
201030;227
201193;227
201371;227
201545;227
201708;227
201873;227
202039;227
202193;227
202352;227
202509;227
202668;227
202825;227
202991;227
203145;227
203307;227
203465;227
203633;227
203830;227
203988;227
204145;227
204335;227
204512;227
204691;227
204866;227
205022;227
205184;227
205344;227
205514;227
205669;227
205871;227
206040;227
206198;227
206378;227
206607;227
206770;227
206934;227
207092;227
207250;227
207426;227
207583;227
207741;227
207921;227
208083;227
208249;227
208408;227
208579;227
208737;227
208894;227
209050;227
209212;227
209393;227
209551;227
209756;227
209974;227
210159;227
210333;227
210500;227
210657;227
210820;227
210985;227
211142;227
211401;227
211587;227
211746;227
211917;227
212075;227
212229;227
212395;227
212556;227
212713;227
212884;227
213044;227
213208;227
213373;227
213528;227
213687;227
213857;227
214044;227
214199;227
214384;227
214546;227
214716;227
214883;227
215048;227
215215;227
215370;227
215529;227
215696;227
215862;227
216041;227
216213;227
216368;227
216529;227
216685;227
216842;227
216999;227
217166;227
217325;227
217483;227
217637;227
217800;227
217963;227
218117;227
218301;227
218484;227
218686;227
218847;227
219022;227
219226;227
219387;227
219565;227
219804;227
220024;227
220228;227
220457;227
220629;227
220800;227
220955;227
221110;227
221327;227
221501;227
221714;227
221939;227
222121;227
222300;227
222538;227
222777;227
223017;227
223246;227
223490;227
223644;227
223840;227
224021;227
224177;227
224351;227
224530;227
224753;227
225031;227
225200;227
225394;227
225573;227
225800;227
226021;227
226243;227
226421;227
226639;227
226866;227
227074;227
227232;227
227427;227
227613;227
227836;227
228060;227
228243;227
228467;227
228675;227
228868;227
229026;227
229213;227
229370;227
229529;227
229691;227
229855;227
230019;227
230282;227
230524;227
230730;227
230898;227
231058;227
231221;227
231503;227
231802;227
232124;227
232436;227
232596;227
232752;227
232911;227
233065;227
233256;227
233481;227
233638;227
233796;227
233951;227
234119;227
234274;227
234432;227
234588;227
234744;227
234900;227
235057;227
235214;227
235375;227
235536;227
