258;2165
421;2165
533;2006
611;1960
699;1869
775;1802
839;1664
911;1638
998;1638
1083;1638
1147;1638
1216;1638
1295;1298
1364;1298
1444;1263
1510;1263
1581;1263
1649;1230
1727;1151
1798;975
1865;975
1931;975
1997;975
2081;894
2173;894
2235;833
2301;831
2372;765
2436;765
2501;765
2570;738
2641;738
2706;738
2786;681
2864;680
2929;582
2991;582
3054;582
3115;582
3176;582
3241;582
3302;582
3359;553
3414;553
3481;485
3556;485
3637;485
3718;485
3793;445
3876;445
3954;445
4031;392
4110;392
4201;392
4269;392
4326;392
4384;392
4441;392
4495;392
4550;392
4605;392
4662;392
4719;392
4775;392
4828;392
4886;392
4955;302
5012;302
5067;302
5122;302
5176;302
5231;302
5287;302
5350;302
5403;302
5461;302
5514;302
5568;302
5625;302
5681;302
5735;302
5792;302
5846;302
5902;302
5959;276
6020;276
6082;276
6141;276
6195;276
6254;276
6320;276
6375;276
6430;276
6495;276
6554;276
6617;276
6683;276
6761;276
6843;276
6899;276
6960;276
7019;276
7081;192
7139;192
7197;192
7253;192
7344;192
7452;192
7577;119
7663;119
7747;119
7806;119
7864;119
7922;119
7978;119
8037;119
8092;119
8146;119
8205;119
8260;119
8316;119
8371;119
8430;119
8490;119
8545;119
8600;119
8658;119
8711;119
8764;119
8819;119
8879;119
8934;119
8988;119
9044;119
9097;119
9153;119
9211;83
9268;83
9323;83
9378;83
9440;83
9496;83
9558;83
9613;83
9669;83
9725;83
9779;83
9835;83
9899;83
9953;83
10006;83
10062;83
10118;83
10172;83
10226;83
10283;83
10336;83
10393;83
10449;83
10503;83
10557;83
10615;83
10670;83
10725;83
10783;83
10837;83
10892;83
10948;83
11010;83
11066;83
11121;83
11175;83
11230;83
11302;83
11359;83
11411;83
11465;83
11519;83
11572;83
11628;83
11681;83
11737;83
11792;83
11846;83
11903;83
11958;83
12017;83
12073;83
12128;83
12185;83
12243;83
12297;83
12352;83
12408;83
12462;83
12516;83
12572;83
12628;83
12696;83
12749;83
12803;83
12864;83
12918;83
12973;83
13029;83
13093;83
13148;83
13202;83
13256;83
13311;83
13365;83
13420;83
13480;83
13536;83
13590;83
13651;83
13706;83
13761;83
13816;83
13878;83
13936;83
13993;83
14047;83
14117;83
14169;83
14222;83
14276;83
14330;83
14386;83
14439;83
14494;83
14546;83
14600;83
14653;83
14709;83
14769;83
14824;83
14883;83
14941;83
15000;83
15058;83
15114;83
15177;83
15231;83
15288;83
15342;83
15397;83
15452;83
15514;83
15578;83
15635;83
15688;83
15742;83
15800;83
15856;83
15909;83
15963;83
16021;83
16074;83
16129;83
16183;83
16240;83
16294;83
16355;83
16411;83
16470;84
16527;84
16589;84
16647;84
16705;84
16760;84
16814;84
16882;84
16933;84
16988;84
17042;83
17095;83
17148;83
17201;83
17254;83
17307;83
17360;83
17413;83
17469;83
17523;83
17580;83
17637;83
17692;83
17746;83
17803;83
17859;83
17916;83
17972;83
18029;83
18088;78
18153;78
18205;78
18258;78
18312;78
18364;78
18419;78
18474;78
18530;78
18583;78
18636;78
18689;78
18744;78
18799;78
18855;78
18911;78
18968;78
19026;78
19088;78
19165;78
19242;78
19322;78
19421;78
19524;78
19626;78
19726;78
19829;78
19924;78
20019;78
20115;78
20207;78
20309;78
20404;78
20500;78
20597;78
20689;78
20777;78
20875;78
20980;78
21089;78
21190;78
21289;78
21387;78
21487;78
21571;78
21632;78
21691;78
21750;78
21810;78
21874;78
21932;78
21992;78
22051;78
22110;78
22175;78
22236;78
22297;78
22369;78
22430;78
22496;78
22573;78
22647;78
22707;78
22763;78
22823;78
22882;78
22937;78
22993;78
23048;78
23102;78
23158;78
23215;78
23270;78
23326;78
23382;78
23435;78
23489;78
23544;78
23599;78
23658;78
23713;78
23767;78
23825;78
23882;78
23935;78
23990;78
24043;78
24101;78
24173;78
24237;78
24290;78
24343;78
24396;78
24453;78
24511;78
24566;78
24621;78
24693;78
24756;80
24814;80
24878;80
24942;80
25003;80
25061;80
25120;80
25180;80
25237;80
25295;80
25360;80
25421;80
25481;80
25540;80
25594;80
25659;80
25730;80
25790;80
25847;80
25908;80
25964;80
26017;80
26073;80
26125;80
26179;80
26231;80
26291;80
26344;80
26396;80
26448;80
26504;80
26557;80
26615;80
26672;80
26726;80
26780;80
26844;80
26896;80
26948;80
27004;80
27062;80
27115;80
27167;80
27220;80
27276;80
27330;80
27384;80
27440;80
27496;80
27551;80
27606;80
27661;80
27719;80
27773;80
27826;80
27882;80
27935;80
27988;80
28043;80
28096;80
28149;78
28202;78
28257;78
28311;78
28366;78
28421;78
28477;78
28536;78
28590;78
28642;78
28694;78
28746;78
28818;78
28875;78
28927;78
28980;78
29032;78
29088;78
29143;78
29198;78
29251;78
29310;78
29363;78
29415;78
29469;78
29521;78
29573;78
29630;78
29687;78
29739;78
29791;78
29853;78
29905;78
29961;78
30017;78
30073;78
30126;78
30186;78
30241;78
30295;78
30370;78
30424;78
30477;78
30530;78
30584;78
30639;78
30693;78
30748;78
30805;78
30862;78
30916;78
30972;78
31025;78
31077;78
31132;78
31186;78
31238;78
31292;78
31348;78
31401;78
31461;78
31513;78
31567;78
31620;78
31674;78
31726;78
31788;78
31840;78
31912;78
31967;78
32023;78
32078;78
32136;78
32189;78
32243;78
32295;78
32350;78
32403;78
32465;78
32517;78
32569;78
32622;78
32676;78
32733;78
32786;78
32839;78
32898;78
32951;78
33003;78
33060;78
33114;78
33166;78
33224;78
33278;78
33339;78
33392;78
33464;78
33517;78
33569;78
33621;78
33674;78
33727;78
33780;78
33834;78
33900;78
33954;78
34010;78
34062;78
34118;78
34171;78
34223;78
34275;78
34329;78
34389;78
34449;78
34509;78
34575;78
34635;78
34689;78
34742;78
34794;78
34852;78
34905;78
34959;78
35021;78
35074;78
35126;78
35183;78
35236;78
35290;78
35349;78
35401;78
35456;78
35519;78
35575;78
35631;78
35684;78
35738;78
35792;78
35845;78
35898;78
35950;78
36004;78
36070;78
36189;78
36278;78
36355;78
36412;78
36464;78
36520;78
36573;78
36625;78
36684;78
36739;78
36793;78
36847;78
36905;78
36961;78
37020;78
37080;78
37141;78
37193;78
37246;78
37301;78
37361;78
37417;78
37470;78
37526;78
37581;78
37635;78
37693;78
37747;78
37802;78
37858;78
37915;78
37975;78
38028;78
38085;78
38138;78
38192;78
38245;78
38299;78
38352;78
38405;78
38458;78
38512;78
38566;78
38620;78
38675;78
38731;78
38785;78
38839;78
38898;78
38958;78
39011;78
39065;78
39119;78
39171;78
39224;78
39279;78
39332;78
39383;78
39438;78
39493;78
39550;78
39623;78
39678;78
39732;78
39789;78
39845;78
39897;78
39950;78
40003;78
40063;83
40116;83
40170;83
40222;83
40276;83
40329;83
40384;83
40440;83
40495;83
40556;83
40622;83
40685;83
40744;83
40803;83
40892;83
40980;83
41038;83
41124;83
41217;83
41319;83
41418;83
41515;83
41621;83
41733;83
41847;83
41956;83
42052;83
42137;83
42219;83
42302;83
42391;83
42483;83
42572;83
42666;83
42760;83
42851;83
42944;83
43037;83
43133;83
43238;83
43329;83
43427;83
43532;83
43624;83
43728;83
43833;81
43924;81
44015;81
44110;81
44189;81
44252;81
44309;81
44363;81
44416;81
44468;81
44524;81
44576;81
44629;81
44681;81
44736;81
44788;81
44845;81
44899;81
44962;81
45016;81
45073;81
45128;81
45180;81
45233;81
45286;81
45339;81
45393;81
45446;81
45499;81
45552;81
45611;81
45665;78
45719;78
45774;78
45830;78
45883;78
45939;78
45991;78
46045;78
46099;78
46152;78
46213;78
46265;78
46319;78
46372;78
46426;78
46481;78
46535;78
46587;78
46648;78
46701;78
46754;78
46820;78
46874;78
46929;78
46981;78
47033;78
47085;78
47143;78
47199;78
47273;78
47325;78
47380;78
47432;78
47485;78
47559;78
47612;78
47665;78
47721;78
47775;78
47829;78
47883;78
47936;78
47988;78
48040;78
48093;78
48146;78
48200;78
48257;78
48311;78
48367;78
48435;78
48487;78
48541;78
48597;78
48651;78
48706;78
48759;78
48814;78
48868;78
48920;78
48975;78
49030;78
49083;78
49140;78
49194;78
49252;78
49307;78
49368;78
49432;78
49484;78
49540;78
49592;78
49645;78
49697;78
49751;78
49807;78
49862;78
49914;78
49969;78
50023;78
50079;78
50134;78
50192;78
50247;78
50303;78
50368;78
50432;78
50484;78
50540;78
50632;78
50691;78
50744;78
50800;78
50865;78
50918;78
50972;78
51027;78
51080;78
51142;78
51198;78
51253;78
51311;78
51366;78
51420;78
51480;78
51555;78
51632;78
51871;78
51926;78
51979;78
52046;78
52105;78
52158;78
52211;78
52263;78
52316;78
52368;78
52427;78
52499;78
52556;78
52611;78
52666;78
52720;78
52774;78
52829;78
52885;78
52940;78
52994;78
53048;78
53115;79
53167;79
53219;79
53272;79
53324;79
53376;79
53431;79
53483;79
53537;79
53589;79
53644;79
53696;78
53750;78
53808;78
53865;78
53920;78
53976;78
54030;78
54086;78
54142;78
54196;78
54253;78
54348;78
54458;78
54569;78
54679;78
54731;78
54784;78
54838;78
54892;78
54947;78
55002;78
55061;78
55117;78
55168;78
55224;78
55277;78
55331;78
55387;78
55445;78
55500;78
55554;78
55608;78
55665;78
55720;78
55773;78
55830;78
55884;78
55941;78
55994;78
56055;78
56111;78
56164;78
56215;78
56267;78
56319;78
56371;78
56426;78
56482;78
56536;78
56588;78
56642;78
56695;78
56750;78
56804;78
56861;78
56915;78
56968;78
57022;78
57078;78
57131;78
57188;78
57242;78
57296;78
57349;78
57407;78
57468;79
57520;79
57572;79
57624;78
57677;78
57729;78
57782;78
57834;78
57889;78
57943;78
58000;78
58055;78
58110;78
58165;78
58224;78
58287;78
58345;78
58398;78
58454;78
58510;78
58565;78
58620;78
58674;78
58729;78
58782;78
58839;78
58897;78
58949;78
59006;78
59066;78
59120;78
59173;78
59229;78
59283;78
59340;78
59393;78
59447;78
59500;78
59559;78
59615;78
59671;78
59725;78
59779;78
59834;78
59890;78
59944;78
59999;78
60055;78
60110;78
60171;78
60227;78
60286;78
60338;78
60391;78
60443;78
60495;78
60548;78
60603;78
60658;78
60711;78
60764;78
60818;78
60876;78
60930;78
60985;78
61041;78
61100;78
61155;78
61209;78
61266;78
61321;78
61375;78
61431;78
61485;78
61539;78
61601;78
61658;78
61715;78
61767;78
61821;78
61874;78
61926;78
61980;78
62035;78
62088;78
62144;78
62197;78
62250;78
62305;78
62363;78
62418;78
62474;78
62529;78
62584;78
62641;78
62695;78
62749;78
62803;78
62862;78
62918;78
62972;78
63034;78
63086;78
63140;78
63192;78
63244;78
63297;78
63350;78
63406;78
63460;78
63512;78
63566;78
63620;78
63675;78
63729;78
63783;78
63841;78
63895;78
63953;78
64008;78
64067;78
64125;78
64182;78
64237;78
64359;78
64411;78
64464;78
64516;78
64570;78
64622;78
64676;78
64728;78
64780;78
64832;78
64891;78
64946;78
64999;78
65058;78
65113;78
65168;78
65225;78
65282;78
65340;78
65395;78
65449;78
65504;78
65563;78
65618;78
65685;78
65747;78
65797;78
65851;78
65903;78
65957;78
66009;78
66066;78
66119;78
66173;78
66226;78
66278;78
66333;78
66388;78
66444;78
66499;78
66553;78
66608;78
66662;78
66717;78
66773;78
66828;78
66885;78
66938;78
66992;78
67046;78
67103;78
67158;78
67217;78
67270;78
67323;78
67375;78
67427;78
67481;78
67536;78
67589;78
67647;78
67704;78
67759;78
67813;78
67872;78
67928;78
67982;78
68035;78
68089;78
68146;78
68200;78
68256;78
68311;78
68365;78
68420;78
68475;78
68536;78
68587;78
68639;78
68692;78
68748;78
68802;78
68866;78
68917;78
68973;78
69026;78
69078;78
69136;78
69191;78
69245;78
69303;78
69357;78
69411;78
69465;78
69520;78
69575;78
69630;78
69684;78
69738;78
69793;78
69847;78
69904;78
69958;78
70014;78
70069;78
70123;78
70175;78
70227;78
70282;78
70335;78
70388;78
70443;78
70497;78
70555;78
70611;78
70667;78
70725;78
70781;78
70835;78
70890;78
70946;78
71007;78
71062;78
71116;78
71177;78
71230;78
71282;78
71334;78
71386;78
71442;78
71494;78
71548;78
71603;78
71658;78
71712;78
71764;78
71821;78
71876;78
71930;78
71986;78
72044;78
72101;78
72155;78
72210;78
72265;78
72326;78
72384;78
72439;78
72492;78
72545;78
72597;78
72650;78
72704;78
72756;78
72810;78
72863;78
72916;78
72968;78
73023;78
73076;78
73131;78
73185;78
73239;78
73294;78
73354;78
73408;78
73463;78
73528;78
73581;78
73633;78
73688;78
73742;78
73796;78
73848;78
73901;78
73956;78
74010;78
74065;78
74119;78
74172;78
74228;78
74283;78
74337;78
74390;78
74444;78
74499;78
74553;78
74608;78
74663;78
74715;78
74766;78
74818;78
74888;78
74948;78
75001;78
75057;78
75111;78
75163;78
75219;78
75273;78
75327;78
75382;78
75436;78
75493;78
75547;78
75601;78
75657;78
75715;78
75767;78
75819;78
75872;78
75923;78
75976;78
76031;78
76083;78
76138;78
76192;78
76245;78
76299;78
76360;78
76420;78
76478;78
76533;78
76587;78
76640;78
76703;78
76760;78
76813;78
76869;78
76923;78
76975;78
77028;78
77087;78
77141;78
77195;78
77256;78
77309;78
77363;78
77418;78
77473;78
77534;78
77589;78
77652;78
77705;78
77757;78
77810;78
77865;78
77919;78
77972;78
78025;78
78077;78
78133;78
78185;78
78240;78
78294;78
78348;78
78403;78
78457;78
78511;78
78572;78
78623;78
