209;235
305;235
402;235
625;236
824;236
913;236
982;236
1046;236
1161;236
1228;236
1302;236
1374;236
1469;236
1627;234
1802;234
1937;234
2042;234
2108;234
2171;235
2237;235
2295;235
2367;235
2437;235
2499;235
2569;235
2627;235
2686;235
2752;235
2810;235
2882;235
2944;235
3004;235
3072;235
3164;235
3243;235
3329;235
3424;235
3506;235
3588;235
3669;235
3755;235
3834;235
3905;235
3965;235
4024;235
4086;235
4146;235
4207;235
4272;235
4330;235
4391;235
4450;235
4509;235
4571;235
4638;235
4696;235
4768;235
4827;235
4885;235
4950;235
5009;235
5067;235
5128;235
5195;235
5254;235
5313;235
5372;235
5443;235
5501;235
5559;235
5618;235
5675;235
5738;235
5812;235
5892;235
5972;235
6052;235
6143;235
6200;235
6261;235
6323;235
6383;235
6443;235
6502;235
6562;235
6622;235
6685;235
6752;235
6824;235
6884;235
6942;235
7003;235
7063;235
7122;235
7180;235
7238;235
7296;235
7356;235
7424;235
7482;235
7538;235
7600;235
7657;235
7717;235
7777;235
7844;235
7916;235
7976;235
8037;235
8110;235
8169;235
8234;235
8300;235
8360;235
8419;235
8479;235
8539;235
8598;235
8659;235
8719;235
8777;235
8836;235
8902;235
8959;236
9022;236
9093;236
9161;236
9222;236
9285;236
9351;236
9426;236
9485;236
9544;236
9602;236
9660;236
9721;236
9787;235
9867;235
9928;235
10002;235
10085;235
10146;235
10203;235
10259;235
10323;235
10388;235
10453;235
10534;235
10598;235
10664;235
10725;235
10784;235
10866;235
10932;235
10992;235
11051;235
11113;235
11174;235
11233;235
11307;235
11373;235
11431;235
11491;235
11549;235
11607;235
11672;235
11743;235
11804;235
11864;235
11930;235
11990;235
12056;235
12118;235
12176;235
12235;235
12293;235
12351;235
12423;235
12485;235
12551;236
12626;236
12685;236
12744;236
12803;235
12862;235
12923;235
12986;235
13045;235
13116;235
13176;235
13235;235
13294;235
13360;235
13426;235
13485;235
13542;235
13601;235
13663;235
13734;235
13807;235
13874;235
13954;235
14020;235
14101;235
14173;235
14243;235
14309;235
14374;235
14436;235
14498;235
14569;235
14641;235
14700;235
14768;235
14826;235
14885;235
14946;235
15006;235
15071;235
15131;235
15188;235
15267;235
15338;235
15396;235
15456;235
15517;235
15593;235
15654;235
15714;235
15772;235
15835;235
15896;235
15955;235
16034;235
16104;235
16160;235
16218;235
16274;235
16334;235
16395;235
16454;235
16512;235
16583;235
16645;235
16704;235
16769;235
16833;235
16902;235
16967;235
17034;235
17100;235
17166;235
17230;235
17291;235
17349;235
17409;235
17469;235
17535;235
17593;235
17653;235
17715;235
17789;235
17870;235
17934;235
17994;235
18055;235
18124;235
18204;235
18262;235
18319;235
18387;235
18500;235
18572;235
18639;235
18701;235
18763;235
18823;235
18889;235
18947;235
19007;235
19065;235
19125;235
19189;235
19248;235
19304;235
19364;235
19426;235
19484;235
19545;235
19605;235
19665;235
19726;235
19784;235
19861;235
19935;236
19999;236
20077;236
20136;236
20198;236
20264;236
20330;236
20397;236
20457;236
20515;236
20573;236
20638;236
20698;236
20765;236
20833;236
20896;236
20958;236
21015;236
21082;236
21141;236
21210;236
21284;236
21356;236
21418;236
21483;236
21542;236
21625;236
21693;236
21756;236
21815;236
21874;236
21945;236
22004;236
22070;236
22132;236
22198;236
22259;236
22317;236
22377;236
22438;236
22502;236
22565;236
22630;236
22687;236
22754;236
22816;236
22874;236
22955;236
23017;236
23087;236
23152;236
23224;236
23293;236
23364;236
23429;236
23497;236
23555;236
23614;236
23673;236
23745;236
23810;236
23883;236
23966;236
24028;236
24085;236
24141;236
24201;236
24258;236
24323;236
24382;236
24442;236
24502;236
24563;236
24637;236
24694;236
24752;236
24825;236
24886;236
24946;236
25007;236
25073;236
25140;236
25206;236
25273;236
25329;236
25388;236
25447;236
25504;236
25571;236
25637;236
25698;236
25755;236
25822;236
25896;236
25965;236
26036;236
26093;236
26164;236
26229;236
26294;236
26354;236
26411;236
26481;236
26542;236
26600;236
26672;236
26735;236
26796;236
26875;236
26931;236
26997;236
27057;236
27128;236
27193;236
27259;236
27321;236
27379;236
27436;236
27503;236
27561;236
27624;236
27682;236
27741;236
27811;236
27874;236
27944;236
28004;236
28063;236
28124;236
28206;236
28261;236
28324;236
28394;236
28465;236
28529;236
28588;236
28653;236
28724;236
28785;236
28844;236
28917;237
28987;237
29045;237
29104;237
29164;237
29234;237
29291;237
29349;237
29421;237
29487;237
29560;237
29629;235
29692;235
29762;235
29820;235
29884;235
29951;235
30016;236
30086;236
30143;236
30204;236
30265;236
30333;236
30395;236
30453;236
30508;236
30566;236
30627;236
30686;236
30751;236
30818;236
30873;236
30953;236
31009;236
31071;236
31130;236
31189;236
31253;236
31319;236
31391;236
31454;236
31512;236
31567;236
31635;236
31690;236
31748;236
31807;236
31864;236
31941;236
31999;235
32054;235
32117;235
32172;235
32241;235
32301;235
32362;235
32435;235
32506;235
32571;235
32639;235
32693;235
32748;235
32811;235
32865;235
32921;235
32981;235
33040;235
33102;235
33168;235
33233;235
33293;235
33350;235
33407;235
33470;235
33525;235
33596;235
33651;235
33722;235
33778;235
33843;235
33904;235
33976;235
34043;235
34104;235
34161;235
34219;235
34284;235
34342;235
34398;235
34464;235
34532;235
34602;235
34657;235
34713;235
34772;235
34829;235
34887;235
34946;235
35007;235
35067;235
35129;235
35200;235
35272;235
35330;235
35394;235
35453;235
35525;235
35583;235
35638;235
35693;235
35756;237
35813;237
35871;237
35932;237
35992;237
36049;237
36108;237
36178;237
36241;237
36299;237
36378;237
36439;237
36504;237
36568;237
36653;237
36747;237
36823;237
36885;237
36954;237
37018;237
37076;237
37133;237
37200;238
37296;238
37409;238
37467;238
37533;238
37592;238
37651;238
37708;238
37768;238
37832;238
37890;238
37949;238
38022;238
38081;238
38149;238
38209;238
38273;238
38329;238
38399;238
38459;238
38518;238
38580;238
38646;238
38705;238
38763;238
38820;238
38878;238
38937;238
39011;238
39096;238
39171;238
39232;238
39302;238
39369;238
39425;238
39483;238
39538;238
39597;238
39652;238
39718;238
39777;238
39857;238
39915;238
39975;238
40047;238
40105;238
40165;238
40223;238
40289;238
40354;238
40411;238
40474;238
40530;238
40588;238
40645;238
40713;238
40769;238
40841;238
40897;238
40955;238
41015;238
41080;238
41140;238
41206;238
41266;240
41323;240
41382;240
41439;240
41510;239
41579;239
41637;239
41695;239
41763;239
41818;239
41875;239
41937;239
41997;239
42062;239
42134;239
42199;239
42265;239
42323;239
42380;239
42445;239
42509;239
42576;239
42631;239
42691;239
42749;239
42811;239
42875;239
42933;239
42990;239
43048;239
43114;239
43176;239
43237;239
43294;239
43353;239
43427;239
43508;239
43630;239
43737;239
43814;239
43893;239
43955;239
44029;239
44088;239
44148;239
44206;239
44268;239
44330;239
44386;239
44456;239
44521;239
44590;239
44646;239
44706;239
44765;239
44822;239
44883;239
44941;239
44996;239
45051;239
45107;239
45166;239
45236;239
45294;239
45353;239
45414;239
45474;239
45532;239
45596;239
45662;239
45721;239
45781;239
45849;239
45906;239
45965;239
46029;239
46093;239
46149;239
46207;239
46268;239
46326;239
46393;239
46463;239
46525;239
46586;239
46646;239
46706;239
46771;239
46832;239
46892;239
46951;239
47014;239
47084;239
47148;239
47205;239
47261;239
47324;239
47381;239
47440;239
47498;239
47556;239
47614;239
47686;239
47749;239
47810;239
47869;239
47930;239
47994;239
48064;239
48127;239
48185;239
48244;239
48308;239
48365;239
48425;237
48484;237
48542;237
48600;237
48680;237
48744;237
48805;237
48862;237
48922;237
48990;237
49043;237
49106;237
49170;237
49240;237
49300;237
49361;237
49422;237
49482;237
49541;237
49601;237
49658;237
49715;237
49779;237
49838;237
49894;237
49966;237
50024;237
50088;237
50144;237
50203;237
50259;237
50319;237
50377;237
50434;237
50501;237
50570;237
50628;237
50692;237
50749;237
50815;237
50880;237
50943;237
51006;237
51063;237
51124;237
51183;237
51236;237
51289;237
51353;237
51425;237
51484;237
51544;237
51610;237
51665;237
51720;237
51776;237
51839;237
51897;237
51954;237
52015;237
52075;237
52132;237
52194;237
52258;237
52324;237
52383;237
52455;237
52511;237
52566;238
52622;238
52681;238
52740;238
52806;238
52865;237
52924;237
52983;237
53041;237
53099;237
53161;237
53222;237
53293;237
53350;237
53407;237
53464;237
53522;237
53580;237
53645;237
53704;237
53762;237
53822;237
53882;237
53941;237
54003;237
54070;237
54130;237
54190;237
54249;237
54307;237
54364;237
54423;237
54488;237
54559;237
54617;237
54679;237
54734;237
54793;237
54856;237
54916;237
54976;237
55041;237
55099;237
55158;237
55219;237
55287;237
55351;237
55406;237
55471;237
55530;237
55587;237
55646;237
55702;237
55773;237
55835;237
55890;237
55952;237
56008;237
56066;237
56125;237
56184;237
56243;237
56304;237
56372;237
56438;237
56496;237
56552;237
56622;237
56683;237
56764;237
56824;237
56897;237
56961;237
57029;237
57085;237
57143;237
57202;237
57265;237
57322;237
57383;237
57448;237
57509;237
57588;237
57645;237
57700;237
57756;237
57811;237
57874;237
57934;237
57994;237
58062;237
58124;237
58184;237
58251;237
58317;237
58384;237
58447;237
58512;237
58572;237
58628;237
58693;237
58758;237
58819;237
58877;237
58942;237
59001;237
59067;237
59125;237
59191;237
59247;237
59305;237
59361;237
59420;237
59479;237
59540;237
59599;237
59660;237
59717;237
59776;237
59846;237
59916;237
59976;237
60043;237
60103;237
60165;237
60223;237
60283;237
60344;237
60409;237
60468;237
60526;237
60584;237
60642;237
60699;237
60759;237
60815;237
60896;237
60975;237
61040;237
61110;237
61175;237
61231;237
61296;237
61354;237
61412;237
61472;237
61538;238
61597;238
61659;238
61716;238
61775;238
61831;238
61890;238
61950;238
62007;238
62095;238
62163;238
62219;238
62280;238
62344;238
62414;238
62474;238
62546;238
62603;238
62663;238
62722;238
62781;238
62844;238
62901;239
62957;239
63014;239
63075;239
63136;239
63239;239
63302;239
63359;239
63415;239
63477;239
63533;239
63592;239
63651;238
63708;238
63781;238
63840;238
63897;238
63962;238
64019;238
64081;238
64142;238
64200;238
64257;238
64317;238
64399;238
64466;238
64524;238
64588;238
64661;238
64718;238
64782;238
64841;238
64899;238
64957;238
65015;238
65080;238
65139;238
65206;238
65265;238
65337;242
65394;242
65450;242
65508;242
65586;242
65641;242
65697;241
65752;241
65808;241
65872;241
65936;241
65994;241
66060;241
66122;241
66204;241
66263;241
66325;241
66381;241
66446;241
66505;237
66569;237
66642;237
66710;237
66767;237
66826;237
66884;237
66954;237
67012;237
67073;237
67130;237
67190;237
67249;237
67312;237
67377;237
67436;237
67509;237
67570;237
67627;237
67721;237
67776;237
67833;237
67891;237
67955;237
68012;237
68070;237
68138;237
68199;237
68265;237
68324;237
68385;237
68442;237
68511;237
68568;237
68626;237
68693;237
68751;237
68809;237
68864;237
68921;237
68977;237
69037;237
69094;237
69155;237
69217;237
69296;237
69356;237
69416;237
69486;237
69542;237
69608;237
69666;237
69722;237
69780;237
69839;237
69902;237
69968;236
70026;236
70086;236
70154;236
70213;236
70274;236
70339;236
70403;236
70469;236
70548;236
70611;236
70667;236
70739;236
70812;236
70870;236
70936;236
70997;236
71057;236
71138;236
71201;236
71258;236
71317;236
71373;236
71434;236
71489;236
71545;236
71600;236
71674;236
71736;236
71820;236
71910;236
71975;236
72040;236
72103;236
72210;236
72273;236
72339;236
72413;236
72533;236
72591;236
72647;236
72707;236
72773;236
72830;236
72890;236
72950;236
73006;236
73066;236
73142;236
73197;236
73265;235
73336;235
73393;235
73471;235
73540;235
73605;235
73669;235
73728;235
73786;235
73848;235
73920;235
73974;235
74030;235
74085;235
74154;235
74229;235
74289;235
74362;235
74420;235
74481;235
74540;235
74605;235
74667;235
74723;235
74790;235
74847;235
74902;235
74970;235
75035;235
75096;235
75172;235
75231;235
75305;235
75369;235
75427;235
75485;235
75540;235
75595;235
75652;235
75712;235
75769;235
75841;235
75902;235
75965;235
76022;235
76080;235
76148;235
76233;235
76295;235
76354;235
76414;235
76471;235
76541;235
76605;235
76668;235
76724;235
76782;235
76838;235
76903;235
76970;235
77026;235
77086;235
77165;235
77244;235
77299;235
77354;235
77409;235
77478;235
77537;235
77597;235
77655;235
77712;235
77774;235
77829;235
77885;235
77941;235
77997;235
78056;235
78118;235
78178;235
78239;235
78298;235
78356;235
78412;235
78470;235
78538;235
78601;235
78666;235
78722;235
78790;235
78853;235
78908;235
78964;235
79021;235
79079;235
79139;235
79207;235
79270;235
79329;235
79390;235
79452;235
79510;235
79566;235
79627;235
79694;235
79750;235
79805;235
79868;235
79938;235
80004;235
80077;235
80136;235
80203;235
80273;235
80331;235
80386;235
80443;235
80506;235
80562;235
80619;235
80684;235
80741;236
80798;236
80859;236
80918;236
80987;236
81042;236
81101;236
81159;236
81228;236
81301;236
81358;236
81416;236
81473;236
81534;236
81594;236
81655;236
81712;236
81772;236
81830;236
81886;236
81945;236
82007;236
82066;236
82132;236
82190;236
82253;236
82315;236
82387;236
82447;236
82513;236
82572;236
82637;236
82703;236
82760;236
82816;236
82875;236
82934;236
82992;236
83060;236
83124;236
83188;236
83248;236
83309;236
83368;236
83433;236
83494;236
83574;236
83636;236
83697;236
83752;236
83817;235
83874;235
83938;235
83998;235
84056;235
84114;235
84172;235
84259;235
84334;235
84399;235
84458;235
84526;235
84585;235
84641;235
84698;235
84754;235
84810;235
84868;235
84928;235
84986;235
85045;235
85104;235
85164;235
85222;235
85282;235
85342;235
85398;235
85466;235
85529;235
85584;235
85644;235
85710;235
85766;235
85823;235
85884;235
85944;235
86004;235
86068;235
86142;235
86197;235
86260;235
86316;235
86372;235
86429;235
86499;235
86556;235
86616;235
86681;235
86751;235
86817;235
86877;235
86933;235
86991;235
87054;235
87112;235
87170;235
87232;235
87288;235
87346;235
87410;235
87471;235
87534;235
87599;235
87672;235
87727;235
87790;235
87860;235
87919;235
87992;235
88049;235
88113;235
88175;235
88234;235
88304;235
88360;235
88415;235
88472;235
88528;235
88607;235
88663;235
88723;235
88782;235
88847;235
88904;235
88965;235
89023;235
89079;235
89133;235
89194;235
89253;235
89311;235
89368;235
89440;235
89498;235
89564;235
89628;235
89686;235
89744;235
89801;235
89858;235
89920;235
89977;235
90038;235
90099;235
90160;235
90223;235
90286;235
90345;235
90415;235
90481;235
90555;235
90613;235
90695;235
90764;235
90821;235
90876;235
90933;235
90988;235
91053;235
91114;235
91172;235
91232;235
91301;235
91358;235
91415;235
91470;235
91526;235
91595;235
91652;235
91712;235
91783;235
91847;235
91905;235
91957;235
92015;235
92075;235
92134;235
92194;235
92296;235
92351;235
92408;235
92472;235
92535;235
92591;235
92650;235
92731;235
92790;235
92847;235
92912;235
92967;235
93037;235
93096;235
93172;235
93227;235
93288;235
93349;235
93409;235
93474;235
93534;235
93599;235
93668;235
93723;235
93797;235
93856;235
93914;235
93973;235
94031;235
94089;235
94146;235
94216;235
94279;235
94341;235
94411;235
94485;235
94544;235
94602;235
94659;235
94717;235
94774;235
94847;235
94905;235
94965;235
95025;235
95084;235
95143;235
95203;235
95271;235
95360;235
95423;235
95478;235
95533;235
95591;235
95653;235
95718;235
95776;235
95833;235
95906;235
95967;235
96020;235
96085;235
96150;235
96219;235
96280;235
96346;235
96403;235
96460;235
96517;235
96576;235
96634;235
96691;235
96756;235
96813;235
96887;235
96951;235
97011;235
97070;235
97158;235
97275;235
97408;235
97466;235
97523;235
97580;235
97638;235
97696;235
97757;235
97819;235
97877;235
97935;235
98000;235
98061;235
98119;235
98186;235
98259;235
98322;235
98382;235
98468;235
98523;235
98579;235
98649;235
98712;235
98776;235
98856;235
98921;235
98978;235
99039;235
99106;235
99164;235
99221;235
99281;235
99340;235
99398;235
99454;235
99515;235
99595;235
99693;235
99793;235
99844;235
99907;235
99965;235
100043;235
100108;235
100167;235
100228;235
100294;235
100362;235
100422;235
100479;235
100536;235
100593;235
100672;235
100729;235
100800;235
100865;235
100930;235
100990;235
101062;235
101117;235
101172;235
101249;235
101313;235
101370;235
101428;235
101487;235
101567;235
101625;235
101684;235
101748;235
101805;235
101862;235
101920;235
101983;235
102043;235
102107;235
102167;235
102224;235
102285;235
102351;235
102407;235
102469;235
102526;235
102581;235
102646;235
102711;235
102768;235
102828;235
102893;235
102950;235
103010;235
103079;235
103145;235
103209;235
103281;235
103339;235
103396;235
103454;235
103530;235
103644;235
103752;235
103832;235
103910;235
103965;235
104021;235
104081;235
104140;235
104197;235
104255;235
104338;235
104409;235
104480;235
104546;235
104605;235
104683;235
104742;235
104799;235
104858;235
104931;235
104988;235
105048;235
105111;235
105168;235
105231;235
105290;235
105343;235
105401;235
105467;235
105536;235
105596;235
105658;235
