261;3845
391;3800
470;3800
562;3722
638;3547
706;3405
777;3347
872;3203
950;3203
1035;3138
1112;3065
1199;3027
1263;2950
1324;2950
1393;2895
1458;2895
1523;2895
1597;2895
1677;2822
1761;2802
1823;2721
1888;2721
1961;2649
2071;2628
2135;2455
2223;2291
2289;2291
2364;2234
2429;2234
2492;2234
2556;2234
2625;2186
2695;2186
2757;2187
2818;2187
2885;2187
2955;2162
3264;2160
3526;2076
3681;2072
3873;2062
3992;2062
4090;2062
4154;2004
4233;1985
4299;1985
4356;1985
4414;1875
4470;1875
4528;1875
4586;1732
4644;1732
4701;1732
4775;1551
4849;1524
4923;1524
4982;1524
5041;1524
5120;1524
5189;1524
5261;1486
5332;1458
5391;1458
5483;1414
5539;1414
5602;1397
5666;1332
5726;1332
5783;1332
5852;1332
5910;1332
5980;1295
6040;1295
6097;1295
6156;1239
6225;1239
6306;1239
6394;1162
6471;1084
6546;1084
6611;1084
6726;1063
6790;991
6845;991
6917;991
6977;991
7049;991
7118;942
7188;928
7246;928
7304;928
7362;928
7431;928
7506;928
7579;928
7638;831
7711;829
7770;802
7857;802
7912;802
7984;802
8055;802
8111;802
8170;802
8271;802
8333;704
8406;704
8500;704
8597;704
8744;704
8837;704
8899;703
8973;702
9039;654
9112;654
9171;654
9236;654
9333;654
9401;654
9458;654
9522;654
9580;654
9635;654
9690;654
9751;654
9811;654
9869;654
9926;654
9984;613
10055;615
10119;615
10186;615
10246;615
10308;615
10376;615
10442;615
10505;615
10562;615
10641;615
10695;615
10750;613
10813;613
10876;613
10959;613
11054;613
11128;613
11234;613
11316;519
11376;519
11441;519
11505;519
11567;518
11624;518
11684;518
11742;518
11802;518
11882;518
11939;518
12000;518
12055;518
12113;518
12171;518
12226;518
12282;518
12349;494
12405;494
12472;494
12542;494
12603;494
12667;494
12754;494
12862;494
12927;494
12991;494
13069;436
13143;436
13213;436
13277;436
13345;436
13408;436
13464;436
13523;436
13581;435
13653;435
13721;435
13785;435
13847;435
13951;435
14009;435
14075;435
14133;435
14191;435
14250;435
14314;435
14381;435
14449;435
14508;435
14563;435
14621;435
14691;435
14746;435
14818;435
14878;435
14937;435
14994;435
15058;435
15115;435
15179;435
15236;435
15302;435
15363;435
15434;435
15492;435
15552;435
15619;404
15674;404
15737;404
15799;404
15856;404
15916;404
15974;404
16044;404
16102;404
16160;404
16221;404
16318;404
16374;404
16439;404
16496;404
16552;404
16607;404
16666;404
16725;404
16782;404
16843;404
16905;403
16964;403
17024;403
17090;403
17147;403
17207;403
17276;403
17332;403
17387;403
17446;403
17504;402
17574;405
17630;405
17685;405
17754;405
17818;405
17875;405
17932;405
17997;405
18062;311
18123;311
18188;311
18244;311
18302;311
18357;311
18414;311
18494;311
18552;311
18609;311
18669;311
18751;311
18810;311
18872;311
18944;311
19002;311
19060;311
19119;311
19182;311
19239;311
19296;311
19358;311
19414;311
19475;311
19532;311
19589;311
19645;311
19704;311
19763;311
19819;311
19878;310
19941;310
19997;310
20055;310
20112;310
20170;310
20227;310
20284;310
20344;310
20402;310
20468;310
20526;310
20589;310
20647;310
20710;310
20768;310
20835;310
20892;310
20948;310
21008;310
21084;310
21143;310
21208;310
21265;310
21332;310
21390;310
21449;310
21507;310
21574;310
21630;310
21686;310
21744;310
21803;310
21870;310
21928;310
21987;310
22046;237
22115;237
22177;237
22232;237
22290;237
22353;237
22414;237
22473;237
22536;237
22592;237
22648;237
22705;237
22762;237
22818;237
22873;237
22929;237
22987;237
23047;237
23122;237
23183;237
23241;237
23306;237
23361;237
23424;237
23482;237
23541;237
23601;235
23657;235
23717;235
23797;235
23853;235
23917;235
23980;235
24043;237
24111;237
24170;237
24227;237
24301;237
24360;237
24416;237
24483;237
24540;237
24606;237
24663;237
24721;237
24778;237
24838;237
24907;237
24963;237
25022;237
25080;237
25137;237
25200;237
25256;237
25319;237
25378;237
25441;237
25501;237
25561;237
25617;237
25674;237
25733;237
25793;237
25864;237
25925;237
25984;237
26043;237
26104;237
26163;237
26221;237
26280;237
26339;235
26422;235
26481;235
26537;235
26602;235
26662;235
26727;235
26785;235
26853;235
26923;235
26980;235
27035;235
27097;235
27152;235
27206;235
27279;235
27342;235
27399;235
27455;235
27525;235
27594;235
27658;235
27763;235
27877;235
27932;235
27994;235
28056;235
28111;235
28168;235
28223;235
28286;235
28348;235
28410;235
28467;235
28523;235
28578;235
28633;235
28690;235
28744;235
28809;235
28882;235
28939;235
28997;235
29054;235
29109;235
29166;235
29220;235
29282;235
29349;235
29412;235
29471;235
29528;235
29584;235
29648;235
29723;235
29792;235
29849;235
29903;235
29960;235
30022;235
30081;235
30138;235
30192;236
30249;236
30305;236
30363;236
30422;236
30481;236
30541;236
30611;236
30668;236
30723;236
30784;236
30841;236
30898;236
30954;235
31009;235
31070;235
31152;235
31220;235
31286;235
31342;235
31397;235
31459;235
31513;235
31583;236
31645;236
31699;236
31761;236
31825;236
31883;236
31955;236
32020;236
32075;236
32137;236
32192;236
32247;236
32302;236
32356;236
32418;236
32476;236
32532;236
32588;236
32655;236
32711;236
32771;236
32826;236
32888;236
32945;236
33001;236
33057;236
33134;236
33190;236
33247;236
33303;236
33359;236
33416;236
33478;236
33532;236
33589;236
33656;234
33726;234
33788;234
33843;234
33899;234
33968;234
34026;234
34091;234
34155;234
34219;234
34293;234
34349;234
34403;234
34458;234
34515;234
34572;234
34636;234
34713;234
34770;234
34826;234
34882;234
34939;234
35002;234
35073;234
35143;234
35233;234
35320;234
35376;234
35430;234
35501;234
35571;234
35628;234
35706;234
35768;234
35849;234
35904;234
35965;234
36021;234
36077;234
36136;234
36193;234
36270;234
36329;234
36386;234
36441;234
36500;234
36557;234
36612;234
36674;234
36729;234
36800;234
36857;234
36913;234
36969;234
37027;234
37094;236
37157;236
37227;236
37304;236
37362;236
37432;236
37494;236
37556;236
37613;236
37667;236
37723;236
37794;236
37865;236
37924;236
37988;236
38060;236
38131;236
38190;236
38259;236
38321;236
38392;236
38456;236
38518;236
38587;236
38665;236
38726;236
38783;236
38840;236
38899;236
38998;236
39070;236
39130;236
39194;236
39249;236
39311;236
39367;236
39424;236
39487;236
39541;236
39607;236
39670;236
39728;236
39784;236
39842;236
39913;236
39970;236
40030;236
40092;236
40157;236
40213;236
40269;236
40332;236
40387;236
40469;236
40526;236
40584;236
40642;236
40699;236
40755;236
40819;236
40879;236
40958;236
41017;236
41089;236
41145;236
41217;236
41286;236
41352;236
41410;236
41469;236
41533;236
41605;236
41667;236
41722;236
41789;236
41851;236
41913;236
41968;236
42024;236
42093;236
42150;236
42206;236
42266;236
42322;236
42384;236
42460;236
42517;236
42572;236
42634;236
42696;236
42750;236
42805;236
42862;236
42919;236
42996;236
43056;236
43117;236
43186;236
43243;236
43297;236
43352;236
43422;236
43502;236
43559;236
43621;236
43680;236
43736;236
43800;236
43856;236
43922;236
43992;236
44046;236
44103;236
44172;236
44241;236
44302;236
44370;236
44431;236
44485;236
44547;236
44625;236
44679;236
44744;236
44805;236
44862;236
44917;236
44980;236
45045;236
45107;236
45164;236
45219;236
45281;236
45343;236
45397;236
45453;236
45510;236
45573;236
45635;236
45704;236
45763;236
45821;236
45897;236
45958;236
46012;236
46069;236
46124;236
46192;236
46247;236
46303;236
46373;236
46430;236
46488;236
46545;236
46602;236
46658;236
46716;236
46783;236
46841;236
46895;236
46952;236
47009;236
47066;236
47123;236
47195;236
47250;236
47327;236
47389;236
47446;236
47501;236
47570;236
47627;236
47690;236
47744;236
47806;236
47860;236
47937;236
48000;236
48062;236
48121;236
48183;236
48249;236
48304;236
48361;236
48415;236
48470;236
48527;236
48595;236
48652;236
48708;236
48766;236
48820;236
48874;236
48931;236
48985;236
49043;236
49106;236
49160;236
49227;234
49289;234
49346;234
49403;234
49458;234
49513;234
49571;234
49631;234
49703;234
49755;234
49817;234
49875;234
49932;234
49995;234
50062;234
50123;234
50180;234
50244;236
50299;236
50378;236
50435;236
50502;236
50557;236
50614;236
50670;236
50729;236
50790;236
50847;236
50909;236
50964;236
51019;236
51083;236
51142;236
51201;235
51267;235
51330;235
51391;235
51447;235
51504;235
51561;235
51615;235
51670;235
51728;235
51787;235
51849;235
51909;235
51968;235
52024;235
52093;235
52166;235
52243;235
52300;235
52355;236
52411;236
52470;236
52531;236
52588;236
52645;236
52727;236
52793;236
52850;236
52907;236
52966;236
53026;236
53085;236
53146;236
53208;236
53270;236
53326;236
53384;236
53438;236
53495;236
53552;236
53608;235
53667;235
53737;235
53793;235
53852;235
53910;235
53981;235
54051;235
54123;235
54195;235
54297;235
54364;235
54426;235
54481;236
54536;236
54601;236
54659;236
54717;236
54780;236
54836;236
54899;236
54958;236
55014;236
55078;236
55134;236
55192;236
55252;236
55319;236
55387;236
55443;236
55525;236
55584;236
55641;236
55705;236
55764;236
55850;236
55906;236
55964;236
56028;236
56085;236
56141;236
56196;236
56267;236
56347;236
56424;236
56486;236
56548;236
56605;236
56655;236
56710;236
56780;236
56835;236
56903;236
56958;236
57014;236
57078;236
57142;236
57200;236
57264;236
57338;235
57409;235
57464;235
57525;235
57595;235
57656;235
57713;235
57769;235
57823;235
57879;235
57936;235
57992;235
58057;235
58121;235
58193;235
58252;235
58319;235
58375;235
58429;235
58486;235
58540;235
58610;235
58668;235
58724;235
58781;235
58847;235
58924;235
58988;235
59043;235
59100;235
59163;235
59219;235
59273;235
59328;235
59389;235
59443;235
59498;235
59580;235
59645;235
59741;235
59842;235
59928;235
59987;235
60046;235
60107;235
60173;235
60228;235
60284;235
60339;235
60393;235
60459;235
60527;235
60584;235
60641;235
60714;235
60808;235
60904;235
60971;235
61033;235
61090;235
61164;235
61223;235
61285;235
61350;235
61400;235
61470;235
61529;235
61592;235
61657;235
61713;235
61826;235
61902;235
61968;235
62044;235
62122;235
62187;235
62244;235
62301;235
62362;235
62423;235
62486;235
62547;235
62610;235
62666;235
62721;235
62784;235
62839;235
62893;235
62952;235
63022;235
63094;235
63151;235
63216;235
63287;235
63344;235
63404;235
63464;235
63531;235
63594;235
63659;234
63716;234
63773;234
63830;234
63889;234
63951;234
64013;234
64071;234
64129;234
64191;234
64248;234
64303;234
64366;234
64430;234
64487;234
64556;234
64619;234
64676;234
64738;234
64797;234
64862;234
64922;234
64978;234
65055;234
65123;235
65188;235
65247;235
65303;234
65367;234
65450;234
65545;234
65636;234
65725;234
65806;234
65906;234
65991;234
66073;234
66154;234
66220;234
66287;234
66370;234
66436;234
66504;234
66578;234
66650;234
66729;234
66799;234
66858;234
66923;234
66977;234
67036;234
67101;234
67168;234
67226;234
67298;234
67377;234
67443;234
67524;234
67599;234
67661;234
67716;234
67777;234
67835;234
67900;234
67959;234
68049;234
68116;234
68191;234
68263;234
68319;234
68378;234
68433;234
68490;234
68546;234
68610;234
68698;234
68762;234
68822;234
68877;234
68941;234
69014;234
69075;234
69129;234
69185;234
69255;234
69313;234
69369;234
69424;234
69483;234
69541;234
69612;234
69669;234
69727;234
69789;234
69851;234
69905;234
69960;234
70016;234
70094;234
70151;234
70206;234
70269;234
70330;234
70395;234
70481;234
70578;234
70645;234
70709;234
70763;234
70819;234
70876;234
70932;234
70986;234
71042;234
71098;234
71155;234
71222;234
71289;234
71345;234
71405;234
71477;234
71531;234
71595;234
71650;234
71717;234
71795;234
71850;234
71905;234
71967;234
72026;234
72084;234
72142;234
72200;234
72256;234
72322;234
72378;234
72484;234
72547;235
72606;235
72661;235
72719;235
72779;235
72834;235
72890;235
72953;235
73033;235
73093;235
73149;235
73213;235
73273;235
73330;235
73387;235
73456;235
73525;235
73597;235
73678;235
73749;235
73803;235
73865;235
73927;235
73982;235
74039;235
74103;235
74159;235
74238;235
74305;235
74361;235
74425;235
74490;235
74549;235
74606;235
74662;235
74719;235
74777;235
74844;235
74902;235
74960;235
75018;235
75073;235
75136;235
75198;235
75261;235
75329;235
75395;235
75471;235
75548;235
75617;235
75681;235
75754;235
75830;235
75896;235
75963;235
76027;235
76091;235
76172;235
76228;235
76285;235
76343;235
76399;235
76455;235
76510;235
76577;235
76632;235
76696;235
76755;235
76813;235
76882;235
76942;235
76998;235
77056;235
77121;235
77180;235
77249;235
77322;235
77388;235
77443;235
77500;235
77555;235
77612;235
77668;235
77731;235
77786;235
77838;235
77894;235
77951;235
78008;235
78066;235
78138;235
78237;235
78318;235
78393;235
78451;235
78530;235
78591;235
78653;235
78715;235
78771;235
78826;235
78897;235
78954;235
79011;235
79071;235
79147;235
79209;235
79268;235
79335;235
79402;235
79469;235
79544;235
79616;235
79675;235
79732;235
79800;235
79856;235
79913;235
79971;235
80029;235
80091;235
80148;235
80203;235
80266;235
80323;235
80382;235
80456;235
80526;235
80595;235
80651;235
80716;235
80775;235
80838;235
80929;235
81004;235
81105;235
81192;235
81276;235
81332;235
81409;235
81496;235
81588;235
81674;235
81761;235
81817;235
81875;235
81942;235
82000;235
82058;235
82116;235
82184;235
82240;235
82311;235
82378;235
82436;235
82492;235
82553;235
82609;235
82669;235
82725;235
82789;235
82852;235
82917;235
82973;235
83030;235
83087;235
83147;235
83203;235
83274;235
83336;235
83393;235
83461;235
83526;235
83580;235
83637;235
83689;235
83753;235
83817;235
83875;235
83933;235
83989;235
84051;235
84108;235
84165;235
84223;235
84277;235
84346;235
84401;235
84465;235
84521;235
84576;235
84633;235
84706;235
84763;235
84819;235
84894;235
84962;235
85023;235
85079;235
85149;235
