216;1923
344;1815
441;1760
555;1760
658;1517
723;1428
808;1346
873;1346
954;1209
1041;1168
1105;1168
1170;1168
1237;1104
1306;1078
1380;1078
1448;1064
1520;1064
1584;1028
1649;966
1717;894
1782;894
1846;894
1924;894
2068;733
2149;610
2222;557
2285;557
2347;557
2411;557
2474;556
2537;556
2601;556
2667;556
2738;556
2803;556
2869;556
2931;555
2993;468
3056;468
3119;468
3185;449
3243;449
3299;449
3356;449
3414;449
3479;449
3542;449
3789;370
4051;370
4285;370
4520;370
4759;370
5002;370
5208;290
5272;235
5350;235
5453;235
5547;235
5612;235
5666;235
5720;235
5775;235
5838;235
5892;192
5950;192
6007;192
6063;192
6125;192
6182;192
6240;192
6297;192
6353;192
6411;133
6509;133
6564;133
6622;133
6686;133
6751;133
6806;133
6862;133
6916;133
6974;133
7030;133
7087;133
7143;133
7200;133
7258;133
7315;133
7371;133
7428;133
7491;79
7552;79
7608;79
7697;79
7881;79
8105;79
8318;79
8529;79
8771;79
8825;79
8880;79
8938;79
8992;79
9046;79
9101;79
9155;79
9209;79
9267;79
9321;79
9377;79
9434;79
9491;79
9547;79
9603;79
9658;79
9714;79
9779;79
9845;79
9901;79
9972;79
10033;79
10089;79
10146;79
10201;78
10264;78
10319;78
10374;78
10428;78
10485;78
10540;78
10596;78
10650;78
10703;78
10758;78
10816;78
10873;78
10930;78
10985;78
11041;78
11097;78
11152;78
11208;78
11266;78
11322;78
11381;78
11436;78
11496;78
11553;78
11609;78
11669;78
11723;78
11777;78
11832;78
11889;80
11943;80
11996;80
12050;80
12104;80
12157;80
12212;80
12269;80
12325;80
12384;80
12440;80
12495;80
12550;80
12612;80
12667;80
12725;80
12782;80
12838;80
12898;80
12954;80
13009;80
13065;80
13142;80
13196;80
13250;80
13308;80
13362;80
13420;80
13476;78
13531;78
13586;78
13642;78
13697;78
13754;78
13814;78
13869;78
13927;78
13981;78
14041;78
14096;78
14155;78
14212;78
14270;78
14326;78
14383;78
14441;78
14496;78
14556;78
14617;78
14674;78
14729;78
14786;78
14844;78
14899;78
14955;78
15010;78
15065;78
15121;78
15177;78
15232;78
15298;78
15352;78
15408;78
15462;78
15518;78
15575;78
15630;78
15686;78
15742;78
15797;78
15854;78
15911;78
16004;78
16057;78
16115;78
16173;78
16228;78
16284;78
16338;78
16396;78
16452;78
16507;78
16561;78
16618;78
16676;78
16738;78
16794;78
16852;78
16907;78
16964;78
17019;78
17076;78
17135;78
17196;78
17253;78
17309;78
17372;78
17431;78
17504;78
17560;78
17617;78
17671;78
17727;78
17781;78
17838;78
17892;78
17945;78
17999;78
18055;78
18111;78
18165;78
18224;78
18281;78
18335;78
18393;78
18450;78
18509;78
18565;78
18621;78
18680;78
18735;78
18790;78
18848;78
18910;78
18964;78
19040;78
19094;78
19148;78
19203;78
19260;78
19315;78
19369;78
19430;83
19486;83
19545;83
19601;83
19657;83
19714;83
19768;83
19824;83
19879;83
19936;83
19992;83
20049;83
20106;83
20164;83
20222;83
20283;83
20345;83
20400;83
20455;83
20514;83
20588;83
20642;83
20695;83
20749;83
20802;83
20857;83
20911;83
20967;83
21024;83
21083;83
21138;83
21195;83
21252;83
21309;83
21364;83
21420;83
21482;83
21537;83
21593;83
21650;83
21750;83
21804;83
21864;83
21920;83
21975;83
22029;83
22103;83
22161;83
22221;83
22277;83
22330;83
22386;83
22446;83
22503;83
22558;83
22616;83
22670;83
22725;83
22782;83
22839;83
22894;83
22951;83
23006;83
23063;83
23120;83
23175;83
23246;83
23300;83
23354;83
23410;83
23466;83
23519;83
23581;83
23653;83
23709;83
23764;83
23823;83
23880;83
23937;83
23992;83
24047;83
24102;83
24158;83
24214;83
24272;83
24331;83
24387;83
24443;83
24499;83
24554;83
24609;83
24701;83
24755;83
24810;83
24865;83
24920;83
24980;83
25036;83
25093;83
25155;83
25225;83
25283;83
25338;83
25393;83
25450;83
25508;83
25569;83
25626;83
25682;83
25737;83
25793;83
25849;83
25905;83
25961;83
26015;83
26070;83
26132;83
26186;83
26241;83
26294;83
26347;83
26401;83
26454;83
26508;83
26563;83
26618;83
26671;83
26744;83
26802;83
26858;83
26912;83
26967;83
27021;83
27075;83
27130;83
27185;83
27241;83
27299;83
27354;83
27411;83
27466;83
27556;83
27609;83
27663;83
27717;83
27772;83
27826;83
27881;83
27935;83
27987;83
28042;83
28095;83
28149;83
28203;83
28278;83
28334;83
28389;83
28443;83
28498;83
28554;83
28610;83
28670;83
28727;83
28783;83
28838;83
28896;83
28952;83
29008;83
29061;83
29118;83
29172;83
29227;83
29281;83
29334;83
29387;83
29442;83
29495;83
29548;83
29602;83
29657;83
29712;83
29770;83
29843;83
29897;83
29952;83
30007;83
30063;83
30118;83
30172;83
30229;83
30287;83
30340;83
30400;83
30457;83
30510;83
30563;83
30617;83
30670;83
30725;83
30779;83
30832;83
30887;83
30943;83
30998;83
31052;83
31109;83
31168;83
31224;83
31282;83
31355;83
31412;83
31468;83
31523;83
31578;83
31635;83
31690;83
31745;83
31800;83
31858;83
31907;83
31962;83
32016;83
32069;83
32122;83
32177;83
32233;83
32287;83
32344;83
32397;83
32453;83
32508;83
32562;83
32617;83
32679;83
32741;83
32795;83
32849;83
32923;83
32980;83
33036;83
33091;83
33153;83
33209;83
33265;83
33318;83
33370;83
33425;83
33478;83
33531;83
33585;83
33640;83
33693;83
33748;83
33804;83
33859;83
33916;83
33978;83
34033;83
34088;83
34143;83
34197;83
34254;83
34311;83
34368;83
34438;83
34501;83
34556;83
34610;83
34663;83
34716;83
34769;83
34824;83
34877;83
34930;83
34983;83
35038;83
35092;83
35146;83
35202;83
35258;83
35312;83
35367;83
35431;83
35496;83
35551;83
35605;83
35661;83
35721;83
35774;83
35830;83
35884;83
35945;83
36003;83
36060;83
36114;83
36167;83
36223;83
36281;83
36334;83
36390;83
36446;83
36521;83
36610;83
36733;83
36800;83
36855;83
36912;83
36968;83
37025;83
37082;83
37147;83
37210;83
37272;83
37324;83
37377;83
37431;83
37488;83
37551;83
37608;85
37663;85
37719;85
37778;85
37839;85
37894;85
37948;85
38003;85
38057;85
38121;85
38178;85
38235;85
38289;85
38344;85
38397;85
38452;85
38505;85
38558;85
38612;85
38666;85
38720;85
38776;85
38830;85
38891;85
38946;85
39001;85
39058;85
39112;85
39178;85
39229;85
39284;85
39337;85
39391;85
39444;85
39504;85
39558;85
39612;85
39666;85
39727;85
39780;85
39835;85
39891;85
39949;85
40010;85
40071;85
40134;85
40209;85
40266;85
40320;85
40374;85
40428;85
40483;85
40543;85
40599;85
40654;85
40708;85
40761;85
40814;85
40870;85
40924;85
40982;85
41036;85
41090;85
41145;85
41205;85
41264;85
41317;85
41371;85
41426;85
41481;85
41535;85
41588;85
41649;85
41702;85
41758;85
41812;85
41869;85
41922;85
41977;85
42033;85
42102;85
42156;85
42211;85
42266;85
42319;85
42373;85
42427;85
42481;85
42535;85
42588;85
42642;85
42696;85
42753;85
42808;85
42863;85
42916;85
42976;85
43031;85
43086;85
43140;85
43192;85
43246;85
43302;85
43355;85
43408;85
43464;85
43517;85
43574;85
43629;85
43690;85
43744;85
43802;85
43858;85
43918;85
43973;85
44028;85
44082;85
44137;85
44190;85
44243;85
44297;85
44349;85
44402;85
44463;85
44518;85
44582;85
44635;85
44688;85
44743;85
44796;85
44849;85
44904;85
44956;85
45011;85
45065;85
45119;85
45176;85
45232;85
45287;83
45345;83
45401;83
45454;83
45507;83
45560;83
45616;78
45671;78
45723;78
45777;78
45831;78
45884;78
45938;78
45992;78
46050;78
46104;78
46156;78
46213;78
46268;78
46322;78
46375;78
46428;78
46481;78
46535;78
46591;78
46646;78
46702;78
46761;78
46823;78
46881;78
46935;78
46989;78
47041;78
47102;78
47156;78
47209;78
47263;78
47320;78
47374;78
47431;78
47484;78
47541;78
47595;78
47649;78
47702;78
47755;78
47809;78
47863;78
47917;78
47973;78
48032;78
48107;78
48202;78
48328;78
48444;78
48555;78
48630;78
48697;78
48764;78
48853;78
48971;78
49087;78
49178;78
49235;78
49291;78
49346;78
49405;78
49466;78
49527;78
49603;78
49658;78
49717;78
49771;78
49833;78
49886;78
49939;78
49994;78
50046;78
50103;78
50159;78
50213;78
50282;78
50336;78
50389;78
50442;78
50497;78
50551;78
50605;78
50660;78
50713;78
50767;78
50825;78
50878;78
50933;78
50987;78
51042;78
51098;78
51163;78
51216;78
51280;78
51356;78
51409;78
51469;78
51522;78
51583;78
51637;78
51690;78
51743;78
51804;78
51859;78
51914;78
51969;78
52023;78
52079;78
52132;78
52189;78
52242;78
52299;78
52352;78
52405;78
52462;78
52515;78
52569;78
52625;78
52678;78
52735;78
52795;78
52847;78
52921;78
52974;78
53030;78
53087;78
53148;78
53200;78
53253;78
53306;78
53361;78
53415;78
53470;78
53523;78
53579;78
53633;78
53696;78
53749;78
53802;78
53857;78
53908;78
53965;78
54018;78
54072;78
54126;78
54184;78
54238;78
54292;78
54345;78
54409;78
54475;78
54531;78
54587;78
54641;78
54696;78
54758;78
54813;78
54870;78
54926;78
54979;78
55032;78
55088;78
55140;78
55194;78
55248;78
55303;78
55362;78
55422;78
55475;78
55528;78
55587;78
55640;78
55693;78
55746;78
55799;78
55859;78
55911;78
55984;78
56037;78
56092;78
56147;78
56231;78
56341;78
56444;78
56556;78
56651;78
56708;78
56771;78
56824;78
56879;78
56936;78
56991;78
57048;78
57102;78
57155;78
57210;78
57267;78
57320;78
57383;78
57436;78
57501;78
57600;78
57692;78
57788;78
57872;78
57929;78
57983;78
58036;78
58091;78
58147;78
58203;78
58259;78
58324;78
58378;78
58432;78
58486;78
58545;78
58601;78
58655;78
58709;78
58764;78
58820;78
58876;78
58931;78
58987;78
59049;78
59120;78
59174;78
59236;78
59295;78
59348;78
59401;78
59455;78
59511;78
59564;78
59618;78
59672;78
59725;78
59777;78
59837;78
59895;78
59952;78
60010;78
60066;78
60135;78
60189;78
60248;78
60302;78
60356;78
60411;78
60465;78
60521;78
60579;78
60638;78
60693;78
60752;78
60808;78
60865;78
60922;78
60980;78
61035;78
61091;78
61145;78
61199;78
61258;78
61313;78
61368;78
61422;78
61477;78
61539;78
61596;78
61653;78
61712;78
61773;78
61827;78
61882;78
61934;78
61992;78
62046;78
62101;78
62157;78
62212;78
62270;78
62330;78
62386;78
62440;78
62505;78
62563;78
62620;78
62675;78
62730;78
62786;78
62841;78
62899;78
62955;78
63008;78
63062;78
63115;78
63171;78
63233;78
63290;78
63346;78
63402;78
63457;78
63513;78
63566;78
63620;78
63676;78
63732;78
63788;78
63844;78
63902;78
63961;78
64021;78
64077;78
64133;78
64189;78
64245;78
64298;78
64351;78
64406;78
64460;78
64527;78
64599;78
64664;78
64737;78
64845;78
64933;78
65016;78
65096;78
65181;78
65291;78
65390;78
65490;78
65576;78
65633;78
65702;78
65791;78
65881;78
65953;78
66028;78
66118;78
66203;78
66291;78
66388;78
66465;78
66518;78
66571;78
66627;78
66683;78
66741;78
66800;78
66856;78
66912;78
66968;78
67024;78
67083;78
67139;78
67194;78
67251;78
67305;78
67359;78
67414;78
67469;78
67528;78
67591;78
67646;78
67721;78
67796;78
67865;78
67918;78
67974;78
68028;78
68082;78
68136;78
68195;78
68250;78
68310;78
68367;78
68421;78
68480;78
68555;78
68632;78
68711;78
68800;78
68881;78
68966;78
69024;78
69079;78
69132;78
69219;78
69307;78
69397;78
69485;78
69572;78
69653;78
69730;78
69783;78
69840;78
69894;78
69949;78
70002;78
70056;78
70113;78
70167;78
70222;78
70282;78
70347;78
70453;78
70570;78
70677;78
70772;78
70902;78
71040;78
71145;78
71226;78
71356;78
71463;78
71560;78
71673;78
71778;78
71872;78
71952;78
72033;78
72137;78
72223;78
72296;78
72388;78
72475;78
72573;78
72664;78
72752;78
72841;78
72900;78
72962;78
73016;78
73070;78
73130;78
73189;78
73270;78
73332;78
73398;78
73464;78
73518;78
73578;78
73635;78
73694;78
73752;78
73812;78
73868;78
73930;78
73985;78
74052;78
74119;78
74190;78
74246;78
74305;78
74365;78
74425;78
74483;78
74546;78
74608;78
74670;78
74726;78
74789;78
74844;78
74912;78
74969;78
75037;78
75100;78
75154;78
75215;78
75276;78
75335;78
75388;78
75442;78
75500;78
75554;78
75613;78
75669;78
75748;78
75814;78
75870;78
75926;78
75987;78
76044;78
76109;78
76179;78
76241;78
76309;78
76365;78
76419;78
76478;78
76533;78
76589;78
76653;78
76714;78
76775;78
76834;78
76892;78
76950;78
77006;78
77062;78
77118;78
77174;78
77243;78
77297;78
77356;78
77416;78
77481;78
77550;78
77622;78
77680;78
77747;78
77804;78
77870;78
77927;78
77985;78
78047;78
78109;78
78164;78
78231;78
78311;78
78371;78
78425;78
78481;78
78547;78
78603;78
78659;78
78716;78
78773;78
78825;78
78886;78
78945;78
79009;78
79066;78
79177;78
79267;78
79326;78
79390;78
79449;78
79509;78
79562;78
79626;78
79679;78
79734;78
79793;78
79846;78
79917;78
79976;78
80031;78
80091;78
80145;78
80218;78
80277;78
80343;78
80403;78
80460;78
80513;78
80566;78
80639;78
80692;78
80745;78
80800;78
80858;78
80913;78
80969;78
81024;78
81081;78
81137;78
81189;78
81243;78
81296;78
81358;78
81411;78
81467;78
81529;78
81584;78
81639;78
81693;78
81749;78
81810;78
81871;78
81924;78
