190;2313
290;2241
385;2114
458;2015
563;1760
649;1702
729;1481
796;1382
872;1117
964;1039
1054;1039
1126;1039
1197;1016
1268;1016
1345;1016
1428;1016
1516;1016
1614;882
1679;808
1747;808
1812;808
1883;756
1950;756
2036;756
2099;756
2168;756
2235;756
2306;735
2373;735
2436;729
2500;729
2568;729
2635;729
2707;729
2770;729
2832;729
2894;729
2956;729
3018;729
3080;729
3150;727
3216;727
3278;727
3336;727
3399;727
3474;727
3546;727
3622;629
3696;629
3769;629
3840;629
3912;629
3983;629
4053;629
4110;629
4169;628
4222;628
4279;628
4333;628
4387;546
4444;546
4506;475
4563;475
4621;475
4675;475
4734;416
4791;416
4847;416
4905;416
4961;416
5017;416
5075;416
5130;399
5198;399
5253;399
5311;399
5365;399
5420;399
5473;399
5528;399
5588;360
5644;360
5698;360
5753;360
5813;324
5870;324
5928;324
5984;324
6048;324
6105;324
6162;324
6222;324
6283;324
6354;324
6426;324
6504;324
6576;324
6647;324
6709;324
6768;324
6823;241
6879;241
6933;241
6986;241
7042;241
7097;241
7155;241
7209;241
7264;241
7320;241
7378;241
7435;241
7503;173
7558;173
7623;173
7680;173
7737;173
7793;174
7855;84
7912;84
7968;84
8026;84
8084;84
8141;84
8197;84
8252;84
8309;84
8364;84
8418;84
8471;84
8525;84
8578;84
8633;84
8692;84
8756;83
8814;83
8875;83
8938;83
8995;83
9052;83
9114;83
9172;83
9229;83
9284;83
9339;83
9398;83
9454;83
9511;83
9578;83
9632;83
9686;83
9741;83
9804;83
9859;83
9914;83
9968;83
10023;83
10077;83
10131;83
10190;83
10250;83
10307;83
10369;83
10427;83
10494;83
10554;83
10609;83
10664;83
10721;83
10777;83
10831;83
10888;83
10952;83
11013;83
11068;83
11121;83
11175;83
11229;83
11283;83
11346;83
11404;83
11460;83
11517;83
11575;83
11634;83
11695;83
11753;83
11814;83
11874;83
11931;83
11987;83
12047;83
12103;83
12160;83
12223;83
12282;83
12347;83
12403;83
12465;83
12523;83
12579;83
12633;83
12691;83
12749;83
12805;83
12866;83
12922;83
12979;83
13038;83
13095;83
13156;83
13212;83
13273;83
13331;83
13388;83
13445;83
13503;83
13597;83
13681;83
13786;83
13872;83
13955;83
14038;83
14120;83
14209;83
14294;83
14371;83
14435;83
14496;83
14552;83
14622;83
14714;83
14819;83
14878;83
14935;83
14998;83
15073;83
15157;83
15256;83
15344;83
15433;83
15532;83
15613;83
15669;83
15724;83
15779;83
15844;83
15928;83
16046;83
16131;83
16203;83
16286;83
16378;83
16487;83
16574;83
16638;83
16696;83
16753;83
16822;83
16881;83
16982;83
17080;83
17186;83
17313;83
17456;83
17599;83
17666;83
17755;83
17857;83
17975;83
18078;83
18206;83
18309;83
18425;83
18532;83
18642;83
18728;83
18824;83
18907;83
18988;83
19055;83
19138;83
19197;83
19282;83
19341;83
19409;83
19473;83
19529;83
19598;83
19665;83
19728;83
19783;83
19844;83
19902;83
19967;83
20034;83
20107;83
20188;83
20303;83
20429;83
20504;83
20620;83
20747;83
20872;83
20982;83
21092;83
21177;83
21266;83
21359;83
21447;83
21556;83
21660;83
21766;83
21849;83
21927;83
22002;83
22071;83
22149;83
22270;83
22356;83
22457;83
22515;83
22569;83
22628;83
22683;83
22749;83
22805;83
22860;83
22915;83
22970;83
23028;83
23094;83
23155;83
23218;83
23314;83
23408;83
23487;83
23564;83
23645;83
23704;83
23761;83
23839;83
23895;83
23968;83
24054;83
24174;83
24269;83
24391;83
24497;83
24610;83
24693;83
24791;83
24865;83
24942;83
25021;83
25097;83
25169;83
25224;83
25279;83
25337;83
25392;83
25450;83
25506;83
25563;83
25620;83
25680;83
25737;83
25801;83
25857;83
25918;83
25990;83
26051;83
26106;83
26160;83
26214;83
26268;83
26322;83
26377;83
26441;83
26496;83
26559;83
26626;83
26694;83
26752;83
26805;83
26869;83
26924;83
26978;83
27034;83
27095;83
27176;83
27254;83
27339;83
27440;83
27563;83
27671;83
27741;83
27840;83
27921;83
28009;83
28089;83
28177;83
28255;83
28334;83
28442;83
28540;83
28671;83
28770;83
28875;83
29006;83
29104;83
29184;83
29260;83
29362;83
29481;83
29594;83
29660;83
29718;83
29776;83
29834;83
29892;83
29950;83
30039;78
30094;78
30157;78
30216;78
30273;78
30328;78
30384;78
30440;78
30495;78
30558;78
30617;78
30687;78
30778;78
30861;78
30917;78
30971;78
31036;78
31091;78
31148;78
31204;78
31262;78
31324;78
31380;78
31434;78
31501;78
31570;78
31626;78
31680;78
31735;78
31792;78
31847;78
31907;78
31962;78
32020;78
32077;78
32132;78
32191;78
32246;78
32300;78
32355;78
32412;78
32467;78
32523;78
32583;78
32638;78
32692;78
32749;78
32808;78
32863;78
32917;78
32971;78
33026;78
33083;78
33140;78
33194;78
33247;78
33307;78
33368;78
33424;78
33478;78
33532;78
33586;78
33661;78
33745;78
33827;78
33892;78
33948;78
34013;78
34066;78
34120;78
34174;78
34228;78
34287;78
34341;78
34422;78
34517;78
34593;78
34689;78
34802;78
34919;78
35048;78
35150;78
35254;78
35370;78
35513;78
35627;78
35719;78
35812;78
35880;78
35983;78
36077;78
36180;78
36288;78
36390;78
36509;78
36576;78
36630;78
36691;78
36743;78
36797;78
36854;78
36909;78
36968;78
37045;78
37125;78
37205;78
37267;78
37321;78
37384;78
37442;78
37499;78
37556;78
37610;78
37665;78
37721;78
37784;78
37840;78
37899;78
37956;79
38010;79
38063;79
38119;79
38175;79
38229;79
38305;79
38375;79
38449;79
38521;79
38576;78
38633;78
38688;78
38742;78
38796;78
38896;78
38950;78
39011;78
39086;78
39163;78
39235;78
39306;78
39371;78
39427;78
39487;78
39541;78
39614;78
39683;78
39745;78
39803;78
39874;78
39949;78
40026;78
40098;78
40154;78
40214;78
40269;78
40325;78
40383;78
40440;78
40502;78
40562;78
40625;78
40684;78
40739;78
40792;78
40850;78
40905;78
40962;78
41020;78
41075;78
41133;78
41189;78
41244;78
41303;78
41362;78
41429;78
41491;78
41547;78
41602;78
41657;78
41711;78
41765;78
41818;78
41871;78
41926;78
41981;78
42038;78
42093;78
42150;78
42209;78
42264;78
42319;78
42377;78
42450;78
42504;78
42559;78
42612;78
42665;78
42718;78
42774;78
42829;78
42882;78
42943;78
42998;78
43052;78
43111;78
43191;78
43269;78
43352;78
43432;78
43495;78
43552;78
43624;78
43704;78
43772;78
43826;78
43880;78
43937;78
43992;78
44051;78
44104;78
44158;78
44214;78
44280;78
44336;78
44393;78
44449;78
44505;78
44561;78
44615;78
44670;78
44725;78
44781;78
44851;78
44906;78
44961;78
45016;78
45069;78
45123;78
45178;78
45238;78
45297;78
45357;78
45412;78
45473;78
45528;78
45583;78
45639;78
45695;78
45749;78
45804;78
45861;78
45916;78
45993;78
46075;78
46155;78
46240;78
46315;78
46374;78
46431;78
46487;78
46546;78
46602;78
46659;78
46718;78
46793;78
46878;78
46952;78
47033;78
47094;78
47157;78
47215;78
47282;78
47342;78
47405;78
47473;78
47545;78
47612;78
47672;78
47730;78
47786;78
47880;78
47942;78
47999;78
48057;78
48113;78
48171;78
48232;78
48286;78
48341;78
48396;78
48451;78
48509;78
48566;78
48623;78
48680;78
48740;78
48798;78
48857;78
48917;78
48978;78
49048;78
49107;78
49167;78
49228;78
49290;78
49374;78
49427;78
49483;78
49538;78
49591;78
49647;78
49700;78
49756;78
49821;78
49878;78
49934;78
49990;78
50049;78
50107;78
50162;78
50218;78
50275;78
50329;78
50384;78
50442;78
50498;78
50556;78
50611;78
50667;78
50723;78
50778;78
50841;78
50894;78
50949;78
51006;78
51061;78
51115;78
51170;78
51224;78
51279;78
51332;78
51388;78
51450;78
51505;78
51560;78
51619;78
51688;78
51765;78
51834;78
51906;78
51964;78
52041;78
52105;78
52199;78
52272;78
52331;78
52397;78
52452;78
52506;78
52578;78
52634;78
52691;78
52744;78
52800;78
52852;78
52906;78
52959;78
53014;78
53085;78
53170;78
53234;78
53293;78
53348;78
53410;78
53467;78
53525;78
53580;78
53637;78
53694;78
53748;78
53804;78
53887;78
53940;78
53993;78
54047;78
54101;78
54155;78
54215;78
54272;78
54329;78
54383;78
54438;78
54492;78
54548;78
54603;78
54671;78
54741;78
54796;78
54852;78
54909;78
54964;78
55025;78
55080;78
55135;78
55190;78
55245;78
55334;78
55388;78
55441;78
55494;78
55550;78
55605;78
55657;78
55712;78
55766;78
55819;78
55873;78
55930;78
55986;78
56043;78
56108;78
56164;78
56239;78
56294;78
56350;78
56409;78
56483;78
56543;78
56603;78
56669;78
56732;78
56795;78
56886;78
56981;78
57048;78
57115;78
57176;78
57241;78
57295;78
57349;78
57402;78
57456;78
57513;78
57568;78
57630;78
57690;78
57752;78
57822;78
57879;78
57931;78
57991;78
58047;78
58107;78
58163;78
58220;78
58276;78
58341;78
58396;78
58455;78
58508;78
58561;78
58614;78
58667;78
58720;78
58774;78
58827;78
58881;78
58934;78
58993;78
59049;78
59105;78
59163;78
59220;78
59275;78
59351;78
59407;78
59463;78
59522;78
59576;78
59637;78
59690;78
59745;78
59798;78
59851;78
59905;78
59959;78
60013;78
60071;78
60124;78
60176;78
60232;78
60287;78
60341;78
60400;78
60455;78
60511;78
60567;78
60621;78
60678;78
60736;78
60792;78
60872;78
60926;78
60980;78
61039;78
61094;78
61147;78
61202;78
61259;78
61311;78
61364;78
61421;78
61475;78
61530;78
61586;78
61642;78
61707;78
61767;78
61825;78
61880;78
61937;78
61995;78
62072;78
62125;78
62180;78
62233;78
62291;78
62348;78
62408;78
62462;78
62518;78
62571;78
62626;78
62679;78
62738;78
62794;78
62849;78
62908;78
62963;78
63020;78
63075;78
63131;78
63200;78
63272;78
63326;78
63379;78
63433;78
63487;78
63545;78
63598;78
63652;78
63707;78
63762;78
63819;78
63874;78
63938;78
63994;78
64052;78
64108;78
64164;78
64219;78
64278;78
64335;78
64388;78
64442;78
64496;78
64549;78
64603;78
64657;78
64712;78
64764;78
64817;78
64871;78
64926;78
64981;78
65038;78
65092;78
65148;78
65203;78
65258;78
65316;78
65369;78
65423;78
65497;78
65553;78
65611;78
65666;78
65721;78
65774;78
65827;78
65885;78
65940;78
65994;78
66053;78
66108;78
66173;78
66230;78
66291;78
66345;78
66397;78
66451;78
66505;78
66559;78
66614;78
66666;78
66720;78
66775;78
66831;78
66884;78
66940;78
67000;78
67073;78
67130;78
67186;78
67245;78
67297;78
67353;78
67407;78
67461;78
67515;78
67567;78
67620;78
67673;78
67726;78
67780;78
67835;78
67897;78
67954;78
68011;78
68066;78
68128;78
68181;78
68234;78
68291;78
68347;78
68401;78
68455;78
68510;78
68583;78
68637;78
68692;78
68748;78
68802;78
68859;78
68915;78
68972;78
69034;78
69086;78
69139;78
69193;78
69249;78
69302;78
69354;78
69409;78
69463;78
69519;78
69572;78
69628;78
69684;78
69746;78
69798;78
69852;78
69906;78
69961;78
70024;78
70080;78
70153;78
70206;78
70261;78
70314;78
70368;78
70422;78
70478;78
70535;78
70587;78
70643;78
70697;78
70751;78
70809;78
70862;78
70919;78
70972;78
71027;78
71081;78
71134;78
71191;78
71251;78
71305;78
71358;78
71413;78
71467;78
71520;78
71575;78
71628;78
71685;78
71738;78
71796;78
71852;78
71908;78
71967;78
72023;78
72076;78
72132;78
72187;78
72240;78
72293;78
72346;78
72400;78
72454;78
72510;78
72565;78
72624;78
72680;78
72735;78
72788;78
72840;78
72896;78
72950;78
73005;78
73059;78
73112;78
73170;78
73238;78
73292;78
73348;78
73401;78
73454;78
73509;78
73562;78
73615;78
73668;78
73722;78
73776;78
73833;78
73887;78
73940;78
73992;78
74047;78
74103;78
74159;78
74212;78
74265;78
74318;78
74382;78
74438;78
74491;78
74545;78
74602;78
74658;78
74716;78
74770;78
74825;78
74878;78
74943;78
74996;78
75056;78
75113;78
75167;78
75221;78
75275;78
75327;78
75382;78
75435;78
75488;78
75542;78
75605;78
75663;78
75717;78
75777;78
75833;78
75894;78
75946;78
76003;78
76072;78
76132;78
76194;78
76273;78
76333;78
76394;78
76457;78
76517;78
76577;78
76634;78
76689;78
76746;78
76806;78
76862;78
76921;78
76982;78
77042;78
77101;78
77163;78
77226;78
77289;78
77356;78
77416;78
77478;78
77542;78
77614;78
77674;78
77735;78
77809;78
77878;78
77939;78
77999;78
78060;78
78139;78
78200;78
78267;78
78324;78
78377;78
78434;78
78487;78
78542;78
78596;78
78651;78
78705;78
78759;78
78815;78
78875;78
78928;78
78982;78
79038;78
79092;78
79147;78
79203;78
79256;78
79311;78
79383;78
79444;78
79500;78
79560;78
79613;78
79664;78
79720;78
79775;78
79831;78
79885;78
79941;78
79996;78
80050;78
80104;78
80158;78
80215;78
80269;78
80326;78
80379;78
80445;78
80536;78
80622;78
80692;78
80756;78
80819;78
80884;78
80945;78
80998;78
81055;78
81109;78
81163;78
81218;78
81272;78
81332;78
81385;78
81438;78
81496;78
81549;78
81605;78
81661;78
81717;78
81771;78
81826;78
81881;78
81935;78
81995;78
82059;78
82119;78
82174;78
82230;78
82336;78
82437;78
82543;78
82599;78
82653;78
82710;78
82769;78
82823;78
82878;78
82932;78
82986;78
83040;78
83101;78
83155;78
83216;78
83280;78
83343;78
83404;78
83467;78
83522;78
83579;78
83632;78
83685;78
83748;78
83802;78
83857;78
83912;78
83965;78
84022;78
84078;78
84132;78
