240;62
391;62
533;62
686;62
861;62
1008;62
1188;62
1317;62
1452;62
1973;62
2457;62
2612;62
2720;62
2841;62
2952;62
3099;62
3218;62
3339;62
3462;62
3571;62
3682;62
3807;62
3951;63
4116;63
4269;63
4417;63
4559;63
4667;63
4773;63
4880;63
5039;63
5156;63
5259;63
5378;63
5510;63
5620;63
5750;63
5857;63
5991;63
6092;63
6214;63
6326;63
6431;63
6580;63
6713;63
6827;63
6955;63
7087;63
7236;63
7348;63
7453;63
7583;63
7727;63
7835;62
8000;62
8107;62
8218;62
8324;62
8429;62
8543;62
8652;62
8792;62
8897;62
9024;62
9131;62
9237;62
9368;62
9479;62
9588;62
9695;62
9814;62
9925;62
10040;62
10160;62
10292;62
10400;62
10509;62
10621;62
10726;62
10830;62
10942;62
11049;62
11157;62
11265;62
11390;62
11506;62
11630;62
11771;62
11875;62
11986;62
12091;62
12207;62
12323;61
12434;61
12568;61
12742;61
12853;61
12968;61
13083;61
13187;61
13304;61
13418;61
13549;61
13656;61
13759;61
13871;61
13983;61
14145;61
14262;61
14399;61
14511;61
14619;61
14728;61
14841;61
14952;61
15054;61
15183;61
15296;61
15416;61
15529;61
15638;61
15749;61
15883;61
16005;61
16113;61
16230;61
16342;61
16473;61
16582;61
16687;61
16795;61
16930;61
17035;61
17158;61
17264;61
17371;61
17479;61
17604;61
17733;61
17842;61
17956;61
18083;61
18191;61
18307;61
18423;61
18533;61
18646;61
18777;61
18901;61
19022;61
19133;61
19247;61
19376;61
19479;61
19591;61
19722;61
19829;61
19944;61
20055;61
20164;61
20283;61
20406;61
20530;61
20640;61
20758;61
20864;61
20968;61
21102;61
21214;61
21321;61
21456;61
21576;61
21691;61
21806;61
21925;61
22056;61
22158;61
22266;61
22377;61
22520;61
22638;61
22763;61
22872;61
23004;61
23143;61
23257;61
23364;61
23466;61
23573;61
23678;61
23783;61
23896;61
24019;61
24145;61
24258;61
24388;61
24520;61
24626;61
24737;61
24852;61
24956;61
25061;61
25172;61
25276;61
25386;61
25520;61
25647;61
25754;61
25864;61
25975;61
26099;61
26209;61
26329;61
26440;61
26552;61
26700;61
26814;61
26937;61
27045;61
27179;61
27293;61
27400;61
27512;61
27625;61
27744;61
27858;61
27964;61
28074;61
28220;61
28330;61
28468;61
28598;61
28712;61
28829;61
28941;61
29050;61
29172;61
29288;61
29404;61
29513;61
29628;61
29784;61
29888;61
30007;61
30113;61
30221;61
30359;61
30471;61
30596;61
30702;61
30812;61
30918;61
31031;61
31142;61
31267;61
31369;61
31497;61
31605;61
31710;61
31817;61
31930;61
32045;61
32181;61
32293;61
32408;61
32520;61
32626;61
32767;61
32874;61
32978;61
33081;61
33189;61
33302;61
33429;61
33547;61
33676;61
33785;61
33918;61
34032;61
34139;61
34243;61
34361;61
34467;61
34579;61
34702;61
34835;61
34944;61
35058;61
35180;61
35285;61
35394;61
35508;61
35626;61
35742;61
35846;61
35948;61
36053;61
36165;61
36279;61
36396;61
36507;61
36619;61
36746;61
36855;61
36959;61
37100;61
37212;61
37320;61
37424;61
37550;61
37658;61
37777;61
37900;61
38010;61
38150;61
38260;61
38393;61
38504;61
38669;61
38773;61
38874;61
39005;61
39109;61
39215;61
39319;61
39458;61
39569;61
39687;61
39789;61
39907;61
40016;61
40118;61
40250;61
40355;61
40464;61
40574;61
40678;61
40826;61
40928;61
41039;61
41167;61
41277;61
41394;61
41528;61
41651;61
41765;61
41873;61
42012;61
42117;61
42220;61
42326;61
42444;61
42593;61
42833;61
42948;61
43059;61
43173;61
43315;61
43426;61
43539;61
43670;61
43781;61
43892;61
44006;61
44113;61
44298;61
44420;61
44558;61
44662;61
44772;61
44878;61
44989;61
45110;61
45219;61
45329;61
45435;61
45543;61
45648;61
45753;61
45876;61
46013;65
46123;65
46245;65
46362;65
46470;65
46580;65
46685;65
46815;65
46918;65
47027;65
47164;65
47285;65
47394;65
47520;65
47626;65
47733;65
47870;65
47981;65
48088;65
48188;65
48305;65
48432;65
48552;65
48660;65
48780;65
48887;65
48987;65
49093;65
49204;65
49318;65
49431;65
49547;65
49660;65
49763;65
49866;65
49993;65
50107;65
50227;65
50327;65
50436;65
50551;65
50662;65
50769;65
50893;65
51010;65
51123;65
51231;65
51341;65
51452;65
51566;65
51681;65
51812;65
51913;65
52038;65
52155;65
52258;65
52362;65
52474;65
52598;65
52721;62
52841;62
52976;62
53164;62
53314;62
53430;62
53534;62
53648;62
53753;62
53861;62
53968;62
54101;62
54206;62
54305;62
54407;62
54541;62
54649;62
54755;62
54863;62
54969;62
55071;62
55196;62
55296;62
55414;62
55517;62
55633;62
55743;62
55868;62
55988;62
56117;62
56223;62
56332;62
56468;62
56588;62
56694;62
56800;62
56916;62
57013;62
57122;62
57224;62
57328;62
57451;62
57565;62
57679;62
57797;62
57899;62
58001;62
58106;62
58219;62
58326;62
58438;62
58551;62
58670;62
58790;62
58961;62
59085;62
59193;62
59306;62
59437;62
59576;62
59686;62
59794;62
59919;62
60041;62
60156;62
60283;62
60407;62
60532;62
60633;62
60788;62
60911;62
61033;62
61137;62
61271;62
61372;62
61476;62
61584;62
61700;62
61805;62
61910;62
62014;62
62120;62
62247;62
62356;62
62494;62
62597;62
62709;62
62816;62
62920;61
63052;61
63160;61
63304;61
63427;61
63536;61
63637;61
63773;61
63898;61
64015;61
64121;61
64242;61
64363;61
64532;61
64640;61
64750;61
64860;61
64989;61
65097;61
65210;61
65318;61
65422;61
65557;61
65696;61
65839;61
65989;61
66092;61
66221;61
66331;61
66435;61
66547;61
66651;61
66758;61
66867;61
66988;61
67100;61
67210;61
67335;61
67438;61
67547;61
67657;61
67763;61
67875;61
67985;61
68094;61
68204;61
68307;61
68419;61
68538;61
68659;61
68814;61
68916;61
69044;61
69170;61
69274;61
69383;61
69501;61
69625;61
69728;61
69861;61
69966;61
70077;61
70187;61
70334;61
70491;61
70597;61
70701;61
70816;61
70937;61
71060;61
71198;61
71339;61
71449;61
71580;61
71696;61
71803;61
71910;61
72018;61
72121;61
72239;61
72344;61
72469;61
72639;61
72779;61
72890;61
73002;61
73116;61
73226;61
73348;62
73460;62
73574;62
73688;62
73791;62
73944;62
74048;62
74156;62
74311;62
74418;62
74532;62
74650;62
74757;62
74864;62
74975;62
75122;62
75226;62
75332;62
75439;62
75548;62
75652;62
75760;62
75865;62
75973;62
76110;62
76227;62
76337;62
76476;62
76603;62
76703;62
76814;62
76917;62
77025;62
77156;62
77260;62
77364;62
77474;62
77580;62
77684;62
77794;62
77912;62
78033;62
78153;62
78255;62
78398;62
78506;62
78635;62
78761;63
78867;63
78978;63
79095;63
79221;63
79331;63
79449;63
79555;63
79659;63
79785;63
79962;63
80150;63
80345;63
80547;63
80737;63
80955;63
81133;63
81333;63
81534;63
81696;63
81864;63
81991;63
82120;63
82240;63
82379;63
82499;63
82663;63
82811;63
82925;63
83045;63
83182;63
83290;63
83397;63
83508;63
83624;63
83738;63
83850;63
83976;63
84080;63
84189;63
84299;63
84438;63
84545;63
84660;63
84772;63
84902;63
85057;63
85171;63
85294;63
85420;63
85556;63
85674;63
85786;63
85905;63
86059;63
86180;63
86299;63
86416;63
86564;63
86726;63
86850;63
86996;63
87121;63
87241;63
87364;63
87670;63
87780;63
87907;63
88015;63
88133;63
88248;63
88362;63
88483;63
88707;63
88823;63
88929;63
89037;63
89153;63
89257;63
89360;63
89484;63
89588;63
89692;63
89799;63
89912;63
90017;63
90136;63
90249;63
90355;63
90498;63
90603;63
90734;63
90851;62
90959;62
91070;62
91175;62
91286;62
91416;62
91527;62
91645;62
91753;62
91865;62
92004;62
92119;62
92227;62
92362;65
92472;65
92596;65
92724;65
92832;65
92944;65
93066;65
93178;65
93298;65
93413;65
93530;65
93638;65
93745;65
93847;65
93973;65
94080;65
94195;65
94307;65
94415;65
94524;65
94637;65
94765;65
94875;65
94985;65
95108;65
95216;65
95324;65
95433;65
95559;65
95664;65
95769;65
95870;65
95973;65
96104;65
96215;65
96334;65
96460;65
96567;65
96709;65
96832;62
96941;62
97045;62
97148;62
97255;62
97362;62
97488;62
97598;62
97731;62
97841;62
97961;62
98075;62
98249;62
98349;61
98449;61
98559;61
98663;61
98788;61
98894;61
99017;61
99121;61
99228;61
99338;61
99446;61
99565;61
99723;61
99827;61
99940;61
100057;61
100160;61
100276;61
100385;61
100497;61
100618;61
100742;61
100886;61
100999;61
101110;61
101217;61
101328;61
101435;61
101543;61
101657;61
101764;61
101869;61
101981;61
102095;61
102209;61
102321;61
102442;61
102564;61
102719;61
102880;61
102983;61
103092;61
103193;61
103299;61
103402;61
103510;61
103624;61
103732;61
103840;61
103978;61
104090;61
104198;61
104323;61
104441;61
104552;61
104671;61
104782;61
104891;61
104999;61
105106;61
105227;61
105331;61
105457;61
105577;61
105693;61
105807;61
105930;61
106063;61
106166;61
106293;61
106460;61
106568;61
106684;61
106827;65
106937;65
107045;65
107155;65
107261;65
107395;65
107503;65
107732;65
107834;65
107943;65
108051;65
108162;65
108276;65
108434;65
108548;65
108661;65
108775;65
108885;65
109027;65
109142;65
109277;65
109393;65
109522;65
109668;65
109773;65
109893;65
110016;65
110125;65
110231;65
110338;65
110461;65
110573;65
110688;65
110878;65
111007;65
111112;65
111217;65
111341;65
111444;65
111554;65
111659;65
111783;65
111904;65
112033;65
112163;65
112275;65
112384;65
112503;66
112615;66
112720;66
112824;66
112939;66
113119;66
113237;66
113397;66
113547;66
113652;66
113783;66
113886;66
113990;66
114112;66
114225;66
114324;66
114441;66
114550;66
114688;66
114807;66
114923;66
115037;66
115141;66
115246;66
115352;66
115482;66
115587;65
115724;65
115825;65
115925;65
116027;65
116133;65
116264;65
116369;65
116475;65
116588;65
116707;65
116819;65
116925;65
117041;65
117174;65
117298;65
117414;65
117517;65
117626;65
117751;65
117858;65
117963;65
118067;65
118181;65
118314;65
118424;65
118552;65
118662;65
118780;65
118912;65
119019;65
119123;65
119241;65
119357;65
119460;65
119564;65
119676;65
119779;65
119881;65
119989;65
120095;65
120224;65
120331;65
120435;65
120546;65
120681;65
120811;65
120929;65
121051;65
121180;65
121286;65
121390;65
121501;65
121611;65
121730;65
121846;65
121950;65
122054;65
122157;65
122269;65
122389;65
122529;65
122635;65
122741;65
122848;65
122957;65
123087;65
123190;65
123312;65
123414;65
123526;66
123627;66
123742;66
123865;66
123978;66
124084;66
124191;66
124295;66
124440;66
124548;66
124660;66
124785;66
124899;66
125023;66
125139;65
125245;65
125347;65
125456;65
125571;65
125685;65
125791;65
125905;65
126023;65
126141;65
126250;65
126354;65
126460;65
126574;65
126688;65
126819;65
126927;65
127033;65
127140;65
127251;65
127351;65
127485;65
127590;65
127692;65
127805;65
127924;65
128036;65
128143;65
128249;65
128371;65
128468;65
128593;63
128701;63
128806;63
128909;63
129017;63
129148;63
129269;63
129376;63
129487;62
129597;62
129700;62
129800;62
129901;62
130004;62
130112;62
130239;62
130349;62
130461;62
130586;62
130689;62
130819;62
130944;62
131057;62
131162;62
131280;62
131392;62
131516;62
131633;62
131756;62
131886;62
132002;62
132105;62
132217;62
132317;62
132442;62
132560;62
132672;62
132783;62
132897;62
133023;62
133131;62
133255;62
133369;62
133479;62
133585;62
133686;62
133799;62
133973;62
134097;62
134210;62
134321;62
134428;62
134544;62
134666;62
134794;62
134891;62
134999;62
135118;62
135219;62
135348;62
135454;62
135564;62
135678;62
135838;62
135948;62
136072;62
136185;62
136299;62
136419;62
136539;62
136647;62
136753;62
136864;62
136969;62
137079;62
137181;62
137290;62
137403;62
137513;62
137626;62
137741;62
137857;62
137965;62
138066;62
138186;62
138300;62
138425;62
138546;62
138659;62
138763;62
138921;62
139032;62
139140;62
139249;62
139363;62
139477;62
139589;62
139711;62
139817;62
139940;62
140045;62
140169;62
140279;62
140385;62
140493;62
140618;62
140751;62
140851;62
140952;62
141057;62
141212;62
141319;62
141451;62
141557;62
141671;62
141809;62
141918;62
142023;62
142129;62
142254;63
142357;63
142458;63
142564;63
142670;63
142782;63
142887;63
143012;63
143123;63
143227;63
143339;64
143452;64
143566;64
143695;64
143809;64
143933;64
144038;64
144144;64
144252;64
144368;64
144498;64
144605;64
144716;64
144822;64
144924;64
145038;64
145152;64
145268;64
145386;64
145505;64
145626;64
145729;64
145836;64
145947;64
146060;64
146172;64
146282;64
146405;64
146521;64
146647;64
146763;64
146863;64
146970;64
147101;64
147218;63
147328;63
147439;63
147569;63
147678;63
147814;63
147914;63
148014;63
148131;63
148236;63
148349;62
148461;62
148576;62
148691;62
148806;62
148911;62
149015;62
149121;62
149231;62
149342;62
149460;62
149598;62
149716;62
149821;62
149925;62
150034;62
150144;62
150252;62
150362;62
150471;62
150587;62
150696;62
150805;62
150909;62
151027;62
151133;62
151243;62
151351;62
151459;62
151579;62
151698;62
151809;62
151912;62
152016;62
152118;62
152247;62
152347;62
152451;62
152558;62
152664;62
152767;62
152877;62
152990;62
153117;62
153229;62
153339;62
153474;62
153584;62
153688;62
153822;62
153932;62
154034;62
154134;62
154237;62
154342;62
154448;62
154594;62
154697;62
154805;62
154905;62
155011;62
155128;62
155252;62
155371;62
155479;62
155603;62
155718;62
155822;62
155925;62
156051;62
156158;62
156275;62
156389;62
156530;62
156692;62
156801;62
156924;62
157030;62
157146;61
157273;61
157418;61
157554;61
157664;61
157787;61
157906;61
158015;61
158121;61
158236;61
158352;61
158482;61
158593;61
158700;61
158804;61
158918;61
159024;61
159136;61
159275;61
159402;61
159518;61
159624;61
159731;61
159833;61
159938;61
160044;61
160165;61
160271;61
160373;61
160476;61
160589;61
160732;61
160873;61
160992;61
161093;61
161197;61
161313;62
161423;62
161548;62
161678;62
161791;62
161920;62
162027;62
162133;62
162278;65
162398;65
162503;65
162653;65
162802;65
162917;65
163033;65
163197;65
163318;65
163440;65
163548;65
163658;65
163774;65
163887;65
164009;65
164118;65
164221;65
164333;65
164443;65
164557;65
164670;65
164783;65
164887;65
165008;65
165121;65
165262;65
165373;65
165477;65
165625;66
165732;66
165840;66
165945;66
166049;66
166158;66
166282;66
166383;66
166485;66
166592;66
166697;66
166839;66
166946;66
167074;66
167182;66
167290;66
167413;66
167525;66
167634;66
167747;66
167869;66
167974;66
168075;66
168189;66
168296;66
168425;66
168540;66
168649;66
168764;66
168873;66
168998;66
169096;66
169233;66
169351;66
169453;66
169564;66
169687;66
169812;66
169929;65
170083;65
170192;65
170309;65
170419;65
170530;65
170635;65
170746;65
170888;65
171001;65
171115;65
171257;65
171362;65
171480;65
171621;65
171739;65
171845;65
171947;65
172078;65
172177;65
172278;65
172379;65
172484;65
172592;65
172704;65
172810;65
172921;65
173066;65
173183;65
173323;65
173501;65
173633;65
173776;65
173905;65
174016;65
174122;65
174230;65
174345;65
174462;65
174575;65
174700;65
174808;65
174937;65
175046;65
175146;65
175253;65
175356;65
175459;65
175569;65
175686;65
175792;65
175900;65
176032;65
176161;65
176282;65
176397;65
176521;65
176626;65
176727;65
176836;65
176950;65
177053;65
177157;65
177266;65
177373;65
177495;65
177603;65
177707;65
177811;65
177955;65
178059;65
178173;65
178282;65
178389;65
178498;65
178608;65
178719;65
178852;65
178967;65
179090;65
179200;65
179307;65
179408;65
179557;65
179663;65
179793;65
179899;65
180004;65
180108;65
180215;65
180343;65
180444;65
180544;65
180652;65
180758;65
180865;65
180971;65
181083;65
181186;65
181316;65
181441;65
181555;65
181674;65
181778;65
181884;65
181991;65
182093;65
182200;65
182310;65
182418;65
182538;65
182647;65
182796;65
182905;65
183012;65
183118;65
183219;65
183329;65
183440;65
183551;65
183665;65
183773;65
183874;65
183992;65
184091;65
184193;65
184293;65
184396;65
184504;65
184611;65
184715;65
184819;65
184923;65
185037;65
185144;65
185252;65
185366;65
185467;65
185572;65
185672;65
185775;65
185880;65
185992;65
186098;65
186210;65
186316;65
186424;65
186545;65
186644;65
186752;65
186862;65
186964;65
187069;65
187191;65
187297;65
187430;65
187544;65
187651;65
187759;65
187954;65
188055;65
188167;65
188272;65
188375;65
188485;65
188600;65
188709;65
188816;65
188920;65
189024;65
189132;65
189275;65
189398;65
189504;65
189605;65
189735;64
189842;64
189948;64
190055;64
190186;64
190294;64
190414;63
190531;63
190640;63
190766;63
190880;63
190984;63
191091;63
191196;63
191306;63
191419;63
191558;62
191665;62
191774;62
191904;62
192009;62
192116;62
192223;62
192336;62
192435;62
192542;62
192643;62
192747;62
192858;62
192987;62
193094;62
193199;62
193306;62
193442;62
193552;62
193660;62
193775;62
193880;62
193998;62
194100;62
194207;62
194318;62
194433;62
194541;62
194645;62
194749;62
194862;62
194988;62
195119;62
195227;62
195348;62
