335;3914
557;3644
646;3524
779;3332
845;3332
933;3289
1018;3103
1114;2943
1197;2911
1268;2738
1339;2738
1428;2727
1507;2727
1583;2627
1644;2627
1709;2627
1772;2558
1835;2545
1901;2545
1981;2538
2055;2414
2118;2362
2189;2296
2271;2296
2340;2296
2424;2196
2501;2132
2570;2132
2632;2132
2705;2049
2777;2049
2846;1921
2929;1919
2989;1919
3056;1889
3131;1874
3236;1805
3326;1805
3408;1805
3490;1805
3573;1805
3659;1805
3738;1741
3828;1717
3884;1717
3952;1673
4008;1566
4064;1566
4131;1377
4185;1377
4239;1377
4306;1345
4369;1272
4426;1272
4491;1174
4547;1174
4605;1174
4668;1174
4739;1119
4815;1096
4870;1095
4938;1018
4993;985
5047;985
5103;985
5159;985
5215;985
5272;985
5350;975
5418;961
5482;961
5541;961
5611;939
5666;939
5724;939
5788;939
5878;939
5971;939
6050;939
6143;939
6199;939
6256;939
6312;939
6368;939
6426;939
6496;902
6552;902
6619;835
6673;835
6729;835
6809;813
6865;813
6932;733
6987;733
7043;733
7103;733
7161;733
7224;733
7287;733
7342;733
7410;733
7467;733
7534;733
7589;733
7642;732
7712;675
7768;675
7825;675
7880;675
7934;675
7991;675
8047;675
8103;675
8161;675
8215;675
8271;675
8326;675
8389;675
8448;675
8503;589
8566;589
8632;589
8688;589
8742;589
8813;589
8875;589
8929;589
8982;589
9036;589
9098;589
9155;589
9211;589
9268;589
9347;589
9403;589
9461;589
9530;589
9584;589
9664;589
9719;589
9777;589
9838;589
9899;589
9958;589
10012;544
10068;544
10129;544
10182;544
10244;544
10310;497
10423;495
10518;495
10628;495
10726;495
10785;495
10844;495
10898;495
10956;495
11013;495
11068;495
11126;406
11208;406
11262;406
11315;406
11369;406
11423;406
11479;406
11541;406
11597;353
11659;353
11714;353
11777;353
11834;353
11889;353
11947;353
12004;353
12062;353
12120;353
12189;353
12246;353
12312;351
12366;351
12433;351
12487;351
12541;351
12595;351
12649;351
12703;352
12761;352
12821;352
12899;352
12955;352
13013;352
13073;352
13129;352
13183;352
13247;351
13310;351
13365;351
13435;351
13497;351
13550;351
13604;351
13659;351
13714;351
13781;351
13838;351
13896;351
13952;351
14016;351
14071;351
14127;351
14182;351
14239;351
14315;351
14370;351
14427;351
14480;351
14534;351
14598;351
14652;351
14709;351
14765;351
14824;351
14882;351
14939;351
14995;351
15073;351
15131;351
15194;351
15257;351
15318;350
15374;350
15430;350
15484;350
15537;350
15592;350
15653;350
15710;350
15766;350
15832;350
15896;350
15956;350
16014;350
16079;350
16138;350
16203;350
16257;350
16327;350
16386;350
16444;350
16509;350
16571;277
16628;276
16687;276
16744;276
16802;276
16860;276
16932;276
16989;276
17046;276
17107;276
17165;276
17220;276
17276;276
17330;276
17394;237
17450;237
17513;238
17583;238
17648;238
17706;238
17764;238
17828;238
17886;238
17946;238
18024;238
18080;238
18134;238
18188;238
18241;238
18311;238
18365;237
18423;237
18505;237
18576;237
18635;237
18701;237
18771;237
18830;237
18900;237
18961;237
19033;237
19089;237
19150;237
19220;237
19277;237
19335;237
19400;237
19457;237
19524;237
19603;237
19667;237
19735;237
19825;237
19917;237
20006;237
20069;237
20135;237
20198;237
20263;237
20318;237
20375;237
20437;237
20492;237
20550;237
20605;237
20670;237
20734;237
20792;237
20850;237
20905;237
20961;237
21023;237
21103;237
21194;237
21275;237
21368;237
21428;237
21482;237
21538;237
21593;237
21650;237
21709;237
21764;237
21822;237
21895;237
21950;237
22009;237
22067;237
22131;237
22200;237
22266;237
22323;237
22378;237
22444;237
22512;237
22567;237
22623;237
22677;237
22734;237
22796;237
22860;237
22930;237
22984;237
23039;237
23104;237
23172;237
23228;237
23289;238
23346;238
23401;238
23458;238
23515;238
23568;238
23623;238
23686;237
23738;237
23815;237
23868;237
23921;237
23978;237
24031;237
24088;237
24149;237
24206;237
24271;237
24327;237
24381;237
24436;237
24491;237
24550;237
24605;237
24661;237
24730;237
24786;237
24845;237
24903;237
24963;237
25030;237
25094;237
25152;237
25212;237
25269;237
25325;237
25383;237
25446;237
25500;238
25581;238
25645;238
25702;238
25770;238
25839;238
25896;238
25950;238
26005;238
26064;238
26121;238
26174;238
26238;238
26301;238
26354;238
26407;238
26468;240
26521;239
26574;239
26627;239
26680;239
26732;239
26787;239
26843;239
26905;239
26973;239
27026;239
27082;239
27138;239
27221;239
27288;239
27347;239
27402;239
27465;239
27539;239
27593;239
27647;239
27700;239
27760;239
27818;239
27871;239
27924;239
27978;239
28051;239
28107;239
28167;239
28222;239
28283;239
28340;239
28404;239
28457;239
28510;239
28564;239
28624;239
28686;239
28740;239
28795;239
28851;239
28908;239
28965;239
29025;239
29085;239
29162;239
29215;239
29268;239
29324;239
29384;239
29438;239
29490;239
29546;239
29603;239
29656;239
29711;239
29766;239
29822;239
29878;238
29941;238
29995;238
30062;238
30114;238
30171;238
30227;238
30280;238
30336;238
30389;238
30445;238
30506;238
30583;238
30646;238
30707;238
30760;236
30814;236
30866;236
30919;236
30973;236
31028;236
31085;236
31142;236
31197;236
31259;236
31322;236
31382;236
31444;236
31501;236
31562;236
31617;236
31677;236
31730;236
31808;235
31864;235
31927;235
31982;235
32037;235
32095;235
32154;235
32207;235
32263;235
32316;235
32371;235
32441;235
32500;235
32555;235
32609;235
32663;235
32727;235
32782;235
32852;235
32907;235
32966;235
33025;235
33078;235
33133;235
33186;235
33239;235
33299;235
33360;235
33419;235
33477;235
33533;235
33588;235
33655;235
33730;235
33782;235
33852;235
33913;235
33973;235
34041;235
34102;235
34162;235
34214;235
34268;235
34322;235
34378;235
34441;235
34500;235
34565;235
34618;235
34671;235
34724;235
34780;235
34838;235
34894;235
34949;235
35024;235
35078;235
35141;235
35201;235
35256;235
35312;235
35364;235
35428;235
35497;235
35550;235
35606;235
35673;235
35736;235
35801;235
35868;235
35921;235
35981;235
36044;235
36102;235
36162;235
36217;235
36273;235
36330;235
36384;235
36441;235
36499;237
36560;237
36613;237
36670;237
36722;237
36783;237
36852;237
36908;237
36961;237
37021;237
37167;237
37273;237
37344;237
37399;237
37455;237
37521;237
37575;237
37638;237
37699;237
37760;237
37831;237
37882;237
37936;237
37990;237
38042;237
38099;237
38152;237
38207;237
38263;237
38316;237
38370;237
38426;237
38489;237
38549;237
38605;237
38660;237
38735;237
38788;237
38842;237
38898;237
38953;237
39007;237
39064;237
39130;237
39194;237
39252;237
39323;237
39379;237
39434;237
39487;237
39549;237
39605;237
39660;237
39720;237
39776;237
39832;237
39886;237
39942;237
39997;237
40074;237
40153;237
40223;237
40276;237
40329;237
40382;237
40443;237
40505;237
40570;237
40627;237
40685;237
40748;237
40808;237
40864;237
40922;237
40985;237
41053;237
41107;237
41160;237
41226;237
41280;237
41335;237
41395;237
41452;237
41505;237
41558;237
41613;237
41671;237
41726;237
41788;237
41844;237
41904;237
41981;237
42061;237
42152;237
42210;237
42273;237
42332;237
42387;237
42449;237
42501;237
42569;237
42630;237
42684;237
42738;237
42796;237
42852;237
42914;237
42972;237
43029;237
43085;237
43148;237
43226;237
43286;237
43342;237
43411;237
43472;237
43534;237
43588;235
43645;235
43708;235
43771;235
43849;235
43912;235
43969;235
44036;235
44091;235
44153;235
44207;235
44262;235
44325;235
44413;235
44520;235
44573;235
44626;236
44687;236
44753;236
44814;236
44869;236
44921;236
44977;236
45031;236
45085;236
45147;236
45205;236
45277;235
45335;235
45390;235
45444;235
45514;235
45585;235
45654;235
45709;235
45787;235
45847;235
45908;235
45960;235
46017;235
46070;235
46125;235
46179;235
46232;235
46286;235
46349;235
46406;235
46465;235
46522;235
46579;235
46633;235
46687;234
46742;234
46815;234
46870;234
46935;234
46995;234
47051;234
47105;234
47160;234
47235;234
47288;234
47341;234
47397;234
47453;234
47515;234
47572;234
47631;234
47693;234
47764;234
47819;234
47876;234
47930;234
47987;234
48041;234
48098;234
48156;234
48209;234
48277;234
48341;234
48404;234
48464;234
48525;234
48580;234
48648;234
48703;234
48760;234
48811;234
48869;234
48936;234
49004;234
49066;234
49143;234
49197;234
49257;234
49309;234
49370;234
49436;234
49491;234
49544;234
49598;234
49651;234
49703;234
49759;234
49817;234
49886;234
49952;234
50015;234
50076;234
50131;234
50186;234
50240;234
50298;234
50353;234
50406;234
50470;234
50523;234
50576;234
50629;234
50685;234
50738;234
50794;234
50850;234
50905;234
50966;234
51024;234
51094;234
51148;234
51203;234
51276;234
51329;234
51382;234
51456;234
51509;234
51565;234
51620;234
51673;234
51728;234
51789;234
51847;234
51902;234
51972;234
52042;234
52112;234
52169;234
52230;234
52284;234
52336;234
52392;234
52455;234
52533;234
52586;234
52640;234
52700;234
52753;234
52816;234
52871;234
52926;234
52999;234
53053;234
53110;234
53175;234
53231;234
53286;234
53342;234
53395;234
53448;234
53510;234
53562;234
53618;234
53671;234
53726;234
53783;234
53847;234
53904;234
53958;234
54018;234
54083;234
54138;234
54199;234
54251;234
54304;234
54360;234
54412;234
54480;234
54561;234
54619;234
54674;234
54735;234
54792;234
54854;234
54909;234
54965;234
55017;234
55078;234
55131;234
55184;234
55239;234
55292;234
55346;234
55410;234
55469;234
55531;234
55590;234
55645;234
55698;234
55753;234
55815;234
55868;234
55920;234
55973;234
56026;234
56098;234
56167;234
56224;234
56278;234
56340;234
56389;234
56445;234
56501;234
56554;234
56607;234
56668;234
56721;234
56777;234
56832;234
56895;234
56949;234
57010;234
57063;234
57124;234
57192;234
57244;234
57300;234
57355;234
57408;234
57462;234
57518;234
57581;234
57657;234
57724;234
57780;234
57836;234
57889;234
57949;234
58010;234
58070;234
58125;234
58181;234
58235;234
58297;234
58358;234
58415;234
58468;234
58536;234
58597;234
58657;234
58717;234
58774;234
58828;234
58884;234
58938;234
59003;234
59056;234
59125;234
59182;234
59248;234
59303;234
59358;234
59424;234
59477;234
59531;234
59589;234
59649;234
59705;234
59765;234
59821;234
59882;234
59937;234
59990;234
60043;234
60104;234
60166;234
60219;234
60271;234
60325;234
60378;234
60431;234
60491;234
60544;234
60600;234
60660;234
60716;234
60769;234
60823;234
60878;234
60932;234
60998;234
61059;234
61125;234
61184;234
61239;234
61291;234
61347;234
61422;234
61483;234
61536;234
61596;234
61657;234
61710;234
61765;234
61819;234
61878;234
61934;234
61987;234
62048;234
62118;234
62186;234
62241;234
62295;234
62350;234
62406;234
62466;234
62519;234
62575;234
62628;234
62684;234
62739;234
62792;234
62847;234
62900;234
62961;234
63021;234
63081;234
63137;234
63189;234
63242;234
63303;234
63376;234
63430;234
63483;234
63538;234
63591;234
63644;234
63693;234
63763;234
63823;234
63887;234
63943;234
63997;234
64053;234
64108;234
64165;234
64217;234
64270;234
64326;234
64388;234
64452;234
64505;234
64559;234
64614;234
64669;234
64725;234
64778;234
64834;234
64894;234
64950;234
65008;234
65065;234
65128;234
65181;234
65236;234
65291;234
65359;234
65414;234
65468;234
65528;234
65581;235
65636;235
65693;235
65754;235
65810;235
65865;235
65927;235
65994;235
66049;235
66106;235
66182;235
66235;235
66292;235
66344;235
66398;235
66459;235
66526;235
66581;235
66644;235
66701;235
66758;235
66814;235
66871;235
66933;235
66993;235
67046;235
67099;235
67152;234
67208;234
67268;234
67329;234
67384;234
67450;234
67503;234
67558;234
67613;234
67670;234
67725;234
67779;234
67834;234
67888;234
67952;234
68009;234
68069;234
68130;234
68184;234
68239;234
68307;234
68364;234
68419;234
68476;234
68544;234
68606;234
68661;234
68718;234
68772;234
68835;234
68889;234
68953;234
69032;234
69110;234
69200;234
69253;234
69302;234
69355;234
69410;234
69471;234
69525;234
69577;234
69630;234
69684;234
69747;234
69802;234
69872;234
69937;234
69992;234
70047;234
70101;234
70155;234
70209;234
70271;234
70367;234
70424;234
70474;234
70534;234
70590;234
70655;234
70710;234
70763;234
70817;234
70878;234
70940;234
71010;234
71078;234
71133;234
71196;234
71258;234
71335;234
71390;234
71461;234
71518;234
71572;234
71663;234
71724;234
71779;234
71840;234
71900;234
71956;234
72012;234
72073;234
72126;234
72179;234
72234;234
72289;234
72346;234
72401;234
72460;234
72517;234
72579;234
72635;234
72690;234
72747;234
72810;234
72878;234
72938;234
73003;234
73056;234
73117;234
73177;234
73229;234
73285;234
73338;234
73392;234
73451;234
73505;234
73563;234
73619;234
73680;234
73738;234
73792;234
73870;234
73928;234
73991;234
74056;234
74110;234
74163;234
74215;234
74268;234
74321;234
74373;234
74434;234
74489;234
74556;234
74611;234
74666;234
74722;234
74777;234
74835;234
74897;234
74954;234
75009;234
75067;234
75124;234
75186;234
75258;234
75313;234
75366;234
75419;234
75472;234
75528;234
75589;234
75642;234
75694;234
75747;234
75802;234
75859;234
75913;234
75975;234
76035;234
76094;234
76164;234
76225;234
76280;234
76334;234
76396;234
76456;234
76508;234
76561;234
76610;234
76659;234
76711;234
76766;234
76820;234
76875;234
76928;234
76991;234
77049;234
77112;234
77166;234
77228;234
77283;234
77337;234
77404;234
77458;234
77516;234
77583;234
77658;234
77710;234
77776;234
77830;234
77899;234
77952;234
78005;234
78059;234
78127;234
78183;234
78240;234
78294;234
78352;234
78420;234
78482;234
78536;234
78592;234
78661;234
78730;234
78783;234
78839;234
78907;234
78960;234
79015;234
79068;234
79124;234
79192;234
79262;234
79332;234
79390;234
79444;234
79499;234
79555;234
79612;234
79666;234
79738;234
79792;234
79845;234
79898;234
79953;234
80008;234
80061;234
80140;234
80193;234
80249;234
80306;234
