152;3558
231;3494
325;3471
420;3403
478;3246
517;3246
562;3208
620;3104
669;3035
706;2866
753;2719
825;2707
894;2676
931;2624
990;2568
1032;2509
1077;2482
1127;2293
1163;2293
1202;2293
1237;2146
1307;2090
1351;2090
1406;2090
1449;2090
1485;2090
1524;2074
1564;2074
1600;2074
1643;1948
1682;1948
1733;1874
1776;1874
1836;1752
1872;1752
1908;1752
1956;1644
1994;1469
2030;1469
2090;1387
2129;1387
2168;1368
2204;1368
2239;1368
2274;1368
2307;1368
2344;1368
2381;1368
2419;1368
2458;1368
2505;1368
2544;1368
2579;1368
2618;1333
2653;1249
2688;1249
2722;1147
2765;1102
2800;1102
2835;1102
2871;1015
2906;1015
2957;996
2993;996
3025;996
3063;996
3098;996
3144;996
3205;925
3255;874
3308;874
3357;874
3409;874
3454;874
3502;874
3548;874
3610;723
3659;723
3707;723
3754;723
3785;723
3816;723
3848;723
3879;723
3911;723
3946;723
3983;723
4017;723
4047;723
4077;723
4118;658
4153;658
4184;658
4214;658
4244;658
4278;658
4309;658
4344;658
4383;658
4415;658
4457;563
4492;563
4523;478
4554;477
4593;457
4627;457
4661;457
4693;457
4731;457
4764;457
4797;457
4829;457
4869;457
4899;457
4936;457
4969;405
4999;405
5030;405
5060;405
5093;405
5123;405
5157;405
5190;405
5220;405
5254;405
5286;405
5321;402
5354;402
5383;402
5417;402
5449;402
5481;402
5514;402
5545;402
5578;402
5610;402
5642;402
5686;402
5728;402
5776;402
5828;402
5877;402
5926;402
5972;402
6029;402
6059;402
6094;402
6128;402
6159;402
6191;402
6222;398
6260;395
6293;395
6328;395
6358;395
6388;395
6418;395
6463;395
6494;395
6527;395
6565;395
6595;395
6629;395
6660;395
6698;395
6729;349
6760;349
6794;349
6826;349
6866;349
6902;349
6935;349
6972;348
7009;348
7040;348
7071;348
7106;348
7140;348
7179;348
7213;348
7247;348
7290;348
7321;348
7354;348
7388;348
7422;348
7456;348
7486;348
7516;348
7547;348
7578;348
7612;349
7644;349
7677;349
7710;349
7744;349
7774;349
7804;349
7836;349
7867;349
7897;349
7930;349
7964;349
7997;349
8028;349
8067;349
8101;349
8138;349
8175;349
8206;349
8240;349
8272;349
8306;349
8339;349
8372;349
8403;349
8437;349
8467;349
8503;348
8538;348
8572;348
8606;348
8643;346
8675;346
8709;346
8743;346
8786;346
8823;346
8855;346
8893;346
8925;346
8955;346
8985;346
9019;346
9051;346
9083;346
9116;346
9148;346
9180;346
9214;349
9253;349
9285;349
9315;349
9347;349
9378;349
9413;349
9446;349
9480;349
9511;268
9542;268
9582;268
9618;268
9655;268
9695;268
9739;268
9779;265
9810;265
9844;265
9878;265
9910;265
9946;265
9979;265
10017;265
10049;265
10084;265
10118;266
10152;266
10182;267
10216;267
10246;267
10277;267
10310;270
10342;270
10373;270
10406;265
10437;265
10469;265
10502;265
10534;265
10568;260
10601;260
10632;260
10665;260
10697;260
10737;260
10770;260
10801;260
10837;260
10868;260
10903;260
10936;260
10970;260
11000;260
11029;260
11063;260
11096;260
11127;260
11159;260
11192;260
11225;260
11256;260
11290;260
11323;260
11353;260
11383;260
11413;260
11443;260
11474;260
11507;260
11538;260
11571;260
11606;260
11641;260
11671;260
11706;260
11740;260
11774;260
11807;260
11846;260
11877;258
11905;258
11938;258
11972;258
12006;258
12037;258
12071;258
12108;258
12143;258
12173;258
12213;258
12245;258
12279;258
12312;258
12343;258
12376;258
12409;258
12444;258
12486;258
12519;258
12550;258
12583;258
12618;258
12650;258
12680;259
12711;259
12753;259
12784;259
12817;259
12853;259
12887;258
12921;258
12956;258
12991;258
13025;258
13063;258
13097;258
13132;258
13166;258
13200;258
13231;258
13264;258
13297;258
13330;258
13360;258
13404;258
13443;258
13473;258
13506;258
13540;258
13571;258
13609;258
13642;258
13674;258
13710;258
13744;258
13784;258
13815;258
13848;258
13882;258
13915;258
13946;258
13982;258
14017;258
14054;258
14086;258
14119;258
14150;258
14183;258
14213;258
14244;258
14277;258
14324;258
14355;258
14386;258
14420;258
14450;258
14482;258
14520;258
14551;258
14583;258
14613;258
14648;258
14683;258
14717;258
14748;258
14779;258
14812;258
14848;258
14879;257
14910;257
14944;257
14986;257
15026;257
15056;257
15090;257
15125;257
15156;257
15189;257
15219;257
15250;257
15284;257
15316;257
15350;257
15383;257
15428;257
15463;257
15493;257
15526;257
15556;257
15586;257
15616;257
15646;257
15681;257
15711;257
15744;257
15777;257
15807;257
15841;257
15875;257
15906;257
15939;257
15974;257
16007;257
16052;257
16085;257
16118;257
16151;257
16187;257
16221;257
16253;257
16286;257
16315;257
16346;257
16378;257
16411;257
16444;257
16474;257
16507;257
16539;257
16570;257
16603;257
16637;257
16681;257
16720;257
16753;257
16783;257
16813;257
16855;257
16883;257
16913;257
16943;257
16973;257
17006;257
17036;257
17067;257
17097;257
17129;257
17158;257
17191;257
17221;256
17255;256
17289;256
17319;256
17349;256
17382;256
17414;256
17448;256
17478;256
17512;256
17543;256
17577;256
17611;256
17641;256
17678;256
17708;256
17742;256
17772;256
17802;256
17833;256
17865;256
17895;256
17924;256
17957;256
17990;256
18020;256
18053;256
18086;256
18115;256
18149;256
18180;256
18210;256
18240;256
18274;256
18307;256
18343;256
18378;256
18423;256
18456;256
18488;256
18521;256
18554;256
18583;256
18613;256
18643;256
18673;256
18703;256
18733;256
18766;256
18799;256
18832;256
18869;256
18902;256
18935;256
18966;256
18996;256
19028;256
19058;256
19095;256
19131;256
19169;256
19206;256
19238;256
19269;256
19301;256
19332;256
19363;256
19395;256
19424;256
19457;256
19490;256
19523;256
19561;256
19591;256
19621;256
19654;256
19684;256
19715;256
19761;256
19792;256
19826;256
19859;256
19897;256
19931;256
19961;256
19994;256
20025;256
20058;256
20091;256
20128;256
20168;257
20198;257
20230;257
20259;258
20291;258
20321;258
20353;258
20385;258
20422;258
20455;258
20492;258
20523;258
20555;258
20593;258
20622;258
20652;259
20681;259
20714;259
20744;259
20792;259
20826;259
20861;259
20894;259
20926;259
20963;259
21001;259
21056;259
21111;259
21151;259
21181;259
21211;259
21245;262
21275;262
21319;262
21350;262
21384;262
21418;262
21447;262
21477;262
21511;262
21549;262
21590;262
21619;262
21662;262
21692;262
21733;262
21765;262
21795;262
21825;262
21856;262
21886;262
21920;262
21956;262
21987;262
22017;262
22047;262
22079;262
22111;262
22143;262
22175;262
22208;262
22241;262
22271;262
22306;262
22336;262
22370;262
22413;262
22443;262
22477;262
22507;262
22546;267
22585;267
22615;267
22645;267
22675;267
22705;267
22739;267
22772;267
22802;267
22832;267
22862;267
22892;267
22932;267
22965;267
22995;267
23025;266
23058;266
23094;266
23124;266
23157;266
23187;263
23216;263
23249;263
23278;263
23311;263
23345;263
23380;263
23411;263
23441;263
23473;263
23519;263
23548;264
23580;264
23608;264
23644;264
23674;264
23707;264
23739;264
23766;264
23804;264
23837;264
23870;264
23915;264
23946;264
23976;264
24011;264
24042;264
24073;264
24106;264
24136;264
24171;264
24203;264
24233;264
24263;264
24292;264
24326;264
24359;264
24392;264
24425;264
24455;264
24488;264
24518;264
24548;264
24580;264
24612;264
24648;264
24678;264
24712;264
24743;264
24781;264
24811;260
24844;258
24876;258
24908;258
24941;258
24971;258
25004;258
25036;258
25069;258
25102;258
25136;258
25168;258
25197;258
25227;258
25257;258
25289;258
25322;258
25356;258
25391;258
25424;258
25457;258
25489;258
25519;258
25552;258
25581;258
25608;258
25640;258
25673;258
25706;258
25734;258
25766;258
25799;258
25829;258
25863;258
25894;258
25924;258
25953;258
25993;258
26026;258
26057;258
26089;258
26131;258
26164;258
26198;258
26230;258
26263;258
26296;258
26332;258
26365;258
26400;258
26441;258
26474;258
26506;258
26538;258
26568;258
26602;258
26635;258
26668;258
26707;258
26737;258
26770;258
26803;258
26837;258
26867;258
26898;258
26933;258
26965;258
26996;258
27029;258
27062;258
27091;258
27121;258
27154;258
27192;258
27225;258
27258;258
27286;258
27323;258
27360;258
27390;258
27423;258
27453;258
27483;258
27512;258
27549;258
27580;258
27610;258
27640;258
27684;258
27717;259
27747;259
27777;259
27810;259
27840;259
27887;259
27922;259
27952;259
27981;259
28021;259
28050;259
28080;259
28109;259
28140;259
28172;259
28203;259
28235;259
28265;259
28297;256
28327;256
28356;256
28389;256
28420;256
28452;256
28486;256
28515;256
28552;256
28589;256
28619;256
28649;256
28681;256
28713;256
28746;256
28778;256
28810;256
28853;256
28886;256
28916;256
28946;256
28980;256
29010;256
29047;256
29077;256
29106;256
29142;256
29172;256
29208;256
29241;256
29272;256
29309;257
29342;257
29382;257
29418;257
29449;257
29481;257
29517;257
29546;257
29576;257
29607;257
29640;257
29675;257
29708;257
29744;257
29777;257
29810;257
29840;257
29870;257
29910;257
29943;257
29979;257
30011;257
30041;257
30073;257
30110;257
30148;257
30179;257
30212;257
30244;257
30274;257
30307;257
30341;257
30373;257
30406;257
30436;257
30466;257
30497;257
30532;257
30561;257
30594;257
30624;257
30658;257
30691;257
30720;257
30753;257
30789;257
30820;257
30853;257
30891;257
30924;257
30960;257
30991;257
31024;257
31058;257
31088;257
31121;257
31158;257
31194;257
31225;257
31258;257
31296;257
31331;257
31363;257
31399;257
31432;257
31465;257
31505;257
31537;257
31569;257
31602;257
31639;257
31671;257
31714;257
31743;257
31773;257
31803;257
31835;257
31868;257
31898;257
31937;257
31970;257
32001;257
32034;257
32070;257
32100;257
32130;257
32170;257
32201;257
32231;257
32261;257
32294;257
32324;257
32353;257
32391;257
32423;257
32452;257
32484;257
32520;257
32553;257
32583;257
32613;257
32646;257
32675;257
32713;257
32745;257
32778;257
32812;257
32844;257
32877;257
32907;257
32937;257
32969;257
33009;257
33044;257
33078;257
33108;257
33137;257
33170;257
33204;257
33236;257
33266;257
33299;257
33329;257
33363;257
33395;257
33425;257
33455;257
33488;257
33518;257
33551;257
33584;257
33616;257
33646;257
33679;257
33713;257
33745;257
33775;257
33808;257
33842;257
33882;257
33912;257
33954;257
33990;257
34027;257
34059;257
34092;257
34130;257
34163;257
34193;257
34226;257
34258;257
34290;257
34323;257
34355;257
34385;257
34424;257
34467;257
34499;257
34533;257
34569;257
34605;257
34638;257
34667;257
34697;257
34730;257
34760;257
34789;257
34827;257
34860;257
34892;257
34925;257
34958;257
34990;257
35027;257
35056;257
35088;257
35126;257
35163;257
35196;257
35226;257
35258;257
35291;257
35329;257
35367;257
35397;257
35442;257
35471;257
35504;257
35534;257
35570;257
35600;257
35636;257
35665;257
35696;257
35731;257
35763;257
35799;257
35840;257
35872;257
35904;257
35934;257
35971;257
36000;257
36033;257
36065;257
36101;257
36133;257
36167;257
36196;257
36226;256
36261;256
36291;256
36332;256
36363;256
36395;256
36446;256
36490;256
36522;256
36555;256
36584;256
36614;256
36644;256
36673;256
36703;256
36739;256
36778;256
36811;256
36843;256
36880;256
36909;256
36942;256
36977;256
37010;256
37041;256
37071;256
37114;256
37146;256
37179;256
37213;256
37246;256
37276;256
37313;256
37350;256
37384;256
37414;256
37447;256
37476;256
37506;256
37544;256
37576;256
37606;256
37638;256
37676;256
37709;256
37742;256
37775;256
37805;256
37839;256
37872;256
37904;256
37934;256
37971;256
38002;256
38035;256
38065;256
38094;256
38132;256
38161;256
38190;256
38220;256
38254;256
38287;256
38318;256
38351;256
38384;256
38417;256
38447;256
38476;256
38509;256
38544;256
38575;256
38605;257
38639;257
38668;257
38701;257
38735;257
38766;257
38799;257
38830;257
38860;257
38893;257
38923;257
38957;256
38990;256
39027;256
39056;256
39086;256
39118;256
39153;256
39187;256
39217;256
39252;256
39289;256
39321;256
39353;256
39382;256
39415;256
39449;256
39482;256
39512;256
39542;256
39576;256
39613;256
39642;256
39677;256
39708;256
39740;256
39770;256
39802;256
39833;256
39867;256
39908;256
39943;256
39975;256
40008;256
40044;256
40073;256
40105;256
40141;256
40174;256
40205;256
40235;256
40267;256
40301;256
40334;256
40369;256
40399;256
40432;256
40462;256
40492;256
40524;256
40557;256
40590;256
40622;256
40654;256
40694;256
40727;256
40757;256
40789;256
40823;256
40853;256
40883;256
40916;256
40950;256
40988;256
41021;256
41050;256
41088;256
41121;256
41152;256
41181;256
41211;256
41248;256
41281;256
41312;256
41344;256
41377;256
41410;256
41440;256
41486;256
41523;256
41559;256
41595;256
41625;256
41657;256
41690;256
41724;256
41756;256
41786;256
41815;256
41848;256
41881;256
41910;256
41940;256
41974;256
42019;256
42051;256
42081;256
42117;256
42147;256
42183;256
42218;256
42256;256
42285;256
42318;256
42350;256
42383;256
42415;256
42445;256
42478;256
42510;256
42553;256
42583;256
42616;256
42657;256
42690;256
42723;256
42753;256
42782;256
42816;256
42846;256
42880;256
42911;256
42944;256
42978;256
43011;256
43044;256
43073;256
43102;256
43135;256
43168;256
43197;256
43230;256
43261;256
43294;256
43323;256
43359;256
43393;256
43436;256
43472;256
43502;256
43534;256
43577;256
43610;256
43641;256
43683;256
43713;256
43747;256
43782;256
43819;256
43852;256
43882;256
43912;256
43944;256
43976;256
44006;256
44035;256
44068;256
44097;256
44132;256
44162;256
44195;256
44225;256
44256;256
44286;256
44315;256
44344;256
44374;256
44411;256
44444;256
44476;256
44508;256
44539;256
44581;256
44611;256
44644;256
44673;256
44703;256
44734;256
44766;256
44804;256
44839;256
44870;256
44900;256
44938;256
44971;256
45003;256
45040;256
45069;256
45108;256
45141;256
45173;256
45202;256
45232;256
