1159;251
1490;251
1809;251
2107;251
2424;251
2718;251
3025;251
3319;251
3723;251
4094;251
4389;251
4688;251
4987;251
5305;251
5585;251
5866;251
6176;251
6570;251
6843;251
7123;251
7406;251
7690;251
7966;251
8244;251
8521;251
8804;251
9091;251
9386;251
9668;251
9947;251
10225;251
10501;251
10777;251
11052;251
11331;251
11600;251
11870;251
12146;251
12427;251
12691;251
12968;251
13234;251
13508;251
13780;251
14041;251
14305;251
14567;251
14826;251
15077;251
15337;251
15586;251
15831;251
16080;251
16327;251
16570;251
16815;251
17047;251
17290;251
17522;251
17766;251
17994;251
18233;251
18463;251
18683;251
18904;251
19128;251
19344;251
19564;251
19951;249
20173;249
20382;249
20588;249
20803;249
21007;249
21212;249
21437;249
21692;246
21887;246
22082;246
22281;246
22512;245
22747;244
23003;241
23195;241
23378;241
23571;241
23800;240
23982;240
24166;240
24350;240
24526;240
24742;239
24914;239
25096;239
25265;239
25437;239
25613;239
25789;239
25964;239
26180;237
26356;237
26530;237
26696;237
26868;237
27038;237
27209;237
27385;237
27557;237
27724;237
27893;237
28063;237
28231;237
28412;237
28584;237
28750;237
28917;237
29089;237
29260;237
29429;237
29597;237
29768;237
29934;237
30115;237
30280;237
30455;237
30628;237
30793;237
30964;237
31135;237
31303;237
31469;237
31642;237
31808;237
31976;237
32156;237
32324;237
32494;237
32660;237
32831;237
32998;237
33164;237
33340;237
33507;237
33678;237
33843;237
34018;237
34184;237
34353;237
34520;237
34693;237
34859;237
35027;237
35201;237
35371;237
35538;237
35705;237
35878;237
36043;237
36212;237
36394;237
36561;237
36732;237
36898;237
37071;237
37239;237
37409;237
37582;237
37755;237
37927;237
38095;237
38273;237
38445;237
38616;237
38787;237
38955;237
39124;237
39292;237
39475;237
39643;237
39825;237
39999;237
40170;237
40344;237
40512;237
40683;237
40849;237
41019;237
41190;237
41421;237
41635;237
41808;237
41977;237
42143;237
42325;237
42511;237
42679;237
42862;237
43034;237
43206;237
43382;237
43554;237
43724;237
43892;237
44058;237
44230;237
44402;237
44570;237
44739;237
44908;237
45076;237
45245;237
45420;237
45587;237
45758;237
45948;237
46118;237
46285;237
46455;237
46629;237
46797;237
46967;237
47143;237
47314;237
47487;237
47657;237
47838;237
48007;237
48176;237
48371;237
48537;237
48706;237
48872;237
49051;237
49220;237
49388;237
49562;237
49733;237
49899;237
50067;237
50241;237
50413;237
50586;237
50759;237
50929;237
51097;237
51263;237
51439;237
51608;237
51823;236
52001;236
52174;236
52349;236
52519;236
52692;236
52859;236
53073;235
53249;235
53418;235
53591;235
53761;235
53932;235
54099;235
54267;235
54446;235
54613;235
54777;235
54949;235
55119;235
55284;235
55452;235
55624;235
55792;235
55956;235
56125;235
56295;235
56471;235
56639;235
56808;235
56973;235
57137;235
57301;235
57475;235
57641;235
57806;235
57976;235
58146;235
58320;235
58485;235
58654;235
58819;235
58985;235
59157;235
59324;235
59491;235
59661;235
59833;235
59999;235
60165;235
60338;235
60583;235
60752;235
60921;235
61094;235
61265;235
61434;235
61608;235
61773;235
61941;235
62107;235
62282;235
62449;235
62615;235
62788;235
62956;235
63123;235
63289;235
63465;235
63633;235
63800;235
63972;235
64141;235
64315;235
64484;235
64653;235
64820;235
64988;235
65155;235
65322;235
65490;235
65658;235
65830;235
65999;235
66167;235
66343;235
66513;235
66681;235
66849;235
67022;235
67192;235
67362;235
67537;235
67709;235
67874;235
68070;235
68240;235
68410;235
68577;235
68747;235
68927;235
69094;235
69260;235
69452;235
69622;235
69785;235
69956;235
70126;235
70291;235
70467;235
70637;235
70803;235
70969;235
71144;235
71312;235
71479;235
71644;235
71815;235
71992;235
72157;235
72331;235
72503;235
72668;235
72835;235
73007;235
73176;235
73345;235
73516;235
73688;235
73853;235
74020;235
74190;235
74359;235
74527;235
74693;235
74866;235
75049;235
75216;235
75393;235
75558;235
75725;235
75891;235
76108;234
76275;234
76445;234
76664;233
76835;233
76999;233
77172;233
77338;233
77505;233
77670;233
77840;233
78003;233
78175;233
78348;233
78512;233
78674;233
78837;233
79006;233
79167;233
79330;233
79494;233
79668;233
79829;233
79996;233
80164;233
80331;233
80495;233
80658;233
80825;233
80992;233
81157;233
81323;233
81490;233
81651;233
81814;233
81982;233
82144;233
82313;233
82477;233
82651;233
82818;233
82981;233
83150;233
83316;233
83483;233
83649;233
83819;233
83982;233
84149;233
84317;233
84486;233
84652;233
84814;233
84989;233
85154;233
85319;233
85485;233
85652;233
85820;233
85984;233
86154;233
86320;233
86483;233
86645;233
86812;233
86975;233
87139;233
87304;233
87477;233
87641;233
87806;233
87975;233
88136;233
88299;233
88465;233
88634;233
88800;233
88962;233
89132;233
89297;233
89462;233
89625;233
89792;233
89954;233
90121;233
90285;233
90479;233
90642;233
90806;233
90974;233
91138;233
91302;233
91470;233
91637;233
91801;233
91979;233
92144;233
92314;233
92479;233
92641;233
92811;233
92974;233
93138;233
93302;233
93493;233
93657;233
93818;233
93987;233
94152;233
94322;233
94483;233
94651;233
94813;233
94980;233
95146;233
95312;233
95477;233
95643;233
95811;233
95974;233
96138;233
96302;233
96482;233
96645;233
96805;233
96976;233
97141;233
97302;233
97470;233
97642;233
97805;233
97969;233
98138;233
98299;233
98463;233
98627;233
98794;233
98956;233
99122;233
99285;233
99459;233
99626;233
99787;233
99955;233
100121;233
100283;233
100454;233
100622;233
100783;233
100946;233
101117;233
101334;233
101554;233
101725;233
101891;233
102053;233
102218;233
102390;233
102556;233
102733;233
102895;233
103064;233
103227;233
103392;233
103561;233
103723;233
103885;233
104047;233
104229;233
104393;233
104557;233
104720;233
104887;233
105054;233
105218;233
105396;233
105561;233
105740;233
105905;233
106073;233
106234;233
106400;233
106569;233
106733;233
106902;233
107065;233
107240;233
107406;233
107568;233
107737;233
107903;233
108069;233
108232;233
108421;233
108585;233
108748;233
108914;233
109083;233
109246;233
109420;233
109587;233
109750;233
109915;233
110075;233
110245;233
110413;233
110577;233
110745;233
110906;233
111067;233
111231;233
111404;233
111567;233
111730;233
111895;233
112064;233
112232;233
112400;233
112569;233
112731;233
112895;233
113058;233
113229;233
113398;233
113562;233
113729;233
113897;233
114062;233
114225;233
114413;233
114579;233
114739;233
114912;233
115079;233
115242;233
115414;233
115582;233
115749;233
115911;233
116073;233
116239;233
116406;233
116568;233
116733;233
116901;233
117061;233
117222;233
117412;233
117574;233
117737;233
117901;233
118072;233
118233;233
118402;233
118567;233
118732;233
118894;233
119056;233
119224;233
119391;233
119559;233
119724;233
119891;233
120058;233
120223;233
120436;233
120639;233
120801;233
120972;233
121140;233
121304;233
121469;233
121637;233
121803;233
121965;233
122136;233
122301;233
122463;233
122643;233
122809;233
122972;233
123135;233
123297;233
123467;233
123630;233
123789;233
123954;233
124131;233
124295;233
124466;233
124635;233
124799;233
124960;233
125127;233
125293;233
125455;233
125623;233
125791;233
125952;233
126119;233
126327;232
126500;232
126708;231
126918;230
127147;229
127321;229
127485;229
127659;229
127823;229
127988;229
128158;229
128323;229
128487;229
128650;229
128821;229
128981;229
129144;229
129311;229
129493;229
129657;229
129816;229
129982;229
130147;229
130320;229
130482;229
130646;229
130809;229
130971;229
131137;229
131302;229
131464;229
131628;229
131800;229
131960;229
132122;229
132287;229
132471;229
132631;229
132789;229
132955;229
133119;229
133294;229
133460;229
133628;229
133792;229
133955;229
134115;229
134282;229
134448;229
134611;229
134777;229
134953;229
135118;229
135281;229
135455;229
135616;229
135778;229
135945;229
136110;229
136273;229
136442;229
136611;229
136773;229
136934;229
137095;229
137263;229
137429;229
137592;229
137758;229
137923;229
138086;229
138248;229
138422;229
138583;229
138743;229
138906;229
139085;229
139249;229
139414;229
139585;229
139749;229
139915;229
140076;229
140246;229
140406;229
140569;229
140733;229
140896;229
141061;229
141223;229
141413;229
141574;229
141737;229
141899;229
142066;229
142228;229
142396;229
142563;229
142725;229
142886;229
143047;229
143214;229
143390;229
143573;229
143741;229
143906;229
144076;229
144245;229
144416;229
144575;229
144738;229
144899;229
145065;229
145230;229
145393;229
145565;229
145728;229
145889;229
146051;229
146218;229
146382;229
146543;229
146704;229
146869;229
147032;229
147197;229
147369;229
147531;229
147693;229
147855;229
148025;229
148192;229
148356;229
148520;229
148727;229
148915;229
149078;229
149242;229
149403;229
149566;229
149733;229
149895;229
150057;229
150224;229
150392;229
150553;229
150713;229
150876;229
151046;229
151208;229
151379;229
151549;229
151747;229
151985;229
152232;229
152462;229
152633;229
152804;229
152982;229
153234;229
153469;229
153721;229
153944;229
154128;229
154288;229
154450;229
154619;229
154781;229
154947;229
155127;229
155348;229
155526;229
155733;229
155968;229
156278;229
156509;229
156704;229
156906;229
157108;229
157299;229
157499;229
157692;229
157917;229
158229;229
158523;229
158809;229
159117;229
159422;229
159679;229
159958;229
160208;229
160427;229
160625;229
160820;229
161107;229
161325;229
161612;229
161910;229
162198;229
162507;229
162727;229
162920;229
163133;229
163302;229
163478;229
163649;229
163826;229
164080;229
164365;229
164612;229
164873;229
165163;229
165386;229
165554;229
165751;229
165924;229
166089;229
166273;229
166486;229
166743;229
166952;229
167120;229
167300;229
167471;229
167634;229
167844;229
168046;229
168237;229
168468;229
168637;229
168814;229
168979;229
169142;229
169302;229
169468;229
169630;229
169793;229
169957;229
170120;229
170285;229
170452;229
170619;229
170781;229
170942;229
171109;229
171276;229
171449;229
171613;229
171780;229
171945;229
172109;229
172274;229
172440;229
172609;229
172771;229
172934;229
173095;229
173261;229
173443;229
173606;229
173771;229
173934;229
174097;229
174261;229
174432;229
174592;229
174756;229
174928;229
175136;229
175329;229
175514;229
175753;229
175916;229
176084;229
176249;229
176417;229
176652;229
176872;229
177039;229
177204;229
177388;229
177567;229
177754;229
177940;229
178125;229
178351;229
178667;229
178930;229
179182;229
179513;229
179759;229
179926;229
180107;229
180297;229
180563;229
180726;229
180887;229
181046;229
181211;229
181376;229
181543;229
181703;229
181865;229
182028;229
182191;229
182354;229
182515;229
182678;229
182839;229
183017;229
183204;229
183396;229
183561;229
183720;229
183884;229
184045;229
184251;229
184556;229
184802;229
185079;229
185400;229
185700;229
186013;229
186324;229
186627;229
186900;229
187111;229
187312;229
187512;229
187703;229
187899;229
188093;229
188293;229
188499;229
188712;229
188902;229
189100;229
189303;229
189512;229
189708;229
189906;229
190107;229
190335;229
190545;229
190738;229
190932;229
191126;229
191323;229
191529;229
191728;229
191930;229
192129;229
192341;229
192548;229
192758;229
192961;229
193165;229
193365;229
193566;229
193761;229
193962;229
194169;229
194367;229
194575;229
194765;229
194959;229
195160;229
195354;229
195547;229
195739;229
195935;229
196130;229
196326;229
196533;229
196729;229
196919;229
197107;229
197309;229
197509;229
197709;229
197918;229
198116;229
198311;229
198520;229
198711;229
198910;229
199185;229
199503;229
199774;229
200022;229
200216;229
200412;229
200625;229
200881;229
201092;229
201340;229
201588;229
201842;229
202100;229
202375;229
202579;229
202831;229
203047;229
203344;229
203571;229
203771;229
203974;229
204171;229
204374;229
204575;229
204774;229
204978;229
205231;229
205441;229
205639;229
205846;229
206120;229
206331;229
206549;229
206760;229
207027;229
207258;229
207492;229
207689;229
207897;229
208139;229
208472;229
208791;229
209023;229
209241;229
209447;229
209645;229
209843;229
210042;229
210242;229
210450;229
210659;229
210858;229
211064;229
211264;229
211469;229
211677;229
211890;229
212126;229
212331;229
212539;229
212748;229
212947;229
213138;229
213348;229
213550;229
213773;229
213971;229
214166;229
214376;229
214613;229
214900;229
215178;229
215382;229
215577;229
215784;229
215981;229
216203;229
216434;229
216639;229
216896;229
217190;229
217406;229
217605;229
217815;229
218008;229
218199;229
218493;229
218799;229
219003;229
219204;229
219407;229
219636;229
219848;229
220141;229
220449;229
220652;229
220886;229
221114;229
221357;229
221675;229
222006;229
222388;229
222691;229
222898;229
223094;229
223288;229
223477;229
223665;229
223855;229
224045;229
224230;229
224419;229
224630;229
224829;229
225026;229
225223;229
225419;229
225622;229
225815;229
226010;229
226221;229
226420;229
226610;229
226801;229
