1640;71
2016;71
2399;71
2775;71
3147;71
3507;71
3849;71
4209;71
6365;71
8514;71
8853;71
9196;71
9542;71
9932;71
10262;71
10607;71
10950;71
11676;71
12618;71
12961;71
13315;71
13657;71
14009;71
14356;71
14686;71
15031;71
15364;71
15700;71
16038;71
16367;71
16706;71
17038;71
17381;71
17722;71
18052;71
18370;71
18688;71
18999;71
19311;71
19627;71
19927;71
20231;71
20527;71
20835;71
21143;71
21432;71
21797;71
22079;71
22374;71
22653;71
22917;71
23179;71
23455;71
23703;71
23945;71
24191;71
24430;71
24717;71
24953;71
25174;71
25392;71
25606;71
25815;71
26018;71
26403;67
26603;67
26805;67
27018;67
27269;67
27451;67
27626;67
27811;67
27996;67
28253;63
28419;63
28579;63
28743;63
28911;63
29141;63
29317;63
29583;62
29733;62
29885;62
30030;62
30176;62
30419;61
30603;61
30790;61
30937;61
31103;61
31246;61
31390;61
31531;61
31685;61
31885;61
32043;61
32188;61
32329;61
32475;61
32618;61
32764;61
32903;61
33048;61
33189;61
33329;61
33469;61
33615;61
33758;61
33900;61
34063;61
34216;61
34370;61
34558;61
34701;61
34898;61
35094;61
35243;61
35385;61
35538;61
35680;61
35821;61
35964;61
36104;61
36267;61
36439;61
36585;61
36733;61
36880;61
37023;61
37178;61
37331;61
37476;61
37618;61
37778;61
37944;61
38099;61
38249;61
38395;61
38545;61
38692;61
38836;61
38984;61
39148;61
39297;61
39438;61
39579;61
39725;61
39866;61
40011;61
40152;61
40298;61
40438;61
40581;61
40726;61
40870;61
41012;61
41155;61
41299;61
41440;61
41584;61
41727;61
41875;61
42021;61
42169;61
42318;61
42463;61
42611;61
42800;61
42982;61
43171;61
43319;61
43467;61
43617;61
43770;61
43919;61
44068;61
44217;61
44359;61
44520;61
44670;61
44826;61
44983;61
45130;61
45293;61
45483;61
45644;61
45800;61
45944;61
46084;61
46230;61
46407;61
46561;61
46707;61
46883;61
47108;61
47264;61
47434;61
47581;61
47759;61
47933;61
48107;61
48252;61
48412;61
48563;61
48721;61
48886;61
49043;61
49189;61
49338;61
49498;61
49644;61
49788;61
49932;61
50076;61
50217;61
50359;61
50503;61
50643;61
50800;61
50945;61
51098;61
51249;61
51390;61
51542;61
51686;61
51836;61
51981;61
52132;61
52276;61
52430;61
52580;61
52737;61
52884;61
53086;61
53293;61
53444;61
53595;61
53748;61
53896;61
54053;61
54199;61
54340;61
54485;61
54629;61
54774;61
54926;61
55070;61
55225;61
55380;61
55523;61
55683;61
55829;61
55976;61
56133;61
56279;61
56421;61
56573;61
56717;61
56861;61
57006;61
57157;61
57296;61
57439;61
57579;61
57723;61
57863;61
58011;61
58154;61
58295;61
58438;61
58580;61
58731;61
58893;61
59035;61
59180;61
59322;61
59462;61
59604;61
59743;61
59886;61
60027;61
60166;61
60321;61
60464;61
60605;61
60751;61
60895;61
61037;61
61177;61
61325;61
61480;61
61631;61
61805;61
61945;61
62087;61
62250;61
62399;61
62551;61
62702;61
62858;61
63006;61
63156;61
63326;61
63477;61
63633;61
63777;61
63927;61
64104;61
64252;61
64391;61
64539;61
64686;61
64839;61
64990;61
65136;61
65277;61
65424;61
65565;61
65707;61
65849;61
65993;61
66154;61
66324;61
66478;61
66624;61
66770;61
66926;61
67071;61
67214;61
67358;61
67512;61
67676;61
67821;61
67972;61
68134;61
68290;61
68475;61
68683;61
68832;61
68982;61
69130;61
69280;61
69423;61
69577;61
69728;61
69872;61
70016;61
70155;61
70307;61
70453;61
70599;61
70747;61
70898;61
71067;61
71209;61
71356;61
71498;61
71644;61
71791;61
71944;61
72089;61
72238;61
72390;61
72541;61
72715;61
72865;61
73006;61
73149;61
73289;61
73456;61
73615;61
73759;61
73904;61
74049;61
74194;61
74334;61
74473;61
74612;61
74759;61
74901;61
75060;61
75201;61
75344;61
75489;61
75629;61
75782;61
75929;61
76069;61
76209;61
76352;61
76491;61
76634;61
76776;61
76917;61
77082;61
77227;61
77370;61
77509;61
77649;61
77793;61
77935;61
78081;61
78227;61
78407;61
78547;61
78690;61
78831;61
78983;61
79146;61
79291;61
79435;61
79593;61
79760;61
79948;61
80126;61
80284;61
80429;61
80581;61
80729;61
80875;61
81018;61
81162;61
81303;61
81449;61
81588;61
81730;61
81875;61
82020;61
82166;61
82310;61
82455;61
82599;61
82752;61
82914;61
83069;61
83210;61
83354;61
83498;61
83640;61
83781;61
83924;61
84064;61
84209;61
84348;61
84488;61
84629;61
84775;61
84920;61
85064;61
85206;61
85351;61
85491;61
85632;61
85775;61
85920;61
86058;61
86201;61
86343;61
86490;61
86635;61
86776;61
86918;61
87062;61
87205;61
87344;61
87488;61
87628;61
87770;61
87922;61
88074;61
88214;61
88359;61
88498;61
88641;61
88780;61
88933;61
89075;61
89214;61
89354;61
89513;61
89657;61
89799;61
89946;61
90087;61
90230;61
90371;61
90515;61
90658;61
90803;61
90951;61
91098;61
91244;61
91391;61
91531;61
91679;61
91822;61
91968;61
92112;61
92258;61
92405;61
92550;61
92701;61
92846;61
92989;61
93136;61
93279;61
93422;61
93567;61
93717;61
93862;61
94002;61
94152;61
94292;61
94438;61
94581;61
94726;61
94873;61
95017;61
95167;61
95306;61
95452;61
95593;61
95742;61
95885;61
96029;61
96172;61
96316;61
96457;61
96599;61
96738;61
96884;61
97030;61
97192;61
97335;61
97480;61
97620;61
97763;61
97908;61
98048;61
98189;61
98330;61
98473;61
98620;61
98764;61
98910;61
99051;61
99198;61
99339;61
99483;61
99624;61
99769;61
99911;61
100053;61
100194;61
100341;61
100482;61
100627;61
100764;61
100908;61
101061;61
101214;61
101382;61
101528;61
101670;61
101825;61
101969;61
102113;61
102257;61
102401;61
102543;61
102695;61
102890;61
103082;61
103226;61
103397;61
103544;61
103686;61
103826;61
103992;61
104138;61
104280;61
104420;61
104565;61
104706;61
104874;61
105017;61
105158;61
105300;61
105439;61
105580;61
105721;61
105863;61
106004;61
106146;61
106288;61
106433;61
106574;61
106718;61
106861;61
107004;61
107144;61
107286;61
107429;61
107575;61
107719;61
107860;61
108005;61
108143;61
108284;61
108427;61
108571;61
108715;61
108861;61
109006;61
109148;61
109290;61
109438;61
109589;61
109732;61
109876;61
110019;61
110162;61
110305;61
110449;61
110591;61
110735;61
110876;61
111018;61
111163;61
111310;61
111452;61
111596;61
111740;61
111892;61
112032;61
112173;61
112314;61
112457;61
112601;61
112741;61
112882;61
113062;61
113242;61
113385;61
113529;61
113670;61
113816;61
113961;61
114104;61
114246;61
114387;61
114531;61
114670;61
114818;61
114966;61
115106;61
115249;61
115390;61
115541;61
115685;61
115829;61
115970;61
116112;61
116253;61
116392;61
116532;61
116681;61
116821;61
116963;61
117103;61
117253;61
117394;61
117534;61
117672;61
117819;61
117959;61
118104;61
118245;61
118387;61
118526;61
118667;61
118815;61
118956;61
119097;61
119238;61
119377;61
119523;61
119671;61
119817;61
119967;61
120113;61
120257;61
120400;61
120541;61
120682;61
120822;61
120968;61
121107;61
121250;61
121391;61
121534;61
121677;61
121823;61
121966;61
122111;61
122252;61
122394;61
122535;61
122681;61
122820;61
122967;61
123106;61
123250;61
123393;61
123537;61
123679;61
123820;61
123963;61
124109;61
124254;61
124395;61
124536;61
124680;61
124827;61
124974;61
125119;61
125258;61
125402;61
125544;61
125687;61
125828;61
125979;61
126118;61
126259;61
126404;61
126547;61
126693;61
126840;61
126986;61
127129;61
127278;61
127417;61
127560;61
127707;61
127847;61
127994;61
128136;61
128278;61
128417;61
128565;61
128707;61
128849;61
128996;61
129136;61
129278;61
129425;61
129564;61
129710;61
129851;61
129993;61
130134;61
130279;61
130420;61
130562;61
130704;61
130846;61
130990;61
131135;61
131275;61
131418;61
131557;61
131702;61
131842;61
131989;61
132130;61
132277;61
132418;61
132562;61
132705;61
132847;61
132995;61
133132;61
133275;61
133416;61
133556;61
133701;61
133847;61
133993;61
134139;61
134282;61
134425;61
134565;61
134707;61
134855;61
135001;61
135144;61
135287;61
135427;61
135573;61
135717;61
135859;61
136003;61
136146;61
136290;61
136441;61
136581;61
136721;61
136861;61
137003;61
137148;61
137288;61
137432;61
137576;61
137717;61
137857;61
138000;61
138140;61
138288;61
138429;61
138569;61
138713;61
138855;61
139003;61
139147;61
139294;61
139441;61
139588;61
139731;61
139875;61
140022;61
140167;61
140313;61
140455;61
140596;61
140738;61
140879;61
141021;61
141167;61
141307;61
141451;61
141595;61
141739;61
141885;61
142027;61
142172;61
142314;61
142461;61
142602;61
142749;61
142893;61
143039;61
143181;61
143342;61
143483;61
143624;61
143764;61
143911;61
144054;61
144197;61
144340;61
144483;61
144625;61
144772;61
144917;61
145061;61
145205;61
145345;61
145489;61
145632;61
145774;61
145916;61
146058;61
146200;61
146347;61
146484;61
146624;61
146766;61
146908;61
147049;61
147187;61
147327;61
147468;61
147608;61
147752;61
147897;61
148038;61
148181;61
148321;61
148464;61
148602;61
148747;61
148885;61
149028;61
149171;61
149314;61
149456;61
149596;61
149737;61
149883;61
150024;61
150167;61
150311;61
150459;61
150608;61
150755;61
150916;61
151064;61
151206;61
151351;61
151492;61
151639;61
151783;61
151928;61
152075;61
152218;61
152366;61
152510;61
152659;61
152803;61
152947;61
153095;61
153235;61
153380;61
153519;61
153665;61
153805;61
153948;61
154093;61
154239;61
154383;61
154530;61
154671;61
154819;61
154962;61
155103;61
155248;61
155387;61
155537;61
155681;61
155824;61
155973;61
156116;61
156261;61
156404;61
156550;61
156689;61
156835;61
156978;61
157127;61
157271;61
157415;61
157555;61
157696;61
157838;61
157978;61
158133;61
158273;61
158418;61
158561;61
158705;61
158846;61
158990;61
159135;61
159277;61
159421;61
159567;61
159710;61
159853;61
160003;61
160158;61
160299;61
160444;61
160584;61
160728;61
160870;61
161021;61
161161;61
161305;61
161446;61
161587;61
161730;61
161871;61
162021;61
162163;61
162303;61
162450;61
162592;61
162736;61
162878;61
163020;61
163226;61
163438;61
163612;61
163752;61
163896;61
164035;61
164178;61
164320;61
164463;61
164603;61
164748;61
164894;61
165037;61
165177;61
165317;61
165459;61
165599;61
165742;61
165884;61
166028;61
166167;61
166331;61
166473;61
166615;61
166758;61
166904;61
167043;61
167187;61
167326;61
167472;61
167614;61
167759;61
167917;61
168062;61
168201;61
168344;61
168484;61
168628;61
168769;61
168910;61
169057;61
169202;61
169344;61
169489;61
169633;61
169773;61
169916;61
170056;61
170198;61
170340;61
170484;61
170627;61
170769;61
170917;61
171067;61
171212;61
171353;61
171494;61
171637;61
171781;61
171927;61
172069;61
172215;61
172358;61
172511;61
172652;61
172805;61
172953;61
173183;61
173339;61
173481;61
173621;61
173762;61
173918;61
174078;61
174221;61
174362;61
174506;61
174646;61
174792;61
174942;61
175086;61
175226;61
175369;61
175510;61
175657;61
175798;61
175938;61
176079;61
176221;61
176361;61
176506;61
176649;61
176789;61
176933;61
177082;61
177227;61
177364;61
177512;61
177649;61
177790;61
177933;61
178076;61
178217;61
178361;61
178500;61
178643;61
178787;61
178929;61
179069;61
179215;61
179354;61
179497;61
179634;61
179776;61
179924;61
180069;61
180219;61
180362;61
180513;61
180660;61
180813;61
180962;61
181104;61
181254;61
181400;61
181549;61
181696;61
181838;61
181981;61
182135;61
182300;61
182464;61
182628;61
182795;61
182965;61
183128;61
183292;61
183457;61
183609;61
183758;61
183913;61
184067;61
184216;61
184356;61
184495;61
184638;61
184786;61
184930;61
185072;61
185212;61
185352;61
185495;61
185637;61
185780;61
185926;61
186068;61
186218;61
186366;61
186507;61
186652;61
186793;61
186943;61
187083;61
187229;61
187373;61
187515;61
187653;61
187796;61
187940;61
188084;61
188226;61
188373;61
188519;61
188664;61
188812;61
188959;61
189104;61
189257;61
189407;61
189552;61
189699;61
189842;61
189984;61
190127;61
190267;61
190414;61
190554;61
190694;61
190838;61
190981;61
191125;61
191266;61
191410;61
191550;61
191691;61
191838;61
191980;61
192122;61
192265;61
192408;61
192552;61
192695;61
192840;61
192993;61
193135;61
193276;61
193419;61
193561;61
193704;61
