1437;67
1790;67
2168;67
2513;67
2870;67
3206;67
3544;67
3866;67
4237;67
4656;67
5012;67
5368;67
5692;67
6035;67
6486;67
6823;67
7160;67
7496;67
7865;67
8254;67
8584;67
8915;67
9230;67
9556;67
9874;67
10194;67
10531;67
10851;67
11175;67
11489;67
11812;67
12129;67
12445;67
12761;67
13079;67
13399;67
13707;67
14016;67
14317;67
14620;67
14924;67
15220;67
15515;67
15806;67
16086;67
16364;67
16648;67
16916;67
17183;67
17441;67
17702;67
17965;67
18220;67
18463;67
18696;67
18933;67
19163;67
19393;67
19631;67
19852;67
20078;67
20296;67
20508;67
20713;67
20912;67
21120;67
21325;67
21514;67
21783;66
21972;66
22324;64
22603;63
22783;63
22950;63
23117;63
23281;63
23443;63
23616;63
23773;63
23928;63
24094;63
24249;63
24399;63
24549;63
24693;63
24837;63
24984;63
25129;63
25271;63
25414;63
25556;63
25712;63
25854;63
25999;63
26146;63
26289;63
26433;63
26576;63
26723;63
26866;63
27013;63
27171;63
27316;63
27458;63
27599;63
27743;63
27889;63
28031;63
28175;63
28320;63
28462;63
28605;63
28751;63
28895;63
29039;63
29184;63
29326;63
29468;63
29610;63
29753;63
29894;63
30040;63
30183;63
30332;63
30476;63
30619;63
30760;63
30903;63
31045;63
31189;63
31333;63
31478;63
31622;63
31768;63
31933;63
32074;63
32219;63
32361;63
32501;63
32642;63
32784;63
32926;63
33067;63
33207;63
33353;63
33493;63
33635;63
33776;63
33918;63
34059;63
34200;63
34342;63
34484;63
34627;63
34768;63
34915;63
35054;63
35198;63
35344;63
35488;63
35628;63
35772;63
35914;63
36060;63
36205;63
36351;63
36499;63
36641;63
36785;63
36928;63
37080;63
37226;63
37370;63
37516;63
37655;63
37797;63
37946;63
38101;63
38245;63
38389;63
38535;63
38677;63
38820;63
38960;63
39102;63
39242;63
39386;63
39530;63
39674;63
39816;63
39961;63
40102;63
40245;63
40387;63
40530;63
40675;63
40817;63
40979;63
41123;63
41265;63
41405;63
41548;63
41690;63
41834;63
41975;63
42118;63
42264;63
42409;63
42566;63
42707;63
42846;63
42991;63
43131;63
43270;63
43410;63
43557;63
43701;63
43845;63
43994;63
44150;63
44291;63
44434;63
44577;63
44718;63
44862;63
45007;63
45151;63
45292;63
45438;63
45588;63
45733;63
45874;63
46017;63
46162;63
46303;63
46448;63
46593;63
46737;63
46878;63
47023;63
47171;63
47314;63
47456;63
47599;63
47748;63
47896;63
48043;63
48187;63
48330;63
48474;63
48620;63
48768;63
48909;63
49056;63
49197;63
49341;63
49488;63
49632;63
49774;63
49918;63
50062;63
50213;63
50357;63
50499;63
50643;63
50780;63
50923;63
51064;63
51206;63
51349;63
51490;63
51630;63
51775;63
51915;63
52059;63
52200;63
52342;63
52485;63
52629;63
52775;63
52921;63
53061;63
53202;63
53348;63
53494;63
53639;63
53783;63
53926;63
54068;63
54213;63
54357;63
54500;63
54640;63
54788;63
54935;63
55078;63
55223;63
55371;63
55581;63
55771;63
55929;63
56075;63
56219;63
56364;63
56510;63
56659;63
56801;63
56946;63
57089;63
57232;63
57381;63
57524;63
57673;63
57819;63
57967;63
58110;63
58252;63
58394;63
58536;63
58676;63
58817;63
58965;63
59105;63
59248;63
59391;63
59538;63
59678;63
59823;63
59966;63
60108;63
60251;63
60395;63
60539;63
60680;63
60826;63
60984;63
61125;63
61265;63
61409;63
61548;63
61691;63
61831;63
61977;63
62119;63
62261;63
62401;63
62551;63
62691;63
62840;63
62985;63
63125;63
63269;63
63408;63
63551;63
63692;63
63832;63
63973;63
64120;63
64261;63
64402;63
64546;63
64689;63
64829;63
64972;63
65114;63
65258;63
65399;63
65543;63
65686;63
65829;63
65974;63
66162;63
66339;63
66483;63
66625;63
66769;63
66913;63
67054;63
67200;63
67341;63
67481;63
67622;63
67771;63
67918;63
68065;63
68207;63
68351;63
68493;63
68639;63
68783;63
68926;63
69073;63
69214;63
69357;63
69498;63
69642;63
69784;63
69926;63
70068;63
70212;63
70352;63
70496;63
70637;63
70778;63
70918;63
71060;63
71202;63
71345;63
71485;63
71626;63
71785;63
71929;63
72069;63
72212;63
72353;63
72496;63
72641;63
72783;63
72968;63
73136;63
73298;63
73444;63
73591;63
73734;63
73879;63
74026;63
74171;63
74313;63
74456;63
74598;63
74745;63
74889;63
75033;63
75177;63
75319;63
75462;63
75604;63
75746;63
75886;63
76031;63
76173;63
76322;63
76463;63
76607;63
76750;63
76895;63
77050;63
77198;63
77352;63
77507;63
77661;63
77811;63
77966;63
78115;63
78266;63
78412;63
78554;63
78732;63
78890;63
79039;63
79183;63
79330;63
79487;63
79635;63
79777;63
79925;63
80078;63
80220;63
80366;63
80508;63
80651;63
80798;63
80945;63
81092;63
81233;63
81374;63
81519;63
81665;63
81806;63
81947;63
82090;63
82234;63
82378;63
82536;63
82675;63
82818;63
82970;63
83118;63
83265;63
83412;63
83559;63
83706;63
83850;63
84001;63
84150;63
84302;63
84444;63
84586;63
84731;63
84877;63
85021;63
85168;63
85314;63
85462;63
85609;63
85751;63
85893;63
86039;63
86185;63
86326;63
86472;63
86614;63
86755;63
86901;63
87045;63
87188;63
87329;63
87469;63
87611;63
87749;63
87896;63
88040;63
88183;63
88326;63
88470;63
88615;63
88757;63
88899;63
89042;63
89184;63
89327;63
89469;63
89614;63
89760;63
89903;63
90047;63
90192;63
90334;63
90477;63
90618;63
90760;63
90904;63
91046;63
91190;63
91332;63
91476;63
91622;63
91768;63
91909;63
92052;63
92196;63
92339;63
92486;63
92633;63
92775;63
92918;63
93061;63
93211;63
93355;63
93501;63
93646;63
93789;63
93931;63
94075;63
94220;63
94364;63
94512;63
94655;63
94804;63
94945;63
95090;63
95233;63
95376;63
95523;63
95667;63
95818;63
95964;63
96110;63
96262;63
96405;63
96552;63
96694;63
96837;63
96986;63
97131;63
97279;63
97421;63
97566;63
97709;63
97856;63
98005;63
98150;63
98295;63
98435;63
98579;63
98724;63
98867;63
99010;63
99154;63
99300;63
99455;63
99600;63
99746;63
99896;63
100040;63
100183;63
100326;63
100468;63
100609;63
100751;63
100902;63
101044;63
101188;63
101331;63
101474;63
101614;63
101764;63
101906;63
102048;63
102191;63
102338;63
102486;63
102629;63
102770;63
102913;63
103055;63
103196;63
103336;63
103484;63
103629;63
103773;63
103924;63
104071;63
104218;63
104358;63
104502;63
104644;63
104785;63
104931;63
105073;63
105217;63
105360;63
105520;63
105661;63
105803;63
105945;63
106088;63
106228;63
106377;63
106516;63
106664;63
106809;63
106950;63
107100;63
107241;63
107386;63
107526;63
107674;63
107814;63
107961;63
108101;63
108242;63
108385;63
108529;63
108671;63
108818;63
108959;63
109099;63
109241;63
109383;63
109524;63
109666;63
109805;63
109948;63
110091;63
110232;63
110373;63
110516;63
110656;63
110800;63
110940;63
111080;63
111223;63
111372;63
111514;63
111660;63
111801;63
111945;63
112086;63
112228;63
112371;63
112515;63
112658;63
112801;63
112943;63
113087;63
113231;63
113372;63
113512;63
113653;63
113794;63
113936;63
114079;63
114223;63
114366;63
114508;63
114649;63
114793;63
114934;63
115078;63
115220;63
115363;63
115564;63
115754;63
115893;63
116042;63
116186;63
116330;63
116472;63
116615;63
116757;63
116912;63
117055;63
117197;63
117340;63
117485;63
117632;63
117784;63
117932;63
118079;63
118242;63
118421;63
118567;63
118745;63
118936;63
119080;63
119223;63
119392;63
119623;63
119784;63
119954;63
120100;63
120244;63
120415;63
120637;63
120811;63
121009;63
121166;63
121326;63
121485;63
121643;63
121800;63
121960;63
122124;63
122281;63
122466;63
122666;63
122828;63
123060;63
123241;63
123481;63
123670;63
123816;63
123967;63
124114;63
124261;63
124404;63
124551;63
124698;63
124846;63
125000;63
125147;63
125301;63
125458;63
125611;63
125773;63
125914;63
126073;63
126312;63
126489;63
126634;63
126779;63
126920;63
127072;63
127221;63
127365;63
127515;63
127674;63
127879;63
128066;63
128251;63
128412;63
128569;63
128722;63
128885;63
129056;63
129227;63
129399;63
129548;63
129695;63
129845;63
129989;63
130139;63
130280;63
130424;63
130566;63
130712;63
130857;63
131000;63
131144;63
131288;63
131438;63
131596;63
131753;63
131906;63
132056;63
132228;63
132395;63
132551;63
132694;63
132839;63
132988;63
133165;63
133327;63
133517;63
133724;63
133928;63
134171;63
134404;63
134628;63
134830;63
134991;63
135192;63
135447;63
135693;63
135899;63
136159;63
136417;63
136582;63
136756;63
136925;63
137098;63
137293;63
137463;63
137622;63
137790;63
137952;63
138109;63
138274;63
138431;63
138590;63
138765;63
138995;63
139232;63
139490;63
139797;63
140021;63
140169;63
140324;63
140476;63
140629;63
140784;63
140952;63
141101;63
141249;63
141392;63
141544;63
141729;63
141898;63
142057;63
142217;63
142363;63
142537;63
142687;63
142830;63
142976;63
143116;63
143255;63
143399;63
143544;63
143685;63
143825;63
143991;63
144135;63
144277;63
144444;63
144611;63
144799;63
144973;63
145133;63
145406;63
145649;63
145873;63
146094;63
146344;63
146565;63
146790;63
147025;63
147244;63
147475;63
147732;63
147922;63
148070;63
148212;63
148395;63
148544;63
148716;63
148860;63
149002;63
149144;63
149288;63
149432;63
149572;63
149712;63
149855;63
149999;63
150143;63
150298;63
150439;63
150582;63
150725;63
150870;63
151011;63
151156;63
151315;63
151520;63
151726;63
151876;63
152091;63
152281;63
152533;63
152831;63
153063;63
153332;63
153595;63
153798;63
154050;63
154287;63
154531;63
154746;63
154969;63
155161;63
155308;63
155448;63
155594;63
155737;63
155880;63
156026;63
156169;63
156310;63
156455;63
156597;63
156742;63
156883;63
157026;63
157171;63
157314;63
157458;63
157628;63
157843;63
157997;63
158144;63
158286;63
158428;63
158569;63
158712;63
158902;63
159108;63
159252;63
159395;63
159539;63
159677;63
159820;63
159962;63
160105;63
160298;63
160475;63
160619;63
160762;63
160904;63
161051;63
161201;63
161344;63
161489;63
161634;63
161779;63
161921;63
162062;63
162204;63
162347;63
162490;63
162637;63
162778;63
162919;63
163060;63
163203;63
163350;63
163490;63
163635;63
163776;63
163920;63
164073;63
164216;63
164360;63
164500;63
164643;63
164786;63
164929;63
165070;63
165214;63
165361;63
165506;63
165648;63
165796;63
165939;63
166078;63
166219;63
166365;63
166503;63
166647;63
166789;63
166929;63
167074;63
167220;63
167368;63
167509;63
167656;63
167797;63
167943;63
168081;63
168229;63
168369;63
168514;63
168655;63
168799;63
168940;63
169085;63
169228;63
169371;63
169516;63
169661;63
169806;63
169949;63
170099;63
170256;63
170401;63
170548;63
170690;63
170836;63
170975;63
171118;63
171259;63
171415;63
171559;63
171701;63
171846;63
171988;63
172140;63
172283;63
172425;63
172567;63
172710;63
172853;63
172995;63
173135;63
173278;63
173421;63
173560;63
173703;63
173845;63
173988;63
174131;63
174270;63
174411;63
174555;63
174696;63
174844;63
174988;63
175134;63
175278;63
175440;63
175626;63
175811;63
175951;63
176094;63
176231;63
176396;63
176541;63
176682;63
176823;63
176971;63
177115;63
177260;63
177401;63
177538;63
177678;63
177819;63
177974;63
178116;63
178259;63
178402;63
178544;63
178683;63
178826;63
178975;63
179118;63
179261;63
179406;63
179549;63
179690;63
179832;63
179974;63
180114;63
180257;63
180398;63
180541;63
180681;63
180824;63
180968;63
181111;63
181252;63
181396;63
181533;63
181676;63
181816;63
181962;63
182104;63
182245;63
182391;63
182545;63
182686;63
182825;63
182976;63
183120;63
183261;63
183405;63
183546;63
183687;63
183829;63
183970;63
184117;63
184257;63
184397;63
184537;63
184680;63
184824;63
184969;63
185113;63
185258;63
185405;63
185549;63
185698;63
185842;63
185995;63
186210;63
186388;63
186533;63
186675;63
186818;63
186959;63
187104;63
187249;63
187387;63
187530;63
187671;63
187813;63
187958;63
188099;63
188240;63
188379;63
188519;63
188663;63
188808;63
188948;63
189094;63
189236;63
189380;63
189525;63
189668;63
189819;63
189960;63
190102;63
190245;63
190390;63
190536;63
190678;63
190818;63
190962;63
191105;63
191249;63
191395;63
191537;63
191684;63
191828;63
191973;63
192116;63
192263;63
192409;63
192553;63
192698;63
