216;235
388;235
513;235
588;235
709;235
811;235
932;235
997;235
1067;235
1141;235
1231;235
1304;235
1373;235
1438;235
1513;235
1606;235
1705;235
1811;235
1902;235
1974;235
2039;235
2114;235
2187;235
2257;235
2325;235
2388;235
2473;235
2532;235
2606;235
2665;235
2737;235
2797;235
2859;235
2927;235
3003;235
3092;235
3188;235
3275;235
3366;235
3437;235
3512;235
3581;235
3646;236
3708;236
3767;236
3834;236
3905;236
3972;236
4040;236
4101;236
4169;236
4255;236
4312;236
4377;236
4439;236
4501;236
4561;236
4619;236
4681;236
4741;236
4800;236
4864;236
4933;236
5000;236
5062;236
5150;236
5232;236
5315;236
5400;236
5490;236
5575;236
5667;236
5749;236
5814;236
5871;236
5931;237
5990;237
6056;237
6117;237
6179;237
6250;237
6311;237
6379;239
6438;239
6497;239
6557;237
6617;237
6683;237
6742;237
6808;237
6869;237
6930;237
7006;237
7087;237
7147;237
7206;237
7272;237
7331;237
7402;237
7469;237
7530;237
7596;237
7655;238
7721;238
7785;238
7859;238
7927;238
7988;238
8045;238
8106;238
8179;238
8260;238
8318;238
8395;238
8469;237
8531;238
8591;238
8659;238
8721;238
8793;238
8854;238
8921;238
8983;238
9045;238
9112;238
9171;238
9236;237
9299;237
9366;237
9427;237
9497;237
9551;237
9622;237
9695;237
9758;237
9823;237
9890;237
9957;237
10015;237
10076;237
10141;237
10205;237
10279;237
10345;237
10415;237
10473;237
10530;237
10590;237
10648;237
10706;237
10763;237
10834;237
10892;237
10953;237
11015;237
11073;237
11131;237
11192;237
11252;237
11319;237
11377;237
11437;237
11495;237
11554;237
11618;237
11706;237
11772;237
11830;237
11888;237
11950;237
12016;237
12081;237
12147;236
12211;236
12279;236
12340;236
12406;236
12465;236
12525;236
12599;237
12666;237
12724;236
12782;236
12839;237
12906;237
12963;237
13029;237
13090;237
13156;237
13214;237
13284;237
13350;237
13417;237
13472;237
13529;237
13587;237
13648;237
13709;237
13770;237
13842;237
13903;237
13961;237
14021;237
14082;237
14142;237
14208;237
14273;237
14334;237
14405;237
14475;237
14538;237
14607;237
14671;237
14733;237
14794;237
14861;237
14919;237
14989;237
15056;237
15137;237
15198;237
15259;237
15317;237
15378;237
15441;237
15502;237
15562;237
15626;237
15687;237
15744;237
15803;237
15869;237
15928;237
15986;237
16046;237
16105;237
16179;242
16245;242
16312;242
16379;242
16439;242
16510;242
16570;242
16640;242
16696;242
16752;242
16811;242
16883;242
16944;242
17006;242
17067;242
17134;242
17195;242
17254;242
17320;244
17381;244
17446;244
17504;244
17570;244
17634;244
17691;244
17751;244
17817;244
17878;244
17945;244
18003;244
18074;244
18134;244
18195;244
18262;244
18319;244
18379;244
18438;244
18503;244
18563;244
18619;244
18682;244
18764;244
18823;244
18884;244
18945;244
19012;244
19084;244
19142;244
19200;244
19272;244
19330;244
19389;243
19449;243
19508;243
19566;243
19626;243
19687;243
19762;243
19821;243
19907;243
19965;243
20026;243
20087;243
20144;243
20207;243
20284;243
20343;243
20412;243
20490;243
20547;243
20606;243
20665;243
20746;243
20806;243
20872;240
20930;240
20988;240
21055;240
21115;240
21196;239
21262;239
21322;239
21404;239
21466;239
21526;239
21601;239
21672;239
21729;239
21787;239
21845;239
21905;239
21965;239
22025;239
22098;239
22160;239
22230;239
22297;239
22378;239
22444;239
22502;239
22563;239
22642;239
22721;239
22777;239
22850;239
22911;239
22970;239
23036;239
23097;239
23157;239
23216;239
23287;239
23351;239
23418;239
23496;239
23554;239
23613;239
23676;239
23734;239
23793;239
23867;239
23933;239
23993;239
24066;239
24130;239
24190;239
24255;239
24317;239
24378;239
24437;239
24503;239
24568;239
24635;235
24712;235
24773;235
24834;235
24894;235
24955;235
25017;235
25077;235
25136;235
25203;235
25269;235
25327;235
25386;235
25453;235
25516;235
25579;235
25640;235
25714;235
25772;235
25841;235
25902;235
25981;235
26046;235
26112;235
26186;235
26261;235
26321;235
26380;235
26467;240
26523;240
26586;240
26643;240
26700;240
26758;240
26824;240
26885;240
26944;240
27005;240
27079;240
27144;240
27209;240
27270;240
27344;240
27409;240
27469;240
27530;240
27588;240
27652;240
27710;240
27768;240
27828;240
27886;240
27943;240
28009;240
28064;239
28121;239
28178;239
28243;239
28307;239
28367;239
28427;239
28486;239
28542;239
28602;239
28662;239
28720;238
28794;238
28862;238
28933;238
28990;238
29050;238
29107;238
29174;238
29234;238
29293;238
29348;238
29408;238
29479;238
29539;238
29597;238
29659;238
29717;238
29800;238
29890;238
29950;238
30033;237
30112;237
30170;237
30232;237
30300;237
30366;239
30427;239
30488;239
30546;239
30602;239
30676;239
30738;239
30799;239
30856;239
30933;239
30991;239
31055;239
31114;239
31194;239
31267;239
31324;239
31393;239
31449;239
31513;239
31570;240
31629;240
31687;240
31747;240
31811;240
31872;241
31931;241
31988;241
32049;241
32109;241
32168;241
32234;241
32336;241
32416;241
32498;241
32568;241
32628;241
32686;241
32743;241
32804;241
32864;241
32929;241
32988;241
33057;241
33114;241
33174;241
33247;241
33313;241
33388;241
33449;241
33510;241
33567;241
33626;241
33687;241
33749;241
33824;241
33884;241
33944;241
34002;241
34060;241
34126;241
34184;241
34247;241
34314;241
34376;241
34434;241
34491;240
34556;240
34625;241
34682;241
34739;241
34797;241
34865;241
34938;241
34996;241
35054;241
35114;241
35179;241
35239;241
35310;241
35380;241
35456;241
35512;241
35568;241
35625;241
35682;241
35743;241
35799;241
35857;241
35917;241
35977;241
36039;241
36098;241
36163;241
36221;241
36292;241
36352;241
36425;241
36484;241
36545;241
36619;241
36687;241
36749;241
36810;241
36889;241
36947;241
37013;241
37073;241
37153;241
37250;241
37309;241
37381;241
37454;244
37521;244
37583;244
37647;244
37712;244
37780;244
37838;244
37919;244
37981;244
38044;244
38107;244
38181;244
38259;244
38343;244
38448;244
38505;244
38563;244
38644;244
38740;244
38805;244
38879;244
38994;244
39059;244
39117;244
39177;244
39258;244
39330;244
39400;244
39468;244
39525;244
39591;244
39667;244
39723;244
39788;244
39848;244
39950;244
40018;244
40088;244
40153;244
40214;244
40285;244
40346;244
40414;244
40474;244
40534;243
40599;243
40656;243
40713;243
40782;242
40872;242
40954;242
41054;242
41109;242
41172;243
41232;240
41289;240
41349;240
41409;240
41478;240
41539;240
41605;240
41663;240
41722;240
41779;240
41836;240
41894;240
41954;240
42015;240
42084;240
42157;240
42214;240
42271;240
42345;240
42404;240
42462;240
42533;240
42593;240
42658;240
42718;240
42778;240
42850;240
42922;240
42982;240
43045;240
43105;240
43171;240
43231;238
43288;239
43345;239
43403;239
43461;239
43527;239
43596;239
43657;239
43720;239
43777;239
43843;239
43901;239
43961;239
44026;239
44092;239
44152;239
44209;239
44275;239
44333;239
44419;239
44480;239
44541;239
44606;239
44663;239
44721;239
44781;239
44853;239
44907;239
44965;239
45030;237
45096;236
45156;236
45214;236
45274;236
45346;236
45410;236
45479;236
45536;236
45596;236
45661;236
45719;236
45784;236
45844;236
45903;236
45960;237
46033;237
46105;237
46161;237
46230;237
46306;237
46367;237
46428;237
46494;237
46556;237
46616;237
46673;237
46732;237
46789;237
46856;237
46915;237
46972;237
47041;237
47107;236
47177;238
47236;238
47300;238
47358;238
47418;238
47485;238
47558;238
47639;238
47710;238
47767;238
47825;238
47884;238
47944;238
48005;238
48071;238
48136;238
48201;238
48267;238
48330;238
48388;238
48447;238
48514;238
48574;238
48658;238
48717;238
48782;238
48842;238
48899;238
48959;238
49030;238
49087;238
49165;238
49234;238
49299;238
49362;238
49426;238
49486;238
49543;238
49603;238
49669;238
49729;238
49786;238
49857;238
49914;237
49972;237
50042;237
50106;237
50163;237
50223;237
50287;237
50343;237
50431;237
50496;237
50554;237
50620;237
50679;238
50739;238
50796;238
50856;238
50922;238
51002;238
51070;238
51127;238
51184;238
51252;238
51307;238
51365;238
51425;238
51485;238
51551;238
51607;238
51670;238
51727;238
51788;238
51853;238
51932;238
51992;238
52052;238
52127;238
52182;238
52255;238
52320;238
52402;238
52463;238
52536;238
52595;238
52652;238
52733;238
52791;238
52853;238
52912;238
52978;238
53036;238
53092;238
53149;238
53209;238
53268;238
53325;238
53390;238
53454;238
53514;238
53574;238
53631;238
53697;238
53766;238
53825;238
53883;238
53940;238
54006;239
54071;239
54128;239
54184;239
54245;239
54306;239
54366;239
54429;238
54511;238
54568;237
54625;237
54692;237
54773;237
54833;237
54898;237
54956;237
55013;237
55072;237
55129;237
55188;237
55271;237
55330;237
55387;237
55445;237
55511;237
55581;237
55640;236
55707;236
55780;236
55840;236
55898;236
55960;236
56015;236
56079;236
56136;236
56194;236
56261;236
56318;236
56376;236
56447;236
56508;236
56565;236
56632;236
56688;236
56744;236
56806;236
56869;236
56928;236
56985;236
57057;236
57117;236
57183;236
57248;236
57327;236
57392;236
57450;236
57511;236
57569;236
57632;236
57690;236
57760;236
57820;236
57886;236
57942;236
57999;236
58056;235
58114;235
58172;235
58263;235
58321;235
58382;235
58483;235
58544;235
58600;235
58665;235
58723;235
58795;235
58858;235
58915;235
58975;235
59032;235
59090;235
59153;235
59220;235
59280;235
59346;235
59416;235
59485;235
59567;235
59635;235
59703;235
59768;235
59842;235
59922;235
59993;235
60069;235
60137;235
60209;235
60275;235
60348;235
60414;235
60482;235
60556;235
60623;235
60706;235
60771;235
60842;235
60909;235
60977;235
61042;235
61118;235
61199;235
61278;235
61343;235
61420;235
61486;235
61552;235
61624;235
61698;235
61767;235
61837;235
61913;235
61979;235
62060;235
62123;235
62190;235
62264;235
62329;235
62397;235
62479;235
62550;235
62622;235
62695;235
62764;235
62847;235
62915;235
62996;235
63069;235
63131;235
63195;235
63273;235
63337;235
63402;235
63471;235
63537;235
63614;235
63681;236
63748;236
63815;236
63883;236
63951;236
64016;236
64084;236
64149;236
64228;236
64305;236
64373;236
64440;236
64512;236
64583;236
64652;236
64725;236
64801;236
64880;236
64941;236
65018;236
65098;236
65169;236
65241;236
65308;236
65372;236
65439;236
65511;236
65578;236
65657;236
65723;236
65793;236
65854;236
65926;236
65997;236
66077;236
66152;236
66220;236
66285;236
66351;236
66425;236
66498;236
66579;236
66661;236
66724;236
66788;236
66852;237
66916;237
66980;237
67046;237
67115;237
67179;237
67249;237
67315;237
67389;237
67462;237
67525;237
67607;237
67681;237
67766;237
67854;237
67929;237
67999;237
68067;237
68144;237
68211;237
68283;237
68347;237
68413;237
68502;237
68594;237
68658;237
68724;237
68833;237
68898;237
68982;237
69063;237
69141;237
69205;237
69282;237
69347;237
69414;237
69478;237
69547;237
69623;237
69711;237
69784;236
69851;236
69917;236
69989;236
70057;236
70139;235
70220;235
70296;235
70359;235
70433;235
70514;235
70581;235
70651;235
70731;235
70809;235
70903;235
70978;235
71053;235
71124;235
71195;235
71258;235
71329;235
71397;235
71475;235
71540;235
71625;235
71696;235
71763;235
71832;235
71897;235
71962;235
72028;235
72116;235
72185;235
72268;235
72343;235
72424;235
72497;235
72566;235
72635;235
72715;235
72798;235
72863;235
72930;235
73019;235
73100;235
73164;235
73234;235
73308;235
73386;235
73452;235
73526;235
73597;235
73668;235
73742;235
73821;235
73887;236
73956;236
74021;236
74095;236
74159;236
74222;236
74303;236
74369;236
74437;235
74514;235
74600;235
74662;235
74728;235
74794;235
74859;235
74928;235
74997;235
75092;235
75162;235
75227;235
75315;235
75382;236
75445;236
75520;236
75585;236
75669;236
75734;236
75827;236
75900;236
75976;236
76046;236
76113;236
76195;236
76274;236
76357;236
76423;236
76497;236
76574;236
76648;236
76714;236
76781;236
76857;236
76925;236
77000;236
77068;236
77137;236
77217;236
77288;236
77353;236
77419;236
77491;236
77556;236
77623;236
77698;236
77762;236
77833;236
77899;236
77964;236
78052;236
78119;236
78208;236
78277;236
78345;236
78417;236
78485;236
78557;236
78633;236
78718;236
78790;236
78853;236
78928;236
79001;236
79075;236
79141;236
79210;236
79288;236
79343;236
79419;236
79483;235
79565;235
79645;234
79713;234
79781;234
79866;234
79939;234
80009;234
80072;234
80156;234
80227;234
80309;234
80392;234
80465;234
80529;234
80601;234
80671;234
80751;234
80817;234
80889;234
80954;234
81025;234
81103;234
81168;234
81251;234
81327;234
81394;234
81564;234
81627;234
81695;234
81779;234
81869;234
81938;234
82009;234
82076;234
82143;234
82212;234
82296;234
82374;234
82448;234
82514;234
82584;234
82664;234
82731;234
82795;234
82869;234
82935;234
83003;234
83076;234
83141;234
83224;234
83289;234
83356;234
83425;234
83509;234
83594;234
83669;234
83734;234
83829;234
83922;234
84019;234
84103;234
84171;234
84247;234
84313;234
84371;234
84440;234
84497;234
84577;234
84696;234
84759;234
84825;234
84904;234
84963;234
85028;234
85093;234
85162;234
85242;234
85317;234
85376;234
85447;234
85526;234
85594;234
85659;234
85725;234
85790;234
85858;234
85937;234
85999;234
86065;234
86160;234
86223;234
86298;234
86361;234
86432;234
86496;234
86571;234
86690;234
86779;234
86869;234
86935;234
87009;234
87096;234
87163;234
87258;234
87326;234
87394;234
87469;234
87536;234
87617;234
87713;234
87793;234
87860;234
87922;234
87985;234
88048;234
88121;234
88185;234
88251;234
88327;234
88395;234
88459;234
88536;234
88599;234
88701;234
88779;234
88866;234
88937;234
89004;234
89075;234
89139;234
89226;234
89305;234
89369;234
89434;234
89513;234
89578;234
89641;234
89728;234
89793;234
89871;234
89935;234
89995;234
90068;234
90135;234
90212;234
90278;234
90345;234
90407;234
90485;234
90563;234
90657;234
90757;234
90822;234
90881;234
90946;234
91020;234
91083;234
91145;234
91245;234
91299;234
91357;234
91414;234
91470;234
91558;234
91636;234
91707;234
91793;234
91880;234
92013;234
92086;234
92149;234
92216;234
92306;234
92427;234
92569;234
92647;234
92729;234
92796;234
92862;234
92950;234
93036;234
93122;234
93195;234
93269;234
93331;234
93398;234
93475;234
93615;234
93691;234
93780;234
93857;234
93926;234
93986;234
94046;234
94106;234
94164;234
94233;234
94292;234
94377;234
94432;234
94491;234
94558;234
94618;234
94687;234
94769;234
94828;234
94898;234
94958;234
95025;234
95092;234
95200;234
95348;234
95469;234
95545;234
95613;234
95676;234
95737;234
95819;234
95892;234
95959;234
96042;234
96110;234
96195;234
96269;234
96337;234
96397;234
96458;234
96528;234
96633;234
96704;234
96791;234
96866;234
96926;234
96991;234
97050;234
97121;234
97191;234
97256;234
97324;234
97394;234
97463;234
97524;234
97587;234
97651;234
97721;234
97797;234
97873;234
97935;234
97999;234
98067;234
98131;234
98199;234
98268;234
98329;234
98393;234
98462;234
98533;234
98596;234
98703;234
98818;234
98888;234
98997;234
99077;234
99156;234
99220;234
99289;234
99357;234
99439;234
99517;234
99598;234
99719;234
99802;234
99882;234
99946;234
100011;234
100075;234
100146;234
100216;234
100294;234
100354;234
100416;234
100476;234
100534;234
100598;234
100686;234
100766;234
100837;234
100916;234
100986;234
101062;234
101131;234
101199;234
101267;234
101328;234
101386;234
101448;234
101509;234
101580;234
101638;234
101698;234
101762;234
101821;234
101894;234
101966;234
102029;234
102088;234
102149;234
102208;234
102267;234
102329;234
102389;234
102458;234
102518;234
102577;234
102637;234
102709;234
102778;234
102841;234
102909;234
102982;234
103050;234
103114;234
103178;234
103238;234
103298;234
103360;234
103427;234
103488;234
103560;234
103633;234
103693;234
103762;234
103825;234
103884;234
103946;234
104005;234
104065;234
104135;234
104191;234
104249;234
104309;234
104369;234
104432;234
104499;234
104559;234
104628;234
104691;234
104758;234
104821;234
104883;234
104949;234
105009;234
105083;234
105143;234
105207;234
105267;234
105327;234
105388;234
105449;234
105511;234
105571;234
105634;234
105700;234
105758;234
105831;234
105892;234
105961;234
106030;234
106090;234
106167;234
106233;234
106302;234
106370;234
106431;234
106488;234
106549;234
106605;234
106668;234
106726;234
106787;234
106851;234
106912;234
106979;234
107046;234
107106;234
107172;234
107235;234
107306;234
107370;234
107430;234
107499;234
107562;234
107645;234
107733;234
107792;234
107850;234
107908;234
107970;234
108030;234
108097;234
108159;234
108226;234
108287;234
108357;234
108416;234
108474;234
108543;234
108606;234
108668;234
108726;234
108795;234
108878;234
108939;234
108998;234
109059;234
109118;234
109193;234
109294;234
109414;234
109535;234
109598;234
109679;234
109750;234
109843;234
109971;234
110091;234
110215;234
110285;234
110350;234
110414;234
110474;234
110535;234
110595;234
110655;234
110715;234
110785;234
110847;234
110921;234
110979;234
111043;234
111130;234
111192;234
111255;234
111319;234
111384;234
111455;234
111515;234
111574;234
111645;234
111708;234
111771;234
111834;234
111905;234
111967;234
112027;234
112087;234
112161;234
112221;234
112285;234
112345;234
112405;234
112467;234
112534;234
112594;234
112662;234
112723;234
112786;234
112849;234
112909;234
112971;234
113038;234
