254;4202
371;4130
451;4044
542;3938
618;3803
720;3693
811;3677
914;3632
978;3547
1046;3547
1163;3335
1293;3175
1395;3089
1472;2917
1536;2917
1604;2830
1681;2783
1750;2764
1831;2723
1922;2693
1992;2603
2063;2574
2131;2501
2216;2484
2319;2460
2398;2379
2474;2379
2560;2302
2630;2302
2714;2302
2800;2302
2898;2301
2962;2301
3024;2223
3090;2223
3183;2086
3265;2086
3351;1991
3431;1913
3511;1913
3598;1913
3688;1827
3778;1709
3843;1709
3902;1670
3958;1670
4016;1670
4074;1670
4133;1670
4212;1588
4270;1588
4329;1588
4387;1588
4474;1489
4543;1489
4615;1489
4688;1424
4753;1424
4850;1376
4915;1376
4974;1376
5041;1376
5131;1376
5212;1377
5267;1377
5322;1377
5380;1377
5436;1377
5496;1376
5569;1376
5661;1376
5721;1376
5792;1334
5850;1334
5916;1332
5989;1332
6070;1332
6159;1317
6236;1216
6321;1216
6378;1216
6444;1196
6539;1198
6610;1198
6707;1158
6769;1158
6832;1158
6888;1158
6954;1158
7065;1158
7133;1158
7212;1136
7307;1136
7412;1042
7529;1019
7621;1019
7716;1019
7810;1019
7908;1019
7996;1019
8095;1019
8156;1019
8223;1019
8306;1019
8400;1019
8471;1019
8535;1019
8607;935
8683;935
8743;935
8808;937
8912;937
9044;937
9103;937
9175;937
9234;883
9294;883
9356;883
9441;883
9506;883
9595;883
9684;883
9772;883
9867;883
9942;883
10036;883
10134;883
10211;883
10269;883
10339;789
10396;789
10466;789
10549;789
10667;789
10766;789
10829;703
10888;703
10958;615
11028;615
11147;615
11240;615
11336;615
11424;615
11507;615
11583;556
11666;556
11786;553
11867;553
11968;553
12061;553
12181;553
12310;553
12403;504
12462;504
12521;504
12582;504
12669;504
12775;504
12838;504
12916;504
13025;504
13104;504
13203;434
13280;434
13358;434
13441;434
13551;431
13632;431
13727;431
13813;431
13872;431
13938;431
14003;431
14074;431
14148;431
14211;431
14318;431
14453;431
14552;431
14635;431
14700;431
14812;431
14914;431
14981;431
15045;431
15103;431
15165;431
15248;431
15336;431
15420;431
15496;431
15562;431
15621;431
15681;431
15761;431
15841;431
15924;431
16014;372
16099;372
16176;372
16243;372
16299;372
16370;372
16427;372
16490;372
16584;372
16692;372
16780;372
16875;372
16977;372
17068;372
17202;372
17312;370
17429;367
17543;367
17643;367
17701;367
17757;367
17818;367
17873;367
17936;367
18033;367
18158;367
18293;367
18386;367
18444;367
18503;367
18586;321
18670;321
18794;321
18917;321
19042;321
19156;321
19220;321
19299;321
19352;321
19410;321
19469;321
19538;321
19626;321
19712;321
19798;321
19907;321
20009;321
20065;321
20122;321
20208;321
20326;321
20446;321
20549;321
20614;321
20687;321
20778;321
20837;321
20895;321
20959;321
21015;321
21071;321
21127;321
21187;321
21244;321
21308;321
21374;321
21440;321
21517;321
21576;321
21639;321
21699;321
21759;321
21816;321
21874;321
21930;321
21988;321
22046;321
22102;321
22161;321
22219;321
22276;321
22334;321
22394;321
22451;321
22521;321
22585;321
22646;321
22721;321
22785;321
22853;319
22910;319
22973;320
23034;320
23093;320
23162;320
23226;320
23291;320
23365;317
23492;317
23598;317
23697;317
23798;318
23894;317
24016;317
24117;317
24197;317
24253;317
24338;317
24492;317
24566;317
24642;317
24742;317
24813;317
24927;317
25001;317
25063;317
25137;317
25200;317
25263;317
25327;317
25391;317
25452;317
25520;317
25594;317
25685;317
25742;317
25797;317
25856;317
25934;317
25990;317
26045;317
26103;317
26179;317
26245;317
26302;317
26359;317
26424;317
26479;317
26549;317
26606;317
26661;317
26717;317
26771;317
26839;317
26915;317
26978;317
27065;317
27181;317
27295;317
27393;317
27493;317
27581;317
27683;317
27743;317
27798;317
27873;317
28004;242
28122;242
28200;242
28261;242
28326;242
28399;242
28489;242
28561;242
28617;242
28673;242
28729;241
28785;241
28842;241
28899;241
28959;241
29040;241
29096;241
29154;240
29212;240
29268;240
29323;240
29379;240
29444;240
29501;240
29560;240
29614;240
29677;240
29734;240
29790;240
29862;240
29922;240
29980;240
30036;240
30103;240
30158;240
30213;240
30268;240
30325;240
30403;240
30500;240
30593;240
30663;240
30723;240
30790;240
30844;240
30898;240
30955;240
31011;240
31065;240
31121;240
31189;240
31249;240
31307;240
31401;240
31462;239
31573;239
31686;239
31781;239
31883;239
32022;239
32131;239
32225;239
32299;239
32372;239
32435;239
32491;239
32558;239
32613;239
32677;239
32734;239
32791;239
32864;239
32961;239
33019;239
33076;239
33130;239
33197;239
33260;239
33349;239
33447;239
33533;239
33625;239
33718;239
33816;239
33877;239
33952;239
34049;239
34130;239
34186;239
34247;239
34315;239
34411;239
34505;239
34626;239
34732;239
34797;239
34853;239
34916;239
34970;239
35025;239
35082;239
35145;239
35203;239
35265;239
35339;239
35406;239
35465;239
35586;239
35658;239
35752;239
35808;239
35876;239
35953;239
36008;239
36064;239
36123;239
36179;239
36238;239
36295;239
36352;239
36407;239
36461;239
36515;239
36573;239
36628;239
36682;239
36758;239
36815;239
36890;239
36970;239
37026;239
37096;239
37156;239
37242;239
37305;239
37359;239
37429;239
37490;239
37552;239
37615;239
37692;239
37755;239
37812;239
37877;239
37939;239
37997;239
38060;239
38116;239
38174;239
38237;237
38293;237
38347;237
38404;237
38463;237
38520;237
38582;237
38643;237
38699;237
38756;237
38812;237
38891;237
38953;237
39052;237
39185;237
39254;237
39308;237
39371;237
39430;237
39483;237
39539;237
39594;237
39648;237
39709;237
39770;237
39830;237
39893;237
39952;237
40009;237
40073;237
40142;237
40204;237
40265;237
40321;237
40385;237
40439;237
40492;237
40548;237
40624;237
40678;237
40737;237
40792;237
40850;237
40905;237
40978;237
41030;237
41087;237
41140;237
41194;237
41250;237
41326;237
41381;237
41437;237
41504;237
41563;237
41652;237
41767;238
41843;238
41905;238
41978;238
42073;238
42177;238
42233;238
42305;238
42386;238
42469;238
42566;238
42622;238
42675;238
42731;238
42798;238
42854;238
42912;238
42980;238
43041;238
43119;238
43182;238
43238;238
43299;238
43354;238
43408;238
43464;238
43520;238
43576;238
43631;238
43688;238
43742;238
43799;238
43862;238
43925;238
43993;238
44057;238
44119;238
44213;238
44292;238
44376;238
44437;238
44494;238
44575;238
44629;237
44682;237
44738;237
44805;237
44861;237
44924;237
44999;237
45056;237
45111;237
45180;237
45258;237
45333;237
45395;237
45456;237
45537;237
45620;237
45695;237
45752;237
45807;237
45879;237
45962;237
46059;236
46157;236
46237;236
46325;236
46407;236
46512;236
46605;236
46686;236
46761;236
46853;236
46961;236
47062;236
47154;236
47215;236
47284;236
47381;236
47475;236
47579;236
47705;236
47790;236
47870;236
47961;236
48065;236
48168;236
48230;236
48287;236
48344;236
48427;236
48492;236
48547;236
48613;236
48670;236
48730;236
48801;236
48870;236
48921;236
48989;236
49045;236
49103;236
49158;236
49256;236
49311;236
49371;236
49435;236
49491;236
49558;236
49628;236
49700;236
49801;236
49877;235
49939;235
50007;235
50075;235
50140;235
50197;235
50277;235
50335;235
50403;235
50471;235
50535;235
50597;235
50664;235
50721;235
50778;235
50841;235
50898;235
50954;234
51013;234
51089;234
51147;234
51224;234
51281;234
51338;234
51392;235
51449;235
51504;235
51566;235
51637;235
51691;235
51748;235
51808;235
51881;235
51950;235
52012;235
52081;235
52147;235
52238;235
52303;235
52360;235
52415;235
52474;235
52536;235
52613;235
52674;235
52745;235
52801;235
52858;235
52930;235
52992;235
53047;235
53103;235
53166;235
53227;235
53283;235
53342;235
53419;235
53473;235
53532;235
53589;235
53647;235
53717;235
53775;235
53831;235
53889;235
53946;235
54003;235
54067;235
54127;235
54184;235
54241;235
54299;235
54361;235
54418;235
54473;235
54529;235
54583;235
54637;235
54699;235
54755;235
54818;235
54896;235
54964;235
55028;234
55087;234
55146;234
55204;234
55263;234
55318;234
55391;234
55449;234
55506;234
55567;234
55622;234
55678;234
55731;234
55802;234
55860;234
55924;234
55982;234
56039;234
56107;234
56164;234
56226;234
56280;234
56342;234
56399;234
56477;234
56604;234
56683;234
56798;234
56877;234
56972;234
57076;234
57164;234
57282;234
57380;234
57519;234
57631;234
57731;234
57825;234
57905;234
58044;234
58149;234
58241;234
58316;234
58402;234
58502;234
58608;234
58728;234
58832;234
58910;234
58997;234
59077;234
59149;234
59238;234
59345;234
59490;234
59577;234
59641;234
59709;234
59758;234
59814;234
59868;234
59938;234
60006;234
60063;234
60120;234
60176;234
60233;234
60289;234
60346;234
60424;234
60518;234
60604;234
60675;234
60731;234
60789;234
60848;234
60927;234
61032;234
61115;234
61198;234
61269;234
61346;234
61435;234
61534;234
61610;234
61665;234
61719;234
61776;234
61830;234
61888;234
61947;234
62018;234
62084;234
62145;234
62199;234
62263;234
62321;234
62394;234
62461;234
62518;234
62574;234
62635;234
62696;234
62752;234
62821;234
62895;234
62983;234
63099;234
63196;234
63288;234
63388;234
63486;234
63548;234
63611;234
63685;234
63745;234
63849;234
63923;234
63986;234
64040;234
64098;234
64152;234
64206;234
64267;234
64335;234
64402;234
64456;234
64512;234
64580;234
64638;234
64727;234
64783;234
64839;234
64893;234
64969;234
65023;234
65079;234
65145;234
65200;234
65255;234
65309;234
65365;234
65418;234
65474;234
65544;234
65605;234
65657;234
65711;234
65765;234
65820;234
65882;234
65938;234
65991;234
66053;234
66109;234
66164;234
66237;234
66299;234
66353;234
66415;234
66470;234
66526;234
66595;234
66681;234
66737;234
66804;234
66860;234
66914;234
66976;234
67029;234
67083;234
67151;234
67214;234
67277;234
67333;234
67388;234
67444;234
67498;234
67554;234
67616;234
67678;234
67734;234
67793;234
67849;234
67904;234
67962;234
68021;234
68081;234
68159;234
68214;234
68270;234
68324;234
68380;234
68434;234
68490;234
68544;234
68599;234
68655;234
68711;234
68775;234
68840;234
68897;234
68950;234
69012;234
69068;234
69121;234
69181;234
69243;234
69313;234
69372;234
69430;234
69489;234
69544;234
69623;234
69709;234
69783;234
69839;234
69896;234
69950;234
70006;234
70068;234
70134;234
70196;234
70250;234
70312;234
70368;234
70447;234
70505;234
70583;234
70640;234
70718;234
70772;235
70828;235
70895;235
70949;235
71018;235
71080;235
71142;235
71203;235
71258;235
71316;235
71372;235
71431;235
71487;235
71542;235
71599;235
71667;235
71747;235
71833;235
71896;235
71958;235
72019;235
72075;235
72153;235
72207;235
72263;235
72319;235
72384;235
72442;235
72498;235
72553;235
72612;235
72675;235
72733;234
72788;234
72844;234
72911;234
72966;234
73020;234
73086;234
73141;234
73197;234
73275;234
73346;234
73423;234
73498;234
73556;234
73615;234
73672;234
73731;234
73796;234
73853;234
73940;234
74011;234
74083;234
74138;234
74205;234
74260;234
74315;234
74371;234
74436;234
74503;234
74562;234
74621;234
74678;234
74735;234
74791;234
74848;234
74912;234
74981;234
75036;234
75099;234
75164;234
75218;234
75275;234
75330;234
75393;234
75479;234
75536;234
75600;234
75657;234
75716;234
75787;234
75846;234
75911;235
75966;235
76021;235
76083;235
76133;235
76197;235
76254;235
76330;235
76384;235
76441;235
76499;234
76555;234
76613;234
76671;234
76735;234
76800;234
76854;234
76911;234
76967;234
77025;234
77091;234
77212;234
77295;234
77378;234
77468;234
77529;234
77581;234
77636;234
77696;234
77762;234
77816;235
77879;235
77969;235
78030;235
78086;234
78143;234
78208;234
78262;234
78325;234
78388;234
78451;234
78521;234
78583;234
78662;234
78716;234
78770;234
78826;234
78880;234
78935;234
78996;235
79049;235
79106;235
79159;235
79221;235
79308;235
79394;235
79477;235
79556;235
79640;235
79722;235
79817;235
79903;235
79975;235
80040;235
80100;235
80164;235
80224;235
80284;236
80339;236
80393;236
80448;236
80506;236
80560;236
80615;236
80669;236
80723;236
80786;236
80843;236
80919;236
80971;236
81027;236
81082;236
81136;236
81191;236
81253;236
81308;236
81380;236
81458;236
81541;236
81624;236
81715;236
81793;236
81877;236
81939;236
81998;236
82058;236
82116;236
82187;236
82242;236
82303;236
82379;236
82451;236
82524;236
82597;236
82673;236
82743;236
82798;236
82865;236
82921;236
83000;236
83065;236
83136;236
83201;236
83255;236
83309;236
83366;236
83433;236
83487;236
83548;236
83604;236
83676;236
83738;236
83794;236
83850;236
83906;236
83968;236
84036;236
84103;236
84173;236
84233;236
84290;236
84345;236
84401;236
84462;236
84516;236
84578;236
84640;236
84714;236
84768;236
84835;236
84889;236
84951;236
85007;236
85061;236
85115;236
85176;236
85238;235
85293;235
85360;235
85427;235
85481;235
85543;235
85597;235
85651;235
85717;235
85771;235
85837;235
85893;235
85948;235
86002;235
86057;235
86111;235
86173;235
86229;235
86291;235
86354;235
86424;235
86483;235
86550;235
86617;235
86678;235
86734;235
86788;235
86844;235
86900;235
86954;235
87003;235
87058;235
87128;235
87205;235
87260;235
87313;235
87370;235
87431;235
87500;235
87557;235
87611;235
87666;235
87720;235
87787;235
87857;235
87919;235
87995;235
88051;235
88108;235
88169;235
88246;235
88308;235
88361;235
88418;235
88468;235
88524;235
88582;235
88651;235
88709;235
88765;235
88831;235
88885;235
88938;235
89000;235
89061;235
89130;235
89183;235
89250;235
89311;235
89367;235
89430;235
89487;235
89541;235
89596;235
89664;235
89768;235
89849;235
89907;235
89961;235
90016;235
90071;235
90127;235
90202;235
90294;235
90353;235
90461;235
90568;235
90672;235
90748;235
90830;235
90885;235
90942;235
91005;235
91078;235
91144;235
91225;235
91293;235
91350;235
91425;235
91500;235
91558;235
91641;235
91712;234
91777;234
91836;234
91892;234
91948;234
92002;234
92056;234
92111;234
92177;234
92232;234
92287;234
92351;234
92409;234
92470;234
92526;234
92581;234
92636;234
92706;234
92768;234
