804;287
1070;287
1302;287
1513;287
1724;287
1932;287
2199;287
2400;287
2586;287
2811;287
2997;287
3182;287
3405;287
3686;287
4004;287
4278;287
4476;287
4674;287
4897;287
5089;287
5288;287
5481;287
5675;287
5861;287
6053;287
6245;287
6515;287
6875;287
7094;287
7307;287
7508;287
7695;287
7891;287
8082;287
8288;287
8499;287
8723;287
8940;287
9138;287
9343;287
9531;287
9706;287
9883;287
10078;287
10264;287
10444;287
10629;287
10811;287
10979;287
11148;287
11308;287
11481;287
11641;287
11803;287
11974;287
12139;287
12291;287
12439;287
12591;287
12745;287
12917;287
13066;287
13226;287
13374;287
13530;287
13677;287
13822;287
13965;287
14103;287
14247;287
14378;287
14501;287
14624;287
14753;287
14972;279
15120;279
15301;278
15447;274
15603;269
15755;268
15964;263
16080;263
16213;259
16360;258
16484;258
16601;258
16714;258
16854;257
16998;257
17102;257
17212;257
17307;257
17401;257
17514;257
17612;257
17713;257
17817;257
17912;257
18012;257
18116;257
18221;257
18313;257
18401;257
18494;257
18585;257
18687;257
18786;257
18880;257
18976;257
19073;257
19165;257
19265;257
19362;257
19455;257
19547;257
19648;257
19744;257
19846;257
19943;257
20039;257
20131;257
20225;257
20322;257
20423;257
20520;257
20613;257
20705;257
20798;257
20893;257
20990;257
21104;257
21207;257
21304;257
21400;257
21492;257
21585;257
21684;257
21785;257
21883;257
21978;257
22080;257
22174;257
22279;257
22371;257
22465;257
22559;257
22655;257
22755;257
22859;257
22964;257
23063;257
23167;257
23263;257
23357;257
23457;257
23553;257
23650;257
23743;257
23839;257
23933;257
24035;257
24181;257
24348;257
24495;257
24595;257
24686;257
24782;257
24874;257
24982;257
25096;257
25196;257
25300;257
25400;257
25498;257
25589;257
25681;257
25776;257
25872;257
25973;257
26073;257
26207;257
26338;257
26442;257
26546;257
26650;257
26751;257
26847;257
26944;257
27042;257
27141;257
27240;257
27338;257
27432;257
27527;257
27622;257
27717;257
27820;257
27913;257
28005;257
28106;257
28214;257
28303;257
28404;257
28507;257
28606;257
28701;257
28803;257
28916;257
29047;257
29147;257
29240;257
29338;257
29434;257
29530;257
29624;257
29722;257
29816;257
29916;257
30056;257
30154;257
30245;257
30344;257
30447;257
30542;257
30637;257
30730;257
30823;257
30929;257
31041;257
31148;257
31257;257
31367;257
31469;257
31574;257
31675;257
31781;257
31879;257
31992;257
32103;257
32196;257
32287;257
32379;257
32468;257
32558;257
32649;257
32751;257
32845;257
32938;257
33032;257
33128;257
33221;257
33320;257
33414;257
33525;257
33620;257
33717;257
33815;257
33915;257
34008;257
34103;257
34197;257
34340;257
34446;257
34590;257
34711;257
34807;257
34922;257
35090;257
35198;257
35293;257
35385;257
35477;257
35569;257
35661;257
35761;257
35857;257
35951;257
36052;257
36198;257
36341;257
36468;257
36587;257
36687;257
36822;257
36928;257
37022;257
37125;257
37221;257
37325;257
37475;257
37626;257
37724;257
37822;257
37916;257
38030;257
38148;257
38277;257
38416;257
38517;257
38620;257
38761;257
38872;257
38969;257
39068;257
39180;257
39273;257
39366;257
39457;257
39551;257
39646;257
39742;257
39835;257
39927;257
40018;257
40114;257
40211;257
40304;257
40407;257
40510;257
40605;257
40702;257
40802;257
40906;257
40999;257
41108;257
41219;257
41315;257
41408;257
41499;257
41596;257
41726;257
41832;257
41930;257
42025;257
42122;257
42216;257
42310;257
42404;257
42499;257
42595;257
42692;257
42792;257
42892;257
42987;257
43081;257
43206;257
43331;257
43474;257
43612;257
43754;257
43853;257
43949;257
44041;257
44135;257
44231;257
44328;257
44432;257
44523;257
44615;257
44708;257
44800;257
44894;257
44984;257
45082;257
45180;257
45271;257
45364;257
45461;257
45554;257
45647;257
45739;257
45836;257
45933;257
46024;257
46118;257
46214;257
46308;257
46401;257
46496;257
46590;257
46681;257
46778;257
46871;257
46962;257
47059;257
47154;257
47288;257
47426;257
47537;257
47664;257
47758;257
47850;257
47946;257
48039;257
48134;257
48225;257
48319;257
48439;257
48574;257
48680;257
48788;257
48932;257
49049;257
49152;257
49299;257
49404;257
49506;257
49601;257
49692;257
49825;257
49944;257
50040;257
50134;257
50235;257
50364;257
50496;257
50597;257
50691;257
50785;257
50876;257
50969;257
51062;257
51188;257
51353;257
51513;257
51607;257
51743;257
51903;257
52080;257
52228;257
52358;257
52516;257
52610;257
52701;257
52795;257
52923;257
53019;257
53117;257
53218;257
53359;257
53508;257
53650;257
53791;257
53928;257
54075;257
54181;257
54278;257
54367;257
54459;257
54552;257
54644;257
54736;257
54828;257
54922;257
55029;257
55167;257
55376;257
55560;257
55712;257
55841;257
55989;257
56134;257
56293;257
56437;257
56608;257
56761;257
56934;257
57111;257
57282;257
57448;257
57622;257
57795;257
57943;257
58054;257
58190;257
58291;257
58386;257
58501;257
58658;257
58791;257
58929;257
59144;257
59375;257
59487;257
59578;257
59670;257
59769;257
59877;257
59981;257
60081;257
60183;257
60306;257
60404;257
60518;257
60672;257
60796;257
60893;257
60984;257
61080;257
61173;257
61291;257
61445;257
61569;257
61664;257
61765;257
61859;257
61998;257
62174;257
62295;257
62391;257
62484;257
62576;257
62666;257
62759;257
62852;257
62948;257
63044;257
63140;257
63231;257
63323;257
63421;257
63513;257
63608;257
63703;257
63796;257
63889;257
64003;257
64158;257
64291;257
64388;257
64490;257
64589;257
64690;257
64786;257
64881;257
64972;257
65066;257
65160;257
65252;257
65343;257
65463;257
65606;257
65717;257
65836;257
65971;257
66148;257
66274;257
66464;257
66688;257
66831;257
66932;257
67027;257
67119;257
67214;257
67306;257
67401;257
67498;257
67600;257
67719;257
67883;257
68058;257
68206;257
68368;257
68673;257
68902;257
69112;257
69310;257
69499;257
69644;257
69786;257
69977;257
70161;257
70341;257
70484;257
70617;257
70749;257
70886;257
71002;257
71118;257
71264;257
71429;257
71606;257
71746;257
71968;257
72277;257
72517;257
72747;257
72982;257
73284;257
73503;257
73697;257
73930;257
74124;257
74309;257
74536;257
74746;257
74922;257
75113;257
75297;257
75468;257
75699;257
75999;257
76184;257
76416;257
76623;257
76824;257
76993;257
77123;257
77327;257
77536;257
77719;257
77825;257
77919;257
78013;257
78109;257
78211;257
78365;257
78510;257
78773;257
78910;257
79004;257
79096;257
79193;257
79288;257
79385;257
79543;257
79693;257
79933;257
80124;257
80237;257
80343;257
80446;257
80549;257
80642;257
80734;257
80828;257
80921;257
81019;257
81149;257
81310;257
81468;257
81601;257
81835;257
81939;257
82031;257
82127;257
82218;257
82312;257
82409;257
82531;257
82701;257
82849;257
82999;257
83244;257
83508;257
83694;257
83853;257
84066;257
84241;257
84441;257
84577;257
84676;257
84774;257
84874;257
84970;257
85072;257
85164;257
85265;257
85355;257
85447;257
85539;257
85634;257
85728;257
85825;257
85921;257
86015;257
86116;257
86240;257
86377;257
86497;257
86640;257
86742;257
86842;257
86958;257
87167;257
87438;257
87657;257
87831;257
88083;257
88287;257
88513;257
88723;257
88932;257
89100;257
89331;257
89541;257
89668;257
89800;257
89956;257
90058;257
90151;257
90242;257
90333;257
90431;257
90563;257
90707;257
90810;257
90908;257
91005;257
91096;257
91194;257
91287;257
91377;257
91470;257
91596;257
91722;257
91814;257
91911;257
92003;257
92095;257
92187;257
92280;257
92371;257
92462;257
92553;257
92648;257
92743;257
92836;257
92927;257
93018;257
93110;257
93199;257
93292;257
93383;257
93480;257
93629;257
93755;257
93859;257
93966;257
94062;257
94156;257
94250;257
94354;257
94493;257
94630;257
94763;257
94862;257
94956;257
95051;257
95154;257
95250;257
95341;257
95434;257
95559;257
95698;257
95845;257
95946;257
96037;257
96134;257
96227;257
96318;257
96409;257
96502;257
96595;257
96686;257
96778;257
96876;257
96973;257
97120;257
97279;257
97450;257
97550;257
97644;257
97755;257
97850;257
97948;257
98057;257
98152;257
98243;257
98333;257
98425;257
98515;257
98607;257
98703;257
98796;257
98890;257
98991;257
99084;257
99175;257
99270;257
99365;257
99457;257
99589;257
99730;257
99897;257
100042;257
100198;257
100362;257
100528;257
100694;257
100929;257
101148;257
101350;257
101551;257
101767;257
101945;257
102124;257
102335;257
102531;257
102742;257
102931;257
103141;257
103333;257
103512;257
103715;257
103933;257
104153;257
104501;257
104738;257
104857;257
104969;257
105115;257
105301;257
105417;257
105518;257
105622;257
105716;257
105810;257
105904;257
105996;257
106098;257
106207;257
106361;257
106501;257
106764;257
106922;257
107020;257
107114;257
107212;257
107305;257
107399;257
107502;257
107659;257
107847;257
108206;257
108378;257
108537;257
108720;257
108917;257
109071;257
109193;257
109284;257
109385;257
109525;257
109639;257
109739;257
109833;257
109946;257
110048;257
110143;257
110247;257
110339;257
110434;257
110566;257
110713;257
110860;257
111098;257
111258;257
111478;257
111708;257
111938;257
112072;257
112170;257
112290;257
112476;257
112663;257
112849;257
112971;257
113212;257
113462;257
113638;257
113795;257
113990;257
114214;257
114389;257
114496;257
114660;257
114802;257
114904;257
114996;257
115089;257
115183;257
115276;257
115368;257
115465;257
115563;257
115657;257
115750;257
115846;257
115940;257
116036;257
116131;257
116230;257
116333;257
116426;257
116518;257
116612;257
116704;257
116797;257
116891;257
116985;257
117080;257
117173;257
117268;257
117362;257
117472;257
117610;257
117731;257
117834;257
117928;257
118021;257
118135;257
118290;257
118422;257
118516;257
118609;257
118701;257
118794;257
118887;257
118982;257
119074;257
119171;257
119265;257
119363;257
119458;257
119553;257
119645;257
119737;257
119833;257
119926;257
120019;257
120121;257
120224;257
120323;257
120417;257
120510;257
120606;257
120699;257
120793;257
120898;257
120993;257
121091;257
121184;257
121278;257
121375;257
121468;257
121561;257
121659;257
121750;257
121839;257
121932;257
122026;257
122121;257
122216;257
122322;257
122437;257
122530;257
122621;257
122717;257
122810;257
122908;257
123003;257
123098;257
123192;257
123286;257
123381;257
123472;257
123570;257
123660;257
123753;257
123847;257
123944;257
124042;257
124143;257
124237;257
124330;257
124425;257
124518;257
124613;257
124708;257
124806;257
124904;257
124996;257
125093;257
125189;257
125282;257
125373;257
125482;257
125578;257
125674;257
125767;257
125860;257
125953;257
126049;257
126142;257
126237;257
126331;257
126429;257
126520;257
126614;257
126708;257
126800;257
126919;257
127059;257
127181;257
127275;257
127367;257
127478;257
127613;257
127724;257
127817;257
127911;257
128020;257
128163;257
128284;257
128384;257
128505;257
128655;257
128768;257
128862;257
128956;257
129051;257
129144;257
129237;257
129331;257
129425;257
129519;257
129611;257
129707;257
129800;257
129911;257
130003;257
130122;257
130274;257
130394;257
130507;257
130641;257
130772;257
130870;257
130967;257
131099;257
131235;257
131337;257
131430;257
131525;257
131618;257
131729;257
131825;257
131920;257
132016;257
132111;257
132207;257
132301;257
132398;257
132496;257
132588;257
132680;257
132775;257
132880;257
132985;257
133087;257
133196;257
133306;257
133408;257
133505;257
133600;257
133692;257
133788;257
133881;257
133975;257
134072;257
134166;257
134259;257
134354;257
134454;257
134546;257
134655;257
134818;257
134970;257
135077;257
135179;257
135273;257
135368;257
135507;257
135604;257
135703;257
135814;257
135993;257
136117;257
136212;257
136318;257
136418;257
136519;257
136612;257
136706;257
136801;257
136894;257
137005;257
137181;257
137299;257
137420;257
137525;257
137625;257
137730;257
137828;257
137924;257
138022;257
138117;257
138208;257
138302;257
138395;257
138501;257
138592;257
138684;257
138786;257
138885;257
138977;257
139072;257
139165;257
139269;257
139421;257
139541;257
139663;257
139767;257
139861;257
139955;257
140046;257
140136;257
140231;257
140326;257
140416;257
140512;257
140606;257
140698;257
140789;257
140884;257
140988;257
141089;257
141181;257
141274;257
141365;257
141456;257
141548;257
141640;257
141729;257
141830;257
141927;257
142018;257
142115;257
142210;257
142302;257
142392;257
142507;257
142643;257
142799;257
142951;257
143100;257
143252;257
143419;257
143553;257
143669;257
143773;257
143871;257
143963;257
144071;257
144180;257
144323;257
144478;257
144629;257
144803;257
144950;257
145103;257
145273;257
145443;257
145629;257
145768;257
145925;257
146096;257
146255;257
146424;257
146519;257
146623;257
146719;257
146825;257
146957;257
147064;257
147190;257
147341;257
147482;257
147657;257
