1537;293
1995;293
2546;293
3062;293
3521;293
3784;293
4555;293
4989;293
5412;293
5886;293
6278;293
6662;293
7155;293
7625;293
8046;293
8397;293
8767;293
9269;293
9670;293
10088;293
10415;293
10651;293
11169;293
11671;293
11984;293
12255;293
12637;293
13666;293
14621;293
14906;293
15140;293
15342;293
15604;293
15865;293
16194;293
16510;293
16773;293
17099;293
17332;293
17533;293
17726;293
17916;293
18107;293
18297;293
18486;293
18673;293
18860;293
19050;293
19233;293
19415;293
19618;293
19798;293
19990;293
20169;293
20345;293
20520;293
20692;293
20862;293
21042;293
21211;293
21378;293
21572;293
21732;293
21895;293
22088;293
22258;293
22419;293
22570;293
22731;293
22901;293
23053;293
23202;293
23375;280
23525;280
23703;278
23831;278
23960;278
24178;269
24323;269
24450;269
24566;269
24686;269
24833;268
24977;267
25093;267
25208;267
25357;265
25499;263
25673;262
25781;262
25888;262
25993;262
26107;262
26219;262
26353;260
26460;260
26574;260
26679;260
26785;260
26896;260
27006;260
27114;260
27237;260
27346;260
27448;260
27556;260
27670;260
27823;260
27929;260
28037;260
28147;260
28255;260
28362;260
28465;260
28571;260
28680;260
28792;260
28901;260
29033;259
29151;259
29270;259
29380;259
29491;259
29605;259
29714;259
29821;259
29957;259
30064;259
30168;259
30290;259
30395;259
30498;259
30601;259
30706;259
30805;259
30910;259
31137;257
31243;257
31346;257
31453;257
31560;257
31668;257
31776;257
31887;257
31988;257
32093;257
32198;257
32310;257
32417;257
32519;257
32629;257
32735;257
32839;257
32941;257
33044;257
33148;257
33253;257
33363;257
33475;257
33579;257
33691;257
33789;257
33895;257
33999;257
34103;257
34208;257
34309;257
34416;257
34522;257
34631;257
34740;257
34839;257
34955;257
35064;257
35173;257
35279;257
35383;257
35483;257
35589;257
35710;257
35830;257
35943;257
36045;257
36157;257
36262;257
36380;257
36495;257
36600;257
36710;257
36822;257
36941;257
37049;257
37151;257
37266;257
37388;257
37505;257
37628;257
37737;257
37859;257
37978;257
38090;257
38204;257
38317;257
38484;257
38594;257
38693;257
38796;257
38900;257
39009;257
39117;257
39250;257
39418;257
39595;257
39752;257
39857;257
39980;257
40103;257
40215;257
40330;257
40438;257
40550;257
40659;257
40775;257
40877;257
40983;257
41090;257
41198;257
41302;257
41402;257
41508;257
41608;257
41717;257
41823;257
41937;257
42055;257
42180;257
42292;257
42400;257
42509;257
42613;257
42720;257
42835;257
42933;257
43040;257
43139;257
43244;257
43345;257
43450;257
43550;257
43654;257
43761;257
43866;257
43971;257
44071;257
44185;257
44287;257
44392;257
44491;257
44597;257
44696;257
44797;257
44896;257
44998;257
45097;257
45201;257
45311;257
45411;257
45514;257
45613;257
45741;257
45848;257
45947;257
46050;257
46154;257
46259;257
46360;257
46466;257
46570;257
46672;257
46778;257
46878;257
46983;257
47083;257
47190;257
47294;257
47398;257
47506;257
47605;257
47718;257
47840;257
47940;257
48046;257
48148;257
48250;257
48354;257
48455;257
48563;257
48665;257
48772;257
48874;257
48981;257
49081;257
49186;257
49292;257
49393;257
49498;257
49596;257
49699;257
49805;257
49912;257
50014;257
50117;257
50224;257
50326;257
50433;257
50533;257
50641;257
50741;257
50845;257
50944;257
51051;257
51177;257
51335;257
51477;257
51623;257
51758;257
51883;257
51989;257
52106;257
52276;257
52405;257
52513;257
52631;257
52786;257
52929;257
53035;257
53135;257
53235;257
53335;257
53453;257
53563;257
53706;257
53852;257
53951;257
54056;257
54158;257
54262;257
54363;257
54497;257
54635;257
54752;257
54854;257
54975;257
55080;257
55181;257
55286;257
55393;257
55493;257
55602;257
55704;257
55830;257
55937;257
56038;257
56141;257
56247;257
56351;257
56472;257
56620;257
56803;257
56934;257
57076;257
57188;257
57290;257
57437;257
57574;257
57682;257
57821;257
57981;257
58101;257
58234;257
58364;257
58477;257
58611;257
58750;257
58858;257
58989;257
59108;257
59210;257
59315;257
59419;257
59530;257
59651;257
59762;257
59871;257
59976;257
60081;257
60184;257
60288;257
60395;257
60499;257
60601;257
60703;257
60809;257
60907;257
61011;257
61116;257
61234;257
61345;257
61446;257
61553;257
61654;257
61759;257
61876;257
61979;257
62082;257
62191;257
62293;257
62399;257
62501;257
62605;257
62728;257
62828;257
62933;257
63041;257
63143;257
63252;257
63355;257
63461;257
63561;257
63666;257
63767;257
63885;257
64003;257
64118;257
64232;257
64344;257
64445;257
64549;257
64649;257
64753;257
64854;257
64959;257
65059;257
65166;257
65270;257
65373;257
65479;257
65582;257
65689;257
65795;257
65907;257
66013;257
66113;257
66223;257
66323;257
66428;257
66527;257
66635;257
66740;257
66842;257
66948;257
67049;257
67157;257
67256;257
67367;257
67471;257
67569;257
67674;257
67773;257
67882;257
67987;257
68091;257
68191;257
68296;257
68397;257
68501;257
68600;257
68703;257
68803;257
68911;257
69010;257
69116;257
69220;257
69323;257
69429;257
69531;257
69639;257
69743;257
69846;257
69952;257
70056;257
70163;257
70262;257
70368;257
70479;257
70578;257
70683;257
70782;257
70887;257
70988;257
71094;257
71197;257
71303;257
71407;257
71510;257
71613;257
71711;257
71815;257
71920;257
72040;257
72147;257
72245;257
72350;257
72449;257
72552;257
72653;257
72757;257
72857;257
72960;257
73058;257
73166;257
73268;257
73374;257
73473;257
73581;257
73685;257
73786;257
73888;257
73994;257
74101;257
74204;257
74307;257
74414;257
74515;257
74621;257
74722;257
74826;257
74927;257
75044;257
75153;257
75256;257
75360;257
75461;257
75570;257
75679;257
75779;257
75885;257
75990;257
76098;257
76203;257
76304;257
76410;257
76510;257
76630;257
76735;257
76835;257
76941;257
77042;257
77152;257
77289;257
77417;257
77565;257
77703;257
77845;257
77989;257
78093;257
78217;257
78325;257
78430;257
78532;257
78634;257
78735;257
78842;257
78942;257
79048;257
79148;257
79253;257
79354;257
79456;257
79555;257
79658;257
79763;257
79870;257
79982;257
80106;257
80209;257
80312;257
80410;257
80512;257
80611;257
80716;257
80816;257
80920;257
81019;257
81125;257
81226;257
81341;257
81473;257
81617;257
81754;257
81899;257
82101;257
82235;257
82346;257
82499;257
82611;257
82720;257
82823;257
82934;257
83070;257
83209;257
83348;257
83485;257
83677;257
83845;257
84016;257
84196;257
84343;257
84509;257
84654;257
84824;257
84968;257
85100;257
85239;257
85354;257
85456;257
85563;257
85662;257
85769;257
85873;257
85980;257
86081;257
86190;257
86296;257
86395;257
86503;257
86602;257
86706;257
86806;257
86909;257
87005;257
87111;257
87210;257
87312;257
87416;257
87524;257
87625;257
87733;257
87836;257
87941;257
88048;257
88166;257
88268;257
88377;257
88479;257
88584;257
88690;257
88792;257
88897;257
89014;257
89171;257
89310;257
89432;257
89575;257
89680;257
89786;257
89885;257
90012;257
90163;257
90292;257
90410;257
90534;257
90635;257
90741;257
90847;257
90948;257
91053;257
91154;257
91258;257
91368;257
91470;257
91578;257
91680;257
91787;257
91893;257
91997;257
92116;257
92228;257
92328;257
92443;257
92585;257
92726;257
92850;257
92957;257
93058;257
93166;257
93270;257
93373;257
93480;257
93584;257
93692;257
93790;257
93894;257
93994;257
94105;257
94238;257
94345;257
94452;257
94551;257
94655;257
94755;257
94861;257
94961;257
95072;257
95186;257
95287;257
95394;257
95494;257
95601;257
95702;257
95809;257
95913;257
96011;257
96143;257
96295;257
96435;257
96566;257
96686;257
96785;257
96889;257
96989;257
97093;257
97196;257
97302;257
97407;257
97511;257
97618;257
97721;257
97827;257
97929;257
98036;257
98142;257
98281;257
98423;257
98552;257
98655;257
98763;257
98864;257
98969;257
99077;257
99181;257
99363;257
99512;257
99643;257
99752;257
99854;257
99957;257
100059;257
100165;257
100294;257
100396;257
100505;257
100609;257
100711;257
100816;257
100949;257
101099;257
101240;257
101351;257
101454;257
101559;257
101666;257
101767;257
101874;257
101977;257
102082;257
102189;257
102316;257
102416;257
102523;257
102630;257
102733;257
102843;257
102946;257
103052;257
103155;257
103259;257
103362;257
103462;257
103567;257
103668;257
103806;257
103947;257
104054;257
104157;257
104266;257
104380;257
104481;257
104587;257
104687;257
104792;257
104890;257
104994;257
105092;257
105197;257
105299;257
105404;257
105509;257
105616;257
105723;257
105826;257
105938;257
106042;257
106151;257
106259;257
106368;257
106471;257
106578;257
106682;257
106788;257
106890;257
106996;257
107140;257
107277;257
107401;257
107511;257
107610;257
107719;257
107821;257
107924;257
108032;257
108137;257
108244;257
108354;257
108458;257
108595;257
108737;257
108844;257
108944;257
109052;257
109153;257
109257;257
109356;257
109461;257
109607;257
109736;257
109837;257
109952;257
110092;257
110218;257
110330;257
110449;257
110556;257
110657;257
110762;257
110864;257
110968;257
111076;257
111181;257
111286;257
111396;257
111500;257
111602;257
111705;257
111806;257
111905;257
112005;257
112114;257
112222;257
112334;257
112459;257
112559;257
112667;257
112768;257
112872;257
112976;257
113079;257
113188;257
113288;257
113392;257
113491;257
113596;257
113697;257
113800;257
113903;257
114006;257
114115;257
114214;257
114321;257
114427;257
114540;257
114649;257
114747;257
114863;257
115002;257
115145;257
115248;257
115385;257
115526;257
115635;257
115735;257
115846;257
115993;257
116115;257
116219;257
116328;257
116470;257
116616;257
116779;257
116924;257
117102;257
117241;257
117349;257
117449;257
117574;257
117716;257
117861;257
118015;257
118162;257
118318;257
118480;257
118618;257
118773;257
118921;257
119022;257
119128;257
119324;257
119522;257
119700;257
119823;257
119936;257
120038;257
120143;257
120247;257
120355;257
120495;257
120595;257
120701;257
120806;257
120911;257
121022;257
121124;257
121234;257
121335;257
121445;257
121552;257
121651;257
121756;257
121861;257
121969;257
122068;257
122172;257
122280;257
122379;257
122486;257
122585;257
122688;257
122787;257
122895;257
123000;257
123104;257
123205;257
123306;257
123406;257
123510;257
123610;257
123712;257
123812;257
123914;257
124012;257
124116;257
124216;257
124341;257
124497;257
124612;257
124747;257
124881;257
125018;257
125225;257
125375;257
125565;257
125814;257
126022;257
126150;257
126289;257
126401;257
126569;257
126745;257
126930;257
127104;257
127318;257
127446;257
127600;257
127803;257
127988;257
128185;257
128345;257
128465;257
128575;257
128680;257
128789;257
128891;257
128993;257
129136;257
129336;257
129557;257
129776;257
129986;257
130143;257
130259;257
130403;257
130554;257
130701;257
130835;257
130959;257
131062;257
131168;257
131285;257
131395;257
131512;257
131616;257
131721;257
131822;257
131928;257
132028;257
132134;257
132234;257
132340;257
132447;257
132550;257
132656;257
132755;257
132858;257
132957;257
133056;257
133160;257
133264;257
133363;257
133468;257
133567;257
133671;257
133770;257
133893;257
133996;257
134128;257
134299;257
134458;257
134590;257
134697;257
134796;257
134900;257
135001;257
135104;257
135203;257
135309;257
135420;257
135520;257
135622;257
135723;257
135822;257
135927;257
136031;257
136136;257
136240;257
136343;257
136450;257
136560;257
136686;257
136786;257
136895;257
136999;257
137102;257
137215;257
137369;257
137536;257
137695;257
137852;257
137990;257
138128;257
138302;257
138452;257
138572;257
138741;257
138853;257
138958;257
139057;257
139159;257
139261;257
139365;257
139466;257
139569;257
139676;257
139804;257
139943;257
140073;257
140169;257
140271;257
140362;257
140455;257
140550;257
140672;257
140763;257
140861;257
140954;257
141049;257
141140;257
141232;257
141325;257
141417;257
141510;257
141603;257
141697;257
141788;257
141885;257
141978;257
142070;257
142165;257
142257;257
142367;257
142459;257
142551;257
142648;257
142743;257
142837;257
142932;257
143025;257
143120;257
143215;257
143337;257
143437;257
143544;257
143664;257
143770;257
143875;257
143971;257
144075;257
144188;257
144324;257
144425;257
144518;257
144614;257
144712;257
144806;257
144900;257
144997;257
145095;257
145190;257
145284;257
145378;257
145475;257
145569;257
145664;257
145757;257
145848;257
145938;257
146030;257
146122;257
146213;257
146305;257
146397;257
146491;257
146586;257
146733;257
146824;257
146924;257
147028;257
147126;257
147228;257
147331;257
147426;257
147522;257
147621;257
147713;257
147807;257
147906;257
148012;257
148108;257
148205;257
148325;257
148421;257
148525;257
148619;257
148721;257
148814;257
148905;257
149000;257
149092;257
149189;257
149283;257
149376;257
149471;257
149610;257
149751;257
149893;257
150043;257
150158;257
150250;257
150345;257
150438;257
150531;257
