159;3228
239;3148
304;3145
352;3120
424;3051
471;2882
512;2791
585;2749
628;2728
703;2600
743;2595
781;2571
819;2571
856;2550
910;2427
950;2427
991;2413
1044;2411
1098;2315
1146;2249
1222;2249
1282;2240
1358;2054
1421;1959
1534;1877
1608;1877
1672;1821
1748;1821
1821;1698
1901;1666
1990;1666
2064;1666
2145;1601
2222;1601
2289;1601
2359;1601
2444;1601
2497;1601
2576;1601
2651;1601
2715;1601
2779;1520
2844;1519
2918;1519
2998;1519
3070;1519
3142;1381
3198;1381
3250;1381
3299;1278
3370;1208
3443;1208
3511;1162
3580;1162
3655;1162
3722;1150
3792;1150
3867;1150
3933;1106
3993;1106
4066;1106
4120;1106
4192;1106
4247;1106
4299;1099
4348;1099
4416;1099
4463;1099
4515;1100
4563;1100
4609;1100
4687;943
4770;943
4840;943
4914;943
4987;943
5060;943
5133;943
5202;942
5270;837
5319;798
5358;798
5390;798
5422;798
5455;798
5486;798
5520;784
5555;784
5591;683
5626;683
5666;683
5713;683
5756;683
5805;683
5858;683
5906;683
5954;683
6000;683
6047;678
6080;678
6113;678
6148;678
6180;678
6213;678
6253;638
6286;638
6320;638
6355;638
6399;638
6432;638
6466;635
6501;635
6533;635
6566;635
6598;635
6629;636
6660;636
6692;636
6723;636
6755;636
6801;629
6855;629
6904;629
6946;629
6997;629
7041;629
7103;629
7149;629
7188;561
7248;556
7287;556
7320;556
7351;556
7390;556
7432;490
7468;452
7501;452
7540;452
7577;452
7629;452
7675;452
7722;452
7778;452
7825;452
7871;359
7911;359
7943;358
7974;358
8007;358
8039;358
8072;358
8105;358
8137;358
8169;358
8201;358
8233;358
8267;357
8298;357
8330;357
8361;357
8393;357
8435;357
8472;357
8507;357
8541;357
8581;357
8623;357
8670;357
8716;297
8769;297
8840;297
8886;297
8935;297
8986;297
9043;293
9091;293
9139;293
9186;293
9232;293
9274;293
9320;293
9383;293
9434;293
9483;293
9526;293
9576;293
9613;293
9644;293
9685;293
9720;293
9751;292
9782;292
9817;292
9848;292
9881;292
9911;292
9950;292
9982;292
10023;292
10080;292
10122;292
10172;292
10217;292
10290;292
10396;292
10476;292
10535;292
10582;292
10637;292
10692;292
10753;292
10834;292
10927;292
11004;292
11085;292
11163;292
11235;292
11304;292
11379;292
11477;292
11539;292
11603;292
11699;292
11758;292
11841;292
11902;292
11965;292
12025;292
12074;292
12132;292
12187;292
12251;292
12326;289
12382;289
12442;289
12486;289
12539;292
12619;289
12683;289
12742;289
12804;289
12875;289
12938;289
13008;289
13069;273
13127;273
13191;273
13230;273
13263;273
13297;273
13330;273
13363;273
13396;272
13429;272
13466;272
13501;272
13538;272
13577;272
13624;272
13668;272
13711;272
13761;272
13806;272
13847;272
13891;272
13934;272
13985;272
14028;272
14073;272
14105;272
14138;272
14187;272
14255;272
14326;271
14388;271
14457;271
14521;271
14577;271
14624;271
14671;271
14716;271
14750;271
14784;271
14843;271
14906;271
14970;271
15035;272
15098;272
15163;272
15213;272
15248;272
15283;272
15316;272
15347;272
15384;272
15416;272
15449;272
15480;272
15511;272
15543;272
15580;272
15616;272
15649;272
15680;272
15716;273
15753;273
15801;273
15855;273
15907;273
15956;273
16005;273
16052;273
16095;273
16128;273
16174;266
16236;266
16296;266
16365;266
16439;266
16502;267
16561;267
16609;267
16645;267
16687;267
16731;267
16780;267
16823;267
16863;267
16910;267
16968;267
17020;267
17062;267
17104;267
17150;267
17193;267
17233;267
17273;267
17319;267
17361;267
17411;267
17474;267
17543;267
17607;267
17663;267
17711;267
17760;267
17810;267
17855;267
17903;267
17951;267
17997;267
18033;267
18067;267
18122;267
18178;267
18241;267
18300;267
18354;267
18418;267
18475;267
18521;267
18574;267
18619;267
18667;267
18710;267
18755;267
18796;267
18834;267
18876;267
18958;267
19072;267
19183;267
19277;267
19346;267
19408;267
19472;267
19527;267
19580;267
19633;267
19669;267
19704;267
19749;267
19822;267
19906;267
19980;267
20058;267
20135;267
20214;267
20273;267
20347;267
20427;267
20498;267
20574;267
20649;267
20689;267
20725;267
20762;267
20797;267
20828;267
20861;267
20896;267
20932;267
20964;267
20997;267
21047;267
21093;267
21141;267
21188;267
21233;267
21286;267
21332;267
21383;267
21438;267
21493;267
21557;267
21636;267
21686;267
21722;267
21766;267
21806;267
21861;267
21904;267
21953;267
22001;267
22036;267
22080;267
22114;267
22149;267
22194;267
22236;267
22277;267
22320;267
22365;267
22410;267
22455;267
22489;267
22522;267
22558;267
22591;267
22626;267
22659;267
22694;267
22729;267
22772;267
22810;267
22861;267
22909;267
22954;267
22989;267
23025;267
23057;267
23106;267
23153;267
23196;267
23242;267
23295;267
23403;267
23483;267
23535;267
23571;267
23608;267
23644;267
23679;267
23717;267
23772;267
23829;267
23890;267
23941;267
23989;267
24044;267
24106;267
24157;267
24210;267
24267;267
24340;267
24420;267
24506;267
24618;267
24712;267
24778;267
24848;267
24935;267
25019;267
25101;267
25189;267
25251;267
25333;267
25417;267
25505;267
25604;267
25697;267
25775;267
25848;266
25911;266
25985;266
26046;266
26122;266
26199;266
26277;266
26353;266
26403;265
26440;265
26480;265
26513;265
26544;265
26576;265
26606;265
26647;265
26677;265
26709;265
26740;265
26771;265
26805;265
26837;265
26872;265
26913;265
26950;265
26983;265
27015;265
27049;265
27080;265
27114;265
27145;265
27181;265
27213;265
27243;265
27274;265
27306;265
27338;265
27371;265
27404;265
27442;265
27475;265
27510;265
27543;265
27576;265
27611;265
27642;265
27672;265
27703;265
27744;265
27781;265
27819;266
27850;266
27880;266
27916;266
27946;266
27982;266
28013;266
28044;266
28074;266
28108;266
28138;266
28171;266
28202;266
28236;266
28271;266
28307;266
28339;266
28370;266
28405;266
28436;266
28467;266
28499;266
28534;266
28567;266
28598;266
28638;266
28701;266
28735;266
28765;266
28799;266
28829;266
28860;266
28892;266
28924;266
28955;266
28987;266
29019;266
29052;266
29084;266
29115;266
29146;266
29177;266
29211;266
29245;266
29275;266
29310;266
29341;266
29371;266
29403;266
29436;266
29467;266
29497;266
29538;266
29574;266
29609;266
29655;266
29691;266
29725;266
29757;266
29794;266
29825;266
29864;266
29904;266
29940;266
29976;266
30008;266
30039;266
30070;266
30103;266
30134;266
30164;266
30204;266
30238;266
30269;266
30300;266
30334;266
30365;266
30396;266
30427;266
30461;266
30492;266
30530;266
30561;266
30592;266
30623;266
30654;266
30684;266
30714;266
30748;266
30782;266
30817;266
30848;266
30885;266
30916;266
30947;266
30977;266
31012;266
31043;266
31075;266
31106;266
31149;266
31180;266
31212;266
31242;266
31275;266
31309;266
31340;266
31371;266
31402;266
31433;266
31464;266
31498;266
31528;266
31560;266
31590;266
31624;266
31656;266
31690;266
31728;266
31762;266
31793;266
31824;266
31854;266
31891;266
31923;266
31959;266
31992;266
32034;266
32064;266
32096;266
32134;266
32174;266
32205;266
32239;266
32273;266
32303;266
32333;268
32364;268
32396;268
32430;268
32462;268
32492;268
32524;268
32555;268
32586;268
32616;268
32647;268
32678;268
32709;268
32751;268
32781;268
32815;266
32846;266
32880;266
32911;266
32942;266
32976;266
33007;266
33038;266
33072;266
33104;266
33135;266
33166;266
33196;266
33230;266
33261;266
33292;266
33323;266
33355;266
33386;266
33428;266
33465;266
33496;266
33529;266
33561;266
33595;266
33627;266
33658;266
33695;266
33729;266
33759;266
33790;266
33825;266
33856;266
33887;266
33917;266
33951;268
33981;268
34013;268
34043;268
34073;268
34104;268
34134;268
34167;268
34200;265
34231;265
34262;265
34295;265
34330;265
34364;265
34395;265
34426;265
34458;265
34488;265
34519;265
34550;265
34584;265
34615;265
34645;265
34678;265
34720;265
34757;265
34790;265
34821;265
34852;265
34882;265
34918;265
34952;265
34988;265
35024;265
35060;265
35094;265
35131;265
35162;265
35192;265
35225;265
35256;265
35287;265
35318;265
35352;265
35384;265
35418;265
35452;265
35486;265
35519;265
35553;265
35584;265
35616;265
35647;265
35678;265
35708;265
35742;265
35778;265
35812;265
35846;265
35877;265
35915;265
35946;265
35977;265
36012;265
36042;265
36073;265
36105;265
36146;265
36179;265
36210;265
36244;265
36274;265
36305;265
36336;265
36366;265
36401;265
36433;265
36467;265
36506;265
36538;265
36569;265
36599;265
36631;265
36666;265
36699;265
36735;266
36765;266
36796;266
36827;266
36858;265
36891;265
36931;265
36961;265
36992;265
37023;265
37053;265
37088;265
37119;265
37153;265
37183;265
37213;265
37246;265
37278;265
37315;265
37344;265
37376;265
37412;265
37443;265
37473;265
37504;265
37535;265
37565;265
37599;265
37639;265
37672;265
37705;265
37737;265
37768;265
37798;265
37831;265
37862;265
37893;265
37927;265
37958;260
37996;260
38031;260
38061;260
38095;260
38128;260
38159;260
38192;260
38227;260
38257;260
38292;260
38332;260
38362;260
38398;260
38429;260
38467;260
38501;260
38532;260
38567;260
38601;260
38636;260
38667;260
38697;261
38728;261
38763;261
38801;261
38831;261
38861;261
38896;261
38929;261
38959;261
38990;261
39024;261
39062;261
39093;261
39127;261
39158;261
39188;261
39224;261
39255;261
39286;261
39320;261
39351;261
39387;262
39423;262
39454;262
39485;262
39515;262
39546;262
39576;262
39614;258
39644;257
39676;257
39713;257
39744;257
39776;257
39806;257
39837;257
39870;257
39904;257
39939;257
39973;257
40004;257
40041;257
40072;257
40104;257
40136;257
40170;257
40201;257
40234;257
40265;257
40302;257
40333;257
40365;257
40399;257
40429;257
40465;257
40501;257
40532;257
40566;257
40600;258
40631;258
40662;258
40696;258
40732;258
40765;258
40796;258
40826;258
40866;258
40895;258
40925;258
40962;258
40999;258
41034;258
41065;258
41098;258
41132;258
41165;258
41197;258
41229;258
41261;258
41299;258
41336;258
41366;258
41397;258
41428;258
41461;258
41492;258
41529;258
41560;258
41591;258
41625;258
41656;258
41686;258
41717;258
41748;258
41780;258
41816;258
41847;258
41877;258
41908;258
41939;258
41971;258
42001;258
42036;258
42068;258
42099;258
42136;258
42170;258
42203;258
42238;258
42271;258
42302;258
42332;258
42362;258
42396;258
42428;257
42462;257
42492;257
42528;257
42560;257
42590;257
42625;257
42657;257
42693;257
42724;257
42766;257
42797;257
42828;257
42859;257
42890;257
42921;257
42951;257
42985;257
43019;257
43050;257
43080;257
43111;257
43147;257
43178;257
43208;257
43242;257
43276;257
43307;257
43337;257
43377;257
43408;257
43438;257
43469;257
43499;257
43531;257
43562;257
43593;257
43624;257
43659;257
43693;257
43726;257
43756;257
43786;257
43817;257
43847;257
43881;257
43912;257
43943;257
43985;257
44019;257
44050;257
44081;257
44112;257
44143;257
44174;257
44205;257
44235;257
44267;257
44300;257
44331;257
44376;257
44407;257
44438;257
44470;257
44501;257
44539;257
44573;257
44604;257
44638;257
44671;258
44701;258
44732;258
44762;258
44796;258
44833;258
44864;258
44897;258
44928;258
44962;258
44992;258
45024;258
45056;258
45093;258
45127;258
45162;258
45196;258
45226;258
45256;258
45286;258
45317;258
45358;258
45388;258
45419;258
45449;258
45483;258
45517;258
45547;258
45583;258
45612;258
45649;258
45680;258
45710;258
45740;258
45771;258
45807;258
45840;258
45872;258
45905;258
45936;258
45967;258
45998;258
46029;258
46061;258
46095;258
46125;258
46160;258
46194;258
46224;258
46256;258
46293;258
46323;258
46354;258
46385;257
46415;257
46446;257
46476;257
46507;257
46544;257
46575;257
46607;257
46644;257
46679;257
46709;257
46740;257
46770;257
46801;257
46831;257
46868;257
46903;257
46935;257
46969;257
47004;257
47038;257
47069;257
47100;257
47131;257
47161;257
47192;257
47223;257
47254;257
47285;257
47315;257
47346;257
47378;257
47418;257
47452;257
47483;257
47517;257
47548;257
47579;257
47611;257
47642;257
47675;257
47706;257
47739;257
47769;257
47801;257
47834;257
47865;257
47896;257
47926;257
47957;257
47989;257
48023;257
48055;257
48090;257
48121;257
48154;257
48184;257
48222;257
48253;257
48284;257
48318;257
48351;257
48381;257
48413;257
48444;257
48473;257
48506;257
48536;257
48567;257
48604;257
48636;257
48667;257
48698;257
48731;257
48767;257
48801;257
48834;257
48864;257
48915;257
48947;257
48981;257
49012;257
49043;257
49077;257
49107;257
49138;257
49173;257
49201;257
49232;257
49262;257
49296;257
49340;257
49371;257
49402;257
49433;257
49464;257
49498;257
49529;257
49569;257
49603;257
49636;257
49671;257
49701;257
49731;257
49762;257
49796;257
49833;257
49866;257
49897;257
49934;257
49970;257
50007;257
50040;257
50073;257
50105;257
50135;257
50166;257
50196;257
50227;257
50258;257
50292;257
50323;257
50357;257
50387;257
50418;257
50451;257
50483;257
50514;257
50546;257
50581;257
50621;257
50657;257
50688;257
50725;257
50761;257
50795;257
50825;257
50857;257
50894;257
50927;257
50960;257
50991;257
51027;257
51058;257
51090;257
51130;257
51164;257
51194;257
51238;257
51269;257
51304;257
51334;257
51365;257
51395;257
51426;257
51457;257
51490;257
51527;257
51570;257
51601;257
51632;257
51662;257
51692;257
51722;257
51751;257
51782;257
51817;257
51856;257
51889;257
51921;257
51952;257
51986;257
52020;257
52055;257
52086;257
52121;257
52152;257
52182;257
52213;257
52247;257
52278;257
52308;257
52343;257
52374;257
52404;257
52437;257
52472;257
52504;257
52534;257
52575;257
52610;257
52641;257
52671;257
52707;257
52741;257
52778;257
52812;257
52843;257
52877;257
52907;257
52938;257
52968;257
52998;257
53037;257
53068;257
53098;257
53129;257
53162;257
53194;257
53231;257
53264;257
53298;257
53331;257
53362;257
53394;257
53425;257
53456;257
53495;257
53543;257
53574;257
53604;257
53635;257
