1304;74
1582;74
1851;74
2132;74
2398;74
2661;74
2934;74
3266;74
3546;74
3811;74
4063;74
4310;74
4576;74
4846;74
5445;74
6531;74
7059;74
7310;74
7569;74
7826;74
8063;74
8321;74
8625;74
8865;74
9109;74
9351;74
9601;74
9846;74
10090;74
10933;74
11689;74
11925;74
12163;74
12398;74
12639;74
12875;74
13171;74
13522;74
13804;74
14069;74
14310;74
14548;74
14776;74
15063;74
15285;74
15491;74
15705;74
15914;74
16122;74
16324;74
16525;74
16710;74
16896;74
17083;74
17263;74
17445;74
17652;74
17824;74
17990;74
18146;74
18314;74
18470;74
18626;74
18785;74
18939;74
19089;74
19241;74
19379;74
19529;74
19690;74
19829;74
19977;74
20173;73
20349;72
20471;72
20668;70
20795;70
20913;70
21030;70
21145;70
21266;70
21376;70
21489;70
21602;70
21725;70
21839;70
21939;70
22052;70
22159;70
22273;70
22388;70
22499;70
22605;70
22710;70
22843;70
22984;70
23093;70
23192;70
23298;70
23396;70
23506;70
23613;70
23724;70
23838;70
23942;70
24043;70
24147;70
24252;70
24357;70
24470;70
24579;70
24686;70
24792;70
24900;70
25007;70
25115;70
25215;70
25322;70
25441;70
25542;70
25650;70
25759;70
25862;70
25968;70
26078;70
26183;70
26290;70
26392;70
26498;70
26598;70
26710;70
26808;70
26919;70
27024;70
27132;70
27244;70
27348;70
27451;70
27555;70
27662;70
27781;70
27890;70
27996;70
28096;70
28200;70
28298;70
28411;70
28521;70
28623;70
28729;70
28830;70
28935;70
29041;70
29146;70
29262;70
29380;70
29487;70
29602;70
29714;70
29832;70
29952;70
30062;70
30175;70
30289;70
30450;69
30553;69
30678;69
30794;69
30915;69
31033;69
31144;69
31251;69
31360;69
31479;69
31598;69
31710;69
31831;69
31940;69
32044;69
32155;69
32265;69
32372;69
32479;69
32590;69
32690;69
32800;69
32900;69
33004;69
33109;69
33213;69
33340;69
33497;69
33617;69
33731;69
33850;69
33960;69
34079;69
34233;69
34389;69
34499;69
34638;69
34804;69
34923;69
35036;69
35146;69
35261;69
35388;69
35552;69
35704;69
35811;69
35920;69
36032;69
36139;69
36250;69
36359;69
36464;69
36574;69
36686;69
36793;69
36899;69
37006;69
37119;69
37223;69
37331;69
37441;69
37546;69
37656;69
37762;69
37872;69
37979;69
38087;69
38193;69
38295;69
38401;69
38512;69
38609;69
38714;69
38822;69
38927;69
39035;69
39140;69
39248;69
39358;69
39465;69
39566;69
39668;69
39783;69
39891;69
40001;69
40116;69
40232;69
40337;69
40456;69
40567;69
40707;69
40859;69
40983;69
41090;69
41208;69
41320;69
41434;69
41556;69
41671;69
41779;69
41896;69
42009;69
42119;69
42231;69
42354;69
42458;69
42574;69
42679;69
42782;69
42894;69
42995;69
43099;69
43203;69
43338;69
43491;69
43652;69
43777;69
43889;69
44000;69
44100;69
44235;69
44371;69
44476;69
44587;69
44694;69
44794;69
44898;69
45002;69
45109;69
45213;69
45312;69
45422;69
45523;69
45628;69
45730;69
45848;69
45969;69
46085;69
46197;69
46306;69
46413;69
46520;69
46628;69
46740;69
46853;69
46958;69
47079;69
47189;69
47296;69
47409;69
47522;69
47628;69
47747;69
47864;69
47977;69
48085;69
48189;69
48289;69
48394;69
48517;69
48627;69
48737;69
48849;69
48958;69
49073;69
49186;69
49297;69
49401;69
49501;69
49616;69
49717;69
49836;69
49963;69
50067;69
50173;69
50287;69
50392;69
50499;69
50608;69
50716;69
50837;69
50948;69
51069;69
51182;69
51285;69
51390;69
51500;69
51615;69
51720;69
51820;69
51947;69
52050;69
52149;69
52256;69
52360;69
52461;69
52566;69
52665;69
52769;69
52874;69
52979;69
53081;69
53198;69
53312;69
53422;69
53525;69
53633;69
53743;69
53847;69
53957;69
54071;69
54172;69
54279;69
54388;69
54492;69
54604;69
54716;69
54818;69
54948;69
55081;69
55213;69
55364;69
55493;69
55591;69
55701;69
55803;69
55917;69
56023;69
56131;69
56242;69
56358;69
56472;69
56574;69
56689;69
56800;69
56914;69
57015;69
57123;69
57226;69
57332;69
57445;69
57582;69
57741;69
57916;69
58056;69
58207;69
58327;69
58466;69
58595;69
58704;69
58812;69
58911;69
59017;69
59116;69
59228;69
59336;69
59442;69
59551;69
59653;69
59774;69
59879;69
60005;69
60115;69
60216;69
60323;69
60429;69
60539;69
60644;69
60752;69
60863;69
60975;69
61077;69
61185;69
61289;69
61393;69
61502;69
61612;69
61720;69
61827;69
61929;69
62054;69
62159;69
62260;69
62364;69
62472;69
62571;69
62674;69
62782;69
62887;69
62985;69
63091;69
63193;69
63298;69
63428;69
63553;69
63671;69
63776;69
63877;69
63997;69
64107;69
64211;69
64325;69
64442;69
64551;69
64657;69
64760;69
64867;69
64969;69
65081;69
65198;69
65317;69
65415;69
65522;69
65620;69
65760;69
65910;69
66041;69
66188;69
66297;69
66409;69
66510;69
66614;69
66717;69
66831;69
66939;69
67048;69
67155;69
67261;69
67364;69
67469;69
67571;69
67679;69
67784;69
67891;69
67998;69
68127;69
68239;69
68340;69
68447;69
68553;69
68660;69
68771;69
68876;69
68982;69
69089;69
69189;69
69299;69
69410;69
69511;69
69616;69
69721;69
69826;69
69928;69
70038;69
70159;69
70267;69
70369;69
70477;69
70591;69
70693;69
70801;69
70904;69
71008;69
71115;69
71220;69
71323;69
71422;69
71529;69
71635;69
71752;69
71856;69
71958;69
72064;69
72171;69
72272;69
72382;69
72485;69
72591;69
72702;69
72803;69
72908;69
73016;69
73122;69
73230;69
73330;69
73435;69
73536;69
73644;69
73749;69
73882;69
73985;69
74105;69
74221;69
74332;69
74433;69
74545;69
74653;69
74774;69
74886;69
74991;69
75098;69
75198;69
75303;69
75403;69
75508;69
75606;69
75709;69
75812;69
75917;69
76029;69
76133;69
76244;69
76348;69
76455;69
76568;69
76680;69
76783;69
76890;69
76994;69
77104;69
77217;69
77321;69
77428;69
77535;69
77640;69
77753;69
77868;69
77969;69
78077;69
78189;69
78291;69
78407;69
78513;69
78614;69
78726;69
78828;69
78932;69
79045;69
79148;69
79253;69
79362;69
79465;69
79578;69
79680;69
79783;69
79884;69
79989;69
80095;69
80207;69
80312;69
80420;69
80525;69
80634;69
80738;69
80849;69
80953;69
81056;69
81162;69
81263;69
81373;69
81479;69
81580;69
81695;69
81803;69
81907;69
82020;69
82131;69
82246;69
82353;69
82465;69
82579;69
82684;69
82824;69
82952;69
83053;69
83163;69
83269;69
83369;69
83470;69
83569;69
83674;69
83777;69
83885;69
83989;69
84092;69
84198;69
84300;69
84408;69
84513;69
84620;69
84735;69
84838;69
84964;69
85073;69
85179;69
85280;69
85387;69
85498;69
85604;69
85714;69
85821;69
85921;69
86028;69
86134;69
86250;69
86358;69
86459;69
86564;69
86670;69
86776;69
86883;69
86984;69
87090;69
87196;69
87295;69
87405;69
87507;69
87611;69
87712;69
87816;69
87916;69
88026;69
88132;69
88236;69
88340;69
88439;69
88557;69
88659;69
88761;69
88863;69
88962;69
89066;69
89171;69
89275;69
89374;69
89481;69
89581;69
89688;69
89797;69
89901;69
90008;69
90114;69
90231;69
90353;69
90459;69
90567;69
90678;69
90781;69
90883;69
90995;69
91102;69
91203;69
91317;69
91421;69
91522;69
91642;69
91746;69
91846;69
91948;69
92049;69
92160;69
92281;69
92400;69
92514;69
92617;69
92725;69
92835;69
92940;69
93044;69
93147;69
93251;69
93370;69
93472;69
93578;69
93686;69
93802;69
93910;69
94022;69
94126;69
94232;69
94338;69
94443;69
94559;69
94662;69
94780;69
94895;69
95002;69
95109;69
95216;69
95314;69
95418;69
95517;69
95621;69
95742;69
95847;69
95949;69
96054;69
96155;69
96272;69
96384;69
96489;69
96594;69
96702;69
96810;69
96918;69
97025;69
97128;69
97234;69
97336;69
97444;69
97554;69
97654;69
97757;69
97862;69
97968;69
98084;69
98194;69
98301;69
98420;69
98523;69
98637;69
98755;69
98868;69
98979;69
99090;69
99202;69
99313;69
99429;69
99546;69
99648;69
99756;69
99859;69
99965;69
100074;69
100188;69
100298;69
100429;69
100542;69
100679;69
100828;69
100963;69
101101;69
101248;69
101384;69
101508;69
101620;69
101739;69
101853;69
101970;69
102086;69
102220;69
102362;69
102502;69
102637;69
102774;69
102909;69
103028;69
103140;69
103242;69
103345;69
103450;69
103558;69
103695;69
103831;69
103967;69
104103;69
104237;69
104374;69
104496;69
104612;69
104720;69
104819;69
104925;69
105030;69
105157;69
105294;69
105427;69
105571;69
105706;69
105840;69
105969;69
106080;69
106190;69
106300;69
106425;69
106529;69
106651;69
106783;69
106916;69
107046;69
107186;69
107308;69
107432;69
107539;69
107649;69
107755;69
107871;69
107978;69
108095;69
108234;69
108394;69
108579;69
108757;69
108905;69
109036;69
109140;69
109264;69
109398;69
109522;69
109647;69
109797;69
109950;69
110096;69
110235;69
110379;69
110510;69
110624;69
110746;69
110848;69
110953;69
111066;69
111185;69
111305;69
111442;69
111584;69
111721;69
111831;69
111937;69
112039;69
112138;69
112247;69
112355;69
112459;69
112566;69
112666;69
112774;69
112872;69
112981;69
113080;69
113183;69
113283;69
113389;69
113491;69
113598;69
113703;69
113807;69
113908;69
114008;69
114111;69
114209;69
114311;69
114411;69
114525;69
114631;69
114736;69
114847;69
114950;69
115052;69
115154;69
115259;69
115366;69
115466;69
115571;69
115672;69
115775;69
115875;69
115988;69
116086;69
116189;69
116303;69
116418;69
116529;69
116634;69
116735;69
116840;69
116939;69
117042;69
117148;69
117249;69
117350;69
117452;69
117552;69
117654;69
117760;69
117863;69
117969;69
118068;69
118172;69
118322;69
118460;69
118590;69
118722;69
118828;69
118932;69
119039;69
119140;69
119245;69
119351;69
119456;69
119582;69
119707;69
119809;69
119908;69
120014;69
120124;69
120228;69
120339;69
120455;69
120576;69
120678;69
120791;69
120897;69
120999;69
121107;69
121216;69
121325;69
121434;69
121537;69
121642;69
121748;69
121850;69
121959;69
122061;69
122166;69
122266;69
122368;69
122471;69
122604;69
122705;69
122808;69
122910;69
123020;69
123132;69
123234;69
123341;69
123445;69
123550;69
123652;69
123758;69
123863;69
123965;69
124072;69
124176;69
124278;69
124378;69
124484;69
124601;69
124708;69
124811;69
124921;69
125027;69
125131;69
125237;69
125339;69
125447;69
125554;69
125664;69
125771;69
125875;69
125983;69
126092;69
126203;69
126309;69
126415;69
126521;69
126635;69
126746;69
126846;69
126953;69
127054;69
127164;69
127273;69
127388;69
127491;69
127597;69
127700;69
127811;69
127928;69
128035;69
128137;69
128244;69
128344;69
128449;69
128554;69
128665;69
128776;69
128877;69
128982;69
129084;69
129194;69
129295;69
129398;69
129509;69
129610;69
129719;69
129824;69
129925;69
130030;69
130140;69
130247;69
130361;69
130461;69
130570;69
130696;69
130795;69
130904;69
131012;69
131109;69
131213;69
131314;69
131417;69
131521;69
131625;69
131736;69
131842;69
131949;69
132051;69
132164;69
132269;69
132370;69
132473;69
132573;69
132688;69
132795;69
132898;69
133003;69
133104;69
133208;69
133316;69
133428;69
133531;69
133630;69
133733;69
133835;69
133942;69
134045;69
134145;69
134251;69
134352;69
134460;69
134580;69
134692;69
134794;69
134903;69
135004;69
135113;69
135222;69
135323;69
135425;69
135529;69
135629;69
135734;69
135838;69
135939;69
136043;69
136141;69
136244;69
136346;69
136452;69
136554;69
136657;69
136763;69
136868;69
136977;69
137078;69
137183;69
137285;69
137389;69
137494;69
137600;69
137703;69
137802;69
137909;69
138013;69
138121;69
138225;69
138324;69
138428;69
138528;69
138629;69
138761;69
138863;69
138967;69
139071;69
139177;69
139280;69
139386;69
139495;69
139597;69
139702;69
139806;69
139912;69
140016;69
140117;69
140222;69
140321;69
140423;69
140530;69
140632;69
140746;69
140848;69
140952;69
141056;69
141162;69
141265;69
141373;69
141482;69
141590;69
141692;69
141799;69
141901;69
142006;69
142106;69
142211;69
142322;69
142423;69
142531;69
142635;69
142745;69
142896;69
143015;69
143117;69
143220;69
143321;69
143422;69
143532;69
143632;69
143740;69
143840;69
143948;69
144050;69
144176;69
144277;69
144378;69
144485;69
144598;69
