146;3476
256;3455
365;3350
415;3350
490;3271
531;3271
597;3271
654;3253
699;3168
745;3143
787;2977
861;2809
907;2640
951;2471
1000;2351
1045;2225
1085;2225
1129;2225
1183;2225
1219;2225
1262;2225
1308;2225
1345;2169
1381;2169
1415;2169
1454;2149
1489;2149
1527;2149
1574;2126
1609;2126
1648;2126
1693;2126
1737;2126
1780;2083
1818;1925
1873;1867
1910;1867
1944;1867
1986;1812
2020;1812
2059;1812
2093;1812
2134;1812
2169;1812
2205;1812
2246;1756
2280;1756
2316;1756
2354;1568
2388;1568
2434;1568
2470;1568
2504;1568
2538;1568
2575;1568
2611;1567
2652;1497
2687;1497
2728;1400
2762;1400
2799;1400
2835;1401
2879;1401
2915;1367
2952;1286
2988;1286
3035;1200
3083;1162
3148;1162
3199;1102
3249;1101
3297;1101
3347;1101
3393;1101
3439;1101
3483;1101
3528;1101
3578;1101
3633;1102
3665;1102
3697;1102
3727;1102
3759;1102
3790;1037
3820;1037
3865;1034
3896;1034
3927;1034
3959;1034
3998;1034
4030;1034
4069;1034
4106;1032
4162;998
4199;998
4255;998
4326;999
4373;999
4403;999
4434;999
4468;999
4503;999
4538;932
4569;931
4611;931
4650;931
4695;872
4737;872
4766;872
4797;725
4834;725
4868;724
4900;725
4935;669
4966;669
4996;668
5026;668
5059;668
5095;668
5125;667
5155;667
5186;603
5218;551
5251;466
5284;466
5317;466
5354;466
5388;441
5421;441
5454;441
5487;441
5520;441
5550;441
5582;441
5615;441
5649;441
5683;441
5725;441
5770;441
5817;441
5861;441
5909;440
5958;440
6003;440
6056;440
6086;440
6115;440
6146;325
6176;325
6208;325
6242;325
6274;325
6308;325
6339;325
6368;325
6401;325
6431;325
6466;325
6499;325
6531;325
6568;325
6598;325
6635;325
6667;271
6699;271
6733;271
6766;271
6799;271
6830;271
6865;271
6899;271
6933;271
6971;271
7004;271
7034;271
7063;271
7096;271
7129;271
7159;271
7193;271
7227;271
7260;271
7298;271
7332;271
7365;271
7399;271
7431;271
7470;272
7503;272
7536;272
7568;272
7604;272
7637;272
7670;269
7703;269
7735;269
7768;269
7797;264
7831;264
7876;264
7909;264
7944;264
7980;264
8014;264
8046;264
8088;264
8120;264
8153;264
8186;264
8219;264
8253;264
8289;264
8320;264
8353;264
8384;264
8415;264
8446;264
8476;264
8510;264
8547;264
8580;264
8612;264
8644;264
8674;264
8706;264
8739;264
8771;264
8801;264
8835;264
8866;264
8897;264
8935;264
8967;264
8998;264
9031;264
9061;264
9093;264
9124;264
9155;264
9185;264
9216;264
9251;264
9284;264
9316;264
9346;264
9384;264
9417;264
9457;264
9488;264
9525;264
9559;264
9592;264
9627;264
9663;264
9699;264
9738;264
9774;264
9807;264
9837;264
9870;264
9899;264
9929;264
9961;264
9994;264
10026;264
10061;264
10091;264
10124;264
10157;264
10191;264
10224;264
10262;264
10291;264
10321;264
10355;264
10393;264
10426;264
10458;264
10489;264
10523;264
10554;264
10586;264
10619;264
10653;264
10684;264
10716;264
10749;264
10783;264
10816;264
10855;264
10886;264
10924;264
10952;263
10985;263
11015;263
11047;263
11080;263
11112;263
11142;263
11171;263
11204;263
11234;263
11265;263
11297;263
11327;263
11356;263
11388;263
11419;263
11449;263
11483;263
11517;263
11550;263
11588;263
11622;263
11653;263
11684;263
11717;263
11748;263
11779;263
11817;263
11848;263
11880;263
11912;263
11946;263
11977;263
12008;263
12041;263
12077;263
12110;263
12142;263
12171;263
12201;263
12234;263
12264;263
12294;263
12325;263
12356;260
12386;259
12419;259
12450;259
12483;259
12512;259
12546;262
12579;262
12610;262
12640;262
12670;262
12701;262
12731;262
12765;262
12795;262
12837;262
12877;262
12907;262
12945;262
12975;262
13010;262
13042;262
13079;262
13110;262
13146;262
13179;262
13211;262
13241;262
13270;262
13300;262
13329;262
13366;262
13399;262
13436;262
13469;262
13499;262
13531;262
13564;262
13596;262
13626;262
13659;262
13697;262
13729;262
13766;262
13797;262
13835;263
13867;263
13902;263
13939;263
13970;263
14000;263
14037;263
14071;263
14105;263
14141;263
14173;263
14202;263
14240;263
14270;263
14301;263
14332;263
14370;263
14399;263
14430;263
14462;263
14492;263
14525;263
14556;263
14587;263
14620;263
14650;263
14681;263
14711;263
14743;263
14776;263
14810;263
14843;263
14879;263
14916;263
14946;263
14986;263
15022;260
15058;260
15091;260
15127;260
15159;260
15188;260
15221;260
15253;260
15288;260
15317;260
15346;260
15384;260
15414;260
15447;260
15482;260
15509;260
15538;260
15576;260
15608;260
15639;261
15670;261
15703;261
15735;261
15767;261
15797;261
15827;261
15858;261
15891;261
15932;261
15971;261
16004;261
16037;261
16069;261
16111;261
16143;261
16173;261
16202;261
16240;261
16271;261
16303;261
16333;261
16374;261
16419;261
16466;261
16515;261
16567;261
16608;261
16667;261
16733;261
16778;261
16817;261
16861;261
16901;261
16940;261
16984;261
17028;261
17074;261
17123;261
17171;261
17210;261
17243;261
17276;261
17305;261
17337;261
17370;261
17402;261
17434;261
17463;261
17493;261
17524;261
17558;261
17588;261
17621;261
17652;261
17684;261
17719;261
17750;261
17787;261
17823;261
17853;261
17887;261
17919;261
17952;261
17984;261
18015;261
18047;261
18076;261
18109;261
18140;261
18169;261
18198;260
18238;260
18271;261
18300;261
18339;261
18371;261
18426;261
18459;261
18509;261
18544;261
18576;261
18606;260
18636;260
18669;260
18703;259
18738;260
18770;260
18799;260
18830;260
18862;260
18893;260
18921;260
18953;260
18985;260
19014;260
19050;261
19081;261
19110;261
19145;261
19189;260
19223;260
19252;260
19290;260
19322;260
19355;260
19384;260
19417;260
19450;260
19486;260
19519;260
19548;259
19581;259
19611;259
19653;259
19682;259
19713;259
19745;259
19776;259
19807;259
19841;259
19877;259
19906;259
19936;259
19965;259
19997;260
20025;260
20057;260
20090;260
20123;261
20157;261
20194;261
20235;261
20269;261
20301;261
20334;261
20366;261
20397;261
20429;261
20461;261
20490;261
20521;261
20553;261
20582;261
20611;261
20644;261
20680;261
20712;261
20743;261
20775;261
20804;261
20835;261
20889;261
20921;261
20951;261
20980;261
21013;261
21045;261
21084;261
21137;261
21192;261
21224;261
21253;261
21285;261
21314;261
21343;261
21374;260
21403;260
21438;260
21470;260
21501;260
21531;260
21565;260
21595;260
21626;260
21656;260
21683;260
21711;260
21748;260
21796;260
21830;260
21860;260
21892;260
21924;260
21953;260
21987;260
22016;261
22045;261
22073;261
22107;261
22136;261
22166;261
22201;261
22234;261
22266;261
22304;261
22345;261
22377;261
22409;261
22440;261
22472;261
22505;261
22542;261
22574;261
22606;261
22635;261
22667;261
22704;261
22733;261
22765;261
22800;261
22834;261
22873;261
22906;264
22938;264
22971;264
23000;264
23036;261
23071;262
23100;262
23129;262
23162;262
23194;262
23226;262
23278;262
23310;262
23344;262
23378;261
23409;261
23438;261
23470;261
23500;261
23529;261
23561;261
23590;262
23619;262
23649;262
23677;262
23713;262
23745;262
23777;262
23809;262
23843;262
23872;262
23913;262
23958;262
23987;262
24016;262
24046;262
24075;262
24104;261
24135;261
24164;261
24194;261
24226;261
24259;261
24290;261
24323;261
24352;261
24381;261
24413;261
24443;261
24478;261
24510;261
24542;261
24571;261
24603;261
24635;261
24668;261
24697;261
24729;261
24761;261
24798;261
24831;261
24863;261
24896;261
24927;261
24959;261
24991;261
25020;261
25052;261
25084;261
25115;261
25146;261
25177;261
25206;261
25239;261
25268;261
25298;261
25331;261
25363;261
25392;261
25421;261
25451;261
25480;261
25509;261
25540;261
25572;261
25603;261
25632;261
25663;261
25695;261
25724;261
25755;261
25793;261
25826;261
25855;261
25887;261
25924;261
25955;261
25984;261
26015;261
26045;261
26074;261
26105;261
26145;261
26176;261
26210;261
26242;261
26271;261
26303;261
26335;261
26364;261
26396;261
26429;261
26465;261
26497;261
26529;261
26560;261
26592;261
26627;261
26659;261
26690;261
26727;261
26758;261
26793;261
26829;261
26866;261
26899;261
26932;261
26962;261
26991;261
27027;261
27055;261
27087;261
27118;261
27148;261
27180;261
27210;261
27239;261
27270;261
27308;261
27343;261
27374;261
27406;261
27435;261
27475;261
27504;261
27534;261
27563;261
27595;261
27629;261
27660;261
27691;263
27722;263
27757;263
27787;263
27818;263
27851;263
27880;263
27913;263
27945;263
27974;263
28005;263
28037;263
28070;263
28104;263
28134;263
28163;263
28195;263
28227;263
28256;263
28285;263
28317;263
28346;263
28382;263
28414;263
28443;263
28472;263
28504;263
28535;263
28566;263
28595;261
28637;261
28669;261
28698;261
28733;261
28764;261
28800;261
28830;261
28863;261
28896;261
28925;261
28957;261
28989;261
29018;261
29049;261
29088;261
29119;261
29155;261
29186;261
29215;261
29244;261
29276;261
29305;261
29341;261
29373;261
29403;261
29433;261
29464;261
29497;261
29529;261
29558;261
29590;261
29624;261
29656;261
29686;261
29718;261
29750;261
29780;261
29809;261
29840;261
29872;261
29904;261
29940;261
29970;261
30002;261
30031;261
30061;261
30093;261
30125;261
30159;261
30197;261
30227;261
30258;261
30289;261
30319;261
30358;261
30388;261
30418;261
30457;261
30491;261
30528;261
30557;261
30586;261
30615;261
30645;261
30673;261
30703;261
30736;261
30767;261
30799;261
30829;261
30870;261
30899;261
30938;261
30967;261
30999;261
31032;261
31063;261
31092;261
31123;261
31159;261
31188;261
31218;261
31250;261
31279;261
31308;261
31340;261
31376;261
31405;261
31436;261
31468;261
31513;261
31545;261
31576;261
31613;261
31645;261
31675;261
31711;261
31739;261
31770;261
31806;261
31839;261
31868;261
31905;261
31938;261
31974;261
32003;261
32032;261
32061;261
32091;261
32128;261
32157;261
32199;261
32229;261
32264;261
32296;261
32324;260
32353;260
32385;260
32414;257
32443;257
32475;257
32505;257
32540;257
32571;256
32600;256
32632;256
32663;256
32695;256
32726;256
32758;256
32787;256
32816;256
32847;256
32880;256
32913;256
32949;256
32983;256
33011;256
33044;256
33072;256
33099;256
33130;256
33159;256
33191;256
33222;256
33258;257
33295;257
33327;257
33356;258
33387;258
33419;258
33451;258
33483;258
33516;258
33545;258
33575;258
33606;258
33641;258
33670;258
33698;258
33728;258
33764;258
33796;258
33828;258
33861;258
33893;258
33922;258
33954;258
33993;258
34021;258
34057;258
34089;258
34118;258
34150;258
34179;258
34208;258
34240;258
34272;258
34303;258
34336;258
34368;258
34399;258
34431;258
34463;258
34495;258
34523;258
34555;258
34590;258
34627;258
34659;258
34688;258
34723;258
34752;258
34786;258
34818;258
34856;258
34892;258
34924;258
34956;258
34985;258
35016;258
35055;258
35087;258
35118;258
35155;258
35184;258
35216;258
35245;258
35274;258
35303;257
35335;257
35362;257
35394;257
35429;257
35460;257
35496;257
35525;257
35561;257
35595;257
35627;257
35658;257
35694;257
35731;257
35763;257
35795;257
35824;257
35856;257
35888;257
35919;257
35960;257
36010;257
36042;257
36076;257
36108;257
36139;257
36170;257
36199;257
36230;257
36262;257
36295;257
36325;257
36357;257
36388;257
36419;257
36451;257
36480;257
36511;257
36543;257
36572;257
36607;257
36656;257
36688;257
36717;257
36750;257
36779;257
36811;257
36845;257
36879;257
36911;257
36943;257
36974;257
37003;257
37032;257
37064;257
37094;257
37132;257
37164;257
37195;257
37230;257
37262;257
37291;257
37323;257
37352;257
37382;257
37414;257
37446;257
37475;257
37506;257
37536;257
37573;257
37602;257
37639;257
37668;257
37697;257
37729;257
37773;257
37805;257
37836;257
37868;257
37900;257
37936;257
37967;257
37999;257
38031;257
38061;257
38091;257
38137;257
38173;257
38202;257
38231;257
38263;257
38301;257
38330;257
38362;257
38397;257
38429;257
38458;257
38490;257
38526;257
38555;257
38591;257
38626;257
38672;257
38708;257
38739;257
38769;257
38802;257
38835;257
38867;257
38896;257
38934;257
38963;257
38996;257
39030;257
39066;257
39102;257
39134;257
39165;257
39197;257
39229;257
39260;257
39289;257
39318;257
39347;257
39380;257
39410;257
39442;257
39474;257
39506;257
39538;257
39570;257
39600;257
39629;257
39659;257
39695;257
39724;257
39756;257
39785;257
39821;257
39854;257
39886;257
39917;257
39946;257
39977;257
40012;257
40041;257
40072;257
40103;257
40136;257
40172;257
40210;257
40241;257
40278;257
40310;257
40341;257
40372;257
40401;257
40433;257
40463;257
40492;257
40530;257
40566;257
40604;257
40637;257
40669;257
40701;257
40730;257
40759;257
40788;257
40820;258
40849;258
40882;258
40923;258
40953;258
40989;258
41021;258
41054;258
41088;258
41120;258
41149;258
41181;258
41220;258
41253;258
41288;258
41320;258
41351;258
41386;258
41421;258
41453;258
41486;258
41515;258
41548;258
41580;258
41613;258
41642;257
41673;257
41702;257
41737;257
41771;257
41802;257
41832;257
41863;257
41895;257
41930;257
41967;257
41996;257
42025;257
42062;257
42091;257
42123;257
42152;256
42184;256
42216;256
42248;256
42279;256
42311;256
42340;256
42371;256
42400;256
42429;256
42460;256
42492;256
42524;256
42560;256
42590;256
42622;256
42651;256
42680;256
42711;256
42742;256
42772;256
42801;256
42832;256
42864;256
42899;256
42931;256
42963;256
42994;256
43026;256
43058;256
43089;256
43118;256
43147;256
43179;256
43211;256
43244;256
43284;256
43315;256
43347;256
43379;256
43412;256
43442;256
43474;256
43503;256
43534;256
43568;256
43600;256
43637;256
43669;256
43700;256
43736;256
43768;256
43803;256
43830;256
43859;256
43895;256
43923;256
43954;256
43986;256
44018;256
44050;256
44081;256
44113;256
44142;256
44171;256
44200;256
44238;256
44269;256
44301;256
44333;256
44364;256
44393;256
44424;256
44454;256
44481;256
44513;256
44542;256
44583;256
44612;256
44654;256
44689;256
44724;256
