1320;78
1543;78
1780;78
2003;78
2211;78
2449;78
2684;78
2890;78
3098;78
3307;78
3525;78
3737;78
3954;78
4176;78
4786;78
5210;78
5442;78
5659;78
5861;78
6071;78
6283;78
6497;78
6722;78
6939;78
7157;78
7362;78
7567;78
7779;78
7985;78
8239;78
8501;78
8705;78
8900;78
9100;78
9307;78
9499;78
9692;78
9907;78
10101;78
10296;78
10505;78
10687;78
10872;78
11058;78
11242;78
11429;78
11615;78
11791;78
11963;78
12132;78
12300;78
12477;78
12635;78
12791;78
12947;78
13096;78
13238;78
13382;78
13527;78
13660;78
13791;78
13919;78
14056;78
14185;78
14307;78
14477;77
14648;75
14762;75
14919;74
15030;74
15139;74
15250;74
15355;74
15499;70
15598;70
15701;70
15797;70
15900;70
15993;70
16085;70
16176;70
16265;70
16355;70
16450;70
16540;70
16629;70
16718;70
16802;70
16885;70
16969;70
17058;70
17143;70
17229;70
17314;70
17400;70
17483;70
17568;70
17661;70
17745;70
17830;70
17917;70
18002;70
18090;70
18175;70
18265;70
18350;70
18436;70
18527;70
18616;70
18703;70
18786;70
18877;70
18967;70
19052;70
19141;70
19228;70
19314;70
19397;70
19490;70
19574;70
19658;70
19742;70
19827;70
19910;70
19995;70
20084;70
20168;70
20258;70
20342;70
20427;70
20532;70
20621;70
20706;70
20790;70
20887;70
20970;70
21055;70
21185;69
21275;69
21360;69
21445;69
21530;69
21617;69
21702;69
21787;69
21880;69
21970;69
22068;69
22155;69
22240;69
22323;69
22414;69
22500;69
22594;69
22678;69
22760;69
22844;69
22927;69
23015;69
23101;69
23186;69
23275;69
23358;69
23441;69
23525;69
23617;69
23701;69
23785;69
23871;69
23954;69
24038;69
24128;69
24217;69
24303;69
24387;69
24469;69
24562;69
24645;69
24728;69
24816;69
24901;69
24984;69
25069;69
25155;69
25241;69
25324;69
25412;69
25495;69
25580;69
25668;69
25751;69
25833;69
25916;69
26000;69
26089;69
26174;69
26263;69
26346;69
26430;69
26516;69
26608;69
26698;69
26783;69
26866;69
26950;69
27033;69
27117;69
27206;69
27297;69
27380;69
27461;69
27542;69
27625;69
27712;69
27796;69
27884;69
27969;69
28052;69
28146;69
28233;69
28316;69
28402;69
28489;69
28584;69
28668;69
28750;69
28833;69
28916;69
29012;69
29097;69
29182;69
29268;69
29351;69
29436;69
29519;69
29605;69
29701;69
29789;69
29873;69
29956;69
30039;69
30124;69
30216;69
30300;69
30384;69
30466;69
30555;69
30641;69
30724;69
30812;69
30896;69
30980;69
31063;69
31149;69
31237;69
31322;69
31410;69
31498;69
31582;69
31666;69
31750;69
31834;69
31918;69
32013;69
32100;69
32184;69
32271;69
32354;69
32437;69
32520;69
32615;69
32702;69
32789;69
32873;69
32956;69
33040;69
33125;69
33216;69
33302;69
33387;69
33470;69
33555;69
33638;69
33722;69
33813;69
33897;69
33983;69
34067;69
34152;69
34242;69
34370;69
34477;69
34601;69
34704;69
34788;69
34873;69
34955;69
35047;69
35132;69
35216;69
35301;69
35385;69
35470;69
35555;69
35646;69
35731;69
35819;69
35904;69
35990;69
36074;69
36157;69
36250;69
36335;69
36418;69
36501;69
36589;69
36696;69
36779;69
36870;69
36956;69
37039;69
37123;69
37207;69
37291;69
37381;69
37470;69
37554;69
37636;69
37721;69
37803;69
37887;69
37973;69
38062;69
38146;69
38231;69
38315;69
38399;69
38482;69
38567;69
38667;69
38751;69
38836;69
38925;69
39012;69
39100;69
39185;69
39275;69
39362;69
39445;69
39530;69
39615;69
39700;69
39783;69
39873;69
39958;69
40042;69
40129;69
40212;69
40296;69
40381;69
40476;69
40562;69
40650;69
40740;69
40825;69
40909;69
40995;69
41088;69
41174;69
41260;69
41344;69
41428;69
41515;69
41603;69
41691;69
41776;69
41862;69
41951;69
42043;69
42134;69
42224;69
42308;69
42393;69
42479;69
42565;69
42653;69
42742;69
42833;69
42917;69
43002;69
43087;69
43172;69
43257;69
43341;69
43432;69
43521;69
43606;69
43691;69
43776;69
43859;69
43943;69
44034;69
44118;69
44203;69
44289;69
44374;69
44457;69
44541;69
44631;69
44737;69
44823;69
44911;69
44997;69
45096;69
45185;69
45276;69
45361;69
45446;69
45531;69
45616;69
45701;69
45785;69
45875;69
45962;69
46044;69
46130;69
46214;69
46300;69
46383;69
46470;69
46559;69
46653;69
46759;69
46845;69
46929;69
47018;69
47103;69
47194;69
47278;69
47365;69
47448;69
47535;69
47632;69
47715;69
47798;69
47881;69
47967;69
48051;69
48138;69
48229;69
48312;69
48398;69
48482;69
48566;69
48656;69
48746;69
48840;69
48924;69
49010;69
49100;69
49182;69
49268;69
49351;69
49444;69
49528;69
49613;69
49701;69
49784;69
49867;69
49953;69
50042;69
50132;69
50217;69
50304;69
50388;69
50470;69
50554;69
50645;69
50734;69
50835;69
50918;69
51003;69
51091;69
51180;69
51281;69
51371;69
51456;69
51544;69
51627;69
51712;69
51797;69
51884;69
51975;69
52060;69
52148;69
52233;69
52319;69
52405;69
52492;69
52575;69
52660;69
52749;69
52838;69
52922;69
53012;69
53100;69
53214;69
53326;69
53421;69
53560;69
53654;69
53740;69
53825;69
53909;69
53993;69
54080;69
54164;69
54261;69
54347;69
54432;69
54518;69
54604;69
54691;69
54779;69
54873;69
54957;69
55041;69
55131;69
55217;69
55303;69
55388;69
55478;69
55563;69
55648;69
55732;69
55830;69
55917;69
56001;69
56091;69
56174;69
56260;69
56346;69
56430;69
56514;69
56600;69
56689;69
56775;69
56866;69
56953;69
57036;69
57123;69
57213;69
57304;69
57396;69
57480;69
57563;69
57648;69
57733;69
57820;69
57904;69
57986;69
58070;69
58153;69
58238;69
58325;69
58413;69
58499;69
58583;69
58666;69
58751;69
58844;69
58931;69
59023;69
59107;69
59193;69
59278;69
59361;69
59444;69
59527;69
59616;69
59703;69
59784;69
59871;69
59956;69
60040;69
60125;69
60243;69
60384;69
60502;69
60585;69
60669;69
60754;69
60846;69
60931;69
61016;69
61102;69
61189;69
61275;69
61361;69
61451;69
61536;69
61620;69
61704;69
61788;69
61873;69
61968;69
62058;69
62144;69
62230;69
62316;69
62399;69
62482;69
62567;69
62656;69
62741;69
62829;69
62917;69
63001;69
63085;69
63168;69
63260;69
63347;69
63432;69
63518;69
63605;69
63690;69
63776;69
63867;69
63951;69
64035;69
64121;69
64206;69
64293;69
64377;69
64467;69
64553;69
64638;69
64722;69
64806;69
64900;69
64984;69
65078;69
65162;69
65247;69
65330;69
65415;69
65498;69
65582;69
65672;69
65755;69
65844;69
65927;69
66012;69
66097;69
66181;69
66274;69
66358;69
66442;69
66525;69
66612;69
66699;69
66784;69
66892;69
66980;69
67067;69
67151;69
67238;69
67320;69
67406;69
67494;69
67578;69
67663;69
67747;69
67832;69
67915;69
67997;69
68091;69
68177;69
68262;69
68347;69
68431;69
68515;69
68598;69
68689;69
68774;69
68863;69
68965;69
69053;69
69142;69
69231;69
69316;69
69401;69
69486;69
69569;69
69667;69
69754;69
69844;69
69929;69
70012;69
70097;69
70181;69
70268;69
70358;69
70450;69
70535;69
70619;69
70704;69
70789;69
70874;69
70962;69
71051;69
71135;69
71226;69
71310;69
71395;69
71478;69
71562;69
71651;69
71735;69
71820;69
71903;69
71996;69
72081;69
72166;69
72258;69
72341;69
72427;69
72510;69
72593;69
72677;69
72765;69
72855;69
72947;69
73030;69
73117;69
73201;69
73287;69
73372;69
73463;69
73546;69
73631;69
73716;69
73801;69
73885;69
73969;69
74060;69
74147;69
74234;69
74322;69
74406;69
74492;69
74583;69
74672;69
74757;69
74841;69
74929;69
75014;69
75100;69
75186;69
75275;69
75363;69
75448;69
75534;69
75619;69
75703;69
75802;69
75890;69
75976;69
76061;69
76148;69
76233;69
76317;69
76402;69
76490;69
76576;69
76660;69
76744;69
76836;69
76920;69
77012;69
77097;69
77182;69
77270;69
77364;69
77454;69
77539;69
77629;69
77712;69
77796;69
77880;69
77966;69
78049;69
78136;69
78224;69
78309;69
78392;69
78476;69
78563;69
78646;69
78736;69
78826;69
78915;69
79022;69
79110;69
79194;69
79281;69
79366;69
79456;69
79540;69
79625;69
79709;69
79793;69
79878;69
79961;69
80052;69
80140;69
80224;69
80310;69
80399;69
80486;69
80568;69
80659;69
80742;69
80827;69
80912;69
81016;69
81105;69
81189;69
81280;69
81367;69
81452;69
81536;69
81621;69
81705;69
81793;69
81883;69
81984;69
82069;69
82157;69
82242;69
82327;69
82417;69
82501;69
82587;69
82671;69
82757;69
82842;69
82926;69
83019;69
83108;69
83192;69
83277;69
83360;69
83451;69
83543;69
83631;69
83715;69
83800;69
83882;69
83965;69
84051;69
84137;69
84226;69
84310;69
84393;69
84477;69
84560;69
84644;69
84729;69
84817;69
84904;69
84991;69
85084;69
85168;69
85254;69
85337;69
85427;69
85510;69
85594;69
85676;69
85760;69
85843;69
85929;69
86019;69
86103;69
86187;69
86271;69
86355;69
86440;69
86525;69
86619;69
86701;69
86786;69
86869;69
86951;69
87053;69
87145;69
87235;69
87320;69
87404;69
87486;69
87570;69
87652;69
87737;69
87826;69
87909;69
87993;69
88083;69
88167;69
88251;69
88336;69
88425;69
88512;69
88595;69
88680;69
88763;69
88846;69
88931;69
89024;69
89117;69
89202;69
89287;69
89371;69
89454;69
89538;69
89633;69
89723;69
89809;69
89893;69
89982;69
90065;69
90150;69
90238;69
90322;69
90404;69
90488;69
90573;69
90654;69
90739;69
90830;69
90915;69
91000;69
91089;69
91178;69
91264;69
91348;69
91437;69
91521;69
91606;69
91689;69
91773;69
91858;69
91943;69
92042;69
92127;69
92211;69
92301;69
92387;69
92471;69
92557;69
92645;69
92734;69
92817;69
92903;69
92987;69
93082;69
93179;69
93268;69
93352;69
93436;69
93520;69
93603;69
93687;69
93771;69
93861;69
93944;69
94028;69
94113;69
94200;69
94287;69
94371;69
94462;69
94545;69
94631;69
94752;69
94857;69
94957;69
95072;69
95176;69
95261;69
95345;69
95428;69
95514;69
95599;69
95690;69
95779;69
95862;69
95946;69
96031;69
96116;69
96202;69
96294;69
96381;69
96466;69
96550;69
96634;69
96718;69
96803;69
96893;69
96975;69
97062;69
97154;69
97239;69
97337;69
97426;69
97510;69
97594;69
97684;69
97770;69
97854;69
97938;69
98029;69
98121;69
98206;69
98297;69
98381;69
98468;69
98554;69
98644;69
98732;69
98822;69
98908;69
98994;69
99081;69
99178;69
99270;69
99354;69
99440;69
99525;69
99610;69
99694;69
99781;69
99870;69
99955;69
100037;69
100126;69
100208;69
100293;69
100388;69
100477;69
100563;69
100647;69
100730;69
100814;69
100900;69
100984;69
101075;69
101164;69
101251;69
101338;69
101427;69
101510;69
101596;69
101683;69
101768;69
101850;69
101938;69
102031;69
102116;69
102203;69
102293;69
102375;69
102460;69
102545;69
102628;69
102711;69
102795;69
102886;69
102970;69
103054;69
103143;69
103233;69
103317;69
103406;69
103497;69
103582;69
103667;69
103752;69
103837;69
103922;69
104006;69
104099;69
104182;69
104269;69
104354;69
104438;69
104521;69
104610;69
104696;69
104780;69
104867;69
104955;69
105041;69
105132;69
105226;69
105312;69
105395;69
105480;69
105566;69
105651;69
105736;69
105824;69
105910;69
105995;69
106078;69
106163;69
106248;69
106336;69
106428;69
106517;69
106602;69
106688;69
106773;69
106860;69
106945;69
107034;69
107118;69
107209;69
107296;69
107381;69
107467;69
107553;69
107642;69
107727;69
107810;69
107896;69
107982;69
108075;69
108162;69
108253;69
108337;69
108420;69
108504;69
108587;69
108671;69
108755;69
108845;69
108931;69
109014;69
109103;69
109189;69
109278;69
109363;69
109453;69
109548;69
109637;69
109720;69
109804;69
109889;69
109973;69
110063;69
110153;69
110236;69
110323;69
110407;69
110489;69
110575;69
110663;69
110747;69
110831;69
110915;69
110999;69
111093;69
111186;69
111292;69
111377;69
111460;69
111544;69
111627;69
111711;69
111793;69
111883;69
111974;69
112060;69
112146;69
112231;69
112317;69
112406;69
112493;69
112578;69
112667;69
112751;69
112836;69
112920;69
113006;69
113095;69
113178;69
113270;69
113355;69
113437;69
