138;261
245;261
297;261
385;261
457;261
497;261
533;261
581;261
631;261
696;261
771;261
810;261
863;261
915;261
972;261
1030;261
1068;261
1106;261
1146;261
1181;261
1222;261
1257;261
1317;261
1373;261
1412;261
1449;263
1498;263
1550;263
1587;263
1625;262
1677;262
1741;262
1818;262
1871;262
1931;262
1994;262
2054;262
2091;262
2130;262
2168;262
2214;262
2259;262
2299;262
2335;262
2373;262
2410;262
2447;262
2483;262
2522;262
2557;262
2593;262
2638;262
2672;262
2711;263
2745;263
2781;263
2821;263
2861;263
2900;263
2933;263
2970;263
3002;263
3042;263
3079;263
3113;263
3148;263
3187;263
3239;263
3287;263
3337;263
3383;263
3429;263
3478;263
3551;263
3597;268
3635;268
3670;268
3702;268
3735;268
3767;268
3798;268
3831;268
3865;268
3903;268
3937;268
3969;268
4005;268
4041;268
4073;268
4106;268
4140;268
4174;268
4211;268
4245;268
4278;268
4312;268
4346;268
4387;268
4419;268
4451;268
4488;268
4519;268
4551;268
4583;268
4615;268
4650;268
4682;268
4714;268
4749;268
4781;268
4817;268
4862;268
4896;268
4929;268
4960;268
4995;268
5028;268
5064;268
5112;269
5146;269
5183;269
5221;268
5267;268
5319;271
5364;271
5411;271
5461;271
5511;271
5567;271
5613;271
5658;271
5704;271
5752;271
5798;271
5843;271
5883;271
5917;268
5950;268
5981;268
6016;268
6056;268
6092;268
6132;268
6165;268
6199;268
6231;268
6272;268
6308;268
6342;268
6375;268
6406;268
6440;268
6480;268
6514;268
6546;268
6582;268
6612;268
6655;268
6698;265
6730;265
6762;265
6799;265
6830;265
6863;265
6895;265
6926;265
6958;265
6998;265
7031;265
7070;266
7106;266
7156;266
7186;266
7221;266
7257;266
7289;266
7325;266
7359;266
7390;266
7421;266
7453;266
7486;266
7519;266
7553;266
7591;266
7622;266
7654;266
7685;266
7718;266
7754;266
7786;266
7822;266
7856;261
7889;262
7922;262
7958;262
7990;262
8022;262
8054;262
8088;262
8120;262
8152;262
8184;262
8217;262
8250;262
8290;262
8322;262
8365;262
8398;262
8436;262
8469;262
8501;262
8536;262
8571;262
8602;262
8638;262
8674;262
8703;262
8742;262
8781;262
8813;262
8848;262
8888;262
8919;262
8962;262
9000;262
9036;262
9070;262
9104;262
9137;262
9172;262
9205;262
9239;262
9272;262
9307;262
9343;262
9375;262
9411;262
9446;262
9480;262
9514;262
9549;262
9582;262
9615;262
9656;262
9690;262
9728;262
9760;262
9792;262
9826;262
9867;262
9899;262
9932;261
9965;261
9999;261
10036;261
10068;261
10099;261
10130;261
10167;261
10199;261
10235;261
10266;261
10295;261
10329;261
10361;261
10394;261
10425;261
10458;261
10493;261
10529;261
10562;261
10594;261
10629;261
10663;261
10695;261
10727;261
10760;261
10794;261
10831;261
10863;261
10895;261
10944;261
10980;261
11011;261
11041;261
11085;261
11116;261
11149;261
11189;261
11225;261
11257;261
11289;261
11322;261
11356;261
11390;261
11430;261
11463;261
11496;261
11528;261
11566;261
11598;261
11635;261
11667;261
11700;260
11731;260
11765;260
11799;260
11832;260
11864;261
11896;261
11928;261
11961;261
11993;261
12026;261
12062;261
12095;261
12135;261
12169;261
12207;261
12241;261
12273;261
12306;261
12337;261
12369;261
12406;261
12439;261
12474;261
12507;261
12542;261
12575;261
12607;261
12640;261
12672;261
12705;261
12737;261
12771;261
12808;261
12843;261
12880;261
12914;261
12946;261
12982;261
13013;261
13046;261
13081;261
13115;261
13155;261
13186;261
13218;261
13257;261
13296;261
13329;261
13362;261
13395;261
13431;261
13463;261
13497;261
13532;261
13567;261
13602;261
13636;261
13672;261
13704;261
13741;260
13776;260
13813;260
13847;260
13881;260
13914;260
13948;260
13980;260
14016;260
14050;260
14089;260
14122;260
14156;260
14195;260
14234;260
14267;260
14301;260
14333;260
14367;260
14403;260
14442;260
14474;265
14508;265
14540;265
14571;265
14610;265
14642;265
14680;265
14719;265
14752;265
14788;265
14821;265
14854;265
14890;265
14926;265
14965;268
15001;268
15037;268
15071;268
15109;268
15141;268
15178;268
15217;268
15256;268
15291;268
15324;268
15358;268
15390;268
15421;268
15453;268
15488;268
15526;268
15563;268
15597;268
15627;268
15661;268
15694;268
15737;268
15773;268
15805;268
15839;263
15870;263
15905;263
15938;265
15970;265
16006;265
16041;265
16075;265
16110;265
16143;265
16179;265
16210;265
16241;265
16283;265
16314;265
16352;265
16383;265
16417;265
16450;265
16484;265
16518;265
16551;265
16582;265
16617;265
16648;265
16693;265
16747;265
16798;265
16835;260
16866;260
16898;260
16933;260
16966;260
16999;260
17035;260
17084;260
17121;260
17153;260
17187;260
17219;260
17262;260
17293;260
17324;260
17356;260
17388;260
17419;260
17457;260
17488;260
17524;260
17560;260
17595;260
17629;260
17661;260
17691;260
17730;260
17763;260
17793;260
17827;260
17860;260
17893;260
17924;260
17956;260
17987;260
18018;261
18052;261
18083;261
18116;261
18150;261
18185;261
18218;261
18252;261
18294;261
18330;261
18367;261
18401;261
18431;259
18464;259
18498;259
18532;259
18565;259
18597;259
18637;259
18672;259
18703;259
18738;259
18774;259
18804;258
18835;258
18867;258
18902;258
18934;258
18969;258
18999;258
19031;258
19062;258
19095;258
19126;258
19157;258
19192;258
19225;258
19264;258
19300;258
19333;258
19363;258
19392;258
19427;259
19459;259
19498;259
19529;259
19572;259
19609;259
19653;259
19684;259
19716;258
19748;258
19780;258
19819;258
19852;257
19889;257
19926;257
19958;257
19992;257
20027;257
20057;257
20105;257
20141;257
20174;257
20208;257
20241;257
20277;257
20309;257
20343;257
20376;257
20407;257
20438;257
20470;257
20502;257
20538;257
20573;257
20610;257
20643;257
20677;257
20707;257
20747;257
20782;257
20817;257
20850;257
20884;257
20917;257
20949;257
20985;257
21016;257
21049;257
21078;257
21110;257
21142;257
21177;257
21210;257
21245;259
21274;259
21307;259
21342;259
21376;259
21410;259
21445;259
21481;259
21540;259
21583;259
21622;259
21660;259
21705;259
21768;259
21823;259
21866;260
21901;260
21938;260
21973;260
22011;260
22055;260
22098;260
22149;260
22200;260
22256;260
22316;260
22375;260
22421;260
22455;260
22490;260
22522;260
22557;260
22606;260
22653;260
22694;260
22737;260
22770;260
22806;260
22842;260
22878;260
22910;260
22946;260
22978;260
23011;260
23045;260
23078;260
23112;260
23150;260
23194;260
23225;260
23256;260
23291;260
23331;260
23371;260
23413;260
23445;260
23485;260
23520;260
23556;260
23587;260
23624;260
23659;260
23690;260
23724;260
23759;260
23796;260
23828;260
23861;260
23893;260
23928;260
23963;260
24000;260
24039;260
24070;260
24106;260
24141;260
24180;260
24216;260
24255;260
24294;260
24325;260
24361;260
24393;260
24427;260
24460;260
24491;260
24525;257
24561;257
24593;257
24628;257
24659;257
24691;257
24729;257
24764;257
24812;257
24845;257
24885;257
24924;258
24956;258
24994;258
25026;258
25057;258
25103;258
25137;258
25169;258
25206;258
25241;258
25273;258
25307;258
25336;258
25369;258
25407;258
25437;258
25468;258
25499;258
25530;258
25561;258
25602;258
25643;258
25674;258
25709;258
25740;258
25771;258
25801;258
25833;258
25864;258
25905;258
25940;258
25971;258
26002;258
26041;258
26072;258
26103;258
26137;258
26176;258
26208;258
26239;258
26272;258
26305;258
26341;258
26372;258
26407;258
26440;258
26470;258
26507;258
26540;258
26573;258
26608;258
26638;258
26676;258
26707;258
26738;258
26770;258
26805;258
26835;258
26874;258
26905;258
26937;258
26968;257
27000;257
27031;257
27066;257
27096;257
27126;257
27158;257
27192;257
27224;257
27259;257
27298;262
27330;262
27362;262
27395;262
27427;262
27462;262
27495;262
27527;262
27558;261
27598;261
27634;261
27668;261
27710;261
27740;261
27783;261
27816;261
27849;261
27881;261
27915;261
27949;261
27982;261
28014;261
28050;261
28082;261
28122;261
28172;261
28209;261
28240;261
28271;261
28303;261
28337;261
28368;261
28401;261
28432;261
28466;261
28499;261
28529;261
28572;261
28610;261
28656;261
28690;261
28723;261
28758;261
28793;264
28824;264
28862;264
28898;264
28934;264
28973;264
29005;264
29038;264
29072;264
29110;264
29145;264
29182;264
29220;264
29262;264
29298;264
29335;264
29372;264
29408;264
29438;264
29471;264
29504;264
29535;264
29565;264
29608;264
29641;264
29674;264
29706;264
29741;264
29772;264
29803;264
29834;264
29867;264
29905;264
29938;264
29973;264
30007;264
30042;264
30080;261
30115;261
30148;261
30180;261
30211;261
30242;261
30278;261
30310;261
30344;261
30377;261
30410;261
30449;261
30484;261
30517;261
30548;261
30579;261
30612;261
30650;261
30693;261
30730;261
30761;261
30797;261
30831;261
30867;261
30904;261
30946;261
30981;261
31012;261
31045;261
31077;261
31108;261
31140;261
31173;261
31205;261
31246;261
31277;261
31313;261
31347;261
31381;261
31417;261
31451;261
31485;261
31523;261
31561;261
31594;261
31631;261
31668;261
31701;261
31734;261
31774;261
31812;261
31847;261
31881;261
31916;261
31949;261
31983;261
32017;261
32055;261
32089;261
32124;261
32165;261
32199;261
32231;261
32264;261
32296;261
32329;261
32361;261
32402;261
32435;261
32467;261
32499;261
32534;261
32569;261
32601;261
32643;261
32679;261
32716;261
32751;261
32785;261
32822;261
32857;261
32892;261
32930;261
32968;261
33002;261
33037;261
33070;261
33100;261
33134;261
33166;261
33200;261
33233;261
33270;261
33307;261
33338;261
33371;261
33404;261
33437;261
33472;261
33506;261
33548;261
33582;261
33622;261
33658;261
33694;261
33728;261
33760;261
33798;261
33833;261
33866;261
33900;261
33934;261
33970;261
34005;261
34039;261
34072;261
34109;261
34145;261
34180;261
34215;261
34247;261
34279;261
34311;261
34344;261
34375;263
34410;263
34446;263
34475;263
34509;263
34547;263
34579;263
34612;263
34656;263
34690;263
34721;263
34752;263
34787;263
34824;263
34856;263
34887;263
34922;263
34956;263
34989;263
35021;263
35048;263
35082;263
35117;263
35153;263
35185;263
35220;263
35258;263
35302;263
35332;263
35363;263
35398;263
35437;263
35471;263
35504;263
35536;263
35572;263
35604;263
35636;263
35669;263
35705;263
35748;263
35779;263
35812;263
35851;263
35885;263
35919;263
35961;263
35999;263
36034;263
36066;263
36097;263
36134;263
36167;263
36201;263
36236;263
36269;263
36301;264
36336;264
36376;264
36407;264
36438;264
36469;264
36500;264
36533;264
36570;264
36602;264
36631;264
36663;264
36698;264
36730;264
36765;264
36798;264
36829;264
36862;264
36893;264
36927;264
36958;264
36995;264
37030;264
37062;264
37095;264
37130;264
37166;264
37197;264
37232;264
37267;264
37311;264
37343;264
37388;264
37425;264
37457;264
37495;264
37529;264
37560;264
37594;264
37631;264
37665;264
37702;264
37734;264
37762;264
37797;264
37834;264
37870;264
37908;264
37942;264
37977;264
38009;264
38041;264
38075;264
38106;264
38139;264
38176;264
38208;264
38241;264
38277;264
38313;264
38345;264
38382;264
38411;264
38441;264
38476;264
38516;264
38558;264
38592;264
38625;264
38656;264
38688;264
38720;264
38752;263
38786;263
38817;263
38850;263
38891;263
38923;263
38958;263
38991;263
39023;263
39059;263
39094;263
39127;263
39162;263
39196;263
39230;263
39266;263
39297;263
39333;263
39367;263
39398;263
39428;263
39462;261
39497;261
39526;261
39557;261
39591;261
39626;261
39667;261
39724;261
39759;261
39791;261
39825;261
39857;261
39895;261
39933;261
39967;261
40001;261
40034;261
40080;261
40121;262
40154;262
40190;262
40228;262
40265;262
40299;262
40338;262
40377;262
40410;262
40442;262
40478;262
40513;262
40550;262
40583;262
40617;262
40647;262
40686;260
40723;257
40756;257
40788;257
40833;257
40866;257
40903;257
40935;257
40967;257
40999;257
41035;257
41078;257
41114;257
41152;257
41187;257
41225;257
41256;257
41289;257
41325;257
41358;257
41398;257
41431;257
41465;257
41499;257
41535;257
41572;257
41606;257
41650;257
41684;257
41723;257
41759;257
41798;257
41838;257
41872;257
41907;257
41941;257
41975;257
42012;257
42043;257
42074;257
42106;257
42143;257
42175;257
42208;257
42243;257
42276;257
42308;257
42343;257
42374;257
42406;257
42438;257
42476;257
42507;257
42542;257
42574;257
42610;257
42642;257
42674;257
42707;257
42739;257
42773;257
42812;257
42843;257
42875;257
42909;257
42944;257
42983;257
43018;257
43051;257
43092;257
43129;257
43162;257
43196;257
43228;257
43263;257
43295;257
43325;257
43363;257
43403;257
43438;257
43473;257
43513;257
43543;257
43577;257
43608;257
43639;257
43674;258
43725;258
43767;258
43805;258
43839;258
43877;258
43909;258
43942;258
43977;258
44010;258
44041;258
44077;258
44111;258
44142;258
44174;258
44207;258
44245;258
44282;258
44321;258
44357;258
44392;258
44424;258
44457;258
44492;258
44525;258
44558;257
44592;257
44622;257
44659;257
44696;257
44731;257
44764;257
44797;257
44833;257
44864;257
44903;257
44939;257
44970;257
45008;257
45039;257
45076;257
45107;256
45143;256
45174;257
45210;257
45243;257
45278;257
45312;257
45343;257
45375;257
45410;257
45443;257
45471;257
45503;257
45538;257
45580;258
45623;258
45655;258
45686;258
45737;258
45802;258
45833;258
45865;258
45896;258
45931;258
45962;258
45991;258
46022;258
46053;258
46086;257
46119;257
46150;257
46187;257
46223;257
46257;257
46287;257
46321;257
46357;257
46389;257
46421;257
46453;257
46485;257
46520;257
46553;257
46587;257
46620;257
46650;257
46685;257
46718;257
46750;257
46783;257
46818;257
46852;257
46882;257
46918;257
46949;257
46982;257
47017;257
47050;257
47095;257
47127;257
47159;257
47192;257
47224;257
47256;257
47291;257
47339;257
47373;257
47412;257
47446;257
47480;257
47512;257
47543;257
47578;257
47611;257
47642;259
47677;259
47721;259
47778;259
47810;259
47846;259
47879;259
47912;259
47944;259
47984;259
48015;259
48046;259
48077;259
48112;259
48151;260
48183;260
48215;260
48246;260
48278;260
48309;260
48341;260
48378;260
48412;260
48443;260
48479;260
48509;260
48541;260
48577;260
48607;260
48638;260
48670;260
48705;260
48737;260
48770;260
48798;260
48837;260
48870;260
48906;260
48943;260
48973;260
49004;260
49034;260
49070;260
49102;260
49147;260
49179;260
49209;260
49254;260
49285;260
49318;260
49352;260
49390;260
49426;260
49458;260
49489;260
49520;260
49553;260
49585;260
49616;260
49647;260
49682;260
49713;260
49781;260
49849;260
49896;260
49931;260
49962;260
49992;260
50024;260
50054;260
50089;260
50123;260
50154;260
50188;260
50220;260
50256;260
50287;260
50319;260
50357;260
50391;260
50420;259
50454;259
50487;259
50519;259
50550;259
50584;259
50616;259
50647;259
50679;259
50710;259
50744;259
50781;259
50821;259
50859;259
50898;259
50929;259
50964;259
50995;259
51030;259
51062;259
51094;259
51134;259
51190;259
51233;259
51268;259
51331;259
51367;259
51403;259
51442;259
51475;259
51511;259
51541;259
51574;259
51606;259
51641;259
51672;259
51706;259
51737;259
51773;259
51806;259
51840;259
51875;259
51907;259
51945;259
51977;259
52009;259
52041;259
52079;259
52130;259
52192;259
52254;259
52288;259
52340;259
52376;259
52442;259
52487;259
52520;259
52551;259
52585;259
52624;259
52656;259
52687;259
52717;259
52755;259
52785;259
52816;259
52847;259
52879;259
52913;259
52948;259
52983;259
53016;259
53046;259
53087;259
53120;259
53155;259
53190;259
53225;259
53264;259
53299;259
53332;259
53364;257
53400;257
53447;257
53482;257
53514;257
53556;257
53587;257
53622;257
53652;257
53687;257
53720;257
53755;257
53790;257
53826;257
53864;257
53894;257
53928;257
53967;257
54007;257
54040;257
54084;257
54116;257
54149;257
54183;257
54215;257
54249;257
54281;257
54316;257
54347;257
54385;257
54417;257
54451;257
54484;257
54520;257
54550;257
54590;257
54626;257
54666;257
54697;257
54728;257
54759;257
54794;257
54827;257
54861;257
54897;257
54930;257
54962;257
54997;257
55030;256
55062;256
55095;256
55130;256
55160;256
55194;256
55230;256
55273;256
55309;256
55346;256
55380;256
55414;256
55452;256
55488;256
55523;256
55555;256
55588;256
55620;256
55656;256
55687;256
55720;256
55754;256
55792;256
55827;256
55861;256
55896;256
55929;256
55964;256
56005;256
56038;256
56070;256
56103;256
56139;256
56174;256
56208;256
56243;256
56275;256
56311;256
56349;256
56380;256
56413;256
56449;256
56489;256
56523;256
56555;256
56587;256
56618;256
56652;256
56684;256
56717;256
56751;256
56783;256
56818;256
56852;256
56885;256
56920;256
56960;256
57001;256
57032;256
57064;256
57103;256
57136;256
57172;256
57207;256
57238;256
57272;256
57305;256
57340;256
57373;256
57406;256
57438;256
57472;256
57508;256
57543;256
57580;256
57613;256
57644;256
57677;256
57712;256
57750;256
57783;256
57817;256
57849;256
57882;256
57918;256
57951;256
57988;256
58026;256
58066;256
58096;256
58129;256
58162;256
58195;256
58226;256
58259;256
58294;256
58324;256
58359;256
58393;256
58426;256
58464;256
58499;256
58528;256
58561;256
58595;256
58630;256
58661;256
58697;256
58735;256
58766;256
58804;256
58843;256
58874;256
58907;256
58939;256
58974;256
