154;235
264;235
358;235
493;235
585;235
709;235
796;235
863;235
969;235
1048;235
1129;235
1212;235
1293;235
1380;235
1480;235
1568;235
1669;235
1745;235
1814;235
1888;235
1970;235
2059;235
2132;235
2210;235
2296;235
2372;235
2432;235
2497;235
2565;235
2624;235
2697;235
2767;235
2838;235
2913;235
3002;235
3084;235
3166;235
3255;235
3334;235
3414;235
3497;235
3557;235
3616;234
3675;234
3738;234
3825;234
3887;234
3946;234
4008;234
4077;234
4140;234
4203;234
4280;234
4341;234
4401;234
4478;234
4547;234
4607;234
4676;234
4752;234
4811;234
4871;234
4932;234
4993;234
5054;234
5117;234
5188;234
5256;234
5329;234
5396;234
5467;234
5528;234
5600;234
5674;234
5765;234
5842;234
5921;234
5993;234
6051;234
6134;234
6212;234
6271;234
6331;234
6390;234
6450;234
6512;234
6571;234
6639;234
6712;234
6782;234
6854;234
6915;234
6977;234
7038;234
7104;234
7166;234
7225;234
7285;234
7355;234
7414;234
7472;234
7532;234
7595;234
7655;234
7714;234
7786;234
7846;234
7905;234
7967;234
8029;234
8088;234
8147;234
8207;234
8269;234
8329;234
8398;234
8465;234
8527;234
8602;234
8661;234
8720;234
8781;234
8840;234
8898;234
8957;234
9017;234
9076;234
9147;234
9207;234
9266;234
9325;234
9385;234
9447;234
9509;234
9569;234
9631;234
9693;234
9754;234
9821;234
9895;234
9952;234
10010;234
10071;234
10141;234
10216;234
10274;234
10334;234
10409;234
10477;234
10536;234
10594;234
10654;234
10716;234
10777;234
10844;235
10904;235
10965;235
11027;235
11085;235
11156;235
11216;235
11274;235
11335;235
11397;235
11464;235
11531;235
11604;235
11690;235
11751;235
11819;235
11878;235
11954;235
12029;235
12087;235
12149;235
12209;235
12268;235
12327;235
12397;235
12454;235
12520;235
12580;235
12639;235
12698;235
12757;235
12816;235
12874;235
12936;235
12997;235
13056;235
13115;235
13173;235
13234;235
13295;235
13355;235
13414;235
13479;235
13536;235
13595;235
13656;235
13717;235
13779;235
13838;235
13898;235
13958;235
14022;235
14084;235
14143;235
14211;235
14295;235
14356;235
14415;235
14492;235
14566;235
14632;235
14698;235
14764;235
14831;235
14898;235
14959;235
15018;235
15079;235
15142;235
15203;235
15265;235
15333;235
15395;235
15454;235
15515;235
15583;235
15654;235
15719;235
15778;235
15850;235
15909;235
15969;235
16028;235
16089;235
16161;235
16235;235
16296;235
16362;235
16421;235
16483;235
16549;235
16630;235
16695;235
16764;235
16831;235
16890;235
16951;235
17009;235
17081;235
17151;235
17217;235
17279;235
17351;235
17424;235
17491;235
17550;235
17611;235
17693;235
17752;235
17822;235
17883;235
17944;235
18003;235
18062;236
18123;236
18186;236
18256;236
18315;236
18374;237
18435;237
18496;237
18555;237
18617;236
18684;236
18757;236
18816;236
18883;236
18950;236
19011;236
19079;236
19138;236
19208;236
19276;238
19348;238
19421;238
19487;238
19549;238
19608;238
19668;238
19753;238
19812;238
19884;238
19946;238
20007;238
20066;238
20143;238
20220;238
20277;238
20337;238
20396;238
20465;238
20533;238
20592;238
20656;238
20715;238
20784;238
20848;238
20908;238
20977;238
21044;238
21113;238
21174;238
21244;238
21304;238
21367;238
21429;238
21488;238
21555;238
21616;238
21678;238
21751;238
21811;238
21869;238
21929;238
21992;238
22054;238
22121;238
22181;238
22242;238
22301;238
22365;238
22435;238
22490;238
22573;238
22632;238
22701;238
22762;238
22821;238
22881;237
22949;237
23008;237
23080;237
23157;237
23224;237
23290;237
23351;237
23418;237
23477;237
23536;237
23595;237
23655;237
23717;237
23782;237
23840;237
23909;237
23970;237
24038;237
24098;237
24157;237
24220;237
24278;237
24340;237
24405;237
24470;237
24528;237
24590;237
24652;237
24718;237
24777;236
24836;236
24903;236
24966;236
25038;236
25112;236
25173;236
25240;236
25302;236
25378;236
25452;236
25515;236
25580;236
25636;236
25702;238
25775;238
25836;238
25896;238
25958;238
26035;238
26109;238
26173;238
26231;238
26294;238
26355;238
26415;238
26473;238
26539;238
26599;238
26662;238
26719;238
26779;238
26837;238
26898;238
26961;238
27019;238
27079;238
27147;238
27206;238
27269;238
27336;238
27395;238
27453;238
27526;238
27592;238
27648;238
27707;238
27765;238
27826;238
27885;238
27944;238
28019;238
28078;238
28137;238
28212;238
28269;238
28336;238
28403;238
28465;238
28525;238
28584;239
28656;239
28723;239
28790;239
28851;239
28918;239
28977;239
29037;239
29094;239
29155;239
29231;239
29292;239
29354;239
29418;239
29477;239
29537;239
29597;239
29659;239
29718;239
29776;239
29837;239
29895;239
29955;239
30019;239
30078;239
30136;239
30195;239
30275;239
30340;239
30401;239
30458;239
30520;239
30580;239
30646;239
30707;239
30768;239
30858;240
30985;240
31050;240
31116;240
31183;240
31269;240
31341;240
31407;240
31465;240
31523;240
31588;240
31646;240
31704;240
31772;240
31851;240
31921;240
32005;240
32063;240
32140;240
32198;240
32256;240
32314;240
32374;240
32441;240
32512;240
32572;240
32630;240
32690;240
32749;240
32819;240
32884;240
32942;240
33000;240
33060;240
33129;240
33190;240
33252;240
33312;240
33387;240
33446;240
33505;240
33580;240
33641;240
33699;240
33759;240
33827;240
33884;240
33944;240
34002;240
34063;240
34121;240
34180;240
34247;240
34305;239
34372;239
34431;239
34492;239
34558;239
34622;239
34683;239
34749;239
34832;239
34890;239
34948;239
35009;239
35068;239
35126;239
35187;239
35246;239
35306;239
35364;239
35431;239
35490;239
35557;239
35617;239
35684;239
35745;239
35805;239
35862;239
35921;239
35979;239
36039;239
36097;239
36171;239
36229;239
36287;239
36348;239
36406;239
36470;239
36528;239
36594;239
36677;239
36783;239
36866;239
36930;239
37033;239
37091;239
37157;239
37223;239
37289;239
37353;239
37417;239
37483;239
37541;239
37611;239
37672;239
37739;239
37799;239
37860;239
37919;239
37979;239
38038;237
38098;237
38158;237
38217;237
38275;237
38335;237
38402;237
38467;237
38527;237
38593;237
38659;237
38730;236
38792;236
38849;236
38907;236
38965;236
39034;236
39111;236
39178;236
39240;236
39304;236
39379;236
39438;236
39505;236
39577;236
39644;236
39710;236
39768;236
39840;236
39901;236
39969;236
40026;236
40086;236
40144;236
40204;236
40264;236
40322;236
40389;237
40447;237
40505;237
40563;237
40631;237
40688;237
40748;237
40809;237
40867;237
40926;237
40984;237
41042;237
41113;237
41171;237
41232;237
41303;237
41369;237
41427;237
41486;237
41544;237
41611;237
41673;237
41731;236
41807;236
41879;236
41939;236
41995;236
42056;236
42113;236
42172;236
42257;236
42323;236
42386;236
42444;236
42517;236
42584;236
42645;236
42705;236
42772;236
42833;236
42900;236
42980;236
43039;236
43096;236
43169;236
43227;236
43317;236
43373;236
43430;235
43488;235
43548;235
43607;236
43673;236
43734;236
43796;236
43865;236
43931;236
43989;236
44051;236
44108;236
44169;236
44242;236
44307;236
44367;236
44428;236
44505;236
44564;236
44621;236
44680;236
44741;236
44819;236
44877;236
44944;236
45011;236
45092;236
45162;236
45222;236
45288;236
45360;236
45427;236
45485;236
45546;236
45617;236
45689;236
45751;236
45811;236
45869;236
45937;236
45994;236
46054;236
46112;236
46175;236
46237;236
46301;236
46359;236
46420;236
46491;236
46549;236
46606;236
46672;236
46747;236
46814;236
46877;236
46943;236
47001;236
47061;236
47119;236
47181;236
47262;236
47323;236
47395;236
47453;236
47513;236
47572;236
47629;236
47696;236
47779;236
47839;236
47899;236
47957;236
48015;236
48081;236
48135;236
48194;236
48253;236
48319;236
48378;236
48446;236
48517;236
48574;236
48632;236
48692;236
48763;236
48821;236
48887;236
48953;236
49012;236
49068;236
49126;236
49183;236
49241;236
49300;236
49364;236
49424;236
49484;236
49543;236
49604;236
49686;236
49753;236
49820;236
49877;236
49949;236
50015;236
50072;236
50132;236
50189;236
50247;236
50313;236
50373;236
50433;236
50491;236
50573;236
50646;236
50701;236
50760;236
50825;236
50897;236
50955;236
51013;236
51071;236
51129;236
51189;236
51265;236
51324;236
51384;236
51452;236
51508;236
51569;236
51640;236
51707;236
51773;236
51839;236
51910;236
51968;236
52026;236
52092;236
52150;236
52230;236
52304;236
52365;236
52426;236
52493;236
52563;236
52624;236
52682;236
52742;236
52802;236
52860;236
52937;236
52999;236
53065;236
53124;236
53183;236
53242;236
53326;236
53406;236
53489;236
53555;236
53624;236
53681;236
53741;236
53799;236
53867;236
53934;236
53995;236
54054;236
54112;236
54178;236
54239;236
54299;236
54356;236
54414;236
54473;236
54537;236
54598;236
54655;236
54723;236
54799;236
54874;236
54937;236
55002;236
55060;236
55127;236
55186;236
55245;236
55315;236
55404;236
55473;236
55535;236
55600;236
55658;236
55724;236
55785;236
55845;236
55905;236
55962;236
56030;236
56103;236
56168;236
56229;236
56311;236
56372;236
56432;236
56491;236
56557;236
56632;236
56688;236
56749;236
56822;236
56883;236
56941;236
57002;236
57069;236
57137;236
57213;236
57279;236
57337;236
57399;236
57457;236
57514;236
57589;236
57660;236
57730;236
57789;236
57855;236
57913;236
57974;236
58034;236
58095;236
58160;236
58219;236
58282;236
58347;236
58408;236
58474;236
58545;236
58605;236
58665;236
58736;236
58794;236
58855;236
58913;236
58981;236
59037;236
59104;236
59159;236
59217;236
59278;236
59343;236
59430;235
59489;235
59547;235
59608;235
59670;235
59728;235
59795;235
59869;235
59927;235
60000;235
60058;235
60117;235
60177;235
60244;235
60302;235
60362;235
60422;235
60482;235
60542;235
60600;235
60686;235
60748;235
60806;235
60864;235
60922;235
60988;235
61048;235
61108;235
61169;235
61226;235
61295;235
61354;235
61446;235
61511;235
61570;235
61631;235
61689;235
61748;235
61806;235
61865;235
61925;235
61983;235
62044;235
62119;235
62192;235
62248;235
62305;235
62362;235
62422;235
62487;235
62545;235
62611;235
62668;235
62726;235
62785;235
62855;235
62922;236
62989;236
63045;236
63105;236
63165;236
63223;236
63288;236
63346;236
63407;236
63467;236
63525;236
63584;236
63644;236
63705;236
63765;236
63827;237
63896;237
63962;237
64019;236
64079;236
64153;236
64237;236
64297;236
64362;236
64446;236
64512;236
64583;236
64642;236
64702;236
64763;236
64822;236
64882;236
64939;236
64999;236
65059;236
65119;236
65176;236
65235;236
65294;236
65351;236
65410;236
65471;236
65529;236
65605;236
65676;236
65742;236
65800;236
65857;236
65915;236
65972;236
66032;236
66090;236
66156;236
66220;236
66280;236
66340;236
66410;236
66470;236
66549;236
66640;236
66706;236
66764;236
66823;236
66884;236
66942;236
66999;236
67057;236
67117;236
67174;236
67233;236
67292;236
67355;236
67418;236
67481;236
67539;236
67600;236
67688;236
67743;236
67813;236
67871;236
67929;236
68011;236
68071;236
68129;236
68187;236
68262;236
68332;236
68400;236
68466;236
68526;236
68587;236
68644;236
68705;236
68776;236
68835;236
68892;236
68950;236
69010;236
69070;236
69141;236
69207;236
69265;236
69324;236
69382;236
69460;236
69526;236
69586;236
69653;236
69710;236
69779;236
69848;236
69925;236
70006;236
70255;236
70313;236
70379;235
70449;235
70509;235
70567;235
70633;237
70691;237
70752;237
70811;237
70884;237
70951;237
71012;237
71069;237
71130;237
71196;237
71281;237
71340;237
71400;237
71470;237
71544;237
71605;237
71664;237
71724;237
71782;237
71842;237
71924;237
71982;237
72047;237
72108;237
72166;237
72237;237
72297;237
72355;237
72421;237
72479;237
72537;237
72603;237
72660;237
72726;237
72785;237
72849;237
72909;237
72975;237
73041;237
73100;237
73166;237
73226;237
73284;237
73356;237
73414;236
73479;236
73550;236
73616;236
73674;236
73744;236
73806;236
73868;236
73928;236
73994;236
74052;236
74110;236
74171;236
74244;236
74317;236
74378;236
74441;236
74500;236
74560;236
74635;236
74692;236
74759;236
74825;236
74891;236
74951;236
75025;236
75091;236
75150;236
75208;236
75265;236
75326;236
75386;236
75459;236
75520;236
75579;236
75651;236
75709;236
75770;236
75852;236
75921;236
75994;236
76055;236
76113;236
76171;236
76229;236
76289;236
76346;236
76413;236
76495;236
76556;236
76613;236
76679;236
76737;236
76806;236
76862;236
76922;236
76983;236
77043;236
77100;236
77160;236
77235;236
77302;236
77360;236
77421;236
77493;236
77562;236
77628;236
77686;236
77744;236
77811;236
77871;236
77938;236
78009;236
78085;236
78148;236
78205;236
78265;236
78325;236
78385;236
78451;236
78517;236
78577;236
78636;236
78718;236
78777;236
78837;236
78895;236
78953;236
79054;236
79138;236
79196;236
79254;236
79312;236
79372;236
79441;236
79514;236
79574;236
79640;236
79705;236
79766;236
79832;237
79893;237
79952;237
80009;237
80067;237
80126;237
80184;237
80242;237
80309;237
80370;237
80431;237
80489;237
80556;237
80617;237
80682;237
80739;237
80807;237
80867;237
80949;237
81007;237
81073;237
81132;236
81194;236
81252;236
81310;236
81376;236
81435;236
81495;236
81556;236
81615;236
81675;236
81734;236
81802;236
81865;236
81923;236
81980;236
82037;236
82098;236
82166;236
82224;236
82307;235
82365;235
82432;235
82501;235
82559;235
82624;235
82684;235
82743;235
82803;235
82864;235
82934;235
82992;235
83052;235
83111;235
83172;235
83229;235
83295;235
83353;235
83412;235
83470;235
83532;235
83590;235
83659;235
83718;235
83779;235
83846;235
83904;235
83971;235
84026;235
84086;235
84146;235
84216;235
84274;235
84340;235
84406;235
84464;235
84524;235
84582;235
84640;235
84699;235
84765;235
84831;235
84892;235
84950;235
85013;235
85070;235
85128;235
85188;235
85250;235
85308;235
85366;235
85424;235
85491;235
85553;235
85611;234
85669;234
85729;234
85787;234
85844;234
85915;234
85972;234
86031;234
86089;234
86147;234
86212;234
86278;234
86338;234
86404;234
86466;234
86524;234
86590;234
86658;234
86744;234
86804;234
86868;234
86927;234
86986;234
87039;234
87096;234
87156;234
87213;234
87273;234
87333;234
87392;234
87450;234
87509;234
87578;234
87639;234
87701;234
87766;234
87826;234
87883;234
87950;234
88007;234
88073;234
88130;234
88188;234
88249;234
88309;234
88369;234
88430;234
88490;234
88553;234
88612;234
88678;234
88738;234
88796;234
88854;234
88912;234
88973;234
89038;234
89096;234
89154;234
89229;234
89292;234
89356;234
89413;234
89470;234
89533;234
89601;234
89658;234
89718;234
89780;234
89846;234
89912;234
89969;234
90040;234
90102;234
90161;234
90218;234
90278;234
90344;234
90405;234
90470;234
90530;234
90590;234
90658;234
90723;234
90790;234
90886;234
90960;235
91070;235
91142;235
91216;235
91285;235
91348;235
91406;235
91467;235
91535;235
91619;235
91677;235
91743;235
91810;235
91870;235
91931;235
91990;235
92049;235
92107;235
92165;235
92226;235
92287;235
92346;235
92406;235
92464;235
92531;235
92589;235
92649;235
92716;235
92779;235
92841;235
92907;235
92979;235
93039;235
93097;235
93155;235
93215;235
93273;235
93333;235
93394;235
93455;235
93528;234
93591;234
93648;234
93708;234
93767;234
93825;234
93885;234
93943;234
94018;234
94082;234
94147;234
94212;234
94269;234
94338;234
94399;234
94460;234
94517;234
94577;234
94640;234
94696;234
94757;234
94818;234
94876;234
94942;234
95008;234
95066;234
95129;234
95186;234
95242;234
95300;234
95360;234
95421;234
95488;234
95547;234
95623;234
95679;234
95740;234
95802;234
95861;234
95939;234
96005;234
96063;234
96128;234
96186;234
96247;234
96305;234
96358;234
96416;234
96476;234
96551;234
96625;234
96683;234
96776;234
96893;234
96953;234
97058;234
97116;234
97176;234
97231;234
97291;234
97352;234
97412;234
97473;234
97531;234
97598;234
97663;234
97729;234
97788;234
97871;234
97937;234
97998;234
98055;234
98116;234
98176;234
98236;234
98294;234
98352;234
98410;234
98470;234
98550;234
98606;234
98663;234
98728;234
98796;234
98862;234
98928;234
99005;234
99066;234
99126;234
99196;234
99262;234
99320;234
99387;234
99446;234
99507;234
99566;234
99630;234
99688;234
99746;234
99804;234
99879;234
99949;234
100015;234
100073;234
100140;234
100199;234
100256;234
100315;234
100374;234
100432;234
100515;234
100575;234
100632;234
100689;234
100762;234
100821;234
100896;234
100955;234
101012;234
101073;234
101131;234
101194;234
101260;234
101327;234
101385;234
101446;234
101508;234
101566;234
101638;234
101710;234
101773;234
101835;234
101901;234
101959;234
102029;234
102095;234
102153;234
102214;234
102280;234
102341;234
102403;234
102459;234
102525;234
102583;234
102642;234
102708;234
102767;234
102834;234
102901;234
102964;234
103020;234
103078;234
103144;234
103215;234
103291;234
103349;234
103407;234
103473;234
103542;234
103613;234
103684;234
103743;234
103811;234
103879;234
103938;234
103998;234
104057;234
104122;234
104193;234
104264;234
104331;234
104392;234
104458;234
104524;234
104580;234
104640;234
104706;234
104769;234
104842;234
104917;234
104976;234
105039;234
105114;234
105176;234
105236;234
105297;234
105368;234
105428;234
105498;234
105554;234
105618;234
105678;234
105736;234
105809;234
105871;234
105947;234
106007;234
106072;234
106144;234
106215;234
106290;234
106348;234
106406;234
106466;234
106531;234
106591;234
106647;234
106700;234
106765;234
