404;85
535;86
623;86
715;84
783;84
870;84
951;84
1041;84
1153;84
1232;84
1298;84
1365;84
1430;84
1516;84
1585;84
1665;84
1779;84
1847;84
1928;84
2020;84
2113;84
2210;84
2303;84
2390;84
2457;84
2529;84
2597;84
2663;84
2737;84
2806;84
2880;84
2943;84
3003;84
3075;84
3134;84
3194;84
3256;84
3313;84
3373;84
3430;84
3492;84
3551;84
3610;84
3676;84
3751;84
3829;84
3908;84
3988;84
4069;84
4149;84
4228;84
4310;84
4390;84
4457;84
4511;84
4568;84
4626;84
4684;84
4747;84
4805;84
4868;84
4926;84
4988;84
5052;84
5121;79
5181;79
5238;79
5294;79
5353;79
5411;79
5467;79
5527;79
5607;79
5663;79
5719;79
5781;79
5841;79
5898;79
5956;79
6021;79
6079;79
6140;79
6196;79
6258;79
6333;79
6390;79
6446;79
6508;79
6564;79
6623;79
6679;79
6738;79
6797;79
6872;79
6953;79
7034;79
7115;79
7219;79
7286;79
7343;79
7403;79
7462;79
7523;79
7581;79
7639;79
7698;79
7756;79
7815;79
7874;79
7937;79
7995;79
8060;79
8120;79
8177;79
8237;79
8298;79
8358;79
8419;79
8477;79
8536;79
8595;79
8654;79
8712;79
8776;79
8833;79
8892;79
8950;79
9015;81
9073;81
9132;81
9195;81
9251;81
9309;81
9369;81
9427;81
9488;81
9546;81
9604;81
9662;81
9718;81
9775;81
9833;81
9890;81
9947;81
10005;81
10066;81
10125;81
10186;81
10253;81
10316;81
10373;81
10432;81
10489;81
10546;81
10604;81
10661;81
10721;81
10776;81
10835;81
10894;81
10954;81
11016;81
11075;81
11132;81
11194;81
11253;81
11309;81
11367;81
11425;81
11484;81
11545;81
11603;81
11661;81
11726;81
11780;81
11837;81
11896;81
11952;81
12010;81
12076;81
12135;81
12192;79
12249;79
12308;79
12367;79
12425;79
12484;79
12544;79
12604;79
12664;79
12723;79
12784;79
12840;79
12897;79
12958;79
13018;79
13079;79
13137;79
13202;79
13263;79
13322;79
13379;79
13437;79
13495;79
13552;79
13614;79
13674;79
13729;79
13787;79
13848;79
13909;79
13969;79
14028;79
14088;79
14152;84
14212;84
14270;84
14326;84
14384;84
14442;84
14499;84
14562;84
14621;84
14682;84
14739;84
14796;84
14853;84
14911;84
14969;84
15027;84
15086;84
15144;84
15203;84
15262;84
15320;84
15382;84
15440;84
15500;84
15559;84
15617;84
15676;84
15732;84
15791;84
15850;84
15907;84
15964;84
16028;84
16085;84
16143;84
16200;84
16261;84
16318;84
16376;84
16437;84
16495;84
16553;84
16611;84
16669;84
16727;84
16784;84
16843;84
16901;84
16959;84
17018;84
17107;84
17190;84
17273;84
17346;84
17408;84
17464;84
17522;84
17581;84
17638;84
17696;84
17753;84
17810;83
17867;83
17932;83
17991;83
18054;83
18113;83
18170;83
18233;83
18291;83
18351;83
18410;83
18470;83
18528;83
18616;83
18669;83
18724;83
18784;83
18839;83
18895;83
18953;83
19023;83
19083;83
19139;83
19206;83
19281;83
19344;83
19441;83
19543;83
19646;83
19729;83
19796;83
19853;83
19910;83
19976;83
20036;83
20094;83
20158;83
20215;83
20272;83
20331;83
20389;83
20449;83
20506;83
20562;83
20621;83
20683;83
20740;83
20797;83
20854;83
20912;83
20973;83
21030;83
21097;83
21157;83
21218;83
21282;83
21342;83
21405;83
21464;83
21521;83
21578;83
21653;83
21709;83
21768;83
21827;83
21884;83
21941;83
21998;83
22057;83
22116;83
22181;83
22236;83
22290;83
22348;83
22405;83
22462;83
22520;83
22576;83
22633;83
22691;83
22747;83
22805;83
22862;83
22921;83
22979;83
23040;83
23098;83
23178;83
23245;83
23300;83
23358;83
23414;83
23478;83
23535;83
23591;83
23649;83
23706;83
23763;83
23819;83
23876;83
23936;83
23997;83
24057;83
24119;83
24186;83
24242;83
24299;83
24372;83
24442;83
24506;83
24563;83
24619;83
24675;83
24749;83
24805;83
24863;83
24926;83
24988;83
25049;83
25106;83
25169;83
25226;83
25288;83
25343;83
25404;83
25462;83
25518;83
25574;83
25631;83
25689;83
25746;83
25803;83
25861;83
25918;83
25981;83
26050;83
26105;83
26163;83
26219;83
26285;83
26341;83
26402;83
26459;83
26516;83
26573;83
26633;83
26691;83
26749;83
26811;83
26873;83
26929;83
26989;83
27050;83
27109;83
27167;83
27227;83
27286;83
27342;83
27397;83
27454;83
27513;83
27572;83
27636;83
27700;83
27755;83
27814;83
27870;83
27927;83
27984;83
28040;83
28098;83
28158;83
28215;83
28281;83
28340;83
28398;83
28457;83
28514;83
28574;83
28632;83
28689;83
28744;83
28801;83
28858;83
28915;83
28972;83
29028;83
29088;83
29150;83
29207;83
29265;83
29324;83
29381;83
29437;83
29498;83
29555;83
29613;83
29673;83
29732;83
29791;83
29856;83
29912;83
29968;83
30024;83
30080;83
30138;83
30194;83
30251;83
30307;83
30363;83
30421;83
30493;83
30547;83
30605;83
30662;83
30718;83
30775;83
30833;83
30892;83
30948;83
31006;83
31065;83
31128;83
31181;83
31239;83
31298;83
31360;83
31418;83
31476;83
31534;83
31592;83
31648;83
31705;83
31771;83
31826;83
31883;83
31940;83
31997;83
32056;83
32119;83
32176;83
32234;83
32291;83
32349;83
32406;83
32462;83
32518;83
32583;83
32639;83
32696;83
32754;83
32814;83
32874;83
32929;83
32986;83
33042;83
33103;83
33160;83
33218;83
33276;83
33334;83
33398;83
33452;83
33515;83
33572;83
33636;83
33699;83
33757;83
33813;83
33869;83
33939;83
33995;83
34059;78
34117;78
34175;78
34232;78
34291;78
34348;78
34409;78
34464;78
34524;78
34584;78
34643;78
34700;78
34756;78
34813;78
34880;78
34935;78
34992;78
35049;78
35109;78
35176;78
35248;78
35325;78
35382;78
35437;78
35496;78
35553;78
35609;78
35670;78
35727;78
35787;78
35842;78
35899;78
35955;78
36011;78
36073;78
36132;78
36197;78
36252;78
36311;78
36368;78
36425;78
36483;78
36540;78
36600;78
36655;78
36711;78
36768;78
36828;78
36921;78
37024;78
37083;78
37140;78
37199;78
37257;78
37348;78
37408;78
37465;78
37528;78
37585;78
37644;78
37703;78
37759;78
37819;78
37882;78
37940;78
37996;78
38055;78
38117;78
38177;78
38237;78
38301;78
38358;78
38418;78
38475;78
38532;78
38590;78
38647;78
38705;78
38769;78
38824;78
38883;78
38938;78
38998;78
39059;78
39120;78
39177;78
39235;78
39291;78
39350;78
39405;78
39461;78
39519;78
39577;78
39638;78
39692;78
39755;78
39812;78
39872;78
39930;78
39987;78
40050;78
40108;78
40168;78
40226;78
40281;78
40345;78
40401;78
40457;78
40520;78
40579;78
40638;78
40694;78
40750;78
40808;78
40864;78
40921;78
40977;78
41035;78
41091;78
41147;78
41203;78
41259;78
41330;78
41408;78
41465;78
41525;78
41598;78
41659;78
41713;78
41774;78
41829;78
41884;78
41941;78
41998;78
42059;78
42118;78
42174;78
42231;78
42290;78
42346;78
42402;78
42457;78
42522;78
42576;78
42635;78
42692;78
42748;78
42806;78
42864;78
42920;78
42977;78
43034;78
43090;78
43169;78
43227;78
43287;78
43364;78
43441;78
43494;78
43548;78
43607;78
43666;78
43729;78
43789;78
43846;78
43902;78
43961;78
44017;78
44078;78
44134;78
44190;78
44248;78
44310;78
44371;78
44428;78
44484;78
44540;78
44597;78
44655;78
44712;78
44769;78
44825;78
44884;78
44943;78
45002;78
45059;78
45125;78
45182;78
45239;78
45299;78
45358;78
45417;78
45475;78
45534;78
45590;78
45646;78
45705;78
45764;78
45823;78
45881;78
45940;78
45996;78
46063;78
46120;78
46180;78
46248;78
46305;78
46361;78
46417;78
46473;78
46532;78
46588;78
46648;78
46706;78
46764;78
46821;78
46879;78
46936;78
47002;78
47059;78
47120;78
47177;78
47235;78
47296;78
47354;78
47412;78
47468;78
47525;78
47581;78
47636;78
47694;78
47754;78
47811;78
47873;78
47927;78
47982;78
48038;78
48097;78
48154;78
48211;78
48267;78
48322;78
48379;78
48436;78
48494;78
48550;78
48605;78
48663;78
48720;78
48773;78
48829;78
48885;78
48942;78
49001;78
49059;78
49117;78
49172;78
49229;78
49287;78
49344;78
49404;78
49464;78
49522;78
49577;78
49635;78
49691;78
49747;78
49804;78
49859;78
49917;78
49973;78
50036;78
50094;78
50153;78
50210;78
50281;78
50337;78
50394;78
50455;78
50512;78
50570;78
50631;78
50688;78
50750;78
50811;78
50868;78
50924;78
50992;78
51047;78
51113;78
51169;78
51227;78
51286;78
51343;78
51404;78
51460;78
51520;78
51585;78
51661;78
51724;78
51779;78
51834;78
51890;78
51945;78
52005;78
52074;78
52133;78
52189;78
52244;78
52301;78
52363;78
52425;78
52479;78
52534;78
52591;78
52648;78
52706;78
52765;78
52821;78
52876;78
52934;78
52991;78
53058;78
53113;78
53172;78
53227;78
53291;78
53350;78
53432;78
53492;78
53549;78
53605;78
53671;78
53726;78
53781;78
53838;78
53897;78
53955;78
54014;78
54072;78
54129;78
54188;78
54253;78
54310;78
54366;78
54432;78
54493;78
54553;78
54626;78
54682;78
54739;78
54796;78
54853;78
54909;78
54977;78
55036;78
55093;78
55152;78
55211;78
55268;78
55327;78
55391;78
55470;78
55529;78
55585;78
55642;78
55703;78
55759;78
55817;78
55882;78
55938;78
55993;78
56049;78
56106;78
56165;78
56222;78
56278;78
56334;78
56388;78
56446;78
56505;78
56562;78
56622;78
56680;78
56745;78
56799;78
56854;78
56913;78
56970;78
57026;78
57083;78
57141;78
57201;78
57259;78
57315;78
57372;78
57452;78
57517;78
57577;78
57633;78
57704;78
57787;78
57842;78
57899;78
57955;78
58013;78
58071;78
58127;78
58184;78
58241;78
58299;78
58356;78
58413;78
58473;78
58534;78
58590;78
58650;78
58708;78
58765;78
58829;78
58883;78
58941;78
58996;78
59062;83
59119;83
59176;83
59234;83
59290;83
59353;83
59413;83
59495;83
59552;83
59609;83
59674;83
59731;83
59803;83
59859;83
59916;83
59978;83
60037;83
60099;83
60157;83
60215;83
60274;83
60332;83
60388;83
60452;84
60509;83
60567;83
60623;83
60680;83
60744;83
60800;83
60866;83
60944;83
61028;83
61083;83
61139;83
61195;83
61258;83
61314;83
61369;83
61426;83
61510;83
61566;83
61623;83
61682;83
61738;83
61799;83
61857;83
61918;83
61976;83
62036;83
62095;83
62151;83
62217;83
62278;83
62332;83
62399;83
62455;83
62511;83
62568;83
62623;83
62681;83
62740;83
62797;83
62853;83
62918;83
62974;83
63034;83
63104;83
63161;83
63221;84
63279;84
63335;84
63398;84
63461;84
63537;84
63593;84
63649;84
63711;84
63768;84
63829;84
63885;84
63943;84
63998;84
64055;84
64116;84
64173;84
64230;84
64289;84
64345;84
64408;79
64465;79
64525;79
64582;79
64642;79
64699;79
64757;79
64816;79
64874;79
64931;79
64987;79
65044;79
65102;79
65160;79
65217;79
65274;79
65333;79
65389;79
65444;79
65535;79
65587;79
65641;79
65701;79
65757;79
65814;79
65869;79
65924;79
65981;79
66037;79
66095;79
66154;79
66212;79
66270;79
66327;79
66386;79
66443;79
66508;79
66561;79
66616;79
66676;79
66731;79
66798;79
66859;79
66916;79
66974;79
67034;79
67092;79
67151;79
67212;79
67270;79
67328;79
67387;79
67447;79
67527;79
67587;79
67646;79
67701;79
67759;79
67815;79
67870;79
67927;79
67982;79
68048;79
68106;79
68163;78
68224;78
68282;78
68340;78
68410;78
68465;78
68522;78
68578;78
68634;78
68692;78
68747;78
68805;78
68863;78
68922;78
68979;78
69041;78
69099;78
69157;78
69216;78
69279;78
69333;78
69390;78
69449;78
69520;78
69591;78
69647;78
69703;78
69766;78
69821;78
69878;78
69936;78
69994;78
70054;78
70118;78
70173;78
70229;78
70284;78
70342;78
70399;78
70455;78
70512;78
70568;78
70626;78
70684;78
70745;78
70803;78
70865;78
70925;78
70982;78
71039;78
71099;78
71155;78
71212;78
71269;78
71324;78
71382;78
71439;78
71496;78
71566;78
71628;78
71683;78
71740;78
71797;78
71853;78
71910;78
71965;78
72022;78
72087;78
72145;78
72202;78
72262;78
72326;78
72380;78
72435;78
72490;78
72546;78
72608;78
72664;78
72721;78
72777;78
72833;78
72892;78
72953;78
73028;78
73086;78
73141;78
73197;78
73254;78
73309;78
73365;78
73422;78
73477;78
73535;78
73596;78
73655;78
73713;78
73771;78
73834;78
73889;78
73946;78
74002;78
74064;78
74121;78
74179;78
74236;78
74293;78
74350;78
74406;78
74464;78
74520;78
74575;78
74638;78
74694;78
74752;78
74810;78
74870;78
74929;78
74988;78
75048;78
75105;78
75165;78
75224;78
75285;78
75351;78
75410;78
75467;78
75526;78
75586;78
75647;78
75703;78
75763;78
75819;78
75877;78
75935;78
75995;78
76067;78
76120;78
76179;78
76235;78
76291;78
76348;78
76405;78
76461;78
76518;78
76573;78
76634;78
76691;78
76755;78
76822;78
76889;78
76954;78
77011;78
77076;78
77170;78
77287;78
77354;78
77410;78
77466;78
77523;78
77605;78
77662;78
77721;78
77778;78
77835;78
77898;78
77952;78
78007;78
78067;78
78125;78
78182;78
78244;78
78304;78
78375;78
78436;78
78495;78
78550;78
78606;78
78664;78
78727;78
78784;78
78842;78
78901;78
78960;78
79019;78
79076;78
79133;78
79189;78
79247;78
79309;78
79410;78
79519;78
79626;78
79712;78
79786;78
79842;78
79901;78
79961;78
80025;78
80090;78
80148;78
80204;78
80262;78
80327;78
80381;78
80437;78
80500;78
80557;78
80615;78
80674;78
80731;78
80787;78
80846;78
80906;80
80970;80
81039;80
81095;80
81153;80
81208;80
81267;80
81323;80
81379;80
81438;80
81497;80
81557;80
81617;80
81679;80
81737;80
81797;80
81855;80
81914;80
81979;80
82039;80
82098;80
82156;80
82212;80
82268;80
82335;80
82389;80
82447;80
82504;80
82561;80
82618;80
82673;80
82729;80
82785;80
82840;80
82901;80
82956;80
83014;80
83073;80
83130;80
83188;80
83245;80
83302;80
83366;80
83426;80
83486;80
83541;80
83620;80
83686;80
83742;80
83798;80
83854;80
83909;80
83965;78
84029;78
84081;78
84138;78
84198;78
84256;78
84313;78
84369;78
84426;78
84486;78
84562;78
84616;78
84680;78
84738;78
84796;78
84856;78
84912;78
84969;78
85048;78
85105;78
85161;78
85219;78
85278;78
85337;78
85396;78
85455;78
85513;78
85571;78
85638;78
85704;78
85763;78
85819;78
85874;78
85931;78
85986;78
86049;78
86106;78
86162;78
86221;78
86277;78
86335;78
86398;78
86452;78
86508;78
86564;78
86621;78
86676;78
86734;78
86791;78
86847;78
86903;78
86957;78
87014;78
87076;78
87137;78
87194;78
87253;78
87308;78
87365;78
87421;78
87480;78
87536;78
87594;78
87660;78
87718;78
87773;78
87834;78
87895;78
87952;78
88008;78
88065;78
88130;78
88184;78
88242;78
88303;78
88359;78
88416;78
88471;78
88530;78
88590;78
88647;78
88703;78
88760;78
88816;78
88874;78
88934;78
88991;78
89067;78
89168;78
89223;78
89279;78
89339;78
89398;78
89461;78
89518;78
89577;78
89637;78
89701;78
89760;78
89820;78
89878;78
89937;78
89995;78
90055;78
90118;78
90184;78
90255;78
90312;78
90368;78
90427;78
90484;78
90544;78
90603;78
90666;78
90730;78
90787;78
90850;78
90907;78
90966;78
91024;78
91085;78
91142;78
91199;78
91256;78
91312;78
91391;78
91469;78
91547;78
91619;78
91681;78
91738;78
91796;78
91855;78
91911;78
91967;78
92032;78
92092;78
92149;78
92216;78
92273;78
92330;78
92387;78
92445;78
92502;78
92558;78
92614;78
92671;78
92728;78
92785;78
92851;78
92906;78
92962;78
93020;78
93082;78
93141;78
93198;78
93253;78
93309;78
93369;78
93426;78
93481;78
93538;78
93595;78
93671;78
93739;78
93799;78
93853;78
93910;78
93968;78
94024;78
94084;78
94160;78
94242;78
94322;78
94418;78
94474;78
94528;78
94583;78
94639;78
94696;78
94751;78
94807;78
94862;78
94920;78
94977;78
95034;78
95096;78
95154;78
95214;78
95273;78
95329;78
95386;78
95441;78
95498;78
95555;78
95611;78
95687;78
95752;78
95809;78
95866;78
95925;78
95983;78
96039;78
96095;78
96154;78
96215;78
96275;78
96331;78
96391;78
96447;78
96505;78
96561;78
96618;78
96675;78
96730;78
96798;78
96854;78
96910;78
96972;78
97036;78
97092;78
97151;78
97207;78
97263;78
97320;78
97383;78
97437;78
97495;78
97554;78
97613;78
97672;78
97733;78
97792;78
97851;78
97909;78
97968;78
98029;78
98087;78
98149;78
98206;78
98266;78
98326;78
98383;78
98442;78
98503;78
98560;78
98620;78
98677;78
98739;78
98796;78
98855;78
98913;78
98974;78
99043;78
99100;78
99160;78
99219;78
99278;78
99337;78
99399;78
99457;78
99515;78
99577;78
99638;78
99699;78
99758;78
99821;78
99882;78
99945;78
100003;78
100067;78
100122;78
100178;78
100233;78
100290;78
100346;78
