1865;251
2200;251
2584;251
2868;251
3154;251
3433;251
3718;251
4104;251
4446;251
4711;251
4971;251
5247;251
5522;251
5826;251
6092;251
6396;251
7236;251
7508;251
7769;251
8039;251
8308;251
8574;251
8848;251
9112;251
9381;251
9648;251
9918;251
10185;251
10459;251
10733;251
11000;251
11271;251
11533;251
11804;251
12064;251
12343;251
12606;251
12874;251
13133;251
13408;251
13665;251
13917;251
14177;251
14428;251
14689;251
14938;251
15185;251
15438;251
15676;251
15919;251
16161;251
16413;251
16648;251
16881;251
17121;251
17354;251
17586;251
17821;251
18050;251
18286;251
18508;251
18731;251
18957;251
19172;251
19385;251
19608;251
19819;251
20031;251
20238;251
20438;251
20657;251
20854;251
21056;251
21338;248
21622;246
21817;246
22003;246
22249;245
22609;239
22802;239
22980;239
23168;239
23403;237
23581;237
23763;237
23974;236
24161;236
24383;235
24550;235
24717;235
24886;235
25052;235
25214;235
25419;233
25580;233
25745;233
25908;233
26073;233
26274;232
26435;232
26607;232
26805;231
26965;231
27123;231
27296;231
27452;231
27607;231
27764;231
27935;231
28087;231
28242;231
28404;231
28560;231
28718;231
28873;231
29034;231
29189;231
29342;231
29498;231
29706;230
29860;230
30014;230
30181;230
30355;230
30507;230
30668;230
30829;230
30984;230
31140;230
31295;230
31455;230
31611;230
31768;230
31922;230
32086;230
32240;230
32396;230
32549;230
32708;230
32864;230
33016;230
33177;230
33345;230
33496;230
33650;230
33808;230
33964;230
34115;230
34269;230
34428;230
34581;230
34734;230
34896;230
35052;230
35217;230
35369;230
35521;230
35682;230
35832;230
35988;230
36141;230
36321;230
36480;230
36633;230
36788;230
36955;230
37109;230
37269;230
37427;230
37580;230
37731;230
37891;230
38052;230
38207;230
38364;230
38521;230
38681;230
38833;230
38986;230
39142;230
39308;230
39477;230
39636;230
39808;230
39965;230
40125;230
40279;230
40440;230
40592;230
40742;230
40895;230
41058;230
41212;230
41365;230
41517;230
41675;230
41827;230
41977;230
42129;230
42304;230
42487;230
42664;230
42850;230
43029;230
43190;230
43343;230
43502;230
43655;230
43806;230
43960;230
44122;230
44279;230
44434;230
44589;230
44749;230
44905;230
45060;230
45223;230
45378;230
45533;230
45690;230
45855;230
46013;230
46167;230
46322;230
46482;230
46633;230
46786;230
46940;230
47099;230
47258;230
47417;230
47568;230
47728;230
47883;230
48035;230
48193;230
48353;230
48505;230
48660;230
48821;230
48978;230
49133;230
49295;230
49454;230
49607;230
49763;230
49921;230
50081;230
50241;230
50398;230
50556;230
50716;230
50875;230
51031;230
51195;230
51356;230
51510;230
51668;230
51833;230
51989;230
52143;230
52303;230
52469;230
52623;230
52782;230
52937;230
53100;230
53260;230
53414;230
53570;230
53733;230
53889;230
54045;230
54207;230
54365;230
54517;230
54669;230
54841;230
54996;230
55151;230
55312;230
55473;230
55626;230
55779;230
55933;230
56092;230
56246;230
56416;230
56570;230
56733;230
56886;230
57040;230
57202;230
57361;230
57516;230
57670;230
57844;230
58004;230
58157;230
58313;230
58475;230
58629;230
58781;230
58940;230
59098;230
59253;230
59410;230
59564;230
59722;230
59877;230
60032;230
60203;230
60369;230
60523;230
60677;230
60835;230
60992;230
61144;230
61298;230
61455;230
61609;230
61764;230
61917;230
62076;230
62307;230
62527;230
62685;230
62843;230
62997;230
63152;230
63320;230
63473;230
63626;230
63780;230
63938;230
64095;230
64252;230
64408;230
64563;230
64717;230
64871;230
65029;230
65185;230
65339;230
65493;230
65665;230
65819;230
65973;230
66127;230
66297;230
66456;230
66610;230
66764;230
66920;230
67079;230
67245;230
67404;230
67558;230
67710;230
67862;230
68022;230
68175;230
68330;230
68487;230
68649;230
68808;230
68961;230
69114;230
69280;230
69434;230
69589;230
69743;230
69902;230
70054;230
70226;230
70380;230
70538;230
70691;230
70844;230
70999;230
71153;230
71315;230
71471;230
71631;230
71792;230
71949;230
72104;230
72268;230
72423;230
72582;230
72735;230
72896;230
73053;230
73209;230
73367;230
73526;230
73678;230
73834;230
73988;230
74147;230
74302;230
74457;230
74621;230
74780;230
74933;230
75089;230
75268;230
75438;230
75592;230
75748;230
75908;230
76063;230
76221;230
76377;230
76537;230
76692;230
76845;230
77007;230
77160;230
77315;230
77470;230
77627;230
77777;230
77948;230
78101;230
78262;230
78417;230
78571;230
78726;230
78883;230
79038;230
79195;230
79350;230
79514;230
79668;230
79823;230
79976;230
80134;230
80292;230
80450;230
80610;230
80767;230
80936;230
81093;230
81297;230
81509;230
81662;230
81821;230
81976;230
82129;230
82293;230
82458;230
82617;230
82773;230
82930;230
83092;230
83247;230
83401;230
83556;230
83715;230
83868;230
84029;230
84185;230
84349;230
84506;230
84660;230
84819;230
84974;230
85126;230
85285;230
85441;230
85603;230
85762;230
85914;230
86073;230
86229;230
86381;230
86533;230
86693;230
86846;230
87000;230
87159;230
87319;230
87472;230
87626;230
87779;230
87940;230
88093;230
88248;230
88406;230
88560;230
88717;230
88868;230
89027;230
89181;230
89335;230
89485;230
89642;230
89797;230
89950;230
90105;230
90289;230
90441;230
90602;230
90753;230
90915;230
91066;230
91224;230
91381;230
91541;230
91698;230
91851;230
92009;230
92161;230
92319;230
92472;230
92630;230
92783;230
92938;230
93095;230
93278;230
93431;230
93586;230
93741;230
93902;230
94057;230
94220;230
94375;230
94534;230
94690;230
94847;230
95004;230
95159;230
95317;230
95477;230
95636;230
95792;230
95948;230
96103;230
96286;230
96443;230
96596;230
96750;230
96906;230
97061;230
97216;230
97373;230
97531;230
97686;230
97857;230
98017;230
98174;230
98326;230
98480;230
98642;230
98797;230
98949;230
99102;230
99278;230
99437;230
99587;230
99741;230
99901;230
100056;230
100212;230
100367;230
100546;230
100702;230
100859;230
101018;230
101174;230
101329;230
101483;230
101643;230
101798;230
101953;230
102108;230
102272;230
102434;230
102586;230
102739;230
102899;230
103056;230
103213;230
103365;230
103526;230
103682;230
103836;230
104001;230
104160;230
104315;230
104469;230
104629;230
104786;230
104940;230
105095;230
105260;230
105412;230
105568;230
105720;230
105878;230
106034;230
106209;230
106362;230
106522;230
106677;230
106834;230
106991;230
107152;230
107311;230
107466;230
107628;230
107781;230
107934;230
108089;230
108257;230
108411;230
108568;230
108720;230
108882;230
109036;230
109191;230
109345;230
109506;230
109657;230
109811;230
109964;230
110129;230
110283;230
110437;230
110592;230
110751;230
110904;230
111060;230
111239;230
111393;230
111545;230
111707;230
111866;230
112023;230
112179;230
112337;230
112496;230
112647;230
112800;230
112951;230
113117;230
113275;230
113431;230
113586;230
113748;230
113899;230
114052;230
114216;230
114371;230
114525;230
114681;230
114841;230
114996;230
115150;230
115313;230
115472;230
115628;230
115784;230
115938;230
116098;230
116272;230
116431;230
116584;230
116743;230
116898;230
117055;230
117220;230
117375;230
117531;230
117687;230
117850;230
118004;230
118156;230
118320;230
118480;230
118634;230
118787;230
118941;230
119101;230
119259;230
119415;230
119570;230
119731;230
119886;230
120040;230
120197;230
120354;230
120510;230
120662;230
120825;230
120981;230
121136;230
121297;230
121461;230
121614;230
121770;230
121924;230
122088;230
122326;230
122523;230
122683;230
122834;230
122988;230
123146;230
123313;230
123467;230
123621;230
123772;230
123948;230
124103;230
124262;230
124420;230
124573;230
124727;230
124880;230
125039;230
125195;230
125347;230
125517;230
125674;230
125828;230
125981;230
126136;230
126298;230
126456;230
126609;230
126763;230
126936;230
127092;230
127248;230
127413;230
127567;230
127720;230
127873;230
128032;230
128186;230
128339;230
128513;230
128671;230
128824;230
128978;230
129131;230
129295;230
129448;230
129602;230
129755;230
129919;230
130074;230
130232;230
130383;230
130542;230
130696;230
130848;230
131006;230
131159;230
131319;230
131474;230
131637;230
131791;230
131945;230
132099;230
132263;230
132416;230
132571;230
132731;230
132890;230
133051;230
133211;230
133366;230
133526;230
133684;230
133838;230
133992;230
134152;230
134307;230
134461;230
134628;230
134783;230
134938;230
135093;230
135254;230
135407;230
135561;230
135714;230
135872;230
136026;230
136186;230
136345;230
136503;230
136659;230
136817;230
136976;230
137134;230
137291;230
137446;230
137605;230
137762;230
137917;230
138071;230
138234;230
138389;230
138542;230
138697;230
138857;230
139013;230
139173;230
139332;230
139491;230
139647;230
139803;230
139958;230
140119;230
140274;230
140428;230
140582;230
140746;230
140900;230
141054;230
141240;230
141529;230
141686;230
141848;230
142003;230
142159;230
142320;230
142481;230
142640;230
142793;230
142948;230
143112;230
143269;230
143424;230
143582;230
143744;230
143905;230
144058;230
144224;230
144379;230
144533;230
144700;230
144858;230
145015;230
145173;230
145337;230
145495;230
145649;230
145803;230
145959;230
146119;230
146275;230
146429;230
146585;230
146745;230
146905;230
147067;230
147232;230
147389;230
147542;230
147696;230
147855;230
148011;230
148166;230
148325;230
148488;230
148643;230
148802;230
148955;230
149115;230
149270;230
149424;230
149575;230
149737;230
149894;230
150054;230
150216;230
150372;230
150526;230
150678;230
150838;230
150992;230
151146;230
151301;230
151462;230
151617;230
151770;230
151922;230
152088;230
152247;230
152404;230
152559;230
152719;230
152873;230
153039;230
153216;230
153375;230
153529;230
153685;230
153845;230
154001;230
154156;230
154318;230
154480;230
154640;230
154795;230
154949;230
155111;230
155281;230
155439;230
155598;230
155758;230
155914;230
156074;230
156240;230
156401;230
156554;230
156709;230
156870;230
157021;230
157185;230
157339;230
157500;230
157658;230
157810;230
157962;230
158124;230
158277;230
158431;230
158585;230
158747;230
158904;230
159058;230
159246;230
159399;230
159552;230
159711;230
159874;230
160027;230
160185;230
160339;230
160500;230
160655;230
160811;230
160966;230
161126;230
161281;230
161437;230
161592;230
161749;230
161904;230
162057;230
162258;230
162413;230
162567;230
162728;230
162887;230
163043;230
163203;230
163355;230
163516;230
163667;230
163830;230
163980;230
164140;230
164295;230
164448;230
164607;230
164763;230
164914;230
165067;230
165250;230
165408;230
165558;230
165710;230
165867;230
166022;230
166176;230
166330;230
166492;230
166644;230
166799;230
166955;230
167114;230
167268;230
167421;230
167574;230
167734;230
167885;230
168038;230
168195;230
168356;230
168510;230
168664;230
168820;230
168974;230
169125;230
169279;230
169439;230
169590;230
169743;230
169900;230
170057;230
170213;230
170367;230
170519;230
170676;230
170826;230
170980;230
171133;230
171294;230
171452;230
171603;230
171756;230
171923;230
172075;230
172231;230
172384;230
172543;230
172698;230
172850;230
173013;230
173170;230
173322;230
173476;230
173636;230
173788;230
173941;230
174093;230
174258;230
174414;230
174571;230
174725;230
174888;230
175053;230
175212;230
175366;230
175526;230
175679;230
175834;230
176000;230
176164;230
176332;230
176487;230
176646;230
176799;230
176953;230
177109;230
177294;230
177448;230
177608;230
177762;230
177924;230
178078;230
178242;230
178402;230
178558;230
178712;230
178865;230
179027;230
179198;230
179351;230
179506;230
179666;230
179829;230
179988;230
180142;230
180310;230
180463;230
180617;230
180772;230
180932;230
181085;230
181240;230
181399;230
181552;230
181705;230
181856;230
182015;230
182249;230
182482;230
182649;230
182802;230
182954;230
183110;230
183275;230
183428;230
183578;230
183737;230
183897;230
184052;230
184211;230
184372;230
184529;230
184682;230
184833;230
184987;230
185144;230
185304;230
185473;230
185633;230
185787;230
185941;230
186095;230
186260;230
186422;230
186575;230
186728;230
186903;230
187057;230
187217;230
187371;230
187530;230
187682;230
187835;230
187987;230
188146;230
188311;230
188473;230
188636;230
188790;230
188943;230
189094;230
189260;230
189415;230
189569;230
189721;230
189901;230
190059;230
190220;230
190376;230
190538;230
190692;230
190846;230
191006;230
191164;230
191321;230
191491;230
191651;230
191805;230
191957;230
192111;230
192280;230
192434;230
192588;230
192746;230
192908;230
193070;230
193227;230
193382;230
193542;230
193697;230
193852;230
194013;230
194174;230
194329;230
194499;230
194658;230
194812;230
194964;230
195118;230
195300;230
195455;230
195610;230
195765;230
195926;230
196098;230
196254;230
196414;230
196569;230
196722;230
196876;230
197035;230
197191;230
197348;230
197501;230
197665;230
197819;230
197971;230
198125;230
198306;230
198459;230
198613;230
198768;230
198929;230
199086;230
199247;230
199407;230
199561;230
199718;230
199873;230
200034;230
200191;230
200348;230
200505;230
