236;63
370;63
501;63
648;63
763;63
937;63
1055;63
1189;63
1548;63
2075;63
2421;63
2566;63
2677;63
2776;63
2908;63
3047;63
3168;63
3304;63
3421;63
3537;63
3645;63
3767;63
3921;63
4075;63
4228;63
4391;63
4567;63
4683;63
4788;63
4898;63
5005;63
5114;63
5216;63
5325;63
5444;63
5566;63
5675;63
5787;63
5887;63
5997;63
6101;63
6299;63
6442;63
6596;63
6703;63
6808;63
6912;63
7029;63
7176;63
7359;63
7511;63
7614;63
7719;63
7829;63
7934;63
8037;63
8143;63
8278;63
8390;63
8497;63
8606;63
8711;63
8824;63
8951;63
9054;63
9161;63
9263;63
9374;63
9484;63
9596;63
9701;63
9837;64
9948;64
10062;64
10167;64
10274;64
10387;63
10522;63
10624;63
10732;63
10848;63
10952;63
11057;63
11161;63
11269;63
11375;63
11487;63
11600;63
11707;63
11812;63
11930;63
12055;63
12160;63
12264;63
12375;63
12487;63
12589;63
12692;63
12796;63
12899;63
13020;63
13124;63
13231;63
13343;63
13480;66
13581;66
13699;66
13818;66
13922;66
14034;66
14137;66
14247;66
14352;66
14458;66
14566;66
14672;66
14780;66
14892;66
14990;66
15090;66
15208;66
15315;66
15424;66
15532;66
15636;66
15742;66
15846;66
15951;66
16063;66
16174;66
16300;66
16401;66
16501;66
16601;66
16719;66
16826;66
16931;66
17039;66
17141;66
17252;66
17354;66
17463;66
17589;66
17698;66
17817;66
17926;66
18025;66
18134;66
18239;66
18351;66
18465;66
18576;66
18694;66
18805;66
18917;66
19023;66
19131;66
19269;66
19367;66
19482;66
19583;66
19686;66
19797;66
19916;66
20027;65
20135;65
20244;65
20360;65
20471;65
20577;65
20700;65
20815;65
20918;65
21018;65
21120;65
21248;65
21353;65
21468;65
21587;65
21690;65
21802;65
21910;65
22021;65
22124;65
22237;65
22354;65
22466;65
22568;65
22672;65
22774;65
22879;65
22982;65
23085;65
23193;65
23305;65
23415;65
23521;65
23642;65
23765;65
23883;65
23986;65
24093;65
24194;65
24312;65
24431;63
24539;63
24645;63
24756;63
24859;63
24970;63
25076;63
25176;63
25300;63
25421;63
25536;63
25642;63
25744;63
25847;63
25953;63
26058;63
26165;63
26276;63
26392;63
26495;63
26597;63
26705;63
26811;63
26913;63
27038;63
27149;63
27264;63
27391;63
27508;63
27626;63
27753;63
27855;63
27964;63
28068;63
28174;63
28280;63
28420;63
28540;63
28659;63
28765;63
28877;63
28976;63
29084;63
29186;63
29303;63
29423;63
29548;63
29657;63
29759;63
29869;63
29982;63
30088;63
30191;63
30292;63
30412;63
30517;63
30630;63
30738;63
30850;63
30962;63
31077;63
31195;63
31303;63
31407;63
31545;63
31654;63
31757;63
31866;63
31993;63
32108;63
32223;63
32334;63
32436;63
32542;63
32659;63
32771;63
32877;63
32982;63
33098;63
33213;63
33317;63
33423;63
33533;63
33639;63
33745;63
33848;63
33956;63
34060;63
34177;63
34280;63
34397;63
34503;63
34611;63
34770;63
34875;63
34983;63
35101;63
35202;63
35300;63
35406;63
35532;63
35644;63
35763;63
35866;63
35973;63
36083;63
36197;63
36304;63
36408;63
36513;63
36618;63
36732;63
36834;63
36942;63
37043;63
37173;63
37280;63
37404;63
37564;63
37660;63
37771;63
37874;63
37978;63
38087;63
38194;63
38306;63
38414;63
38524;63
38642;63
38746;63
38854;63
38959;63
39072;63
39185;63
39292;63
39405;63
39520;63
39654;63
39778;63
39883;63
39989;63
40102;63
40234;64
40336;64
40445;64
40551;64
40679;64
40785;64
40897;64
41021;64
41126;64
41235;64
41339;64
41449;64
41558;64
41672;64
41777;64
41898;64
42013;64
42135;64
42265;64
42414;64
42559;62
42683;62
42782;62
42888;62
42992;62
43126;62
43237;62
43358;62
43464;62
43581;62
43686;62
43790;62
43904;62
44030;62
44167;62
44267;62
44378;62
44507;62
44613;62
44715;62
44823;62
44945;62
45059;62
45196;62
45302;62
45416;62
45520;62
45641;62
45750;62
45853;62
45963;62
46085;62
46195;62
46301;62
46420;62
46524;62
46632;62
46739;62
46867;62
46973;62
47092;62
47193;62
47293;62
47402;62
47510;62
47619;62
47727;62
47834;62
47946;62
48053;62
48184;62
48305;62
48421;62
48542;62
48648;62
48753;62
48854;62
48967;62
49082;62
49191;62
49297;62
49414;62
49525;62
49661;62
49767;62
49883;62
49997;62
50097;62
50205;62
50308;62
50413;62
50523;62
50651;62
50756;62
50862;62
50981;62
51104;62
51210;62
51318;62
51420;62
51539;62
51665;62
51767;62
51872;62
51976;62
52080;62
52192;62
52293;62
52405;62
52511;62
52615;62
52719;62
52825;62
52988;62
53106;62
53219;62
53325;62
53433;62
53557;62
53688;62
53806;62
53908;62
54016;62
54134;62
54235;62
54342;62
54460;62
54572;62
54709;62
54815;62
54946;62
55046;62
55157;62
55275;62
55385;62
55492;62
55626;63
55761;63
55870;63
55983;62
56100;62
56210;62
56312;62
56412;62
56541;64
56645;64
56752;64
56856;64
56992;64
57129;64
57243;64
57367;64
57489;64
57603;64
57743;64
57843;64
57966;64
58096;64
58221;64
58333;64
58469;64
58609;64
58740;64
58865;64
58976;64
59078;64
59186;63
59295;63
59399;63
59504;63
59614;63
59749;63
59892;63
60012;63
60127;63
60235;63
60338;63
60443;63
60549;63
60669;63
60783;63
60911;63
61022;63
61133;63
61249;63
61353;63
61462;63
61576;63
61709;63
61824;63
61934;63
62052;63
62171;63
62289;63
62401;63
62505;63
62613;63
62724;63
62827;63
62932;63
63053;63
63157;63
63263;63
63371;63
63501;63
63604;63
63725;63
63887;63
63989;63
64096;63
64206;63
64310;63
64423;63
64554;63
64654;63
64761;63
64868;63
64977;63
65079;63
65183;63
65304;63
65421;63
65520;63
65629;63
65766;63
65873;63
65977;63
66087;63
66211;63
66388;63
66607;63
66743;63
66870;63
66985;63
67098;63
67204;63
67312;63
67416;63
67522;63
67624;63
67743;63
67864;63
67970;63
68097;63
68202;63
68348;63
68482;63
68598;63
68713;63
68842;63
68966;63
69097;63
69251;63
69350;63
69464;63
69576;63
69686;63
69798;63
69903;63
70004;63
70110;63
70217;63
70325;63
70449;63
70555;63
70660;63
70769;63
70877;63
71024;63
71139;63
71278;63
71406;63
71517;63
71620;63
71722;63
71830;63
71966;63
72108;63
72212;63
72319;63
72430;63
72533;63
72631;63
72748;63
72852;63
72954;63
73064;63
73168;63
73304;63
73419;63
73545;63
73652;63
73754;63
73864;63
73969;63
74074;63
74177;63
74283;63
74391;63
74504;63
74641;63
74758;63
74867;63
74968;63
75075;63
75184;63
75292;63
75395;63
75500;63
75613;63
75724;63
75833;63
75956;63
76061;63
76164;63
76267;63
76371;63
76489;63
76611;63
76732;63
76839;63
76954;63
77063;63
77184;63
77340;63
77494;63
77607;63
77714;63
77825;63
77932;63
78038;63
78147;63
78254;63
78358;63
78483;63
78591;63
78704;63
78817;63
78968;63
79075;63
79187;63
79289;63
79391;63
79497;63
79599;63
79703;63
79812;63
79915;63
80021;63
80123;63
80235;63
80340;63
80736;63
80834;63
80933;63
81036;63
81142;63
81246;63
81348;63
81452;63
81607;63
81754;63
81866;63
81974;63
82086;63
82212;63
82316;63
82422;63
82522;63
82631;63
82745;63
82849;63
82955;63
83059;64
83164;64
83271;64
83375;64
83485;64
83590;64
83862;64
83969;64
84070;64
84172;63
84300;63
84404;63
84537;63
84640;63
84744;63
84857;63
84961;63
85064;63
85170;63
85315;63
85424;63
85525;63
85627;63
85736;63
85842;63
85953;63
86053;63
86162;63
86272;63
86396;63
86498;63
86608;63
86715;63
86828;63
86934;63
87037;63
87137;63
87251;63
87355;63
87458;63
87561;63
87668;63
87770;63
87879;63
87981;63
88085;63
88204;63
88302;63
88412;63
88514;63
88618;63
88734;63
88844;63
88956;63
89058;63
89169;63
89293;62
89398;62
89502;62
89604;62
89712;62
89811;62
89925;62
90028;62
90133;62
90236;62
90340;62
90451;62
90554;62
90657;62
90792;62
90892;62
91010;62
91123;62
91221;62
91343;62
91464;62
91575;62
91681;62
91801;62
91905;62
92007;62
92110;62
92216;62
92326;62
92431;62
92549;62
92673;62
92776;62
92873;62
92996;62
93099;62
93232;62
93333;62
93457;62
93576;62
93687;62
93798;62
93904;62
94009;62
94118;62
94218;62
94322;62
94454;62
94577;62
94684;62
94788;62
94891;62
95010;62
95135;63
95236;63
95341;63
95465;63
95577;63
95681;63
95789;63
95916;63
96044;63
96149;63
96256;63
96361;63
96466;63
96576;63
96685;63
96802;63
96909;63
97011;63
97144;63
97257;63
97360;63
97464;63
97581;63
97692;63
97800;63
97905;63
98017;63
98147;63
98251;63
98369;63
98484;63
98582;63
98682;63
98790;63
98895;63
99005;63
99124;63
99229;63
99356;63
99463;63
99569;63
99675;63
99779;63
99887;63
100000;63
100102;63
100209;63
100317;63
100424;63
100536;63
100649;63
100757;63
100872;63
100978;63
101096;63
101196;63
101302;63
101406;63
101531;63
101677;63
101786;63
101890;63
102033;63
102137;63
102268;63
102399;63
102498;63
102598;63
102698;63
102801;63
102904;63
103023;63
103126;63
103232;63
103336;63
103459;63
103575;63
103678;63
103794;63
103911;63
104024;63
104126;63
104241;63
104347;63
104467;63
104583;63
104705;63
104807;63
104915;63
105020;63
105114;63
105226;63
105335;63
105443;63
105547;63
105657;63
105761;63
105866;63
105977;63
106083;63
106193;63
106296;63
106407;63
106510;63
106614;63
106724;63
106831;63
106928;63
107037;63
107154;63
107260;63
107366;63
107472;63
107582;63
107698;63
107797;63
107898;63
108013;63
108139;63
108253;63
108374;63
108483;63
108593;63
108692;63
108795;63
108896;63
109008;63
109117;63
109221;63
109326;63
109440;63
109547;63
109650;63
109750;63
109862;63
109970;63
110076;63
110186;63
110292;63
110410;63
110510;63
110608;63
110710;63
110816;63
110925;63
111034;63
111140;63
111251;63
111351;63
111459;63
111573;63
111684;63
111786;63
111916;64
112023;64
112149;64
112267;64
112374;64
112479;64
112581;64
112704;64
112810;64
112928;64
113027;64
113133;64
113236;64
113336;64
113441;64
113551;64
113666;64
113781;64
113891;64
114000;64
114106;64
114240;64
114364;64
114486;63
114600;63
114701;63
114802;63
114907;63
115011;63
115120;63
115236;63
115344;63
115449;63
115553;63
115654;63
115779;63
115892;63
115999;63
116108;63
116216;63
116318;63
116424;63
116535;63
116639;63
116740;63
116844;63
116954;63
117064;63
117212;63
117313;63
117417;63
117522;63
117642;63
117751;63
117889;63
117997;63
118103;63
118209;63
118316;63
118429;63
118580;63
118725;63
118840;63
118938;63
119037;63
119141;63
119247;63
119357;63
119464;63
119566;63
119677;63
119778;63
119881;63
119993;63
120101;63
120251;63
120355;63
120460;63
120586;63
120697;63
120801;63
120913;63
121026;63
121133;63
121243;63
121368;63
121527;63
121631;63
121752;63
121877;63
121975;63
122084;63
122186;63
122291;63
122396;63
122507;63
122614;63
122720;63
122857;63
122962;63
123081;63
123207;63
123322;63
123445;63
123545;63
123682;63
123785;63
123889;63
123999;63
124106;63
124210;63
124318;63
124424;63
124527;63
124643;63
124743;63
124842;63
124941;63
125046;63
125154;63
125275;63
125377;63
125483;63
125635;63
125745;63
125850;63
125962;63
126089;63
126212;63
126318;63
126426;63
126528;63
126631;63
126794;63
126935;63
127087;63
127201;63
127312;63
127415;63
127517;63
127616;63
127718;63
127823;63
127943;63
128045;63
128150;63
128255;63
128361;63
128473;63
128576;63
128674;63
128780;63
128887;63
128993;63
129099;63
129225;63
129338;63
129447;63
129554;63
129652;63
129774;63
129879;63
130029;63
130139;63
130245;63
130357;63
130468;63
130588;63
130691;63
130793;63
130925;63
131027;63
131133;63
131237;63
131340;63
131449;63
131570;63
131669;63
131770;63
131874;63
132017;63
132200;63
132393;63
132579;63
132689;63
132799;63
132911;63
133033;63
133155;63
133282;63
133382;63
133499;63
133601;63
133739;63
133846;63
133962;63
134069;63
134190;63
134293;63
134402;63
134516;63
134624;63
134741;63
134849;63
134954;63
135065;63
135183;63
135290;63
135397;63
135502;63
135610;63
135728;63
135850;63
135961;63
136069;63
136172;63
136281;63
136384;63
136503;63
136630;63
136735;63
136881;63
137009;63
137111;63
137236;63
137378;63
137480;63
137586;63
137686;63
137792;63
137896;63
137997;63
138101;63
138210;63
138327;63
138439;63
138543;63
138645;63
138785;63
138900;63
139003;63
139105;63
139209;63
139330;63
139445;63
139551;63
139660;63
139766;63
139878;63
139987;63
140091;63
140200;63
140314;63
140418;63
140522;63
140628;63
140730;63
140835;63
140935;63
141036;63
141141;63
141248;63
141353;63
141461;63
141564;63
141681;63
141778;63
141875;63
141977;63
142090;63
142214;63
142342;63
142454;62
142576;62
142682;62
142785;62
142902;62
143011;62
143122;62
143230;62
143329;62
143446;62
143573;62
143685;62
143795;62
143914;62
144025;62
144131;62
144237;62
144342;62
144452;62
144570;62
144677;62
144791;62
144893;62
145000;62
145105;62
145234;62
145335;62
145463;64
145571;64
145674;64
145779;64
145882;64
145986;64
146097;64
146208;64
146311;64
146414;63
146524;63
146666;63
146773;63
146879;63
146989;63
147092;63
147198;63
147306;63
147417;63
147519;63
147619;63
147718;63
147824;63
147924;63
148029;63
148146;63
148258;63
148375;63
148487;63
148602;63
148707;63
148821;63
148923;63
149024;63
149129;63
149229;63
149334;63
149437;63
149545;63
149647;63
149765;63
149867;63
149974;63
150076;63
150188;63
150300;63
150401;63
150513;63
150620;63
150726;63
150836;63
150945;63
151047;63
151161;63
151275;63
151386;63
151492;63
151603;63
151703;63
151830;63
151945;63
152057;63
152155;63
152259;63
152370;63
152478;63
152582;63
152688;63
152800;63
152913;63
153036;63
153135;63
153242;63
153342;63
153448;63
153559;63
153660;63
153778;63
153883;63
153996;63
154123;63
154242;63
154346;63
154452;63
154554;63
154659;63
154770;63
154880;63
155002;63
155109;63
155208;63
155307;63
155425;63
155527;63
155638;63
155747;63
155854;63
155961;63
156082;63
156182;63
156314;63
156423;63
156537;63
156644;63
156755;63
156861;63
156972;63
157074;63
157181;63
157289;63
157411;63
157517;63
157619;63
157725;63
157835;63
157938;63
158047;63
158171;63
158305;63
158412;63
158516;63
158622;63
158728;63
158831;63
158932;63
159050;63
159162;63
159274;63
159384;63
159488;63
159597;63
159707;63
159809;63
159920;63
160040;63
160145;63
160249;63
160368;63
160480;63
160588;63
160701;63
160822;63
160941;63
161044;63
161149;63
161251;63
161359;63
161560;63
161658;63
161770;63
161877;63
162000;63
162105;63
162207;63
162320;63
162432;63
162537;63
162649;63
162760;63
162870;63
162973;63
163092;63
163189;63
163292;63
163396;63
163536;63
163655;63
163756;63
163867;63
163968;63
164074;63
164181;63
164284;63
164388;63
164506;63
164604;63
164704;63
164811;63
164913;63
165018;63
165127;63
165235;63
165340;63
165446;63
165564;63
165667;63
165775;63
165879;63
165990;63
166101;63
166215;63
166315;63
166421;63
166523;63
166629;63
166756;63
166859;63
166964;63
167098;63
167205;63
167306;63
167412;63
167513;63
167611;63
167727;63
167844;63
167955;63
168065;63
168179;63
168282;63
168406;63
168507;63
168611;63
168720;63
168823;63
168980;63
169086;63
169191;63
169311;63
169415;63
169517;63
169622;63
169729;63
169831;63
169933;63
170036;63
170136;63
170250;63
170355;63
170468;63
170573;63
170678;63
170778;63
170889;63
170992;63
171096;63
171204;63
171329;63
171441;63
171552;63
171660;63
171761;63
171873;63
171975;63
172077;63
172181;63
172295;63
172396;63
172505;63
172611;63
172726;63
172829;63
172939;63
173049;63
173158;63
173268;63
173388;63
173485;63
173588;63
173692;63
173829;63
173932;63
174038;63
174148;63
174253;63
174367;63
174489;63
174623;63
174740;63
174837;63
174940;63
175046;63
175159;63
175263;63
175374;63
175482;63
175591;63
175698;63
175804;63
175910;63
176052;63
176155;63
176256;63
176371;63
176483;63
176584;63
176695;63
176800;63
176926;63
177031;63
177140;63
177251;63
177356;63
177465;63
177589;63
177675;63
177777;63
177878;63
177984;63
178094;63
178195;63
178301;63
178438;63
178593;63
178716;63
178821;63
178932;63
179046;63
179146;63
179249;63
179351;63
179460;63
179571;63
179673;63
179782;63
179893;63
179996;63
180104;63
180214;63
180321;63
180475;63
180574;63
180672;63
180778;63
180885;63
180988;63
181090;63
181192;63
181297;63
181416;63
181525;63
181641;63
181745;63
181857;63
181978;63
182081;63
182182;63
182285;63
182398;63
182507;63
182614;63
182715;63
182824;63
182929;63
183038;63
183143;63
183249;63
183393;63
183513;63
183616;63
183738;63
183840;63
183963;63
184068;63
184211;63
184321;63
184435;63
184539;63
184645;63
184750;63
184871;63
184975;63
185081;63
185182;63
185287;63
185397;63
185523;63
185629;63
185739;63
185842;63
185947;63
186058;63
186159;63
186285;63
186377;63
186490;63
186596;63
186740;63
186888;63
187039;63
187143;63
187250;63
187377;63
