110;3916
205;3757
285;3494
344;3337
402;3292
449;3250
495;3206
561;3044
601;2948
643;2948
680;2914
742;2833
790;2641
831;2568
890;2543
939;2543
987;2479
1027;2358
1069;2358
1112;2330
1147;2330
1184;2227
1248;2202
1288;2202
1326;2114
1370;2114
1411;2114
1452;1973
1493;1883
1537;1801
1575;1801
1620;1595
1659;1595
1707;1595
1749;1497
1792;1417
1838;1417
1875;1416
1920;1219
1959;1219
1997;1169
2034;1169
2071;1028
2110;1028
2147;1028
2186;1029
2220;994
2255;994
2293;994
2330;994
2379;994
2415;991
2453;991
2489;991
2530;991
2568;991
2612;991
2646;991
2694;991
2736;991
2785;991
2839;956
2876;956
2911;956
2949;956
2989;956
3033;956
3101;857
3156;857
3207;825
3256;825
3305;825
3363;752
3412;752
3465;752
3518;715
3573;715
3620;715
3675;714
3709;714
3742;714
3787;660
3821;609
3851;609
3890;588
3922;588
3956;588
3989;588
4019;588
4050;588
4081;588
4116;588
4149;588
4182;581
4227;515
4260;515
4294;515
4336;515
4370;507
4403;507
4436;507
4469;507
4504;507
4538;507
4570;507
4605;507
4638;507
4677;507
4711;507
4749;507
4786;507
4822;507
4856;507
4895;506
4929;506
4973;491
5011;468
5044;468
5075;468
5111;468
5146;468
5178;468
5212;467
5246;467
5280;467
5313;467
5351;467
5386;467
5418;467
5449;467
5484;456
5519;456
5551;457
5583;457
5623;457
5654;457
5692;457
5751;457
5799;457
5846;457
5891;457
5939;457
5985;457
6028;457
6061;457
6092;457
6124;457
6159;457
6193;457
6223;457
6254;457
6285;457
6316;457
6346;457
6376;457
6410;457
6440;457
6474;457
6505;457
6539;457
6573;457
6607;457
6644;457
6676;457
6707;457
6741;457
6783;457
6815;457
6847;457
6888;457
6923;457
6956;457
6988;457
7027;420
7059;420
7093;420
7128;420
7159;420
7193;420
7235;420
7266;420
7296;420
7327;420
7360;420
7390;420
7429;420
7462;420
7493;420
7523;333
7553;333
7586;333
7617;333
7650;333
7684;333
7714;333
7748;333
7780;333
7813;333
7844;333
7875;333
7910;333
7942;333
7974;333
8008;333
8039;333
8077;333
8112;333
8147;333
8192;333
8232;333
8267;333
8305;333
8336;333
8374;333
8413;333
8444;333
8478;333
8512;333
8547;333
8579;333
8613;334
8647;334
8682;334
8712;334
8742;334
8775;334
8805;334
8836;334
8874;334
8906;334
8939;333
8973;333
9004;333
9038;333
9073;333
9107;333
9140;333
9174;333
9206;332
9240;268
9279;268
9310;268
9350;268
9381;268
9412;268
9446;268
9478;268
9513;268
9547;268
9583;266
9619;266
9651;266
9687;266
9725;266
9757;266
9788;266
9819;266
9852;266
9887;266
9917;266
9949;266
9981;266
10011;266
10045;266
10078;268
10112;268
10148;268
10179;269
10210;269
10240;269
10274;269
10308;269
10339;269
10370;269
10401;269
10434;269
10470;269
10504;269
10535;269
10566;269
10601;269
10633;267
10675;267
10709;267
10741;267
10772;267
10806;267
10842;266
10874;266
10908;266
10942;266
10975;266
11005;266
11038;266
11068;266
11102;266
11134;266
11171;266
11203;266
11244;266
11277;266
11307;266
11346;266
11379;266
11413;266
11447;266
11478;266
11517;266
11548;266
11582;266
11613;266
11644;266
11677;266
11710;266
11742;266
11775;266
11811;266
11852;266
11884;266
11918;266
11964;271
12002;271
12036;271
12069;271
12102;271
12135;271
12166;271
12206;271
12236;271
12267;271
12297;271
12329;271
12359;271
12393;271
12425;271
12455;271
12487;271
12518;271
12553;271
12592;271
12625;271
12656;271
12687;271
12729;271
12764;271
12796;271
12828;271
12863;271
12896;271
12939;271
12975;271
13014;271
13046;271
13081;271
13112;271
13145;271
13175;271
13208;271
13241;271
13271;271
13303;271
13335;271
13368;271
13406;271
13439;271
13473;271
13506;271
13536;271
13566;271
13597;266
13629;266
13663;266
13696;266
13731;264
13770;264
13804;264
13839;264
13872;264
13904;264
13942;264
13977;264
14011;264
14062;261
14106;260
14137;260
14169;260
14207;260
14239;260
14272;260
14308;260
14340;260
14377;260
14414;260
14448;260
14479;260
14513;260
14546;260
14580;260
14614;260
14646;260
14686;260
14726;260
14759;260
14790;260
14825;260
14859;260
14892;260
14921;260
14954;260
14985;260
15019;260
15053;260
15086;260
15116;260
15146;260
15176;260
15208;260
15241;260
15273;260
15303;260
15334;261
15366;261
15400;261
15430;258
15462;258
15497;258
15530;257
15574;257
15612;257
15643;257
15675;257
15708;257
15742;257
15775;257
15815;257
15848;257
15883;257
15923;257
15953;257
15992;257
16025;257
16055;257
16094;257
16128;257
16158;257
16189;257
16221;257
16255;258
16287;258
16320;258
16353;258
16383;258
16413;258
16446;258
16477;258
16510;258
16540;258
16571;258
16603;258
16636;258
16667;258
16705;258
16736;258
16767;258
16801;258
16833;258
16866;258
16898;258
16928;258
16962;263
16995;263
17025;263
17057;263
17089;263
17122;266
17158;266
17192;266
17225;266
17257;266
17287;266
17322;266
17354;266
17391;266
17422;266
17453;266
17487;266
17518;266
17552;266
17587;266
17621;266
17654;266
17684;266
17716;266
17749;266
17781;266
17811;266
17844;266
17874;266
17904;266
17937;266
17967;266
18000;266
18038;266
18072;266
18104;266
18142;266
18172;266
18206;266
18238;266
18268;266
18302;266
18333;266
18371;266
18408;266
18441;266
18470;266
18503;266
18534;266
18566;266
18598;266
18631;266
18663;266
18693;266
18729;266
18762;266
18794;266
18827;266
18858;266
18891;266
18923;266
18957;266
18988;266
19021;266
19068;266
19099;266
19141;266
19173;266
19207;267
19241;267
19278;267
19311;267
19344;267
19376;267
19408;267
19440;267
19469;267
19506;267
19540;267
19577;267
19609;267
19647;267
19681;267
19713;267
19744;267
19778;267
19811;267
19842;267
19877;267
19910;267
19940;267
19973;267
20006;267
20040;267
20072;267
20101;267
20133;267
20164;267
20196;267
20231;267
20270;267
20301;266
20331;266
20364;266
20396;266
20438;266
20473;266
20504;266
20534;266
20568;266
20598;266
20628;266
20657;266
20687;266
20720;266
20750;266
20782;266
20812;266
20848;263
20878;263
20910;263
20940;263
20979;263
21008;263
21041;263
21077;263
21132;263
21187;263
21236;263
21267;263
21296;263
21329;263
21358;263
21390;263
21419;263
21457;263
21494;263
21528;263
21561;263
21594;263
21632;263
21665;263
21699;263
21729;263
21761;263
21796;263
21828;263
21866;263
21896;263
21925;263
21972;263
22004;263
22037;257
22075;257
22112;257
22142;257
22178;257
22212;258
22245;258
22277;258
22310;258
22339;258
22376;258
22406;258
22438;258
22473;258
22511;258
22541;258
22571;258
22610;258
22643;258
22673;258
22703;258
22732;258
22764;258
22801;258
22833;258
22863;258
22893;258
22922;258
22953;258
22988;258
23021;258
23052;258
23087;258
23116;258
23146;258
23175;258
23205;258
23236;258
23270;258
23302;258
23343;258
23375;258
23406;258
23436;258
23472;258
23508;258
23539;258
23586;258
23615;258
23648;258
23680;258
23710;258
23741;258
23773;258
23807;258
23839;258
23869;258
23899;258
23930;258
23968;258
24008;258
24041;258
24076;258
24108;258
24138;258
24172;258
24202;258
24232;258
24264;258
24294;258
24327;258
24358;258
24390;258
24422;258
24453;258
24484;258
24515;258
24555;258
24587;258
24617;258
24646;258
24684;258
24717;258
24748;258
24779;258
24811;258
24840;258
24873;258
24905;258
24935;258
24967;258
25005;258
25042;258
25073;258
25105;258
25137;258
25167;258
25197;258
25229;258
25263;258
25293;258
25326;258
25355;258
25387;258
25419;258
25450;258
25487;258
25517;258
25549;258
25579;258
25608;257
25640;257
25670;257
25703;257
25735;257
25764;257
25794;257
25826;257
25859;257
25894;257
25924;257
25956;257
25990;257
26022;257
26053;257
26082;257
26112;257
26141;257
26173;257
26208;257
26237;257
26277;257
26305;257
26335;257
26368;257
26401;257
26438;257
26475;257
26504;257
26534;257
26567;257
26600;257
26631;257
26663;257
26700;257
26731;257
26765;257
26797;257
26828;257
26858;257
26890;257
26919;258
26953;258
26987;258
27016;258
27049;258
27081;258
27117;258
27148;258
27181;258
27211;258
27241;258
27276;258
27314;258
27345;258
27377;258
27411;258
27440;258
27470;258
27506;258
27537;258
27570;258
27602;258
27631;258
27668;258
27701;258
27730;258
27770;258
27799;258
27829;258
27858;258
27888;258
27917;257
27947;257
27985;257
28014;257
28044;257
28082;257
28116;257
28146;257
28176;257
28209;257
28243;257
28272;257
28302;257
28339;257
28369;257
28408;257
28445;257
28478;257
28509;257
28543;257
28580;257
28611;257
28641;257
28675;257
28705;257
28735;257
28765;257
28799;257
28831;257
28864;257
28898;257
28938;257
28976;257
29008;257
29036;257
29065;257
29099;257
29131;257
29162;257
29195;257
29226;257
29265;257
29295;257
29328;257
29361;257
29391;257
29420;257
29450;257
29482;257
29516;257
29550;257
29580;257
29621;257
29660;257
29701;257
29735;260
29769;260
29799;260
29832;260
29867;260
29897;260
29929;260
29960;260
29998;260
30030;260
30059;260
30089;260
30119;260
30152;260
30184;260
30214;260
30246;260
30280;260
30312;260
30345;260
30375;260
30410;260
30442;260
30479;260
30508;260
30541;260
30574;260
30607;260
30638;260
30670;260
30700;260
30730;260
30763;260
30796;260
30825;260
30855;260
30885;260
30922;260
30952;260
30993;260
31025;260
31063;260
31096;260
31127;260
31176;260
31222;261
31300;261
31365;261
31419;261
31496;261
31528;261
31558;261
31594;261
31623;261
31653;261
31683;261
31712;261
31742;261
31772;261
31806;261
31837;261
31867;261
31899;261
31929;262
31958;262
31988;262
32020;262
32060;262
32091;262
32128;262
32161;262
32191;262
32222;262
32253;262
32287;262
32316;262
32346;262
32379;262
32413;262
32447;262
32476;262
32513;262
32546;262
32578;262
32611;262
32656;262
32694;262
32749;262
32781;262
32814;262
32846;261
32879;261
32911;261
32952;261
32983;261
33014;261
33047;261
33083;261
33113;261
33144;261
33174;261
33207;261
33241;261
33275;261
33306;261
33338;261
33369;261
33402;261
33439;261
33476;261
33506;261
33538;261
33568;261
33601;261
33631;261
33663;261
33695;261
33729;261
33759;261
33788;261
33821;261
33854;261
33888;261
33917;261
33950;261
33981;261
34017;261
34058;261
34088;261
34121;261
34151;261
34188;261
34224;261
34276;261
34306;261
34336;261
34365;261
34392;261
34430;261
34462;261
34492;261
34523;261
34555;261
34585;261
34620;261
34654;261
34685;260
34719;260
34751;260
34784;260
34817;260
34863;260
34893;260
34928;260
34963;260
34996;261
35028;261
35061;261
35090;261
35120;261
35151;261
35183;261
35215;261
35245;261
35276;261
35306;261
35342;261
35372;261
35404;261
35441;261
35474;261
35504;261
35536;261
35570;261
35601;261
35631;261
35661;261
35693;261
35729;261
35766;261
35799;261
35829;261
35858;261
35892;261
35928;261
35962;261
35993;261
36022;261
36052;261
36085;261
36117;261
36149;261
36179;261
36208;261
36242;261
36272;261
36304;261
36335;261
36368;261
36400;261
36433;257
36468;257
36499;257
36529;257
36559;257
36595;257
36627;257
36657;257
36686;257
36720;257
36749;257
36782;257
36811;257
36843;257
36873;257
36909;257
36940;257
36973;257
37008;257
37040;257
37070;257
37099;257
37132;257
37164;257
37197;258
37229;258
37258;258
37288;258
37320;258
37354;258
37388;258
37417;258
37447;258
37479;258
37517;258
37547;258
37580;258
37613;258
37646;258
37673;258
37705;258
37739;258
37770;258
37800;258
37830;258
37867;258
37901;258
37930;258
37963;258
37995;258
38025;258
38066;258
38095;258
38128;258
38168;258
38201;258
38238;258
38268;257
38301;257
38332;257
38362;257
38394;257
38424;257
38457;257
38491;257
38521;257
38550;257
38582;257
38611;257
38641;257
38671;257
38702;257
38735;257
38767;257
38800;257
38830;257
38865;257
38897;257
38927;257
38958;257
38990;257
39022;257
39059;257
39089;257
39119;257
39148;257
39178;257
39210;257
39240;257
39269;257
39308;257
39340;257
39372;257
39403;257
39436;257
39469;257
39499;257
39528;257
39558;257
39590;257
39619;257
39649;256
39683;256
39717;256
39749;256
39782;256
39812;256
39855;256
39892;256
39925;256
39963;256
40002;256
40032;256
40070;256
40100;256
40132;256
40165;256
40198;256
40229;256
40260;256
40289;256
40319;256
40348;256
40382;256
40413;256
40443;256
40481;256
40513;256
40543;256
40575;256
40606;256
40638;256
40668;256
40700;256
40733;256
40764;256
40801;256
40836;256
40865;256
40895;256
40924;256
40957;256
40987;256
41020;256
41050;256
41082;256
41111;256
41139;256
41176;256
41208;256
41241;256
41274;256
41307;256
41340;256
41370;256
41403;256
41434;256
41466;256
41496;256
41528;256
41560;256
41594;256
41624;256
41656;256
41690;256
41719;256
41749;256
41787;256
41817;256
41848;256
41881;256
41921;256
41953;256
41985;256
42018;256
42063;256
42095;256
42126;256
42164;256
42196;256
42229;256
42266;256
42297;256
42331;256
42362;256
42391;256
42423;256
42456;256
42486;256
42520;256
42556;256
42585;256
42615;256
42648;256
42680;256
42709;256
42741;256
42773;256
42805;256
42834;256
42864;256
42897;256
42930;256
42961;256
42992;256
43025;256
43061;256
43092;256
43122;256
43151;256
43184;256
43222;256
43252;256
43281;256
43312;256
43341;256
43373;256
43405;256
43450;256
43490;256
43523;256
43555;256
43587;256
43617;256
43649;256
43679;256
43710;256
43747;256
43779;256
43811;256
43841;256
43884;256
43914;256
43946;256
43976;256
44008;256
44041;256
44072;256
44106;256
44139;256
44169;256
44201;256
44233;256
44266;256
44299;256
44329;256
44365;256
44397;256
44427;256
44454;256
44488;256
44526;256
44559;256
44591;256
44623;256
44652;256
44686;256
44720;256
44750;256
44780;256
44814;256
44847;256
44877;256
44909;256
44943;256
44984;256
45027;256
45061;256
45091;256
45118;256
45150;256
45178;256
45210;256
