1782;69
2186;69
2591;69
3023;69
3395;69
3785;69
4156;69
4570;69
5065;69
5525;69
5899;69
6278;69
6643;69
7024;69
7397;69
7764;69
8141;69
8606;69
9051;69
9434;69
9837;69
10223;69
10600;69
10964;69
11329;69
11689;69
12052;69
12421;69
12787;69
13150;69
13525;69
13887;69
14272;69
14630;69
14987;69
15352;69
15712;69
16070;69
16419;69
16767;69
17112;69
17456;69
17783;69
18108;69
18433;69
18749;69
19050;69
19354;69
19642;69
19932;69
20221;69
20501;69
20767;69
21035;69
21298;69
21553;69
21805;69
22054;69
22304;69
22538;69
22781;69
23011;69
23239;69
23465;69
23689;69
23910;69
24325;64
24532;64
24732;64
24923;64
25128;64
25338;64
25619;63
26003;61
26185;61
26367;61
26547;61
26838;60
27025;60
27200;60
27370;60
27531;60
27697;60
27858;60
28022;60
28190;60
28349;60
28506;60
28662;60
28816;60
28973;60
29133;60
29290;60
29468;60
29639;60
29789;60
29952;60
30112;60
30273;60
30426;60
30586;60
30734;60
30890;60
31046;60
31202;60
31360;60
31517;60
31667;60
31821;60
31977;60
32133;60
32286;60
32438;60
32589;60
32747;60
32898;60
33056;60
33205;60
33362;60
33518;60
33668;60
33816;60
33970;60
34122;60
34282;60
34454;60
34607;60
34755;60
34907;60
35062;60
35217;60
35374;60
35533;60
35685;60
35849;60
36018;60
36168;60
36322;60
36475;60
36622;60
36773;60
36925;60
37077;60
37233;60
37383;60
37550;60
37711;60
37865;60
38018;60
38170;60
38317;60
38471;60
38625;60
38778;60
38927;60
39091;60
39247;60
39401;60
39555;60
39703;60
39856;60
40006;60
40170;60
40326;60
40483;60
40651;60
40801;60
40956;60
41108;60
41259;60
41408;60
41560;60
41715;60
41869;60
42016;60
42178;60
42340;60
42496;60
42651;60
42807;60
42958;60
43111;60
43269;60
43423;60
43576;60
43743;60
43891;60
44040;60
44195;60
44352;60
44510;60
44659;60
44813;60
44969;60
45126;60
45286;60
45438;60
45590;60
45744;60
45895;60
46047;60
46198;60
46352;60
46510;60
46688;60
46912;60
47113;60
47269;60
47424;60
47576;60
47730;60
47887;60
48042;60
48198;60
48364;60
48520;60
48672;60
48828;60
48985;60
49145;60
49299;60
49450;60
49606;60
49758;60
49922;60
50082;60
50239;60
50393;60
50546;60
50702;60
50857;60
51012;60
51161;60
51313;60
51469;60
51624;60
51780;60
51930;60
52086;60
52239;60
52392;60
52552;60
52699;60
52855;60
53011;60
53165;60
53319;60
53468;60
53625;60
53780;60
53936;60
54093;60
54254;60
54400;60
54571;60
54724;60
54876;60
55029;60
55180;60
55333;60
55493;60
55647;60
55803;60
55949;60
56111;60
56268;60
56427;60
56581;60
56734;60
56885;60
57047;60
57203;60
57362;60
57514;60
57688;60
57842;60
57996;60
58152;60
58332;60
58553;60
58703;60
58863;60
59015;60
59175;60
59335;60
59488;60
59639;60
59791;60
59943;60
60105;60
60259;60
60409;60
60566;60
60721;60
60879;60
61039;60
61194;60
61347;60
61502;60
61660;60
61815;60
61971;60
62126;60
62286;60
62434;60
62592;60
62753;60
62905;60
63059;60
63213;60
63367;60
63523;60
63677;60
63838;60
63993;60
64143;60
64301;60
64457;60
64611;60
64767;60
64925;60
65077;60
65231;60
65392;60
65550;60
65705;60
65863;60
66020;60
66167;60
66329;60
66485;60
66639;60
66797;60
66960;60
67109;60
67262;60
67414;60
67566;60
67722;60
67876;60
68031;60
68185;60
68340;60
68502;60
68661;60
68815;60
68966;60
69123;60
69279;60
69433;60
69590;60
69743;60
69894;60
70050;60
70213;60
70365;60
70522;60
70672;60
70827;60
70980;60
71137;60
71292;60
71439;60
71601;60
71756;60
71911;60
72066;60
72216;60
72374;60
72528;60
72684;60
72838;60
72993;60
73145;60
73299;60
73452;60
73609;60
73762;60
73912;60
74065;60
74223;60
74377;60
74532;60
74685;60
74839;60
74991;60
75144;60
75298;60
75449;60
75602;60
75761;60
75914;60
76072;60
76228;60
76383;60
76536;60
76690;60
76851;60
77003;60
77151;60
77307;60
77462;60
77613;60
77768;60
77922;60
78076;60
78230;60
78382;60
78534;60
78685;60
78840;60
78994;60
79143;60
79313;60
79463;60
79620;60
79779;60
79933;60
80095;60
80253;60
80404;60
80558;60
80713;60
80868;60
81025;60
81178;60
81332;60
81484;60
81641;60
81795;60
81949;60
82102;60
82259;60
82416;60
82570;60
82727;60
82878;60
83032;60
83187;60
83341;60
83493;60
83650;60
83811;60
83963;60
84116;60
84275;60
84426;60
84587;60
84736;60
84890;60
85044;60
85196;60
85355;60
85514;60
85671;60
85826;60
85982;60
86141;60
86298;60
86453;60
86609;60
86763;60
86934;60
87088;60
87244;60
87402;60
87556;60
87705;60
87859;60
88017;60
88178;60
88335;60
88488;60
88637;60
88791;60
88944;60
89098;60
89254;60
89408;60
89568;60
89724;60
89877;60
90028;60
90188;60
90343;60
90501;60
90654;60
90809;60
90965;60
91117;60
91272;60
91424;60
91594;60
91749;60
91902;60
92053;60
92208;60
92360;60
92514;60
92667;60
92822;60
92978;60
93145;60
93301;60
93458;60
93610;60
93762;60
93918;60
94075;60
94232;60
94388;60
94539;60
94701;60
94855;60
95008;60
95160;60
95315;60
95469;60
95627;60
95782;60
95937;60
96085;60
96240;60
96399;60
96553;60
96710;60
96866;60
97017;60
97170;60
97327;60
97484;60
97641;60
97803;60
97966;60
98122;60
98277;60
98431;60
98587;60
98744;60
98896;60
99056;60
99221;60
99380;60
99535;60
99688;60
99845;60
100002;60
100166;60
100320;60
100477;60
100628;60
100794;60
100950;60
101100;60
101250;60
101403;60
101556;60
101711;60
101868;60
102020;60
102169;60
102327;60
102483;60
102639;60
102794;60
102944;60
103099;60
103253;60
103413;60
103567;60
103716;60
103871;60
104025;60
104178;60
104330;60
104481;60
104632;60
104786;60
104940;60
105094;60
105253;60
105430;60
105582;60
105736;60
105893;60
106051;60
106208;60
106367;60
106516;60
106673;60
106828;60
106984;60
107147;60
107354;60
107555;60
107713;60
107865;60
108019;60
108170;60
108329;60
108490;60
108643;60
108793;60
108945;60
109100;60
109250;60
109398;60
109552;60
109704;60
109855;60
110008;60
110172;60
110321;60
110479;60
110630;60
110783;60
110934;60
111093;60
111247;60
111407;60
111567;60
111724;60
111873;60
112030;60
112186;60
112344;60
112499;60
112653;60
112800;60
112959;60
113118;60
113277;60
113432;60
113583;60
113738;60
113893;60
114047;60
114202;60
114354;60
114505;60
114661;60
114816;60
114972;60
115122;60
115278;60
115432;60
115587;60
115743;60
115892;60
116046;60
116203;60
116356;60
116505;60
116657;60
116811;60
116964;60
117116;60
117269;60
117422;60
117575;60
117727;60
117882;60
118037;60
118190;60
118382;60
118568;60
118724;60
118881;60
119034;60
119187;60
119359;60
119516;60
119670;60
119823;60
119979;60
120144;60
120304;60
120459;60
120614;60
120769;60
120925;60
121080;60
121227;60
121381;60
121534;60
121684;60
121835;60
121989;60
122142;60
122291;60
122448;60
122604;60
122760;60
122916;60
123072;60
123224;60
123377;60
123536;60
123695;60
123859;60
124018;60
124173;60
124330;60
124480;60
124636;60
124792;60
124949;60
125095;60
125250;60
125408;60
125563;60
125721;60
125876;60
126026;60
126180;60
126340;60
126497;60
126654;60
126809;60
126981;60
127146;60
127303;60
127456;60
127611;60
127762;60
127915;60
128073;60
128228;60
128380;60
128536;60
128691;60
128844;60
128998;60
129144;60
129301;60
129458;60
129616;60
129771;60
129926;60
130095;60
130247;60
130403;60
130556;60
130714;60
130870;60
131021;60
131172;60
131329;60
131484;60
131635;60
131792;60
131946;60
132103;60
132265;60
132421;60
132573;60
132732;60
132887;60
133045;60
133208;60
133364;60
133519;60
133674;60
133828;60
133983;60
134139;60
134299;60
134460;60
134616;60
134778;60
134935;60
135085;60
135237;60
135393;60
135547;60
135700;60
135854;60
136008;60
136162;60
136322;60
136472;60
136625;60
136780;60
136935;60
137089;60
137245;60
137397;60
137549;60
137703;60
137863;60
138015;60
138186;60
138343;60
138497;60
138649;60
138807;60
138963;60
139119;60
139272;60
139423;60
139586;60
139736;60
139889;60
140041;60
140203;60
140355;60
140510;60
140660;60
140818;60
140971;60
141121;60
141276;60
141434;60
141586;60
141737;60
141889;60
142046;60
142207;60
142372;60
142529;60
142682;60
142833;60
143013;60
143167;60
143322;60
143475;60
143632;60
143786;60
143944;60
144095;60
144249;60
144402;60
144556;60
144706;60
144857;60
145013;60
145168;60
145320;60
145483;60
145634;60
145789;60
145947;60
146105;60
146263;60
146420;60
146570;60
146728;60
146882;60
147048;60
147201;60
147356;60
147510;60
147659;60
147809;60
147963;60
148113;60
148273;60
148426;60
148594;60
148745;60
148899;60
149050;60
149208;60
149366;60
149522;60
149677;60
149831;60
149984;60
150148;60
150304;60
150460;60
150617;60
150771;60
150924;60
151075;60
151232;60
151386;60
151541;60
151700;60
151848;60
152000;60
152151;60
152310;60
152456;60
152612;60
152765;60
152919;60
153070;60
153230;60
153384;60
153537;60
153690;60
153840;60
153993;60
154147;60
154300;60
154449;60
154602;60
154772;60
154928;60
155082;60
155237;60
155389;60
155548;60
155703;60
155856;60
156011;60
156167;60
156331;60
156485;60
156641;60
156798;60
156955;60
157113;60
157268;60
157418;60
157577;60
157732;60
157895;60
158050;60
158207;60
158365;60
158520;60
158670;60
158824;60
158976;60
159133;60
159299;60
159459;60
159615;60
159765;60
159919;60
160082;60
160236;60
160392;60
160549;60
160707;60
160869;60
161022;60
161176;60
161335;60
161491;60
161646;60
161804;60
161955;60
162109;60
162267;60
162427;60
162582;60
162735;60
162888;60
163041;60
163195;60
163345;60
163503;60
163653;60
163809;60
163973;60
164130;60
164287;60
164442;60
164594;60
164744;60
164898;60
165050;60
165200;60
165363;60
165520;60
165676;60
165835;60
165989;60
166143;60
166295;60
166451;60
166607;60
166763;60
166920;60
167080;60
167269;60
167471;60
167662;60
167818;60
167973;60
168129;60
168282;60
168441;60
168598;60
168757;60
168908;60
169066;60
169226;60
169375;60
169532;60
169689;60
169847;60
170002;60
170161;60
170320;60
170468;60
170620;60
170778;60
170933;60
171083;60
171238;60
171394;60
171547;60
171716;60
171872;60
172029;60
172178;60
172329;60
172487;60
172639;60
172794;60
172948;60
173104;60
173259;60
173416;60
173565;60
173716;60
173869;60
174024;60
174172;60
174330;60
174485;60
174638;60
174797;60
174953;60
175106;60
175261;60
175415;60
175567;60
175718;60
175871;60
176024;60
176176;60
176338;60
176486;60
176641;60
176795;60
176951;60
177109;60
177268;60
177418;60
177575;60
177731;60
177887;60
178042;60
178207;60
178396;60
178578;60
178735;60
178885;60
179039;60
179199;60
179360;60
179518;60
179668;60
179816;60
179968;60
180123;60
180278;60
180426;60
180577;60
180732;60
180899;60
181049;60
181201;60
181353;60
181505;60
181661;60
181811;60
181974;60
182129;60
182286;60
182452;60
182605;60
182754;60
182901;60
183058;60
183211;60
183367;60
183518;60
183674;60
183827;60
183984;60
184137;60
184292;60
184446;60
184598;60
184753;60
184905;60
185060;60
185214;60
185366;60
185527;60
185685;60
185838;60
185992;60
186147;60
186304;60
186456;60
186619;60
186776;60
186923;60
187079;60
187232;60
187388;60
187537;60
187692;60
187847;60
187998;60
188154;60
188302;60
188455;60
188626;60
188783;60
188940;60
189102;60
189259;60
189417;60
189573;60
189721;60
189877;60
190028;60
190192;60
190341;60
190496;60
190647;60
190801;60
190955;60
191113;60
191264;60
191421;60
191579;60
191745;60
191897;60
192059;60
192211;60
192365;60
192517;60
192673;60
192830;60
192987;60
193141;60
193314;60
193463;60
193619;60
193774;60
193931;60
194085;60
194248;60
194408;60
194566;60
194719;60
194874;60
195030;60
195186;60
195342;60
195501;60
195658;60
195808;60
195962;60
196121;60
196279;60
196441;60
196602;60
196754;60
196905;60
197061;60
197217;60
197371;60
197523;60
197673;60
197835;60
197997;60
198153;60
198312;60
198470;60
198624;60
198776;60
198930;60
199088;60
199247;60
199403;60
199554;60
199701;60
199854;60
200006;60
200165;60
200316;60
200466;60
200622;60
200773;60
200921;60
201076;60
201232;60
201386;60
201535;60
201687;60
