1744;256
2157;256
2518;256
2910;256
3268;256
3632;256
3993;256
4898;256
6688;256
7138;256
7495;256
7869;256
8311;256
8768;256
9120;256
9480;256
10505;256
10886;256
11246;256
11603;256
11981;256
12335;256
12682;256
13038;256
13507;256
13860;256
14210;256
14567;256
14921;256
15268;256
15633;256
15993;256
16342;256
16693;256
17035;256
17375;256
17734;256
18092;256
18435;256
18789;256
19149;256
19489;256
19830;256
20163;256
20501;256
20850;256
21181;256
21515;256
21849;256
22196;256
22514;256
22841;256
23166;256
23511;256
23836;256
24164;256
24487;256
24797;256
25120;256
25432;256
25740;256
26039;256
26334;256
26631;256
26925;256
27218;256
27512;256
27791;256
28066;256
28357;256
28624;256
28890;256
29152;256
29418;256
29792;248
30053;248
30311;248
30662;242
30918;242
31167;242
31418;242
31662;242
31953;241
32257;240
32493;240
32779;239
33066;238
33301;238
33527;238
33813;237
34031;237
34251;237
34530;235
34752;235
34971;235
35193;235
35416;235
35626;235
35845;235
36118;234
36336;234
36550;234
36761;234
36977;234
37195;234
37454;233
37670;233
37889;233
38095;233
38302;233
38516;233
38729;233
38938;233
39163;233
39372;233
39585;233
39793;233
40057;231
40289;231
40498;231
40715;231
40931;231
41145;231
41365;231
41572;231
41779;231
41993;231
42206;231
42410;231
42630;231
42843;231
43048;231
43272;231
43478;231
43693;231
43901;231
44110;231
44320;231
44529;231
44734;231
44937;231
45152;231
45362;231
45568;231
45773;231
46000;231
46215;231
46424;231
46643;231
46863;231
47074;231
47286;231
47501;231
47708;231
47918;231
48126;231
48347;231
48552;231
48763;231
48965;231
49178;231
49386;231
49597;231
49814;231
50024;231
50233;231
50437;231
50642;231
50844;231
51046;231
51252;231
51474;231
51675;231
51878;231
52085;231
52305;231
52519;231
52742;231
52954;231
53178;231
53385;231
53590;231
53798;231
54010;231
54277;231
54549;231
54764;231
54978;231
55210;231
55416;231
55676;230
55892;230
56112;230
56313;230
56514;230
56718;230
56924;230
57136;230
57342;230
57545;230
57755;230
57969;230
58183;230
58390;230
58607;230
58817;230
59027;230
59255;230
59470;230
59679;230
59891;230
60102;230
60318;230
60535;230
60754;230
60969;230
61193;230
61409;230
61618;230
61860;230
62103;230
62343;230
62566;230
62800;230
63042;230
63271;230
63498;230
63719;230
63970;230
64196;230
64434;230
64654;230
64900;230
65158;230
65389;230
65616;230
65836;230
66054;230
66297;230
66537;230
66786;230
67006;230
67224;230
67430;230
67634;230
67842;230
68063;230
68282;230
68494;230
68702;230
68906;230
69112;230
69323;230
69562;230
69781;230
69991;230
70203;230
70421;230
70629;230
70835;230
71103;230
71345;230
71573;230
71786;230
72004;230
72210;230
72420;230
72663;230
72867;230
73083;230
73365;230
73574;230
73782;230
74002;230
74211;230
74417;230
74621;230
74827;230
75038;230
75251;230
75455;230
75662;230
75865;230
76087;230
76305;230
76521;230
76737;230
76951;230
77169;230
77378;230
77588;230
77805;230
78015;230
78223;230
78447;230
78658;230
78868;230
79075;230
79299;230
79499;230
79709;230
79918;230
80124;230
80338;230
80551;230
80756;230
80966;230
81177;230
81384;230
81595;230
81802;230
82009;230
82234;230
82452;230
82653;230
82858;230
83066;230
83277;230
83476;230
83679;230
83901;230
84115;230
84326;230
84539;230
84744;230
84954;230
85181;230
85384;230
85594;230
85805;230
86010;230
86213;230
86418;230
86620;230
86830;230
87040;230
87249;230
87457;230
87659;230
87868;230
88080;230
88290;230
88516;230
88725;230
88938;230
89155;230
89364;230
89572;230
89776;230
89978;230
90196;230
90401;230
90612;230
90816;230
91019;230
91227;230
91433;230
91651;230
91909;230
92164;230
92384;230
92587;230
92788;230
92989;230
93211;230
93415;230
93614;230
93817;230
94021;230
94249;230
94454;230
94673;230
94878;230
95095;230
95302;230
95503;230
95711;230
95916;230
96120;230
96327;230
96530;230
96744;230
96946;230
97169;230
97378;230
97579;230
97787;230
97990;230
98203;230
98406;230
98611;230
98821;230
99037;230
99243;230
99451;230
99654;230
99867;230
100082;230
100302;230
100515;230
100728;230
100942;230
101157;230
101372;230
101585;230
101791;230
102001;230
102220;230
102434;230
102643;230
102858;230
103068;230
103283;230
103492;230
103698;230
103908;230
104124;230
104330;230
104538;230
104746;230
104957;230
105161;230
105374;230
105586;230
105797;230
106003;230
106233;230
106435;230
106638;230
106839;230
107053;230
107262;230
107464;230
107671;230
107880;230
108089;230
108293;230
108502;230
108710;230
108914;230
109157;230
109370;230
109576;230
109792;230
110007;230
110227;230
110458;230
110676;230
110898;230
111114;230
111321;230
111534;230
111796;230
112085;230
112351;230
112576;230
112845;230
113078;230
113319;230
113616;230
113857;230
114095;230
114402;230
114655;230
114869;230
115076;230
115294;230
115506;230
115729;230
115935;230
116152;230
116380;230
116602;230
116814;230
117022;230
117234;230
117460;230
117674;230
117902;230
118141;230
118354;230
118569;230
118785;230
119007;230
119233;230
119465;230
119693;230
119903;230
120118;230
120328;230
120538;230
120745;230
120965;230
121179;230
121391;230
121593;230
121797;230
122004;230
122227;230
122449;230
122748;230
122990;230
123255;230
123509;230
123781;230
124057;230
124441;230
124823;230
125197;230
125527;230
125814;230
126078;230
126334;230
126543;230
126721;230
126897;230
127100;230
127316;230
127498;230
127693;230
127869;230
128051;230
128238;230
128415;230
128594;230
128783;230
128960;230
129145;230
129324;230
129505;230
129681;230
129864;230
130057;230
130269;230
130458;230
130645;230
130836;230
131054;230
131324;230
131722;229
132019;229
132378;229
132673;229
132941;229
133212;229
133562;229
133893;229
134125;229
134306;229
134531;229
134819;229
135232;229
135669;229
136115;229
136488;229
136896;229
137353;229
137790;229
138183;229
138575;229
138937;229
139352;229
139717;229
140061;229
140411;229
140708;229
140999;229
141243;229
141433;229
141615;229
141796;229
141981;229
142200;229
142416;229
142602;229
142793;229
142967;229
143147;229
143331;229
143506;229
143686;229
143866;229
144043;229
144226;229
144417;229
144595;229
144777;229
144955;229
145135;229
145315;229
145491;229
145673;229
145853;229
146030;229
146214;229
146391;229
146568;229
146749;229
146924;229
147150;228
147334;228
147527;228
147717;228
147897;228
148078;228
148277;228
148451;228
148625;228
148805;228
148982;228
149175;228
149359;228
149533;228
149717;228
149894;228
150069;228
150291;227
150474;227
150650;227
150835;227
151007;227
151211;227
151393;227
151567;227
151755;227
151928;227
152105;227
152284;227
152455;227
152679;227
152862;227
153034;227
153212;227
153385;227
153558;227
153734;227
153907;227
154081;227
154265;227
154436;227
154608;227
154791;227
154968;227
155146;227
155323;227
155497;227
155679;227
155855;227
156028;227
156204;227
156379;227
156555;227
156742;227
156915;227
157104;227
157291;227
157464;227
157638;227
157818;227
157990;227
158180;227
158354;227
158529;227
158709;227
158885;227
159060;227
159242;227
159422;227
159595;227
159784;227
159959;227
160151;227
160330;227
160501;227
160674;227
160854;227
161031;227
161230;227
161403;227
161582;227
161759;227
161936;227
162113;227
162295;227
162467;227
162637;227
162821;227
162992;227
163173;227
163350;227
163523;227
163700;227
163875;227
164050;227
164231;227
164408;227
164580;227
164759;227
164929;227
165111;227
165295;227
165467;227
165644;227
165830;227
166003;227
166184;227
166358;227
166530;227
166708;227
166879;227
167053;227
167233;227
167410;227
167584;227
167764;227
167937;227
168112;227
168289;227
168461;227
168635;227
168871;227
169104;227
169293;227
169467;227
169642;227
169821;227
169994;227
170171;227
170351;227
170532;227
170710;227
170887;227
171060;227
171247;227
171422;227
171597;227
171780;227
171975;227
172163;227
172350;227
172533;227
172724;227
172921;227
173126;227
173328;227
173536;227
173737;227
173935;227
174186;227
174398;227
174632;227
174828;227
175023;227
175252;227
175444;227
175643;227
175842;227
176032;227
176226;227
176420;227
176599;227
176780;227
176949;227
177128;227
177306;227
177479;227
177652;227
177832;227
178007;227
178190;227
178381;227
178571;227
178763;227
178950;227
179143;227
179333;227
179506;227
179692;227
179874;227
180061;227
180252;227
180437;227
180619;227
180796;227
180970;227
181157;227
181339;227
181515;227
181686;227
181863;227
182035;227
182215;227
182391;227
182561;227
182747;227
182924;227
183098;227
183275;227
183446;227
183619;227
183797;227
183974;227
184222;227
184508;227
184813;227
185129;227
185399;227
185708;227
185986;227
186218;227
186392;227
186563;227
186738;227
186909;227
187083;227
187261;227
187452;227
187622;227
187798;227
187994;227
188182;227
188378;227
188570;227
188764;227
188950;227
189129;227
189303;227
189481;227
189658;227
189851;227
190042;227
190234;227
190493;227
190739;227
190974;227
191232;227
191478;227
191724;227
191950;227
192153;227
192392;227
192611;227
192839;227
193085;227
193393;227
193606;227
193789;227
193960;227
194140;227
194315;227
194497;227
194682;227
194859;227
195036;227
195214;227
195388;227
195560;227
195732;227
195904;227
196078;227
196257;227
196428;227
196601;227
196782;227
196955;227
197127;227
197302;227
197472;227
197645;227
197814;227
197987;227
198158;227
198342;227
198513;227
198684;227
198857;227
199027;227
199203;227
199376;227
199557;227
199739;227
199912;227
200091;227
200263;227
200464;227
200649;227
200821;227
200997;227
201174;227
201349;227
201518;227
201688;227
201870;227
202045;227
202222;227
202393;227
202564;227
202733;227
202914;227
203090;227
203283;227
203454;227
203628;227
203799;227
203974;227
204146;227
204320;227
204495;227
204702;227
204874;227
205047;227
205228;227
205399;227
205570;227
205740;227
205914;227
206089;227
206261;227
206434;227
206609;227
206781;227
206952;227
207126;227
207297;227
207474;227
207646;227
207817;227
207994;227
208175;227
208351;227
208522;227
208696;227
208867;227
209041;227
209217;227
209393;227
209563;227
209734;227
209904;227
210080;227
210249;227
210420;227
210612;227
210783;227
210957;227
211136;227
211306;227
211479;227
211651;227
211826;227
212016;227
212195;227
212365;227
212534;227
212706;227
212877;227
213047;227
213219;227
213390;227
213566;227
213743;227
213912;227
214086;227
214270;227
214439;227
214610;227
214779;227
214955;227
215151;227
215341;227
215542;227
215748;227
215933;227
216119;227
216313;227
216494;227
216676;227
216849;227
217020;227
217216;227
217387;227
217557;227
217725;227
217894;227
218066;227
218251;227
218422;227
218594;227
218766;227
218936;227
219109;227
219282;227
219453;227
219624;227
219799;227
219969;227
220162;227
220335;227
220510;227
220682;227
220855;227
221035;227
221228;227
221449;227
221623;227
221795;227
221965;227
222140;227
222310;227
222482;227
222652;227
222830;227
223005;227
223198;227
223371;227
223544;227
223716;227
223894;227
224077;227
224256;227
224445;227
224614;227
224785;227
224959;227
225130;227
225301;227
225471;227
225643;227
225817;227
226003;227
226182;227
226357;227
226528;227
226699;227
226871;227
227041;227
227215;227
227395;227
227567;227
227736;227
227907;227
228075;227
228246;227
228416;227
228587;227
228759;227
228931;227
229107;227
229281;227
229453;227
229623;227
229796;227
229968;227
230150;227
230322;227
230500;227
230669;227
230841;227
231011;227
231182;227
231354;227
231529;227
231779;227
231995;227
232270;227
232508;227
232735;227
232947;227
233257;227
233563;227
233871;227
234155;227
234411;227
234610;227
234870;227
235198;227
235528;227
235831;227
236155;227
236451;227
236777;227
237092;227
237342;227
237566;227
237785;227
238000;227
238223;227
238433;227
238634;227
238833;227
239039;227
239290;227
239494;227
239692;227
239895;227
240100;227
240303;227
240504;227
240703;227
240908;227
241112;227
241318;227
241538;227
241743;227
241948;227
242164;227
242377;227
242577;227
242797;227
243010;227
243222;227
243427;227
243684;227
243936;227
244181;227
244418;227
244696;227
244972;227
245249;227
245527;227
245759;227
245976;227
246198;227
246405;227
246607;227
246844;227
247122;227
247357;227
247575;227
247787;227
248002;227
248222;227
248440;227
248662;227
248874;227
249091;227
249298;227
249497;227
249697;227
249904;227
250135;227
250345;227
250550;227
250770;227
250978;227
251187;227
251406;227
251628;227
251830;227
252032;227
252251;227
252459;227
252659;227
252859;227
253063;227
253392;227
253602;227
253810;227
254012;227
254228;227
254432;227
254635;227
254841;227
255041;227
255240;227
255448;227
255650;227
255860;227
256060;227
256270;227
256474;227
256677;227
256882;227
257099;227
257299;227
257499;227
257695;227
257896;227
258096;227
258302;227
258503;227
258703;227
258911;227
259113;227
259321;227
259532;227
259736;227
259943;227
260166;227
260372;227
260571;227
260771;227
260979;227
261183;227
261390;227
261599;227
261807;227
262011;227
262227;227
262434;227
