252;2276
351;2271
438;2158
522;2056
631;1801
697;1743
769;1737
835;1589
903;1553
980;1412
1051;1346
1124;1021
1193;923
1271;905
1352;905
1416;780
1479;780
1551;761
1615;761
1679;761
1741;761
1803;761
1878;694
1986;694
2051;626
2111;585
2183;443
2246;443
2310;443
2374;443
2445;443
2526;443
2588;443
2661;443
2722;423
2792;423
2857;334
2928;334
2996;334
3059;334
3120;334
3178;334
3230;334
3284;334
3354;254
3429;194
3504;194
3580;194
3660;194
3735;194
3810;194
3889;194
3965;194
4032;194
4092;193
4143;193
4202;106
4258;106
4310;106
4363;106
4414;106
4466;106
4518;106
4574;106
4630;106
4684;106
4738;106
4793;106
4847;106
4902;106
4960;106
5018;106
5097;106
5149;106
5205;106
5257;106
5319;106
5374;106
5427;106
5479;106
5531;106
5587;106
5639;106
5691;106
5746;106
5800;106
5856;106
5909;105
5966;105
6022;105
6076;105
6133;105
6195;78
6265;78
6339;78
6414;78
6489;78
6572;78
6637;78
6689;78
6743;78
6796;78
6848;78
6901;78
6953;78
7005;78
7061;78
7112;78
7166;78
7220;78
7275;78
7330;78
7385;78
7439;78
7494;78
7547;78
7601;78
7660;78
7713;78
7772;78
7838;78
7893;78
7946;78
8003;78
8056;78
8111;78
8164;78
8220;78
8273;78
8325;78
8377;78
8430;78
8485;78
8546;78
8599;78
8652;78
8705;78
8762;78
8817;78
8870;78
8924;78
8979;78
9034;78
9088;78
9145;78
9201;78
9256;78
9311;78
9372;78
9425;78
9477;78
9532;78
9585;78
9637;78
9689;78
9741;78
9792;78
9849;78
9902;78
9954;78
10009;78
10062;78
10118;78
10172;78
10227;78
10282;78
10337;78
10390;78
10447;78
10503;78
10556;78
10609;78
10667;78
10728;78
10782;78
10837;78
10890;78
10946;78
10999;78
11055;78
11106;78
11163;78
11218;78
11271;78
11323;78
11376;78
11433;78
11488;78
11541;78
11597;78
11654;78
11708;78
11764;78
11818;78
11873;78
11927;78
11983;78
12040;78
12103;78
12153;78
12205;78
12264;78
12317;78
12369;78
12421;78
12480;78
12533;78
12585;78
12639;78
12694;78
12749;78
12804;78
12860;78
12916;78
12970;78
13025;78
13080;78
13133;78
13188;78
13243;78
13299;78
13353;78
13418;78
13468;78
13520;78
13573;78
13627;78
13678;78
13732;78
13787;78
13840;78
13895;78
13946;78
13999;78
14054;78
14109;78
14169;78
14222;78
14276;78
14330;78
14383;78
14447;78
14502;78
14559;78
14613;78
14676;78
14728;78
14780;78
14835;78
14887;78
14940;78
14992;78
15048;78
15104;78
15157;78
15210;78
15266;78
15322;78
15383;78
15439;78
15493;78
15547;78
15605;78
15659;78
15714;78
15770;78
15826;78
15886;78
15942;78
15994;78
16046;78
16097;78
16150;78
16203;78
16255;78
16310;78
16363;78
16417;78
16471;78
16526;78
16582;78
16635;78
16689;78
16742;78
16795;78
16854;78
16910;78
16963;78
17025;78
17079;78
17132;78
17184;78
17236;78
17289;78
17342;78
17394;78
17450;78
17502;78
17559;78
17613;78
17667;78
17720;78
17773;78
17831;78
17889;78
17944;78
17997;78
18051;78
18107;78
18161;78
18216;78
18268;78
18320;78
18374;78
18428;78
18481;78
18534;78
18588;78
18644;78
18696;78
18751;78
18805;78
18861;78
18914;78
18972;78
19025;78
19110;78
19254;78
19336;78
19390;78
19441;78
19493;78
19547;78
19599;78
19650;78
19704;78
19756;78
19811;78
19867;78
19924;78
19984;78
20040;78
20094;78
20152;78
20207;78
20269;78
20322;78
20381;78
20434;78
20486;78
20539;78
20596;78
20648;78
20704;78
20756;78
20808;78
20863;78
20919;78
20973;78
21028;78
21082;78
21136;78
21202;78
21255;78
21311;78
21364;78
21420;78
21480;78
21533;78
21586;78
21642;78
21695;78
21750;78
21803;78
21862;78
21918;78
21972;78
22029;78
22090;78
22142;78
22195;78
22252;78
22311;78
22366;78
22418;78
22471;78
22524;78
22575;78
22627;78
22682;78
22735;78
22791;78
22851;78
22907;78
22968;78
23024;78
23075;78
23127;78
23179;78
23232;78
23285;78
23336;78
23388;78
23440;78
23496;78
23549;78
23603;78
23656;78
23709;78
23766;78
23826;78
23880;78
23933;78
23989;78
24041;78
24093;78
24145;78
24199;78
24252;78
24305;78
24356;78
24409;78
24465;78
24534;78
24586;78
24639;78
24692;78
24744;78
24797;78
24850;78
24904;78
24961;78
25018;78
25071;78
25122;78
25175;78
25228;78
25282;78
25336;78
25387;78
25438;78
25492;78
25544;78
25595;78
25649;78
25701;78
25753;78
25806;78
25866;78
25919;78
25976;78
26030;78
26083;78
26136;78
26187;78
26240;78
26296;78
26348;78
26404;78
26456;78
26510;78
26565;78
26622;78
26676;78
26737;78
26788;78
26841;78
26894;78
26949;78
27004;78
27057;78
27108;78
27160;78
27212;78
27271;78
27322;78
27374;78
27430;78
27482;78
27536;78
27591;78
27645;78
27698;78
27750;78
27805;78
27865;78
27917;78
27971;78
28025;78
28080;78
28131;78
28185;78
28236;78
28289;78
28341;78
28394;78
28451;78
28507;78
28561;78
28620;78
28673;78
28727;78
28780;78
28833;78
28885;78
28938;78
28998;78
29049;78
29107;78
29160;78
29214;78
29266;78
29317;78
29372;78
29427;78
29480;78
29540;78
29590;78
29643;78
29695;78
29747;78
29800;78
29852;78
29903;78
29955;78
30006;78
30062;78
30118;78
30170;78
30223;78
30277;78
30328;78
30379;78
30433;78
30484;78
30539;78
30592;78
30646;78
30699;78
30752;78
30807;78
30861;78
30913;78
30974;78
31031;78
31085;78
31139;78
31191;78
31242;78
31297;78
31348;78
31399;78
31451;78
31503;78
31563;78
31617;78
31668;78
31720;78
31771;78
31824;78
31876;78
31930;78
31984;78
32035;78
32090;78
32151;78
32217;78
32279;78
32346;78
32401;78
32452;78
32505;78
32558;78
32609;78
32661;78
32716;78
32767;78
32819;78
32872;78
32924;78
32977;78
33036;78
33088;78
33139;78
33191;78
33245;78
33298;78
33351;78
33406;78
33457;78
33511;78
33564;78
33619;78
33678;78
33734;78
33789;78
33852;78
33906;78
33959;78
34011;78
34062;78
34114;78
34166;78
34218;78
34274;78
34333;78
34384;78
34437;78
34490;78
34541;78
34594;78
34647;78
34699;78
34751;78
34822;78
34888;78
34955;78
35004;78
35056;78
35107;78
35158;78
35211;78
35266;78
35317;78
35368;78
35420;78
35473;78
35537;78
35588;78
35640;78
35692;78
35743;78
35803;78
35858;78
35912;78
35965;78
36017;78
36071;78
36123;78
36176;78
36231;78
36296;78
36348;78
36403;78
36455;78
36510;78
36564;78
36617;78
36669;78
36722;78
36778;78
36837;78
36889;78
36943;78
36997;78
37052;78
37108;78
37162;78
37215;78
37267;78
37324;78
37375;78
37431;78
37487;78
37545;78
37598;78
37650;78
37707;78
37760;78
37813;78
37869;78
37924;78
37984;78
38037;78
38089;78
38140;78
38193;78
38246;78
38304;78
38355;78
38408;78
38459;78
38512;78
38565;78
38620;78
38673;78
38725;78
38783;78
38835;78
38886;78
38938;78
38990;78
39042;78
39093;78
39148;78
39203;78
39254;78
39308;78
39364;78
39417;78
39470;78
39527;78
39580;78
39632;78
39685;78
39737;78
39788;78
39845;78
39898;78
39950;78
40005;78
40057;78
40109;78
40163;78
40221;78
40274;78
40326;78
40379;78
40432;78
40483;78
40534;78
40589;78
40641;78
40692;78
40746;78
40798;78
40852;78
40911;78
40962;78
41015;78
41073;78
41126;78
41177;78
41230;78
41282;78
41333;78
41388;78
41449;78
41502;78
41562;78
41614;78
41672;78
41724;78
41777;78
41829;78
41881;78
41932;78
41985;78
42036;78
42088;78
42139;78
42203;78
42254;78
42306;78
42362;78
42413;78
42464;78
42516;78
42568;78
42621;78
42673;78
42725;78
42782;78
42834;78
42889;78
42946;78
42997;78
43050;78
43101;78
43152;78
43205;78
43256;78
43309;78
43364;78
43418;78
43469;78
43523;78
43576;78
43629;78
43680;78
43732;78
43784;78
43839;78
43896;78
43947;78
44000;78
44051;78
44103;78
44155;78
44206;78
44259;78
44310;78
44361;78
44418;78
44472;78
44531;78
44586;80
44638;80
44692;80
44745;80
44798;80
44853;80
44912;80
44966;80
45017;80
45075;80
45127;80
45178;80
45231;80
45284;80
45337;80
45393;80
45448;80
45501;80
45551;78
45603;78
45655;78
45707;78
45758;78
45817;78
45872;78
45925;78
45979;78
46032;78
46085;78
46137;78
46188;78
46248;78
46297;78
46349;78
46403;78
46455;78
46506;78
46559;78
46615;78
46674;78
46727;78
46788;78
46841;78
46895;78
46947;78
46998;78
47049;78
47101;78
47155;78
47208;78
47261;78
47313;78
47364;78
47424;78
47476;78
47534;78
47591;78
47643;78
47695;78
47750;78
47808;78
47861;78
47913;78
47966;78
48027;78
48078;78
48132;78
48185;78
48236;78
48287;78
48342;78
48392;78
48446;78
48502;78
48553;78
48607;78
48662;78
48716;78
48776;78
48828;78
48882;78
48934;78
48987;78
49042;78
49094;78
49145;78
49198;78
49249;78
49302;78
49354;78
49407;78
49459;78
49514;78
49577;78
49628;78
49679;78
49733;78
49788;78
49848;78
49902;78
49954;78
50013;78
50066;78
50119;78
50172;78
50226;78
50280;78
50334;78
50387;78
50450;78
50501;78
50557;78
50611;78
50663;78
50714;78
50773;78
50827;78
50882;78
50935;78
50991;78
51045;78
51101;78
51154;78
51206;78
51259;78
51330;78
51404;78
51482;78
51534;78
51586;78
51637;78
51687;78
51739;78
51790;78
51844;78
51895;78
51946;78
51998;78
52050;78
52105;78
52158;78
52211;78
52271;78
52326;78
52382;78
52435;78
52494;78
52549;78
52602;78
52661;78
52712;78
52766;78
52817;78
52870;78
52921;78
52975;78
53029;78
53081;78
53135;78
53203;78
53302;78
53452;78
53560;78
53689;78
53793;78
53900;78
53978;78
54037;78
54091;78
54146;78
54197;78
54257;78
54331;78
54389;78
54443;78
54526;78
54625;78
54714;78
54774;78
54832;78
54885;78
54939;78
55005;78
55086;78
55248;78
55332;78
55397;78
55449;78
55506;78
55559;78
55613;78
55671;78
55743;78
55805;78
55858;78
55911;78
55964;78
56025;78
56098;78
56178;78
56282;78
56375;78
56434;78
56492;78
56558;78
56627;78
56815;78
56899;78
56952;78
57004;78
57058;78
57110;78
57165;78
57219;78
57271;78
57326;78
57377;78
57428;78
57483;78
57536;78
57591;78
57646;78
57704;78
57759;78
57813;78
57877;78
57929;78
57984;78
58051;78
58104;78
58157;78
58210;78
58265;78
58320;78
58374;78
58426;78
58478;78
58531;78
58606;78
58710;78
58878;78
58948;78
59004;78
59066;78
59119;78
59172;78
59225;78
59280;78
59340;78
59426;78
59532;78
59645;78
59739;78
59815;78
59888;78
59970;78
60051;78
60141;78
60223;78
60283;78
60341;78
60397;78
60451;78
60517;78
60606;78
60664;78
60724;78
60777;78
60832;78
60885;78
60939;78
60994;78
61047;78
61106;78
61159;78
61212;78
61266;78
61326;78
61381;78
61441;78
61497;78
61561;78
61645;78
61727;78
61817;78
61908;78
61997;78
62085;78
62176;78
62263;78
62366;78
62475;78
62579;78
62668;78
62778;78
62873;78
62930;78
62990;78
63044;78
63102;78
63188;78
63267;78
63383;78
63529;78
63671;78
63754;78
63812;78
63867;78
63920;78
63975;78
64053;78
64169;78
64265;78
64325;78
64377;78
64430;78
64486;78
64540;78
64601;78
64667;78
64784;78
64912;78
65022;78
65086;78
65176;78
65229;78
65283;78
65337;78
65427;78
65544;78
65647;78
65755;78
65814;78
65868;78
65923;78
65977;78
66035;78
66093;78
66166;78
66265;78
66335;78
66395;78
66456;78
66529;78
66594;78
66653;78
66714;78
66773;78
66833;78
66895;78
66955;78
67016;78
67113;78
67232;78
67332;78
67406;78
67473;78
67563;78
67699;78
67834;78
67955;78
68041;78
68100;78
68241;78
68365;78
68467;78
68532;78
68623;78
68677;78
68732;78
68785;78
68844;78
68901;78
68958;78
69017;78
69090;78
69144;78
69204;78
69258;78
69311;78
69365;78
69418;78
69471;78
69524;78
69576;78
69630;78
69690;78
69746;78
69811;78
69866;78
69921;78
69975;78
70030;78
70083;78
70138;78
70197;78
70250;78
70303;78
70355;78
70415;78
70469;78
70522;78
70575;78
70630;78
70683;78
70735;78
70785;78
70843;78
70897;78
70952;78
71016;78
71070;78
71127;78
71181;78
71236;78
71294;78
71346;78
71400;78
71454;78
71506;78
71558;78
71620;78
71673;78
71725;78
71780;78
71834;78
71886;78
71939;78
71993;78
72046;78
72100;78
72160;78
72222;78
72277;78
72338;78
72389;78
72444;78
72497;78
72549;78
72601;78
72653;78
72705;78
72756;78
72824;78
72878;78
72930;78
72983;78
73039;78
73096;78
73149;78
73204;78
73256;78
73317;78
73374;78
73432;78
73484;78
73539;78
73592;78
73644;78
73715;78
73767;78
73820;78
73873;78
73927;78
73982;78
74040;78
74094;78
74147;78
74202;78
74256;78
74316;78
74369;78
74424;78
74534;78
74655;78
74782;78
74871;78
74928;78
75028;78
75149;78
75262;78
75366;78
75476;78
75538;78
75615;78
75692;78
75784;78
75856;78
75945;78
76017;78
76107;78
76221;78
76316;78
76381;78
76450;78
76539;78
76665;78
76795;78
76891;78
76948;78
77005;78
77078;78
77208;78
77304;78
77359;78
77414;78
77468;78
77524;78
77578;78
77630;78
77683;78
77743;78
77797;78
77851;78
77906;78
77969;78
78023;78
78086;78
78151;78
78262;78
78399;78
78514;78
78616;78
78725;78
78854;78
78969;78
79082;78
79164;78
79291;78
79423;78
79481;78
79563;78
79680;78
79778;78
79880;78
