264;85
476;85
648;85
782;85
863;85
935;85
1018;85
1104;85
1220;85
1307;85
1400;85
1477;85
1542;85
1637;85
1701;85
1772;85
1847;85
1920;85
1992;85
2080;85
2165;85
2257;85
2343;85
2424;85
2487;85
2551;85
2616;85
2682;85
2750;85
2815;85
2880;85
2947;85
3005;85
3080;85
3134;85
3192;85
3251;85
3309;85
3367;85
3423;85
3486;85
3544;85
3601;85
3672;85
3747;85
3823;85
3898;85
3974;83
4051;83
4128;83
4203;83
4288;83
4378;83
4430;83
4482;83
4538;83
4594;83
4653;83
4708;83
4771;83
4826;83
4885;83
4955;83
5012;83
5068;83
5124;83
5179;83
5238;83
5292;83
5357;83
5414;83
5476;83
5545;83
5602;83
5663;81
5722;81
5776;81
5835;81
5893;81
5952;81
6008;81
6067;81
6126;81
6185;81
6243;81
6304;81
6363;81
6420;81
6476;81
6531;81
6586;81
6643;81
6704;81
6780;81
6857;81
6934;81
7012;81
7091;81
7144;81
7201;81
7264;81
7329;81
7389;81
7444;81
7502;81
7558;81
7621;81
7677;81
7736;81
7791;81
7848;81
7902;81
7958;81
8014;81
8072;81
8127;81
8197;81
8252;81
8310;81
8368;81
8425;81
8480;81
8534;81
8592;81
8648;78
8703;78
8760;78
8817;78
8878;78
8934;78
8988;78
9045;78
9101;78
9158;78
9214;78
9271;78
9328;78
9388;78
9444;78
9500;78
9555;78
9613;78
9670;78
9724;78
9779;78
9834;78
9891;78
9948;78
10006;78
10059;78
10116;78
10178;78
10235;78
10290;78
10347;78
10406;80
10460;80
10514;80
10572;80
10625;80
10684;80
10738;80
10793;80
10849;80
10906;80
10961;80
11017;80
11072;80
11130;80
11186;80
11244;80
11298;80
11364;80
11429;80
11485;80
11538;80
11596;80
11651;80
11708;80
11762;80
11816;80
11882;80
11939;80
11993;80
12049;78
12106;78
12164;78
12221;78
12277;78
12333;78
12388;78
12442;78
12498;78
12552;78
12606;78
12665;78
12719;78
12781;78
12834;78
12890;78
12943;78
12999;78
13056;78
13113;78
13170;78
13229;78
13286;78
13344;78
13404;78
13459;78
13515;78
13573;78
13631;78
13688;78
13745;78
13806;78
13863;78
13918;78
13976;78
14034;78
14095;78
14150;78
14206;78
14261;78
14319;78
14377;78
14432;78
14488;78
14543;78
14599;78
14652;78
14706;78
14760;78
14817;78
14875;78
14932;78
14987;78
15045;78
15102;78
15159;78
15221;78
15290;78
15354;78
15409;78
15466;78
15523;78
15577;78
15631;78
15684;78
15740;78
15794;78
15850;78
15906;78
15963;78
16019;78
16076;78
16133;78
16188;78
16257;78
16311;78
16366;78
16423;78
16481;78
16539;78
16594;78
16649;78
16705;78
16767;78
16831;78
16889;78
16951;78
17008;78
17063;78
17122;78
17180;78
17240;78
17295;78
17349;78
17410;78
17466;78
17521;78
17576;78
17632;78
17689;78
17745;78
17801;78
17860;78
17914;78
17970;78
18024;78
18081;78
18135;78
18191;78
18246;78
18302;78
18361;78
18418;78
18474;78
18530;78
18585;78
18641;78
18696;78
18754;78
18808;78
18865;78
18921;78
18979;78
19033;78
19089;78
19147;78
19203;78
19261;78
19316;78
19374;78
19433;78
19494;78
19556;78
19613;78
19674;78
19729;78
19784;78
19850;78
19906;78
19960;78
20017;78
20075;78
20131;78
20202;78
20258;78
20319;83
20374;83
20434;83
20492;83
20547;83
20604;83
20662;83
20717;83
20774;83
20833;83
20886;83
20940;83
20997;83
21054;83
21109;83
21166;83
21225;83
21286;83
21341;83
21413;83
21484;83
21540;83
21596;83
21650;83
21710;83
21763;83
21816;83
21873;83
21926;83
21981;83
22037;83
22091;83
22146;83
22205;83
22260;83
22316;83
22370;83
22424;83
22479;83
22536;83
22595;83
22647;83
22703;83
22758;83
22814;83
22870;83
22944;83
23000;83
23059;83
23115;83
23174;83
23232;83
23288;83
23352;83
23408;83
23472;83
23535;83
23589;83
23649;83
23703;83
23760;83
23818;83
23879;83
23934;83
23996;83
24052;83
24109;83
24165;83
24222;83
24288;83
24343;83
24401;83
24471;83
24531;83
24585;83
24643;83
24701;83
24756;83
24814;83
24871;83
24926;83
24980;83
25036;83
25097;83
25149;83
25204;83
25266;83
25321;83
25377;83
25437;83
25493;83
25546;83
25607;83
25662;83
25717;83
25789;83
25839;83
25893;83
25947;83
26003;83
26061;83
26116;83
26172;83
26229;83
26286;83
26342;83
26395;83
26449;83
26509;83
26561;83
26614;83
26664;83
26721;83
26776;83
26831;83
26888;83
26945;83
26999;83
27052;83
27105;83
27161;83
27218;83
27274;83
27331;83
27385;83
27444;83
27500;83
27558;83
27615;83
27670;83
27728;83
27786;83
27841;83
27893;83
27947;83
28001;83
28055;83
28115;83
28168;83
28226;83
28283;83
28337;83
28401;83
28458;83
28517;83
28577;83
28632;83
28695;83
28751;83
28807;83
28861;83
28917;83
28982;83
29035;83
29095;83
29149;83
29208;83
29266;83
29323;83
29380;83
29440;83
29505;83
29569;83
29621;83
29677;83
29732;83
29788;83
29843;83
29898;83
29953;83
30010;83
30069;83
30137;83
30189;83
30246;83
30300;83
30357;83
30411;83
30463;83
30517;83
30575;83
30636;83
30686;83
30742;83
30795;83
30849;83
30902;83
30958;83
31021;83
31075;83
31133;83
31191;83
31262;83
31353;83
31449;83
31507;83
31564;83
31622;83
31678;83
31738;83
31796;83
31852;83
31908;83
31973;83
32025;83
32080;83
32135;83
32190;83
32246;83
32301;83
32358;83
32412;83
32468;83
32534;83
32586;83
32639;83
32694;83
32750;83
32803;83
32857;83
32914;78
32972;78
33028;78
33084;78
33141;78
33198;78
33269;78
33322;78
33380;78
33434;78
33515;78
33569;78
33622;78
33682;78
33735;78
33790;78
33847;78
33903;78
33972;78
34034;78
34093;78
34149;78
34203;78
34267;78
34325;78
34433;78
34506;78
34566;78
34650;78
34718;78
34771;78
34829;78
34885;78
34941;78
34997;78
35052;78
35105;78
35159;78
35220;78
35276;78
35330;78
35385;78
35443;78
35530;78
35583;78
35649;78
35731;78
35801;78
35858;78
35915;78
35972;78
36033;78
36089;78
36145;78
36200;78
36256;78
36309;78
36364;78
36417;78
36472;78
36525;78
36582;79
36636;79
36694;79
36753;79
36806;79
36867;79
36922;79
36975;79
37033;79
37090;79
37144;79
37200;79
37257;79
37313;79
37368;79
37421;79
37483;79
37558;79
37613;79
37666;79
37721;79
37781;79
37834;79
37889;79
37945;79
38001;79
38054;79
38108;79
38164;79
38223;79
38284;79
38342;79
38395;79
38450;79
38503;79
38559;79
38613;79
38668;79
38721;79
38774;79
38830;79
38883;79
38940;79
38995;79
39049;79
39107;79
39161;79
39225;79
39282;79
39339;79
39394;79
39451;79
39523;79
39590;79
39646;79
39699;79
39755;79
39818;79
39870;79
39921;79
39974;79
40026;79
40081;79
40136;79
40193;79
40249;79
40305;79
40360;79
40416;79
40471;79
40527;78
40598;78
40652;78
40707;78
40767;78
40818;78
40873;78
40928;78
40980;78
41036;78
41093;78
41149;78
41208;78
41265;78
41321;78
41378;78
41432;78
41485;78
41569;78
41627;79
41688;79
41742;79
41796;79
41853;79
41909;79
41962;79
42017;79
42073;79
42131;79
42188;79
42242;79
42296;79
42351;79
42406;79
42460;78
42514;78
42575;79
42629;79
42683;79
42738;79
42792;79
42848;79
42913;79
42970;79
43024;79
43080;79
43134;79
43189;79
43248;79
43306;79
43368;79
43420;79
43472;79
43526;79
43584;79
43637;79
43694;79
43750;79
43804;79
43860;79
43917;79
43973;79
44027;79
44080;79
44142;79
44193;79
44250;79
44305;79
44361;79
44419;79
44475;78
44528;78
44582;78
44636;78
44689;78
44743;78
44796;78
44866;78
44917;78
44973;78
45031;78
45089;78
45143;78
45205;78
45261;78
45322;78
45384;78
45441;78
45494;78
45550;78
45612;78
45666;78
45724;78
45785;78
45842;78
45897;78
45954;78
46010;78
46066;78
46124;78
46182;78
46239;78
46300;78
46353;78
46408;78
46467;78
46523;78
46578;78
46632;78
46685;78
46740;78
46795;78
46856;78
46910;78
46966;78
47020;78
47074;78
47128;78
47185;78
47240;78
47297;78
47355;78
47409;78
47467;78
47525;78
47589;78
47643;78
47698;78
47760;78
47815;78
47870;78
47923;78
47981;78
48037;78
48094;78
48158;78
48209;78
48264;78
48320;78
48376;78
48433;78
48498;78
48553;78
48610;78
48666;78
48723;78
48777;78
48836;78
48899;78
48952;78
49012;78
49066;78
49122;78
49176;78
49233;78
49292;78
49348;78
49405;78
49459;78
49513;78
49570;78
49627;78
49682;78
49746;78
49797;78
49857;78
49911;78
49964;78
50020;78
50081;78
50137;78
50198;78
50255;78
50310;78
50365;78
50419;78
50474;78
50532;78
50589;78
50644;78
50697;78
50763;78
50816;78
50871;78
50928;78
50982;78
51036;78
51093;78
51150;78
51211;78
51267;78
51322;78
51378;78
51436;78
51488;78
51541;78
51608;78
51661;78
51717;78
51771;78
51826;78
51880;78
51935;78
51991;78
52049;78
52105;78
52161;78
52218;78
52274;78
52331;78
52387;78
52442;78
52498;78
52559;78
52612;78
52665;78
52722;78
52781;78
52836;78
52888;78
52943;78
52997;78
53053;78
53105;78
53162;78
53219;78
53275;78
53331;78
53387;78
53442;78
53499;78
53552;78
53613;78
53670;78
53727;78
53781;78
53839;78
53896;78
53954;79
54008;79
54061;79
54115;79
54169;79
54225;79
54281;79
54338;78
54394;78
54450;78
54505;78
54559;78
54619;78
54673;78
54730;78
54783;78
54840;78
54894;78
54948;78
55003;78
55056;78
55113;78
55170;78
55229;78
55286;78
55341;78
55397;78
55458;78
55510;78
55567;78
55624;78
55680;78
55734;78
55789;78
55846;78
55901;78
55956;78
56010;78
56069;78
56130;78
56186;78
56251;78
56303;78
56358;78
56414;78
56467;78
56524;78
56579;78
56642;78
56706;78
56765;78
56821;78
56878;78
56934;78
56987;78
57048;78
57100;78
57156;78
57217;78
57275;78
57330;78
57387;78
57441;78
57494;78
57552;78
57607;78
57665;78
57721;78
57776;78
57835;78
57887;78
57943;78
57998;78
58056;78
58110;78
58164;78
58225;78
58280;78
58338;78
58393;78
58449;78
58511;78
58562;78
58616;78
58672;78
58728;78
58784;78
58841;78
58897;78
58951;78
59008;78
59065;78
59127;78
59188;78
59241;78
59295;78
59352;78
59408;78
59464;78
59517;78
59570;78
59634;78
59708;78
59762;78
59816;78
59876;78
59931;78
59988;78
60042;78
60099;78
60154;78
60210;78
60267;78
60322;78
60382;78
60436;78
60497;78
60551;78
60604;78
60658;78
60711;78
60765;78
60818;78
60872;78
60928;78
60982;78
61047;78
61100;78
61152;78
61207;78
61264;78
61321;78
61378;78
61432;78
61486;78
61541;78
61605;78
61662;78
61716;78
61771;78
61827;78
61881;78
61936;78
61991;78
62045;78
62101;78
62156;78
62215;78
62270;78
62334;78
62389;78
62444;78
62499;78
62552;78
62607;78
62661;78
62717;78
62781;78
62845;78
62898;78
62954;78
63011;78
63067;78
63126;78
63179;78
63234;78
63288;78
63345;78
63399;78
63454;78
63510;78
63563;78
63617;78
63677;78
63733;78
63788;78
63841;78
63895;78
63950;78
64011;78
64064;78
64120;78
64175;78
64232;78
64290;78
64362;78
64416;78
64472;78
64527;78
64585;78
64641;78
64697;78
64751;78
64807;78
64862;78
64914;78
64968;78
65025;78
65079;78
65135;78
65193;78
65257;78
65315;78
65370;78
65427;78
65485;78
65542;78
65596;78
65651;78
65708;78
65764;78
65819;78
65892;78
65948;78
66004;78
66058;78
66113;78
66169;78
66225;78
66279;78
66335;78
66393;78
66445;78
66499;78
66554;78
66609;78
66663;78
66716;78
66771;78
66832;78
66888;78
66943;78
66997;78
67051;78
67108;78
67161;78
67222;78
67275;78
67331;78
67395;78
67461;78
67514;78
67569;78
67624;78
67684;78
67743;78
67802;78
67854;78
67909;78
67965;78
68018;78
68072;78
68129;78
68184;78
68241;78
68297;78
68352;78
68414;78
68474;78
68530;78
68585;78
68642;78
68696;78
68750;78
68804;78
68857;78
68914;78
68974;78
69029;78
69089;78
69141;78
69199;78
69257;79
69311;79
69364;79
69417;79
69475;79
69529;79
69584;79
69638;79
69715;79
69775;79
69827;79
69880;79
69935;79
69990;79
70046;79
70099;79
70154;79
70210;79
70273;79
70327;79
70382;79
70435;79
70493;79
70548;79
70602;79
70656;79
70713;79
70769;79
70827;79
70881;79
70936;79
70991;79
71045;79
71099;79
71154;79
71210;79
71267;79
71331;79
71385;79
71440;79
71496;79
71553;79
71607;79
71664;79
71746;79
71803;79
71865;79
71920;79
71978;79
72037;79
72090;79
72145;79
72198;79
72257;79
72310;79
72369;79
72424;79
72479;79
72532;79
72587;79
72643;79
72700;79
72753;79
72806;79
72866;79
72926;79
72981;79
73034;79
73086;79
73142;79
73199;79
73256;79
73312;79
73368;79
73421;79
73475;79
73548;79
73611;79
73666;79
73726;79
73781;79
73837;79
73893;79
73947;79
74001;79
74055;79
74110;79
74166;79
74220;79
74279;79
74342;79
74393;79
74448;79
74503;79
74556;78
74612;78
74665;78
74718;78
74768;78
74825;78
74883;78
74940;78
74995;78
75057;78
75113;78
75167;78
75222;78
75279;78
75333;78
75388;78
75440;78
75496;78
75551;78
75606;78
75662;78
75717;78
75773;78
75850;78
75939;78
75994;78
76047;78
76102;78
76154;78
76217;78
76274;78
76330;78
76387;78
76442;78
76497;78
76551;78
76609;78
76666;78
76727;78
76784;78
76848;78
76900;78
76954;78
77011;78
77066;78
77119;78
77177;78
77236;78
77292;78
77351;78
77407;78
77463;78
77518;78
77575;78
77629;78
77687;78
77791;78
77872;78
77948;78
78002;78
78059;78
78117;78
78179;78
78235;78
78290;78
78346;78
78400;78
78456;78
78514;78
78572;78
78633;78
78688;78
78744;78
78801;78
78859;78
78915;78
78982;78
79035;78
79089;78
79144;78
79199;78
79254;78
79311;78
79369;78
79426;78
79482;78
79535;78
79588;78
79643;78
79699;78
79773;78
79844;78
79902;78
79957;78
80014;78
80077;78
80153;78
80228;78
80315;78
80367;78
80422;78
80482;78
80536;78
80592;78
80648;78
80702;78
80757;78
80811;78
80865;78
80919;78
80974;78
81030;78
81084;78
81139;78
81196;78
81254;78
81308;78
81364;78
81419;78
81475;78
81556;78
81608;78
81661;78
81717;78
81775;78
81833;78
81891;78
81948;78
82005;78
82063;78
82121;78
82177;78
82233;78
82289;78
82347;78
82404;78
82459;78
82515;78
82572;78
82629;78
82685;78
82747;78
82805;78
82867;78
82946;78
83027;78
83102;78
83155;78
83210;78
83263;78
83318;78
83371;78
83427;78
83485;78
83540;78
83596;78
83649;78
83703;78
83756;78
83814;78
83871;78
83932;78
83988;78
84044;78
84099;78
84153;78
84207;78
84266;78
84323;78
84378;78
84432;78
84494;78
84545;78
84599;78
84652;78
84713;78
84768;78
84821;78
84875;78
84929;78
84985;78
85045;78
85101;78
85154;78
85208;78
85267;78
85324;78
85378;78
85434;78
85488;78
85544;78
85599;78
85654;78
85707;78
85764;78
85831;78
85890;78
85943;78
85997;78
86053;78
86109;78
86169;78
86226;78
86282;78
86338;78
86396;78
86449;78
86503;78
86560;78
86613;78
86666;78
86717;78
86771;78
86824;78
86880;78
86939;78
86998;78
87056;78
87111;78
87173;78
87228;78
87282;78
87339;78
87395;78
87449;78
87501;78
87558;78
87612;78
87668;78
87723;78
87785;78
87862;78
87917;78
87971;78
88025;78
88079;78
88132;78
88188;78
88243;78
88299;78
88356;78
88418;78
88469;78
88523;78
88578;78
88631;78
88684;78
88738;78
88793;78
88850;78
88908;78
88962;78
89017;78
89071;78
89128;78
89185;78
89239;78
89296;78
89354;78
89411;78
89465;78
89520;78
89582;78
89640;78
89692;78
89746;78
89802;78
89861;78
89917;78
89975;78
90028;78
90082;78
90136;78
90191;78
90248;78
90306;78
90364;78
90420;78
90474;78
90528;78
90583;78
90637;78
90699;78
90754;78
90809;78
90862;78
90917;78
90973;78
91030;78
91084;78
91139;78
91194;78
91279;78
91359;78
91413;78
91478;78
91569;78
91630;78
91686;78
91744;78
91799;78
91861;78
91913;78
91970;78
92024;78
92077;78
92131;78
92185;78
92240;78
92297;78
92350;78
92402;78
92457;78
92514;78
92568;78
92624;78
92678;78
92733;78
92787;78
92848;78
92897;78
92951;78
93004;78
93061;78
93117;78
93170;78
93228;78
93284;78
93337;78
93395;78
93452;78
93509;78
93565;78
93618;78
93680;78
93737;78
93789;78
93851;78
93903;78
93958;78
94015;78
94073;78
94131;78
94187;78
94246;78
94298;78
94355;78
94411;78
94465;78
94519;78
94576;78
94633;78
94692;78
94784;78
94896;78
94991;78
95060;78
95139;78
95195;78
95254;78
95309;78
95363;78
95417;78
95473;78
95526;78
95580;78
95633;78
95690;78
95745;78
95807;78
95864;78
95916;78
95971;78
96026;78
96081;78
96134;78
96192;78
96248;78
96302;78
