1422;253
1887;253
2227;253
2594;253
3001;253
3347;253
3679;253
4241;253
4918;253
5363;253
5707;253
6057;253
6430;253
6798;253
7144;253
7486;253
7872;253
8252;253
8601;253
8932;253
9260;253
9581;253
9898;253
10215;253
10563;253
10914;253
11317;253
11632;253
11939;253
12247;253
12576;253
12950;253
13278;253
13627;253
14077;253
14628;253
15184;253
15738;253
16277;253
16861;253
17440;253
18028;253
18498;253
18810;253
19132;253
19699;253
20199;253
20680;253
21023;253
21321;253
21680;253
21981;253
22303;253
22599;253
22867;253
23149;253
23412;253
23687;253
23960;253
24220;253
24482;253
24737;253
24999;253
25264;253
25514;253
25759;253
26002;253
26248;253
26481;253
26732;253
26972;253
27245;247
27467;247
27696;247
27943;247
28277;246
28504;246
28832;242
29047;242
29297;242
29589;241
29897;239
30120;239
30338;239
30542;239
30827;238
31037;238
31298;237
31551;236
31793;234
32087;232
32288;232
32489;232
32744;232
32993;231
33204;231
33398;231
33666;231
33987;231
34180;231
34370;231
34559;231
34763;231
34951;231
35128;231
35316;231
35519;231
35715;231
35890;231
36066;231
36246;231
36423;231
36601;231
36807;231
36985;231
37166;231
37346;231
37565;231
37758;231
37933;231
38133;231
38398;231
38575;231
38766;231
38948;231
39160;231
39343;231
39543;231
39718;231
39894;231
40077;231
40254;231
40434;231
40613;231
40797;231
40979;231
41164;231
41337;231
41509;231
41694;231
41870;231
42055;231
42255;231
42440;231
42625;231
42810;231
43011;231
43196;231
43374;231
43559;231
43738;231
43920;231
44104;231
44295;231
44471;231
44656;231
44844;231
45029;231
45218;231
45396;231
45575;231
45813;230
46000;230
46182;230
46372;230
46545;230
46730;230
46911;230
47100;230
47285;230
47467;230
47648;230
47827;230
48004;230
48197;230
48384;230
48565;230
48739;230
48936;230
49117;230
49305;230
49493;230
49670;230
49859;230
50051;230
50238;230
50417;230
50597;230
50806;230
50991;230
51171;230
51362;230
51541;230
51725;230
51903;230
52087;230
52264;230
52439;230
52615;230
52795;230
52996;230
53183;230
53361;230
53539;230
53719;230
53898;230
54080;230
54256;230
54451;230
54635;230
54813;230
55000;230
55179;230
55350;230
55526;230
55704;230
55877;230
56073;230
56251;230
56432;230
56620;230
56803;230
57010;230
57267;230
57444;230
57628;230
57807;230
57989;230
58173;230
58349;230
58522;230
58695;230
58883;230
59092;230
59269;230
59450;230
59626;230
59810;230
59991;230
60173;230
60350;230
60528;230
60710;230
60888;230
61077;230
61278;230
61474;230
61659;230
61839;230
62045;230
62241;230
62425;230
62605;230
62779;230
62958;230
63142;230
63323;230
63505;230
63701;230
63878;230
64064;230
64245;230
64420;230
64600;230
64778;230
64960;230
65146;230
65341;230
65516;230
65694;230
65873;230
66048;230
66231;230
66417;230
66596;230
66774;230
66957;230
67156;230
67340;230
67519;230
67721;230
67921;230
68107;230
68346;230
68524;230
68708;230
68889;230
69094;230
69281;230
69456;230
69630;230
69809;230
69997;230
70184;230
70362;230
70545;230
70721;230
70905;230
71093;230
71283;230
71507;230
71694;230
71881;230
72063;230
72248;230
72425;230
72609;230
72784;230
72971;230
73153;230
73329;230
73508;230
73682;230
73864;230
74042;230
74224;230
74398;230
74576;230
74769;230
74943;230
75132;230
75318;230
75507;230
75711;230
75903;230
76102;230
76312;230
76555;230
76776;230
76974;230
77177;230
77366;230
77557;230
77748;230
77927;230
78109;230
78293;230
78473;230
78654;230
78846;230
79026;230
79222;230
79419;230
79602;230
79785;230
79981;230
80173;230
80354;230
80540;230
80725;230
80908;230
81087;230
81289;230
81478;230
81661;230
81856;230
82047;230
82243;230
82424;230
82605;230
82780;230
82964;230
83148;230
83391;230
83587;230
83773;230
83955;230
84171;230
84349;230
84527;230
84699;230
84881;230
85058;230
85270;230
85457;230
85631;230
85806;230
85986;230
86173;230
86355;230
86536;230
86727;230
86910;230
87093;230
87291;230
87469;230
87655;230
87839;230
88024;230
88208;230
88399;230
88580;230
88761;230
88960;230
89142;230
89349;230
89524;230
89707;230
89885;230
90066;230
90259;230
90439;230
90618;230
90809;230
90984;230
91168;230
91377;230
91553;230
91728;230
91905;230
92091;230
92286;230
92466;230
92654;230
92843;230
93040;230
93225;230
93421;230
93677;230
93917;230
94108;230
94304;230
94480;230
94664;230
94839;230
95024;230
95256;229
95446;229
95638;229
95828;229
96014;229
96214;229
96398;229
96588;229
96777;229
96963;229
97152;229
97357;229
97545;229
97736;229
97929;229
98127;229
98321;229
98502;229
98698;229
98889;229
99067;229
99259;229
99437;229
99620;229
99799;229
99982;229
100180;229
100358;229
100558;229
100772;229
100963;229
101155;229
101352;229
101567;229
101749;229
101943;229
102122;229
102339;229
102532;229
102743;229
102930;229
103151;229
103348;229
103559;229
103736;229
103995;229
104239;229
104433;229
104637;229
104847;229
105029;229
105213;229
105417;229
105619;229
105803;229
105983;229
106174;229
106370;229
106588;229
106778;229
106990;229
107181;229
107363;229
107562;229
107753;229
107944;229
108133;229
108319;229
108515;229
108694;229
108892;229
109101;229
109311;229
109532;229
109720;229
109919;229
110150;229
110343;229
110546;229
110749;229
110933;229
111154;229
111343;229
111555;229
111765;229
111968;229
112171;229
112376;229
112578;229
112780;229
112982;229
113192;229
113378;229
113597;229
113805;229
114002;229
114190;229
114374;229
114564;229
114773;229
114979;229
115201;229
115404;229
115595;229
115781;229
115962;229
116145;229
116349;229
116526;229
116703;229
116882;229
117092;229
117328;229
117517;229
117708;229
117905;229
118090;229
118278;229
118464;229
118658;229
118846;229
119035;229
119220;229
119412;229
119626;229
119825;229
120005;229
120194;229
120399;229
120600;229
120790;229
120986;229
121180;229
121373;229
121558;229
121774;229
121966;229
122154;229
122350;229
122535;229
122732;229
122926;229
123102;229
123287;229
123467;229
123656;229
123833;229
124024;229
124211;229
124396;229
124587;229
124772;229
124990;229
125195;229
125394;229
125596;229
125792;229
125994;229
126199;229
126395;229
126592;229
126795;229
126980;229
127197;229
127380;229
127561;229
127770;229
127961;229
128168;229
128371;229
128550;229
128748;229
128938;229
129143;229
129343;229
129555;229
129768;229
129957;229
130169;229
130368;229
130548;229
130753;229
130968;229
131187;229
131381;229
131580;229
131789;229
131993;229
132184;229
132382;229
132565;229
132760;229
132945;229
133150;229
133437;229
133629;229
133850;229
134054;229
134250;229
134474;229
134670;229
134888;229
135086;229
135292;229
135495;229
135693;229
135929;229
136129;229
136370;229
136576;229
136786;229
136995;229
137204;229
137396;229
137610;229
137835;229
138047;229
138246;229
138435;229
138633;229
138828;229
139018;229
139200;229
139395;229
139586;229
139794;229
139990;229
140207;229
140395;229
140580;229
140770;229
140954;229
141169;229
141397;229
141635;229
141843;229
142044;229
142265;229
142466;229
142677;229
142860;229
143062;229
143247;229
143438;229
143639;229
143848;229
144057;229
144255;229
144463;229
144666;229
144869;229
145052;229
145250;229
145429;229
145618;229
145815;229
146013;229
146202;229
146393;229
146579;229
146768;229
146960;229
147138;229
147339;229
147536;229
147727;229
147936;229
148151;229
148370;229
148590;229
148802;229
148989;229
149184;229
149385;229
149593;229
149774;229
149974;229
150161;229
150343;229
150532;229
150708;229
150891;229
151082;229
151274;229
151457;229
151641;229
151836;229
152031;229
152210;229
152399;229
152592;229
152775;229
152962;229
153158;229
153343;229
153530;229
153721;229
153922;229
154213;229
154474;229
154668;229
154857;229
155065;229
155257;229
155442;229
155622;229
155803;229
155986;229
156196;229
156372;229
156553;229
156734;229
156915;229
157111;229
157290;229
157465;229
157658;229
157843;229
158036;229
158244;229
158421;229
158599;229
158802;229
158991;229
159177;229
159359;229
159555;229
159733;229
159929;229
160117;229
160300;229
160486;229
160677;229
160857;229
161042;229
161232;229
161415;229
161595;229
161788;229
161969;229
162159;229
162352;229
162529;229
162716;229
162894;229
163087;229
163265;229
163450;229
163640;229
163829;229
164011;229
164218;229
164396;229
164575;229
164757;229
164934;229
165123;229
165300;229
165483;229
165670;229
165856;229
166050;229
166248;229
166431;229
166627;229
166816;229
167013;229
167200;229
167393;229
167598;229
167785;229
167970;229
168163;229
168345;229
168536;229
168722;229
168933;229
169120;229
169310;229
169495;229
169675;229
169872;229
170061;229
170248;229
170445;229
170634;229
170833;229
171014;229
171212;229
171409;229
171595;229
171789;229
171984;229
172200;229
172383;229
172567;229
172750;229
172949;229
173130;229
173371;229
173587;229
173793;229
173992;229
174183;229
174384;229
174583;229
174770;229
174997;229
175191;229
175379;229
175596;229
175808;229
176010;229
176242;229
176448;229
176655;229
176856;229
177081;229
177370;229
177567;229
177747;229
177938;229
178139;229
178351;229
178540;229
178730;229
178943;229
179148;229
179330;229
179513;229
179723;229
179904;229
180093;229
180319;229
180504;229
180691;229
180884;229
181072;229
181269;229
181472;229
181650;229
181832;229
182011;229
182206;229
182415;229
182601;229
182784;229
182978;229
183162;229
183342;229
183559;229
183759;229
183974;229
184174;229
184380;229
184593;229
184806;229
185027;229
185239;229
185432;229
185613;229
185829;229
186018;229
186211;229
186407;229
186591;229
186772;229
186997;229
187260;229
187512;229
187698;229
187896;229
188091;229
188291;229
188515;229
188719;229
188921;229
189139;229
189339;229
189538;229
189753;229
189953;229
190148;229
190340;229
190546;229
190749;229
190936;229
191139;229
191330;229
191541;229
191739;229
191933;229
192116;229
192303;229
192488;229
192664;229
192847;229
193030;229
193217;229
193426;229
193648;229
193833;229
194035;229
194227;229
194421;229
194626;229
194813;229
195016;229
195212;229
195400;229
195582;229
195777;229
195989;229
196193;229
196404;229
196597;229
196784;229
196970;229
197163;229
197350;229
197550;229
197771;229
197987;229
198218;229
198423;229
198627;229
198839;229
199030;229
199237;229
199440;229
199627;229
199812;229
199996;229
200197;229
200397;229
200613;229
200819;229
201020;229
201221;229
201433;229
201700;229
201916;229
202111;229
202317;229
202510;229
202693;229
202889;229
203079;229
203273;229
203462;229
203647;229
203840;229
204037;229
204228;229
204439;229
204669;229
204894;229
205098;229
205320;229
205533;229
205722;229
205929;229
206122;229
206309;229
206494;229
206688;229
206867;229
207050;229
207228;229
207412;229
207594;229
207772;229
207963;229
208152;229
208338;229
208567;229
208752;229
208953;229
209142;229
209330;229
209515;229
209710;229
209897;229
210098;229
210305;229
210539;229
210739;229
210930;229
211126;229
211318;229
211499;229
211696;229
211883;229
212069;229
212264;229
212452;229
212645;229
212838;229
213028;229
213209;229
213394;229
213592;229
213779;229
214002;229
214232;229
214456;229
214642;229
214837;229
215028;229
215225;229
215420;229
215602;229
215789;229
215972;229
216159;229
216347;229
216530;229
216756;229
216956;229
217152;229
217359;229
217553;229
217753;229
217950;229
218142;229
218342;229
218539;229
218729;229
218917;229
219103;229
219287;229
219475;229
219667;229
219863;229
220068;229
220257;229
220453;229
220655;229
220857;229
221046;229
221241;229
221441;229
221643;229
221842;229
222053;229
222259;229
222454;229
222673;229
222892;229
223119;229
223351;229
223558;229
223755;229
223939;229
224153;229
224365;229
224577;229
224828;229
225040;229
225226;229
225421;229
225608;229
225789;229
225980;229
226168;229
226347;229
226523;229
226711;229
226893;229
227092;229
227291;229
227498;229
227681;229
227887;229
228104;229
228315;229
228496;229
228689;229
228908;229
229104;229
229306;229
229495;229
229700;229
229900;229
230094;229
230285;229
230483;229
230680;229
230878;229
231067;229
231246;229
231439;229
231631;229
231808;229
231998;229
232200;229
232382;229
232572;229
232768;229
232980;229
233184;229
233376;229
233580;229
233805;229
233997;229
234195;229
234388;229
234583;229
234775;229
234960;229
235171;229
235360;229
235571;229
235776;229
235965;229
236187;229
236399;229
236611;229
236841;229
237086;229
237358;229
237581;229
237775;229
237971;229
238172;229
238375;229
238571;229
238782;229
238993;229
239215;229
239431;229
239626;229
239831;229
240034;229
240226;229
240411;229
240598;229
240793;229
241005;229
241194;229
241380;229
241569;229
241760;229
241945;229
242122;229
242309;229
242504;229
242690;229
242875;229
243072;229
243278;229
243467;229
243656;229
243844;229
244023;229
244213;229
244418;229
244598;229
244784;229
244992;229
245191;229
245396;229
245582;229
245769;229
245951;229
246138;229
246319;229
246507;229
246696;229
246877;229
247069;229
247251;229
247454;229
247659;229
