269;62
440;62
597;62
755;62
887;62
1052;62
1177;62
1298;62
1447;62
1658;62
1897;67
2040;67
2172;67
2301;64
2437;64
2558;63
2686;62
2795;62
2909;62
3014;62
3139;62
3249;62
3396;63
3545;63
3692;63
3845;63
4011;63
4130;63
4236;63
4340;63
4466;63
4574;63
4684;63
4797;63
4917;63
5029;63
5150;63
5281;63
5381;63
5482;63
5605;63
5720;63
5825;63
5931;63
6047;63
6156;63
6259;63
6368;63
6496;63
6658;63
6810;63
6934;63
7037;63
7159;63
7269;63
7373;63
7482;63
7588;63
7696;63
7809;63
7922;63
8036;63
8142;63
8262;63
8364;64
8468;64
8570;64
8691;64
8796;64
8900;64
9017;64
9127;64
9235;64
9341;64
9445;64
9568;64
9691;63
9795;63
9904;63
10015;63
10122;63
10249;63
10353;63
10463;63
10576;63
10721;63
10832;63
10942;63
11071;63
11211;63
11317;63
11423;63
11535;63
11641;63
11752;63
11872;63
12003;63
12116;63
12228;63
12344;63
12466;63
12582;63
12691;63
12803;63
12914;63
13065;63
13169;63
13292;63
13404;63
13515;63
13624;63
13761;63
13871;63
13988;63
14096;63
14210;63
14318;63
14439;63
14545;63
14664;63
14770;63
14905;63
15016;63
15149;63
15261;63
15366;63
15471;63
15608;63
15719;63
15829;63
15939;63
16045;63
16149;63
16271;63
16381;63
16507;63
16619;63
16741;63
16869;63
16974;63
17083;63
17203;63
17339;63
17446;63
17550;63
17672;63
17783;63
17898;63
18008;63
18122;63
18244;63
18358;63
18470;63
18593;63
18693;63
18796;63
18899;63
19023;63
19132;63
19238;63
19352;63
19466;63
19580;63
19690;63
19799;63
19905;63
20016;63
20128;63
20231;63
20335;63
20476;63
20589;63
20698;63
20818;63
20926;63
21040;63
21146;63
21256;63
21391;63
21497;63
21630;63
21767;63
21875;63
21999;63
22108;63
22222;63
22363;63
22466;63
22578;63
22690;63
22804;63
22935;63
23038;63
23145;63
23254;63
23393;63
23500;63
23607;63
23711;63
23816;63
23929;63
24045;63
24155;63
24259;64
24375;64
24520;64
24655;64
24757;64
24873;64
24980;64
25088;64
25211;64
25326;64
25433;64
25555;64
25672;64
25774;64
25877;64
25987;64
26100;64
26211;64
26318;64
26436;64
26547;64
26653;64
26758;64
26876;64
26991;64
27103;64
27207;64
27314;64
27424;64
27526;64
27635;64
27737;64
27842;64
27957;64
28065;64
28175;64
28281;64
28389;64
28495;64
28606;64
28732;64
28840;64
28947;64
29063;64
29163;64
29272;64
29375;64
29478;63
29600;63
29711;63
29854;63
29965;63
30081;63
30186;63
30296;63
30407;63
30509;63
30632;63
30739;63
30865;61
30967;61
31075;61
31186;61
31296;61
31409;61
31513;61
31625;61
31737;61
31849;61
31963;61
32066;61
32196;61
32310;61
32426;61
32552;61
32657;61
32770;61
32876;61
33083;61
33280;61
33443;61
33568;61
33677;61
33786;61
33899;61
34010;61
34117;61
34242;61
34337;61
34439;61
34545;61
34667;61
34776;61
34889;61
35004;61
35116;61
35245;61
35370;61
35474;61
35576;61
35709;61
35818;61
35923;61
36035;61
36145;61
36249;61
36372;61
36488;61
36596;61
36717;61
36826;61
36939;61
37064;61
37179;61
37299;61
37406;61
37528;61
37633;61
37738;61
37841;61
37955;61
38063;61
38200;61
38322;61
38434;61
38539;61
38679;61
38886;61
39038;61
39148;61
39257;61
39381;61
39485;61
39645;61
39760;61
39872;61
39983;61
40090;61
40216;61
40334;61
40464;61
40571;61
40720;61
40825;61
40965;61
41075;61
41182;61
41295;61
41408;61
41532;61
41637;61
41744;61
41872;61
42054;61
42230;61
42392;61
42563;61
42699;61
42815;61
42920;61
43028;61
43138;61
43250;61
43362;61
43471;61
43581;61
43692;61
43805;61
43909;61
44032;61
44150;61
44279;61
44385;61
44487;61
44597;61
44733;61
44854;61
44970;61
45077;61
45204;61
45309;61
45417;61
45574;61
45679;61
45791;61
45911;61
46025;61
46128;61
46247;61
46385;61
46488;61
46632;61
46792;61
46899;61
47008;61
47119;61
47228;61
47364;61
47472;61
47588;61
47699;61
47823;61
47934;61
48050;61
48170;61
48282;61
48386;61
48486;61
48607;61
48717;61
48828;61
48951;61
49063;61
49172;61
49331;61
49439;61
49552;61
49655;61
49756;61
49867;61
49970;61
50078;61
50217;61
50330;61
50439;61
50545;61
50665;61
50777;61
50906;61
51011;61
51113;61
51217;61
51346;61
51450;61
51570;61
51693;61
51805;61
51915;61
52045;61
52154;61
52276;61
52380;61
52512;61
52624;61
52765;61
52876;61
53004;61
53128;61
53235;61
53341;61
53465;61
53578;61
53684;61
53790;61
53902;61
54014;61
54117;61
54228;61
54340;61
54443;61
54550;61
54657;61
54817;61
54921;61
55046;61
55175;61
55284;61
55389;61
55497;61
55659;61
55784;61
55889;61
55994;61
56097;61
56207;61
56322;61
56442;61
56562;61
56670;61
56809;61
56913;61
57020;61
57124;61
57231;61
57340;61
57450;61
57562;61
57669;61
57781;61
57889;61
57993;61
58098;61
58200;61
58313;61
58418;61
58524;61
58633;61
58755;61
58857;61
58961;61
59069;61
59173;61
59281;61
59392;61
59505;61
59617;61
59735;61
59843;61
59953;61
60057;61
60165;61
60272;61
60382;61
60495;61
60599;61
60723;61
60831;61
60962;61
61075;61
61198;61
61325;61
61423;61
61553;61
61655;61
61788;61
61921;61
62037;61
62165;61
62290;61
62395;61
62505;61
62620;61
62728;61
62890;61
63002;61
63124;61
63227;61
63355;61
63459;61
63564;61
63679;61
63780;61
63884;61
63990;61
64096;61
64201;61
64339;61
64464;61
64591;63
64702;63
64857;63
64974;63
65110;63
65235;63
65340;63
65439;63
65549;63
65667;63
65778;63
65887;63
65997;61
66167;61
66283;61
66401;61
66508;61
66619;61
66724;61
66845;61
66956;61
67079;61
67192;61
67301;61
67408;61
67514;61
67616;61
67724;61
67837;61
67940;61
68049;61
68152;61
68267;61
68371;61
68474;61
68589;61
68696;61
68796;61
68919;61
69038;61
69174;61
69290;61
69395;61
69525;61
69650;61
69780;61
69912;61
70034;61
70154;61
70269;61
70394;61
70513;61
70622;61
70730;61
70833;61
70947;61
71077;61
71188;61
71292;61
71395;61
71500;61
71615;61
71743;63
71901;63
72017;63
72124;63
72260;63
72405;63
72510;63
72615;63
72724;63
72829;63
72967;63
73077;63
73206;63
73314;63
73477;63
73612;63
73733;63
73836;63
73940;63
74049;63
74176;63
74286;63
74397;63
74500;63
74605;63
74725;63
74832;63
74963;63
75120;63
75247;63
75351;63
75455;63
75559;63
75665;63
75776;63
75942;63
76053;63
76164;63
76272;63
76380;63
76482;63
76625;63
76742;63
76848;63
76954;63
77066;63
77195;63
77300;63
77411;63
77515;63
77617;63
77723;63
77828;63
77959;63
78069;63
78201;63
78301;63
78411;63
78519;63
78622;63
78735;63
78847;63
78959;63
79083;63
79190;63
79302;63
79411;63
79515;63
79628;63
79736;63
79836;63
79947;63
80047;63
80154;63
80256;63
80360;63
80465;63
80569;63
80680;63
80802;63
80909;63
81024;63
81135;63
81238;63
81344;63
81455;63
81563;63
81668;63
81773;63
81894;63
82006;63
82111;63
82228;63
82341;63
82468;63
82623;63
82727;63
82840;63
82962;63
83076;63
83187;63
83317;63
83423;63
83554;63
83658;63
83780;63
83899;63
84014;63
84119;63
84231;63
84351;63
84459;63
84566;63
84673;63
84781;63
84892;63
85003;63
85119;63
85226;63
85326;63
85431;63
85535;63
85674;63
85778;63
85899;63
86029;63
86141;63
86259;63
86356;63
86457;63
86558;63
86668;63
86774;63
86894;63
87015;63
87128;63
87237;63
87346;63
87465;63
87581;63
87684;63
87788;63
87895;63
88006;63
88113;63
88247;63
88354;63
88477;63
88596;63
88696;63
88801;63
88906;63
89044;63
89194;63
89303;63
89409;63
89531;63
89630;63
89735;63
89836;63
89942;63
90052;63
90174;63
90283;63
90399;63
90511;63
90613;63
90714;63
90824;63
90929;63
91041;63
91151;63
91262;63
91390;63
91488;63
91595;63
91702;63
91806;63
91913;63
92022;63
92129;63
92237;63
92345;63
92457;63
92570;63
92670;63
92772;63
92871;63
92983;63
93208;63
93320;63
93433;63
93542;63
93650;63
93756;63
93861;63
93973;63
94082;63
94184;63
94285;63
94388;63
94493;63
94600;63
94706;63
94813;63
94952;63
95068;63
95182;63
95286;63
95397;63
95515;67
95622;67
95727;67
95831;67
95934;67
96045;67
96154;67
96264;67
96375;67
96492;67
96594;67
96699;67
96805;67
96911;67
97019;67
97126;67
97249;66
97361;65
97471;65
97581;65
97689;65
97792;65
97914;65
98024;65
98128;65
98241;63
98355;63
98460;63
98570;63
98676;63
98776;63
98885;63
98992;63
99101;63
99206;63
99314;63
99417;63
99537;63
99668;63
99776;63
99878;63
99983;63
100096;63
100217;63
100324;63
100431;63
100548;63
100654;63
100774;63
100873;63
100982;63
101112;63
101236;63
101343;63
101455;63
101563;63
101663;63
101766;63
101921;63
102036;63
102199;63
102392;63
102534;63
102650;63
102749;63
102854;63
102958;63
103089;63
103224;63
103352;63
103477;63
103577;63
103679;63
103783;63
103894;63
104024;63
104139;63
104285;63
104390;63
104494;63
104608;63
104708;63
104814;63
104915;63
105023;63
105184;63
105303;63
105408;63
105519;63
105622;63
105758;63
105856;63
105961;63
106090;63
106217;63
106337;63
106449;63
106565;63
106674;63
106779;63
106882;63
107015;63
107147;63
107259;63
107358;63
107461;63
107571;63
107677;63
107788;63
107900;63
108005;63
108108;63
108220;63
108365;63
108521;63
108627;63
108730;63
108833;63
108935;63
109043;63
109178;63
109297;63
109427;63
109531;63
109636;63
109746;63
109849;63
109979;63
110083;63
110198;63
110298;63
110406;63
110518;63
110620;63
110731;63
110837;63
110949;63
111062;63
111171;63
111308;63
111419;63
111541;63
111645;63
111748;63
111851;63
111960;63
112070;63
112173;63
112288;63
112395;63
112499;63
112608;63
112720;63
112822;63
112949;63
113054;63
113157;63
113282;63
113389;63
113499;63
113604;63
113713;63
113832;63
113938;63
114068;61
114181;61
114300;61
114409;61
114523;61
114637;61
114760;61
114874;61
114981;61
115098;61
115250;61
115360;61
115466;61
115586;61
115715;61
115819;61
115980;61
116089;61
116213;61
116322;61
116439;61
116549;61
116658;61
116778;61
116946;61
117077;61
117219;61
117326;61
117436;61
117558;61
117679;61
117782;61
117890;61
117996;61
118102;61
118211;61
118326;61
118448;61
118551;61
118655;61
118762;61
118881;61
119045;61
119206;61
119325;61
119442;61
119567;61
119679;61
119787;61
119910;61
120027;61
120156;61
120267;61
120372;61
120480;61
120587;61
120720;61
120826;61
120933;61
121041;61
121148;61
121262;61
121371;61
121476;61
121584;61
121695;61
121807;61
121940;61
122053;61
122181;61
122288;61
122403;61
122507;61
122619;61
122721;61
122829;61
122941;61
123049;61
123159;61
123297;61
123405;61
123516;61
123619;61
123727;61
123837;61
123971;61
124079;61
124182;61
124287;61
124390;61
124506;61
124618;61
124721;61
124825;61
124932;61
125039;61
125167;61
125291;61
125394;61
125502;61
125608;61
125722;61
125858;61
125965;61
126070;61
126177;61
126282;61
126395;61
126506;61
126617;61
126733;61
126841;61
126965;61
127076;61
127237;61
127340;61
127445;61
127546;61
127665;61
127769;61
127875;61
127988;61
128106;61
128210;61
128313;61
128428;61
128536;61
128643;61
128771;61
128881;61
128988;61
129095;61
129202;61
129321;61
129428;61
129537;61
129642;61
129744;61
129859;61
129997;61
130106;61
130210;61
130328;61
130433;61
130560;61
130685;61
130792;61
130924;61
131063;61
131169;61
131277;61
131388;61
131517;63
131636;63
131761;63
131860;63
131963;63
132068;63
132173;63
132276;63
132385;63
132489;63
132601;63
132708;63
132820;63
132921;63
133029;63
133131;63
133255;63
133365;63
133472;63
133579;63
133686;63
133819;63
133916;63
134074;63
134177;63
134280;63
134392;63
134499;63
134613;63
134717;63
134964;63
135064;63
135184;63
135286;63
135397;63
135504;63
135638;63
135744;63
135846;63
135958;63
136083;63
136205;63
136326;63
136431;63
136529;63
136633;63
136740;63
136848;63
136954;63
137062;63
137168;63
137285;63
137391;63
137531;63
137640;63
137742;63
137850;63
137958;63
138088;63
138194;63
138306;63
138413;63
138515;63
138635;63
138739;63
138851;63
138987;63
139094;63
139207;63
139321;63
139435;63
139546;63
139665;63
139772;63
139884;63
139988;63
140108;63
140213;63
140370;63
140505;63
140614;63
140716;63
140820;63
140926;63
141032;63
141136;63
141239;63
141349;63
141456;63
141577;63
141682;63
141788;63
141900;63
142017;63
142123;63
142226;63
142333;63
142437;63
142543;63
142646;63
142758;63
142871;63
142975;63
143088;63
143192;63
143321;63
143438;63
143547;63
143676;63
143791;63
143896;63
144007;63
144111;63
144218;63
144322;63
144433;63
144544;63
144680;63
144786;63
144894;63
145001;63
145105;63
145216;63
145317;63
145423;63
145534;63
145640;63
145747;63
145849;63
145953;63
146061;63
146165;63
146268;63
146380;63
146489;63
146596;63
146696;63
146828;61
146949;61
147055;61
147163;61
147269;61
147381;61
147493;61
147599;61
147703;61
147810;61
147919;61
148045;61
148153;61
148279;61
148385;61
148552;61
148670;61
148776;61
148883;61
148996;61
149101;61
149216;61
149319;61
149449;61
149552;61
149683;61
149796;61
149907;61
150019;61
150121;61
150249;61
150355;61
150483;61
150582;61
150683;61
150786;61
150911;61
151020;61
151123;61
151233;61
151344;61
151454;61
151566;61
151684;61
151781;61
151886;61
151994;61
152119;61
152225;61
152328;61
152433;61
152541;61
152702;61
152808;61
152920;61
153062;61
153207;61
153319;61
153433;61
153561;61
153668;61
153772;61
153875;61
153980;61
154094;61
154194;61
154304;61
154416;61
154519;61
154627;61
154730;61
154834;61
154950;61
155071;61
155174;61
155274;61
155395;61
155514;61
155624;61
155751;61
155858;61
155971;61
156082;61
156200;61
156304;61
156411;61
156514;61
156621;61
156729;61
156831;61
156943;61
157052;61
157218;61
157321;61
157433;61
157545;61
157654;61
157778;61
157877;61
157985;61
158106;61
158233;61
158344;61
158473;61
158586;61
158696;61
158807;61
158910;61
159031;61
159147;61
159251;61
159358;61
159467;61
159578;61
159682;61
159787;61
159891;61
160024;61
160126;61
160228;61
160332;61
160460;61
160582;61
160688;61
160792;61
160909;61
161019;61
161152;61
161267;61
161380;61
161491;61
161601;61
161708;61
161814;61
161923;61
162026;61
162236;61
162397;61
162548;61
162654;61
162758;61
162878;61
162994;61
163104;61
163212;61
163316;61
163419;61
163534;61
163643;61
163751;61
163869;61
163970;61
164109;61
164214;61
164319;61
164439;61
164563;61
164676;61
164778;61
164915;61
165035;61
165141;61
165259;61
165365;61
165497;61
165605;61
165726;61
165831;61
165939;61
166051;61
166171;61
166284;61
166387;61
166503;61
166628;61
166751;61
166862;61
166974;61
167086;61
167192;61
167317;61
167426;61
167535;61
167638;61
167746;61
167849;61
167965;61
168071;61
168178;61
168310;61
168417;61
168529;61
168690;61
168813;61
168917;61
169038;61
169157;61
169261;61
169369;61
169484;61
169606;61
169722;61
169835;61
169935;61
170054;61
170157;61
170278;61
170397;61
170525;61
170665;61
170773;61
170890;61
171011;61
171118;61
171236;61
171358;61
171463;61
171572;61
171683;61
171783;61
171884;61
171988;61
172103;61
172234;61
172347;61
172457;61
172586;61
172695;61
172802;61
172911;61
173072;61
173177;61
173282;61
173401;61
173528;61
173649;61
173755;61
173855;61
173971;61
174075;61
174186;61
174301;61
174418;61
174517;61
174622;61
174738;61
174857;61
174972;61
175095;61
175222;61
175336;61
175443;61
175551;61
175657;61
175777;61
175929;61
176037;61
176141;61
176259;61
176368;61
176479;61
176605;61
176709;61
176818;61
176928;61
177043;61
177173;61
177279;61
177386;61
177507;61
177609;61
177712;61
177816;61
177920;61
178022;61
178136;61
178237;61
178343;61
178460;61
178559;61
178674;61
178783;61
178918;61
179030;61
179164;61
179303;61
179412;61
179513;61
179619;61
179728;61
179893;61
180014;61
180129;61
180294;61
180415;61
180514;61
180618;61
180725;61
180841;61
180962;61
181091;61
181198;61
181316;61
181427;61
181568;61
181687;61
181791;61
181911;61
182041;61
182158;61
182266;61
182398;61
182504;61
182614;61
182758;61
182941;61
183044;61
183147;61
183256;61
183375;61
183482;61
183594;61
183715;61
183823;61
183932;61
184040;61
184172;61
184302;61
184415;61
184521;61
184630;61
184758;61
184887;61
184993;61
185101;61
185211;61
185323;61
185433;61
185544;61
185702;61
185855;61
185968;61
186096;61
186213;61
186315;61
186438;61
186556;61
186661;61
186767;61
186873;61
186985;61
187090;61
187197;61
187312;61
187419;61
187527;61
187666;61
187771;61
187879;61
188011;61
188119;61
188226;61
188357;61
188465;61
188578;61
188681;61
188787;61
188906;61
189021;61
189153;61
189253;61
189360;61
189468;61
189574;61
189717;61
189823;61
189943;61
190051;61
190158;61
190272;61
190395;61
190494;61
190599;61
190698;61
190802;61
190904;61
191030;61
