186;3963
349;3760
446;3655
541;3589
604;3549
671;3378
750;3361
832;3344
897;3339
968;3325
1056;3218
1132;3152
1197;3071
1274;2957
1346;2957
1441;2898
1514;2875
1589;2875
1685;2735
1763;2735
1828;2710
1902;2674
1970;2672
2042;2672
2111;2632
2189;2611
2254;2611
2340;2611
2418;2433
2495;2408
2569;2385
2631;2385
2694;2381
2758;2381
2823;2381
2906;2381
3000;2381
3080;2307
3159;2307
3260;2271
3337;2194
3414;2194
3488;2194
3557;2194
3619;2194
3690;2150
3747;2092
3811;2020
3875;2020
3930;2020
3986;2020
4044;2020
4116;2020
4174;1962
4234;1962
4315;1829
4374;1829
4467;1799
4527;1799
4587;1799
4642;1799
4698;1799
4773;1799
4831;1799
4894;1799
4950;1799
5008;1799
5065;1783
5121;1783
5178;1783
5236;1784
5309;1715
5368;1715
5437;1715
5495;1681
5564;1681
5638;1681
5723;1643
5799;1643
5873;1643
5929;1438
5995;1438
6052;1438
6110;1438
6169;1438
6228;1438
6288;1438
6344;1438
6410;1432
6482;1383
6542;1383
6599;1383
6656;1383
6714;1383
6773;1383
6854;1288
6915;1288
6975;1288
7039;1202
7122;1202
7178;1202
7237;1202
7293;1202
7351;1202
7409;1202
7481;984
7539;887
7596;887
7653;839
7722;742
7782;742
7848;742
7905;742
7970;742
8030;742
8087;742
8157;705
8215;705
8271;705
8328;705
8393;705
8448;705
8504;705
8581;705
8637;705
8693;705
8750;705
8808;655
8864;655
8925;655
8985;655
9059;655
9123;655
9222;655
9329;655
9445;655
9538;655
9609;655
9675;655
9735;655
9800;655
9860;655
9916;655
9975;655
10096;655
10189;655
10304;655
10417;655
10525;655
10650;655
10777;655
10903;653
11006;653
11105;653
11208;653
11334;578
11451;578
11578;578
11734;581
11836;581
11945;581
12047;577
12181;577
12281;577
12383;455
12483;455
12576;455
12697;455
12807;455
12895;455
13036;455
13154;455
13268;455
13359;455
13446;455
13559;455
13616;455
13683;455
13771;455
13840;377
13904;377
13992;377
14067;377
14145;377
14233;377
14366;377
14463;335
14560;335
14645;334
14744;334
14840;334
14905;334
14977;334
15035;334
15099;334
15164;334
15221;334
15296;334
15356;334
15424;334
15481;334
15537;334
15601;333
15658;333
15739;331
15859;331
15977;331
16077;331
16163;332
16255;332
16341;332
16397;332
16461;332
16529;332
16587;332
16660;332
16723;332
16819;332
16921;333
17005;333
17101;333
17186;333
17281;333
17372;333
17444;333
17503;333
17564;333
17621;331
17680;331
17736;331
17853;331
17944;331
18045;331
18131;331
18230;331
18339;333
18429;333
18498;333
18563;333
18623;333
18688;333
18747;333
18807;333
18883;333
18979;330
19072;330
19161;330
19245;330
19344;330
19423;330
19486;330
19550;330
19624;330
19689;330
19757;330
19818;329
19879;329
19959;329
20062;329
20147;329
20232;329
20320;329
20402;329
20487;329
20555;329
20625;329
20691;329
20767;329
20825;329
20883;329
20949;329
21035;329
21112;329
21205;319
21291;319
21378;319
21472;319
21559;319
21652;319
21718;319
21775;319
21832;319
21890;319
21950;319
22017;319
22072;319
22130;319
22218;319
22315;319
22398;319
22495;319
22607;319
22691;318
22774;318
22833;318
22890;318
22951;318
23033;318
23113;318
23192;318
23266;318
23352;318
23432;318
23489;318
23545;318
23626;243
23686;243
23745;243
23809;243
23886;243
23962;243
24049;244
24109;244
24168;244
24225;243
24290;243
24346;243
24404;243
24462;243
24534;243
24603;243
24666;243
24722;243
24782;242
24851;242
24908;242
24963;242
25022;242
25078;242
25167;242
25246;242
25334;242
25407;242
25479;242
25545;243
25621;243
25713;237
25778;237
25835;237
25905;237
25963;237
26025;237
26089;237
26151;237
26217;237
26276;237
26333;237
26392;237
26468;237
26546;237
26640;237
26718;237
26791;237
26849;237
26909;237
26969;237
27025;237
27085;237
27144;237
27201;237
27267;237
27346;237
27403;237
27458;237
27522;237
27585;237
27644;237
27707;237
27767;237
27825;237
27885;237
27944;237
28001;237
28058;237
28142;237
28218;237
28306;237
28380;237
28463;237
28560;237
28621;237
28679;237
28738;237
28796;237
28853;237
28910;237
28974;237
29039;237
29104;237
29163;237
29229;237
29288;237
29345;237
29413;237
29469;237
29525;237
29584;236
29647;236
29701;236
29760;236
29814;236
29869;237
29924;237
29987;237
30048;237
30114;237
30171;237
30225;237
30287;237
30344;237
30406;239
30468;239
30532;239
30594;239
30656;239
30732;239
30789;239
30851;239
30913;239
30975;239
31029;239
31094;239
31157;239
31220;239
31277;239
31337;239
31407;239
31464;239
31518;239
31576;239
31633;239
31690;239
31745;239
31801;239
31859;239
31916;239
31977;239
32033;239
32087;239
32142;239
32197;239
32257;239
32314;239
32372;239
32428;239
32501;239
32558;239
32623;239
32677;239
32735;239
32799;239
32854;239
32909;239
32977;239
33034;239
33092;239
33148;239
33204;239
33264;237
33326;237
33381;237
33436;237
33490;237
33552;237
33607;237
33661;237
33719;237
33781;237
33845;237
33902;237
33965;237
34027;237
34082;237
34138;237
34193;237
34255;237
34319;237
34379;237
34441;237
34498;237
34553;237
34615;237
34670;237
34724;237
34792;237
34863;237
34943;237
35003;237
35060;237
35117;237
35172;237
35228;237
35297;237
35353;237
35411;237
35473;237
35527;237
35585;236
35642;236
35699;236
35759;236
35813;236
35870;236
35926;236
35991;236
36094;236
36189;235
36296;235
36358;235
36413;235
36468;235
36531;235
36587;235
36642;235
36698;235
36756;235
36812;235
36873;235
36937;235
36991;235
37053;235
37108;235
37169;235
37225;236
37277;236
37332;236
37395;236
37493;236
37574;236
37649;237
37709;236
37768;236
37828;236
37908;236
37982;236
38053;236
38112;236
38168;236
38226;236
38282;236
38351;236
38412;236
38472;236
38530;236
38602;236
38682;236
38743;236
38801;236
38861;236
38919;236
38976;236
39047;236
39106;236
39169;236
39232;236
39290;236
39348;236
39405;236
39471;236
39528;236
39588;236
39655;236
39729;236
39803;236
39860;236
39919;236
39975;236
40033;236
40092;236
40171;236
40228;236
40287;236
40353;236
40412;236
40470;236
40535;236
40598;236
40654;236
40709;236
40767;236
40822;236
40880;236
40938;236
40994;236
41051;236
41108;236
41172;236
41230;236
41301;236
41356;236
41428;236
41485;236
41541;236
41596;236
41656;236
41722;236
41789;236
41856;236
41914;236
41973;236
42036;236
42094;236
42150;236
42207;236
42269;236
42324;236
42386;236
42443;236
42501;236
42558;236
42623;236
42686;236
42744;236
42804;236
42860;236
42919;236
42979;236
43036;236
43090;236
43147;236
43203;236
43259;236
43315;236
43376;236
43430;236
43485;236
43546;236
43602;236
43666;236
43723;236
43779;236
43841;236
43905;236
43974;236
44030;236
44097;236
44154;236
44211;236
44273;236
44333;236
44390;236
44463;236
44525;236
44587;236
44642;236
44699;236
44757;236
44813;236
44869;236
44924;236
44980;236
45050;236
45106;236
45180;236
45250;236
45306;236
45361;235
45415;235
45470;235
45532;235
45595;235
45653;235
45717;235
45776;235
45840;235
45895;235
45949;235
46013;235
46092;235
46149;235
46206;235
46262;235
46320;235
46376;235
46435;235
46515;235
46579;235
46636;235
46703;235
46768;235
46824;235
46884;235
46939;235
46994;235
47052;235
47109;235
47173;235
47238;235
47320;235
47378;235
47443;235
47515;235
47572;235
47629;235
47684;235
47739;235
47798;235
47856;235
47907;235
47962;235
48031;235
48088;235
48152;235
48209;236
48277;236
48334;236
48404;236
48461;236
48517;236
48579;236
48634;236
48688;236
48752;236
48809;236
48880;236
48938;236
49000;236
49057;236
49143;236
49200;236
49255;236
49317;236
49379;236
49435;236
49506;236
49570;236
49633;236
49700;236
49765;236
49827;236
49889;236
49944;236
50007;236
50061;236
50125;236
50182;236
50237;236
50295;236
50364;236
50427;236
50485;236
50546;236
50604;236
50664;236
50722;236
50778;236
50835;236
50893;236
50948;236
51005;236
51075;236
51131;236
51187;236
51243;236
51310;237
51377;237
51432;237
51495;237
51552;237
51608;237
51671;237
51738;237
51803;237
51868;237
51936;237
52000;237
52063;237
52120;237
52177;237
52245;237
52320;237
52377;237
52431;237
52486;237
52548;237
52610;237
52672;237
52734;237
52791;237
52847;237
52912;237
52969;237
53025;237
53089;237
53155;237
53207;236
53265;236
53316;236
53393;236
53455;236
53510;236
53566;236
53628;236
53684;236
53745;236
53810;236
53866;236
53923;236
53981;236
54045;236
54099;236
54150;236
54207;236
54261;236
54315;236
54377;236
54432;236
54496;236
54554;236
54606;236
54665;236
54720;237
54778;237
54836;237
54902;237
54964;237
55018;237
55072;237
55129;237
55186;237
55250;237
55306;237
55369;237
55425;237
55488;237
55552;237
55608;237
55663;238
55719;238
55798;238
55866;238
55923;238
55980;238
56037;238
56091;238
56145;238
56202;238
56257;237
56315;237
56372;237
56441;237
56504;237
56563;237
56635;237
56689;237
56747;237
56806;237
56873;237
56930;237
56985;237
57047;237
57118;237
57183;237
57255;237
57313;237
57377;237
57441;237
57526;237
57580;237
57642;237
57697;237
57765;236
57820;236
57876;235
57933;234
57996;234
58053;234
58109;234
58165;234
58221;234
58293;234
58359;234
58421;234
58475;234
58538;234
58594;234
58649;234
58706;234
58762;234
58842;234
58921;234
58977;234
59039;234
59093;234
59147;234
59217;234
59284;234
59345;234
59401;234
59465;234
59523;234
59593;234
59656;234
59715;234
59778;234
59835;234
59893;234
59947;234
60002;234
60059;234
60113;234
60168;234
60226;234
60284;234
60347;234
60414;234
60472;234
60526;234
60583;234
60637;234
60691;234
60746;234
60803;234
60871;234
60936;234
61015;234
61068;234
61123;234
61178;234
61241;234
61303;234
61366;234
61433;234
61488;234
61559;234
61622;234
61683;234
61738;234
61815;234
61879;234
61953;234
62028;234
62104;234
62195;234
62275;234
62367;234
62466;234
62540;234
62604;234
62659;234
62721;234
62802;234
62877;234
62959;234
63038;234
63123;234
63194;234
63257;234
63314;234
63369;234
63426;234
63482;234
63537;234
63595;234
63654;234
63716;234
63780;234
63836;234
63917;234
63995;234
64079;234
64146;234
64207;234
64261;234
64315;234
64370;234
64427;234
64495;234
64569;234
64649;234
64746;234
64815;234
64885;234
64939;234
64994;234
65052;234
65112;234
65181;234
65245;234
65300;234
65362;234
65417;234
65471;234
65527;234
65594;234
65649;234
65730;234
65795;234
65863;234
65960;234
66060;234
66139;234
66215;234
66299;234
66367;234
66477;234
66564;234
66648;234
66744;234
66820;234
66882;234
66944;234
66999;234
67054;234
67116;234
67198;234
67312;234
67397;234
67474;234
67558;234
67637;234
67694;234
67751;234
67811;234
67882;234
67951;234
68006;234
68061;234
68123;234
68185;234
68247;234
68305;234
68378;234
68443;234
68499;234
68573;234
68661;234
68770;234
68906;234
69006;234
69074;234
69188;234
69256;234
69320;234
69377;234
69441;234
69498;234
69553;234
69610;234
69664;234
69726;234
69801;234
69871;234
69929;234
69986;234
70050;234
70111;234
70171;234
70240;234
70302;234
70365;234
70420;234
70477;234
70531;234
70603;234
70661;234
70736;234
70807;234
70918;234
71010;234
71103;234
71194;234
71281;234
71370;234
71474;234
71579;234
71684;234
71763;234
71820;234
71883;234
71940;234
71996;234
72053;234
72122;234
72177;234
72235;234
72316;234
72399;234
72481;234
72574;234
72632;234
72689;234
72750;234
72810;234
72907;234
72963;234
73029;234
73098;234
73166;234
73284;234
73388;234
73443;234
73501;234
73564;234
73620;234
73686;234
73754;234
73825;234
73892;234
73948;234
74006;234
74082;234
74144;234
74206;234
74260;234
74314;234
74371;234
74425;234
74479;234
74534;234
74590;234
74645;234
74709;234
74767;234
74840;235
74898;235
74955;235
75033;235
75088;235
75142;235
75197;235
75252;235
75311;235
75367;235
75424;235
75481;235
75549;235
75614;235
75684;235
75747;235
75802;235
75854;235
75911;235
75982;235
76039;235
76094;235
76149;235
76214;235
76271;235
76342;235
76401;235
76465;235
76532;235
76588;235
76642;235
76705;235
76769;235
76842;235
76913;235
76967;235
77025;235
77094;235
77151;235
77213;235
77282;235
77353;235
77418;235
77515;235
77594;235
77668;235
77723;235
77780;235
77838;235
77899;235
77957;235
78021;235
78079;235
78140;235
78203;235
78263;235
78323;235
78391;235
78458;235
78515;235
78587;235
78663;235
78723;235
78778;235
78834;235
78888;235
78943;235
79004;235
79065;235
79122;235
79177;235
79240;235
79295;235
79360;235
79416;235
79487;235
79557;235
79636;235
79726;235
79795;235
79852;235
79910;235
79973;235
80041;235
80095;235
80157;235
80213;235
80277;235
80333;235
80402;235
80470;235
80528;235
80584;235
80645;235
80705;235
80802;235
80863;235
80932;235
81004;235
81069;235
81125;235
81180;235
81237;235
81294;235
81358;235
81417;235
81472;235
81528;235
81583;235
81639;235
81695;235
81755;235
81813;235
81889;235
81964;235
82045;235
82108;235
82170;235
82227;235
82281;235
82344;235
82400;235
82455;235
82523;235
82591;235
82667;235
82737;235
82798;235
82855;235
82913;235
82973;235
83032;235
83094;235
83176;235
83236;235
83295;235
83359;235
83417;235
83475;235
83537;235
83592;235
83647;235
83702;235
83761;235
83825;235
83884;235
83947;235
84003;235
84065;235
84125;235
84184;235
84242;235
84301;235
84357;235
84413;235
84478;235
84542;235
84597;235
84651;235
84705;235
84760;235
84818;235
84875;235
84937;235
84995;235
85053;235
85121;235
85192;235
85248;235
85304;235
85368;235
85424;235
85483;235
85538;235
85600;235
85655;235
85710;235
85772;235
85829;235
85890;235
85945;235
86014;235
86073;235
86128;235
86185;235
86242;235
86297;235
86353;235
86410;235
86468;235
86532;235
86596;235
86656;235
86713;235
86771;235
86829;235
86890;235
86945;235
87015;235
87074;235
87156;235
87246;235
87323;235
87403;235
87486;235
87548;235
87616;235
87676;235
87750;235
87808;235
87862;235
87938;235
88041;235
88154;235
88209;235
88273;235
88382;235
